0 0.447835 0.383528 0.448228 0.384911 0.449145 0.387709 0.451363 0.390876 0.451396 0.390897 0.454341 0.392689 0.457568 0.392835 0.460585 0.391315 0.462935 0.388358 0.464261 0.384413 0.464358 0.380079 0.463211 0.376017 0.460995 0.372845 0.460968 0.372811 0.458017 0.371013 0.455746 0.370758 0.454644 0.370708 0.453614 0.371228 0.451759 0.372392 0.449408 0.375359 0.448085 0.379312 0.447867 0.382051
0 0.537490 0.473768 0.546990 0.477503 0.547533 0.477243 0.549422 0.475916 0.549541 0.475641 0.549749 0.474922 0.550016 0.473866 0.550299 0.472636 0.550557 0.471421 0.550748 0.470406 0.550844 0.469748 0.550830 0.469546 0.549895 0.466565 0.544248 0.452738 0.542646 0.452108 0.542159 0.452656
0 0.454539 0.538114 0.455261 0.540794 0.455709 0.542099 0.456372 0.543255 0.457808 0.545362 0.460733 0.547200 0.463963 0.547405 0.465972 0.546442 0.467062 0.545867 0.467818 0.544962 0.469398 0.543046 0.469521 0.542874 0.470893 0.538990 0.471047 0.534701 0.469957 0.530660 0.469222 0.529581 0.467791 0.527482 0.464878 0.525652 0.461661 0.525447 0.458630 0.526900 0.458536 0.526962 0.457652 0.527993 0.456072 0.529908 0.454693 0.533808
0 0.583583 0.557477 0.583683 0.560066 0.583897 0.560258 0.584430 0.560614 0.585200 0.561078 0.586091 0.561580 0.586969 0.562046 0.587700 0.562404 0.588175 0.562600 0.588319 0.562604 0.589763 0.560856 0.590079 0.559835 0.597665 0.529453 0.597533 0.529300 0.597186 0.529043 0.596675 0.528721 0.596080 0.528385 0.595490 0.528086 0.594997 0.527868 0.594675 0.527766 0.594573 0.527795 0.583898 0.556458
0 0.419623 0.489377 0.426163 0.499498 0.427007 0.499503 0.439513 0.485136 0.433048 0.475131 0.432274 0.474844 0.430254 0.474651 0.430018 0.474783 0.429529 0.475226 0.428862 0.475913 0.428119 0.476739 0.421809 0.483989 0.421105 0.484825 0.420550 0.485541 0.420230 0.486028 0.420191 0.486211
0 0.519918 0.588456 0.526638 0.631556 0.526883 0.632770 0.527008 0.633385 0.535202 0.631114 0.528389 0.587415 0.528000 0.586216
0 0.619689 0.455299 0.619974 0.457418 0.620846 0.459231 0.622172 0.460460 0.623750 0.460919 0.625340 0.460538 0.625555 0.460470 0.626917 0.459306 0.627840 0.457535 0.628186 0.455428 0.627899 0.453305 0.627026 0.451489 0.625698 0.450258 0.624117 0.449798 0.622525 0.450179 0.622314 0.450265 0.620955 0.451428 0.620033 0.453196
0 0.420461 0.568327 0.421425 0.570135 0.425694 0.576939 0.439176 0.564152 0.439281 0.564042 0.434493 0.555069 0.434018 0.555469 0.433765 0.555704 0.433264 0.556177 0.421048 0.567762 0.420597 0.568193
0 0.587682 0.434609 0.601357 0.447034 0.601824 0.446790 0.606505 0.437632 0.592767 0.425149 0.592342 0.425492
0 0.460446 0.276402 0.460604 0.277296 0.470850 0.294555 0.483793 0.280894 0.483728 0.280014 0.473442 0.262687
0 0.568909 0.578324 0.577642 0.597061 0.577817 0.597058 0.578180 0.596877 0.578676 0.596547 0.579228 0.596117 0.597540 0.580946 0.598062 0.580485 0.598470 0.580066 0.598701 0.579754 0.598722 0.579596 0.589989 0.560858 0.589803 0.560893 0.589432 0.561100 0.588933 0.561446 0.588381 0.561880 0.570153 0.576983 0.569629 0.577441 0.569208 0.577856 0.568955 0.578166
0 0.401636 0.427928 0.406488 0.439615 0.407557 0.440306 0.421999 0.429646 0.417203 0.418092 0.416245 0.417145 0.414420 0.416635 0.414141 0.416647 0.413571 0.416904 0.412797 0.417365 0.411937 0.417960 0.404649 0.423339 0.403838 0.423977 0.403201 0.424557 0.402837 0.424991
