0 0.422580 0.546726 0.422654 0.551039 0.423516 0.553645 0.423960 0.554985 0.424754 0.555998 0.426299 0.557966 0.429315 0.559525 0.432550 0.559428 0.434505 0.558278 0.435510 0.557686 0.435657 0.557554 0.436524 0.556401 0.437994 0.554349 0.439159 0.550343 0.439086 0.546048 0.438227 0.543452 0.437678 0.542189 0.436994 0.541109 0.435456 0.539149 0.432451 0.537595 0.429230 0.537693 0.428945 0.537844 0.425985 0.539585 0.425226 0.540644 0.423750 0.542704
0 0.575880 0.547374 0.577437 0.562837 0.584015 0.569530 0.585187 0.570498 0.590276 0.561606 0.588697 0.545927 0.582028 0.539141 0.580899 0.538604
0 0.408863 0.676504 0.418139 0.694833 0.441162 0.700793 0.448036 0.694609 0.448273 0.693719 0.420571 0.638984 0.413729 0.645140 0.413531 0.645473 0.413333 0.645807
0 0.441730 0.557627 0.442401 0.561030 0.451503 0.566616 0.452057 0.565855 0.465862 0.525866 0.456865 0.520344 0.454226 0.521431 0.454086 0.521689 0.453808 0.522369 0.453435 0.523367 0.453022 0.524532 0.449539 0.534621 0.442573 0.554800 0.442189 0.555943 0.441893 0.556882 0.441732 0.557474
0 0.435633 0.532655 0.437486 0.543350 0.445550 0.540993 0.445889 0.540375 0.444018 0.529663 0.435928 0.531999
0 0.495502 0.596282 0.499381 0.606170 0.506796 0.600998 0.506703 0.599613 0.502878 0.589861 0.495564 0.594962
0 0.373527 0.224864 0.373551 0.228320 0.374350 0.232592 0.376289 0.236152 0.376360 0.236274 0.379143 0.238577 0.382347 0.239278 0.385485 0.238271 0.388082 0.235709 0.389742 0.231979 0.390212 0.227650 0.389420 0.223379 0.389358 0.223247 0.387421 0.219682 0.385283 0.217542 0.384334 0.216754 0.383241 0.216514 0.381424 0.216664 0.378277 0.217673 0.375676 0.220244 0.374250 0.222114 0.373685 0.223387
0 0.481354 0.687545 0.482776 0.690959 0.492675 0.692922 0.492789 0.692044 0.493035 0.689842 0.494755 0.674426 0.495000 0.672224 0.495129 0.670925 0.495173 0.669360 0.494362 0.669005 0.492730 0.668681 0.491097 0.668357 0.487831 0.667709 0.486198 0.667386 0.485365 0.667415 0.483309 0.670028 0.483303 0.670054 0.483242 0.670574 0.483136 0.671509 0.483001 0.672717 0.481784 0.683628 0.481639 0.684929 0.481507 0.686129 0.481407 0.687048
0 0.571861 0.468587 0.583380 0.484354 0.583763 0.484282 0.595642 0.468852 0.584070 0.453014 0.583685 0.453229
0 0.430922 0.518479 0.433963 0.528764 0.434265 0.528633 0.449623 0.520560 0.446595 0.510322 0.446350 0.510369
