0 0.398481 0.089026 0.398627 0.129582 0.400017 0.134662 0.440017 0.134518 0.439873 0.094518 0.439037 0.088880
0 0.508169 0.435787 0.548084 0.438406 0.548639 0.437694 0.551818 0.389243 0.544051 0.380822 0.543192 0.380604 0.540623 0.380299 0.536734 0.379952 0.532119 0.379617 0.527487 0.379345 0.523550 0.379179 0.520909 0.379143 0.519965 0.379242 0.511442 0.386594 0.511312 0.387890
0 0.603937 0.464738 0.604285 0.465562 0.605550 0.467815 0.607537 0.471151 0.609945 0.475064 0.612410 0.478964 0.614561 0.482262 0.616072 0.484459 0.616711 0.485218 0.627491 0.487591 0.628964 0.487448 0.670162 0.461750 0.648747 0.427419 0.647047 0.428249 0.606321 0.453653
0 0.131924 0.830518 0.175070 0.852789 0.188224 0.847532 0.189056 0.846259 0.190600 0.843553 0.192621 0.839829 0.194812 0.835650 0.196844 0.831647 0.198410 0.828424 0.199271 0.826468 0.199296 0.826083 0.197130 0.813212 0.154477 0.791197 0.150482 0.794563
0 0.928693 0.565152 0.929220 0.567488 0.930403 0.571039 0.932064 0.575268 0.933951 0.579536 0.935779 0.583200 0.937273 0.585704 0.938204 0.586665 0.946626 0.590277 0.951789 0.591321 0.996596 0.572615 0.981008 0.535276 0.975510 0.534873 0.931215 0.553365
0 0.738986 0.387518 0.759896 0.404852 0.805812 0.437870 0.810930 0.441093 0.834309 0.408557 0.793309 0.373610 0.762521 0.354766 0.749575 0.371331
0 0.017344 0.462941 0.053318 0.495551 0.058423 0.495602 0.067623 0.495357 0.068809 0.494684 0.071043 0.492756 0.073984 0.489869 0.077187 0.486462 0.080168 0.483047 0.082478 0.480141 0.083767 0.478182 0.085288 0.465966 0.082516 0.409465 0.076589 0.404092 0.071694 0.402984
0 0.234735 0.116598 0.235342 0.117475 0.313607 0.134043 0.321891 0.094910 0.319415 0.089278 0.279738 0.080878 0.243038 0.077376
0 0.397913 0.191134 0.399080 0.194664 0.409969 0.206386 0.439276 0.179163 0.438574 0.175454 0.427559 0.163595 0.416262 0.164741 0.415477 0.164924 0.413461 0.166334 0.410518 0.168757 0.407099 0.171824 0.403729 0.175064 0.400925 0.177978 0.399117 0.180122 0.398577 0.181169
0 0.641661 0.569500 0.668250 0.599514 0.669025 0.599972 0.699177 0.573261 0.672466 0.543109 0.671675 0.542911
0 0.191168 0.203249 0.203588 0.241569 0.204946 0.242753 0.243090 0.230390 0.230727 0.192246 0.229488 0.190830
0 0.240504 0.272864 0.241693 0.273905 0.281399 0.279492 0.286987 0.239786 0.286006 0.238588 0.246117 0.232975
0 0.499301 0.796518 0.513935 0.834047 0.551464 0.819413 0.551229 0.817949 0.536662 0.780592 0.499304 0.795159
0 0.365890 0.712729 0.418417 0.773555 0.600897 0.615976 0.548370 0.555149 0.548149 0.554897 0.366504 0.711756
0 0.641297 0.236686 0.827680 0.387886 0.829185 0.387370 0.879816 0.324957 0.692577 0.173064 0.641946 0.235477
0 0.533068 0.278326 0.537188 0.522287 0.549001 0.522162 0.604169 0.520853 0.604692 0.500786 0.604012 0.460529 0.601972 0.339758 0.601292 0.299502 0.600103 0.280119 0.544867 0.277407
0 0.351625 0.642795 0.431350 0.656676 0.432135 0.654886 0.440368 0.607597 0.433565 0.598413 0.432749 0.598126 0.430253 0.597569 0.426460 0.596827 0.421944 0.596012 0.382447 0.589135 0.377880 0.588369 0.373942 0.587765 0.371226 0.587414 0.370152 0.587372 0.359954 0.594960
0 0.750717 0.157587 0.788165 0.228281 0.830581 0.205812 0.834403 0.202411 0.836269 0.193009 0.836283 0.191791 0.835433 0.189128 0.833846 0.185424 0.831764 0.181245 0.812867 0.145572 0.810616 0.141571 0.808546 0.138371 0.806974 0.136461 0.796522 0.130900 0.753615 0.153628
0 0.081705 0.082786 0.087442 0.088508 0.148532 0.140161 0.174359 0.109616 0.169830 0.104187 0.107891 0.051816
0 0.845281 0.169456 0.850804 0.181015 0.898243 0.188328 0.902847 0.184725 0.915177 0.104745 0.867189 0.097347 0.855404 0.106311 0.854795 0.107737 0.854002 0.110754 0.853143 0.114901 0.852350 0.119551 0.846242 0.159175 0.845631 0.163636 0.845293 0.167245
0 0.227911 0.413971 0.228049 0.415732 0.251584 0.483607 0.255646 0.484291 0.259330 0.484687 0.267047 0.485375 0.275138 0.485989 0.285640 0.486646 0.292025 0.486879 0.294180 0.467163 0.295617 0.453720 0.295878 0.450225 0.297352 0.406580 0.290270 0.397241 0.289648 0.396920 0.287284 0.396501 0.283534 0.396050 0.278970 0.395635 0.274292 0.395319 0.270219 0.395152 0.267377 0.395159 0.266194 0.395337 0.235705 0.402081 0.234406 0.402389 0.232779 0.403752 0.231073 0.405962 0.229547 0.408682 0.228436 0.411495
0 0.276887 0.873315 0.276904 0.901571 0.276998 0.905089 0.278646 0.938698 0.281391 0.939773 0.285906 0.940317 0.295178 0.940264 0.306175 0.939680 0.312912 0.939033 0.317678 0.938237 0.318839 0.937737 0.346954 0.869234 0.346846 0.867812 0.346200 0.865551 0.345113 0.862795 0.343752 0.859964 0.342326 0.857495 0.341051 0.855762 0.340124 0.855030 0.308261 0.848326 0.306378 0.848110 0.302993 0.848010 0.298622 0.848041 0.293923 0.848197 0.289605 0.848455 0.286323 0.848777 0.284575 0.849113 0.277494 0.857725 0.276918 0.858436
0 0.464887 0.269591 0.464970 0.270691 0.468738 0.276833 0.474813 0.285856 0.479444 0.292378 0.483815 0.298196 0.485869 0.300700 0.488024 0.302488 0.558963 0.289475 0.560431 0.288390 0.562206 0.286457 0.564018 0.283969 0.565588 0.281307 0.566676 0.278880 0.567117 0.277058 0.566843 0.276119 0.556440 0.244979 0.555792 0.243358 0.554184 0.240502 0.551861 0.236845 0.549177 0.232949 0.546547 0.229412 0.544372 0.226777 0.542987 0.225445 0.531528 0.223750 0.518626 0.232180 0.494304 0.248161 0.491432 0.250162
