0 0.511423 0.326002 0.512484 0.326877 0.518494 0.331831 0.533150 0.342270 0.533253 0.342085 0.533435 0.341708 0.533742 0.341059 0.534017 0.340472 0.534561 0.339288 0.535106 0.338086 0.535569 0.337048 0.535878 0.336335 0.535987 0.336055 0.522400 0.323190 0.515318 0.317344 0.515128 0.317697 0.514668 0.318661 0.514009 0.320088 0.513251 0.321760 0.512511 0.323417 0.511904 0.324805 0.511522 0.325713
0 0.532338 0.566181 0.532642 0.568774 0.532847 0.570206 0.532964 0.570458 0.534738 0.574061 0.537411 0.576484 0.540577 0.577360 0.543752 0.576553 0.546454 0.574188 0.548272 0.570623 0.548929 0.566403 0.548323 0.562169 0.546550 0.558566 0.546520 0.558528 0.543848 0.556107 0.540685 0.555232 0.538476 0.555601 0.537402 0.555874 0.536487 0.556674 0.534811 0.558402 0.532994 0.561963
0 0.330058 0.406305 0.330432 0.408404 0.331380 0.410152 0.332758 0.411283 0.333045 0.411435 0.334639 0.411777 0.336211 0.411279 0.337519 0.410018 0.338366 0.408185 0.338623 0.406059 0.338249 0.403964 0.337303 0.402219 0.335928 0.401090 0.335645 0.400920 0.334048 0.400577 0.332474 0.401076 0.331163 0.402339 0.330315 0.404176
0 0.485345 0.537538 0.487702 0.538153 0.493413 0.538993 0.495949 0.517174 0.493586 0.516629 0.487894 0.515604 0.487155 0.520987 0.485885 0.531917
0 0.543143 0.405634 0.543212 0.406077 0.543568 0.406353 0.547415 0.407427 0.553097 0.408535 0.553576 0.408524 0.553960 0.408245 0.555572 0.406069 0.555653 0.404624 0.555351 0.401854 0.555161 0.401396 0.554757 0.401115 0.549175 0.398806 0.545357 0.397553 0.544921 0.397590 0.544652 0.397935 0.543309 0.403255
0 0.461922 0.550613 0.474171 0.565499 0.485336 0.549166 0.485395 0.548970 0.473194 0.534143 0.473086 0.534280
0 0.412253 0.524970 0.420677 0.532487 0.423556 0.531760 0.424434 0.531395 0.424639 0.531144 0.425023 0.530512 0.425527 0.529597 0.426074 0.528537 0.426583 0.527492 0.426977 0.526619 0.427195 0.526051 0.427204 0.525876 0.427081 0.522598 0.418849 0.515253 0.416951 0.515610
0 0.550145 0.523455 0.550232 0.523886 0.550392 0.524545 0.551971 0.530467 0.554824 0.540794 0.555075 0.540981 0.570637 0.533338 0.566414 0.517797 0.566183 0.516999 0.565964 0.516317 0.565790 0.515855 0.565689 0.515683 0.562294 0.516174 0.555299 0.519609 0.552968 0.520754 0.550145 0.523318
0 0.510514 0.406529 0.511645 0.407920 0.526803 0.425209 0.529707 0.427414 0.531611 0.425819 0.532329 0.425142 0.533017 0.424225 0.533570 0.423208 0.535129 0.418964 0.521529 0.402045 0.515884 0.398158
0 0.627251 0.603697 0.627272 0.606534 0.627502 0.608178 0.627713 0.609335 0.628547 0.611945 0.630849 0.614952 0.631375 0.615414 0.634377 0.617024 0.637612 0.616979 0.638623 0.616405 0.640588 0.615288 0.642852 0.612206 0.644059 0.608204 0.644026 0.603890 0.642757 0.599922 0.640446 0.596903 0.639884 0.596515 0.636894 0.594912 0.634767 0.594941 0.633902 0.595120 0.632666 0.595528 0.630708 0.596641 0.628453 0.599710
0 0.424123 0.516268 0.439351 0.550096 0.440580 0.551604 0.443343 0.551272 0.443546 0.551019 0.443974 0.550433 0.444561 0.549606 0.445219 0.548661 0.450823 0.540547 0.451453 0.539625 0.451963 0.538864 0.452275 0.538379 0.452340 0.538244 0.452440 0.534822 0.430581 0.507986 0.429778 0.508078
0 0.480266 0.557028 0.496582 0.619866 0.512292 0.612614 0.512235 0.612098 0.495993 0.549548 0.480356 0.556767
0 0.382468 0.686879 0.395982 0.687175 0.399360 0.687248 0.399829 0.686376 0.401209 0.683809 0.401660 0.682968 0.401985 0.656559 0.400133 0.654676 0.387726 0.654405 0.386898 0.654387 0.385479 0.656199 0.384953 0.656916 0.383346 0.659108 0.382800 0.659853
