0 0.450841 0.614775 0.450889 0.615394 0.451868 0.618761 0.454138 0.620590 0.454575 0.620747 0.454969 0.620545 0.455641 0.619902 0.459747 0.615302 0.462404 0.612302 0.462570 0.611818 0.462425 0.611268 0.458930 0.605694 0.458557 0.605418 0.458185 0.605575 0.457080 0.606591 0.454540 0.609790 0.451043 0.614267
0 0.404510 0.504666 0.421034 0.506553 0.421394 0.506523 0.422803 0.484592 0.422448 0.484521 0.405925 0.482635
0 0.533537 0.517704 0.534232 0.519700 0.553536 0.549004 0.554155 0.549571 0.561728 0.544883 0.549070 0.508532 0.546540 0.507282 0.546307 0.507379 0.545766 0.507673 0.545002 0.508119 0.544129 0.508651 0.536625 0.513296 0.535773 0.513833 0.535069 0.514295 0.534619 0.514614 0.534492 0.514740
0 0.528026 0.430356 0.531701 0.440210 0.540570 0.434329 0.541039 0.433569 0.541643 0.430922 0.541614 0.430604 0.541419 0.429880 0.541089 0.428860 0.540674 0.427699 0.540238 0.426577 0.539847 0.425665 0.539562 0.425103 0.539425 0.424975 0.537321 0.423602 0.528350 0.429551
0 0.440375 0.565144 0.447872 0.584867 0.462665 0.574872 0.462814 0.574572 0.455348 0.554928 0.440614 0.564883
0 0.561678 0.413755 0.561969 0.415095 0.562624 0.416184 0.563540 0.416857 0.564581 0.417011 0.566182 0.416472 0.567607 0.415921 0.568765 0.414686 0.568886 0.414536 0.569579 0.413676 0.570302 0.411923 0.570467 0.409934 0.570049 0.408012 0.569111 0.406450 0.567796 0.405486 0.566305 0.405265 0.564863 0.405823 0.563692 0.407073 0.563057 0.407999 0.562947 0.408160 0.562232 0.409893 0.561793 0.412368
0 0.427287 0.454160 0.427510 0.458460 0.428950 0.462319 0.431387 0.465150 0.431476 0.465195 0.431633 0.465274 0.432669 0.465738 0.434494 0.466543 0.437717 0.466247 0.440609 0.464328 0.442180 0.462294 0.442899 0.461194 0.443247 0.459812 0.443759 0.456997 0.443537 0.452700 0.442098 0.448843 0.440664 0.447130 0.439839 0.446172 0.439662 0.446014 0.439623 0.445980 0.436558 0.444608 0.433333 0.444905 0.430439 0.446824 0.428316 0.450074
0 0.551972 0.431780 0.557993 0.461932 0.572311 0.472995 0.594926 0.464966 0.595144 0.464886 0.595363 0.464805 0.599531 0.455216 0.556379 0.421876 0.556121 0.422234
0 0.478470 0.403083 0.481572 0.415738 0.485342 0.416575 0.485541 0.416607 0.486071 0.416476 0.486848 0.416204 0.487757 0.415832 0.498904 0.410973 0.499809 0.410555 0.500576 0.410154 0.501091 0.409829 0.501273 0.409631 0.503943 0.405987 0.500840 0.393332 0.495209 0.394913 0.483931 0.399829
0 0.443520 0.452158 0.443523 0.452971 0.443564 0.453612 0.443636 0.453982 0.443730 0.454027 0.467490 0.457902 0.468312 0.457961 0.470089 0.456993 0.470207 0.456558 0.470320 0.455691 0.470410 0.454526 0.470465 0.453238 0.470475 0.452021 0.470439 0.451060 0.470363 0.450501 0.468677 0.449308 0.468534 0.449210 0.467710 0.449152 0.443819 0.449660 0.443718 0.449945 0.443626 0.450519 0.443557 0.451297
0 0.513615 0.418782 0.513797 0.422626 0.514242 0.423097 0.529903 0.421779 0.530272 0.421240 0.530980 0.419398 0.530794 0.415464 0.513933 0.416882
0 0.426641 0.527638 0.432890 0.527878 0.434554 0.527900 0.435026 0.527699 0.435188 0.505676 0.426930 0.505568 0.426804 0.505578
0 0.397137 0.554452 0.397140 0.554880 0.397204 0.554997 0.400275 0.556988 0.402706 0.557672 0.407569 0.559039 0.410000 0.559722 0.413413 0.559553 0.413514 0.559336 0.413653 0.558824 0.413806 0.558096 0.413952 0.557260 0.414901 0.551810 0.416604 0.541042 0.400451 0.536501 0.399994 0.536669 0.397310 0.552957 0.397197 0.553777
