0 0.237406 0.598635 0.246574 0.614725 0.247014 0.615376 0.248940 0.616928 0.252063 0.619147 0.255904 0.621692 0.304028 0.652660 0.307985 0.655133 0.311438 0.657146 0.313858 0.658391 0.314879 0.658679 0.333321 0.660357 0.359508 0.619663 0.336858 0.603391 0.289288 0.572779 0.263592 0.557941
0 0.090821 0.599417 0.096621 0.656478 0.128051 0.682109 0.133152 0.679611 0.158431 0.648612 0.152711 0.592333 0.121712 0.567054 0.116452 0.567986
0 0.472925 0.237824 0.484385 0.252371 0.485244 0.253075 0.487647 0.254424 0.491224 0.256212 0.495435 0.258167 0.547271 0.281470 0.551492 0.283305 0.555102 0.284748 0.557552 0.285581 0.558468 0.285675 0.576955 0.284591 0.596797 0.240454 0.571371 0.226535 0.518928 0.202959 0.492766 0.193688
0 0.232267 0.451538 0.232405 0.453340 0.232831 0.454044 0.310685 0.468329 0.311396 0.467842 0.312221 0.466225 0.313033 0.463724 0.313709 0.460722 0.332585 0.357979 0.333017 0.354951 0.333136 0.352380 0.332925 0.350656 0.332417 0.350043 0.254689 0.335071 0.254023 0.335674 0.253237 0.337391 0.252452 0.339957 0.248887 0.354834 0.234364 0.433885 0.232435 0.448914
0 0.465614 0.592509 0.489505 0.669050 0.490079 0.669016 0.491734 0.668623 0.494218 0.667931 0.508670 0.663639 0.585475 0.639666 0.599803 0.634973 0.602241 0.634130 0.603826 0.633512 0.604317 0.633213 0.580426 0.556672 0.579773 0.556804 0.578057 0.557279 0.575541 0.558024 0.572605 0.558926 0.473329 0.589914 0.470401 0.590842 0.467908 0.591661 0.466226 0.592246
0 0.274251 0.535957 0.275872 0.541636 0.282288 0.547199 0.293595 0.554259 0.301597 0.557699 0.307973 0.557014 0.311071 0.552772 0.320720 0.537615 0.347302 0.492540 0.347712 0.487419 0.347098 0.472142 0.346460 0.469729 0.344811 0.467352 0.342401 0.465375 0.339600 0.464099 0.336836 0.463719 0.334530 0.464294 0.317967 0.468845 0.312865 0.471036 0.295469 0.499873 0.287940 0.512588 0.284370 0.518627
0 0.341190 0.291332 0.358731 0.360712 0.362361 0.362105 0.365874 0.362954 0.373375 0.364469 0.381345 0.365858 0.391829 0.367401 0.398367 0.368033 0.398572 0.367469 0.405138 0.335238 0.405718 0.331786 0.411193 0.288504 0.410891 0.287512 0.405105 0.278456 0.404656 0.277945 0.402467 0.277189 0.398867 0.276304 0.394405 0.275425 0.389766 0.274687 0.385663 0.274203 0.382725 0.274048 0.348789 0.278607 0.347114 0.279745 0.345253 0.281744 0.343493 0.284300 0.342102 0.287022 0.341294 0.289491
0 0.035674 0.105569 0.037254 0.107188 0.044675 0.110153 0.055350 0.113520 0.062967 0.115514 0.069659 0.116850 0.072467 0.117107 0.074180 0.116026 0.121677 0.063216 0.122081 0.062289 0.122289 0.060280 0.122268 0.057495 0.122021 0.054358 0.121587 0.051350 0.121031 0.048933 0.120440 0.047473 0.089030 0.027382 0.085651 0.025873 0.081347 0.024336 0.076778 0.023009 0.072646 0.022095 0.069584 0.021734 0.068060 0.021980 0.057901 0.027708 0.045361 0.070902 0.044392 0.074251
0 0.040843 0.725056 0.041245 0.726932 0.059688 0.756052 0.061566 0.758333 0.064547 0.761184 0.068173 0.764165 0.071887 0.766820 0.075119 0.768741 0.077376 0.769636 0.088526 0.768030 0.090042 0.767021 0.118544 0.734136 0.120721 0.731407 0.128973 0.720279 0.140845 0.704261 0.136386 0.699441 0.128403 0.692500 0.121996 0.687544 0.115642 0.683188 0.112446 0.681356 0.108337 0.680228 0.045709 0.712723 0.044262 0.714173 0.042860 0.716525 0.041717 0.719421 0.041008 0.722418
0 0.637628 0.910285 0.640136 0.928793 0.644409 0.950042 0.680070 0.948622 0.732702 0.931845 0.725966 0.892350 0.719997 0.892676 0.664248 0.902221
0 0.548541 0.349114 0.628153 0.356984 0.629634 0.355330 0.634411 0.307011 0.626472 0.298821 0.625724 0.298465 0.623255 0.297981 0.619439 0.297443 0.614858 0.296934 0.610217 0.296531 0.606229 0.296298 0.603502 0.296268 0.602452 0.296447 0.594145 0.303030 0.549898 0.339316 0.549328 0.341153
0 0.090294 0.000000 0.112591 0.051945 0.128791 0.049494 0.133339 0.048722 0.137669 0.046936 0.151391 0.040763 0.146481 0.018714 0.138414 0.001758 0.130962 0.000000
0 0.764266 0.658693 0.764707 0.669295 0.802985 0.698257 0.806488 0.700549 0.855316 0.636015 0.816595 0.606718 0.812977 0.605498 0.803104 0.607363 0.802151 0.607953 0.800239 0.609914 0.797660 0.612944 0.794805 0.616585 0.770615 0.648557 0.767908 0.652267 0.765751 0.655495 0.764471 0.657753
0 0.508520 0.755949 0.508619 0.758908 0.543374 0.792814 0.554862 0.791342 0.555577 0.791069 0.557471 0.789518 0.560257 0.786923 0.563509 0.783681 0.591700 0.754786 0.594911 0.751402 0.597581 0.748404 0.599301 0.746251 0.599811 0.745268 0.599885 0.734889 0.598743 0.732205 0.564386 0.698685
0 0.832116 0.268574 0.870790 0.338605 0.875077 0.336739 0.917581 0.313266 0.918775 0.303163 0.918883 0.302098 0.918085 0.299580 0.916500 0.295992 0.914369 0.291881 0.894853 0.256542 0.892509 0.252550 0.890318 0.249300 0.888614 0.247287 0.887657 0.246817 0.878459 0.242426 0.835955 0.265899
0 0.579500 0.847711 0.580419 0.851731 0.652591 0.888338 0.674555 0.845035 0.670244 0.831788 0.669201 0.830936 0.666685 0.829386 0.663080 0.827375 0.658932 0.825207 0.623177 0.807072 0.619103 0.805069 0.615709 0.803530 0.613507 0.802687 0.612838 0.802671 0.601214 0.804903
