0 0.445481 0.450577 0.449103 0.460552 0.449336 0.460733 0.464230 0.451118 0.460625 0.441188 0.460443 0.440918
0 0.574275 0.437418 0.590765 0.439264 0.591183 0.438984 0.591878 0.427940 0.575312 0.426086 0.574967 0.426425
0 0.426116 0.508442 0.428263 0.530368 0.444707 0.527505 0.444929 0.527395 0.442790 0.505558 0.442561 0.505580
0 0.587263 0.462325 0.587824 0.464344 0.588923 0.465922 0.590391 0.466820 0.592005 0.466900 0.592163 0.466843 0.593680 0.466093 0.594865 0.464625 0.595540 0.462665 0.595600 0.460509 0.595037 0.458487 0.593937 0.456906 0.592466 0.456007 0.590850 0.455927 0.590694 0.456003 0.589180 0.456752 0.587996 0.458217 0.587323 0.460174
0 0.427521 0.532542 0.509466 0.551725 0.512375 0.529956 0.512157 0.529781 0.430604 0.510561 0.430447 0.510649
0 0.518800 0.390524 0.526390 0.410084 0.541060 0.399965 0.541225 0.399563 0.533605 0.379924 0.518875 0.390084
0 0.565308 0.407662 0.565320 0.408275 0.566760 0.413159 0.576682 0.414661 0.577981 0.406101 0.579319 0.390382 0.579336 0.383480 0.569415 0.381978 0.567276 0.386200 0.567165 0.386602 0.567029 0.387444 0.566888 0.388598 0.566763 0.389888 0.565441 0.405425 0.565350 0.406662
0 0.486003 0.584595 0.488011 0.606544 0.504473 0.603866 0.504452 0.603391 0.502453 0.581543 0.486067 0.584209
0 0.509412 0.457148 0.514114 0.468771 0.516494 0.469611 0.516639 0.469531 0.517094 0.469224 0.517790 0.468737 0.518622 0.468144 0.525903 0.462908 0.526746 0.462297 0.527475 0.461758 0.527980 0.461374 0.528184 0.461203 0.528974 0.457840 0.524218 0.446082 0.509521 0.456652
0 0.439507 0.410074 0.439620 0.410644 0.439849 0.411365 0.441330 0.415211 0.449880 0.434159 0.451634 0.437481 0.451966 0.438004 0.452234 0.438278 0.452396 0.438260 0.466390 0.427611 0.466433 0.427296 0.466340 0.426740 0.466124 0.426028 0.465818 0.425268 0.454705 0.400641 0.454359 0.399955 0.454026 0.399451 0.453758 0.399207 0.453596 0.399258 0.439528 0.409742
0 0.570723 0.585386 0.572754 0.629431 0.573089 0.630027 0.581386 0.629346 0.579345 0.585098 0.578981 0.584708
0 0.496576 0.409850 0.496974 0.414115 0.498568 0.417867 0.501114 0.420534 0.504223 0.421707 0.507421 0.421212 0.510221 0.419122 0.512197 0.415759 0.512236 0.415682 0.512982 0.412594 0.513272 0.411188 0.513136 0.409737 0.512689 0.407294 0.511097 0.403546 0.508555 0.400880 0.506667 0.399701 0.505609 0.399300 0.504520 0.399466 0.502250 0.400191 0.499445 0.402274 0.497463 0.405638 0.497432 0.405722
0 0.510471 0.594354 0.510513 0.594732 0.515778 0.615687 0.523636 0.612177 0.523541 0.611728 0.518297 0.590858 0.513601 0.592955 0.512036 0.593654
0 0.503488 0.516614 0.504068 0.520840 0.504085 0.520923 0.505244 0.523316 0.505841 0.524546 0.506745 0.525379 0.508503 0.526997 0.511666 0.527904 0.514849 0.527127 0.517566 0.524785 0.519404 0.521235 0.520084 0.517017 0.519501 0.512774 0.517745 0.509151 0.515083 0.506700 0.515022 0.506673 0.511871 0.505771 0.508702 0.506545 0.506915 0.508085 0.506006 0.508893 0.505374 0.510078 0.504165 0.512413
0 0.251338 0.551860 0.252353 0.552818 0.269305 0.556292 0.270359 0.556034 0.279899 0.538071 0.271849 0.517997 0.270838 0.517043 0.269786 0.517122
