0 0.496281 0.388839 0.496298 0.389348 0.512717 0.392099 0.512776 0.391602 0.514848 0.369609 0.498354 0.366846
0 0.463150 0.386732 0.468365 0.407778 0.468510 0.408201 0.484223 0.401279 0.484150 0.400824 0.478935 0.379778
0 0.405524 0.616133 0.438498 0.622236 0.439793 0.613646 0.440200 0.605258 0.407181 0.599146 0.405601 0.607699
0 0.413740 0.503953 0.414728 0.508057 0.416819 0.511344 0.419694 0.513314 0.422916 0.513667 0.422966 0.513659 0.426042 0.512342 0.427880 0.510471 0.428715 0.509528 0.429215 0.508231 0.429982 0.505726 0.430247 0.501433 0.429260 0.497331 0.428091 0.495176 0.427383 0.494064 0.426410 0.493397 0.424297 0.492077 0.421077 0.491724 0.421026 0.491719 0.417948 0.493036 0.415483 0.495824 0.414005 0.499657
0 0.442774 0.381609 0.443010 0.383742 0.443840 0.385592 0.443937 0.385788 0.445233 0.387071 0.446798 0.387596 0.448395 0.387281 0.449780 0.386176 0.450743 0.384448 0.451136 0.382361 0.450900 0.380232 0.450816 0.380025 0.449985 0.378175 0.448687 0.376890 0.447119 0.376365 0.445519 0.376680 0.444132 0.377787 0.443168 0.379518
0 0.574106 0.573145 0.578674 0.594586 0.580474 0.594419 0.587826 0.593735 0.604008 0.585982 0.603923 0.583293 0.600251 0.566058 0.599403 0.564370 0.597518 0.564662 0.590131 0.565807
0 0.410825 0.466409 0.410845 0.467105 0.410905 0.467941 0.412489 0.484443 0.412889 0.484515 0.429279 0.481893 0.428296 0.470966 0.427722 0.465463 0.427634 0.464620 0.427534 0.463892 0.427438 0.463390 0.427359 0.463191 0.423971 0.462620 0.416570 0.463804 0.414103 0.464199 0.410912 0.465822 0.410849 0.465958
0 0.515250 0.482413 0.518287 0.494984 0.520513 0.496515 0.520721 0.496433 0.521259 0.496207 0.522047 0.495873 0.522963 0.495481 0.530892 0.492075 0.531794 0.491687 0.532541 0.491362 0.533019 0.491150 0.533156 0.491085 0.534393 0.488099 0.531321 0.475383 0.515426 0.482210
0 0.444751 0.279698 0.450992 0.282409 0.454247 0.282932 0.462581 0.284271 0.468118 0.283452 0.469313 0.270233 0.465927 0.267014 0.465350 0.266665 0.464518 0.266360 0.463557 0.266146 0.451833 0.264262 0.450894 0.264172 0.450125 0.264219 0.449643 0.264398 0.445946 0.266480
0 0.397239 0.464927 0.399714 0.475559 0.400860 0.475838 0.410320 0.471924 0.411058 0.468751 0.410998 0.468100 0.410826 0.467098 0.410567 0.465897 0.410262 0.464679 0.409957 0.463626 0.409696 0.462899 0.409521 0.462608 0.407873 0.461413 0.406808 0.460967
0 0.411463 0.580167 0.427790 0.583971 0.428079 0.583635 0.430920 0.561953 0.414659 0.558164 0.414316 0.558397
0 0.440973 0.597010 0.441427 0.599679 0.441494 0.599975 0.441840 0.600557 0.442412 0.601335 0.443123 0.602190 0.443865 0.602992 0.444522 0.603617 0.444995 0.603970 0.445211 0.603997 0.447317 0.604249 0.459089 0.603029 0.460175 0.601337 0.460630 0.600179 0.448088 0.585868 0.441648 0.595902
0 0.565722 0.575213 0.565759 0.575837 0.565898 0.576832 0.566117 0.578047 0.566383 0.579294 0.566655 0.580383 0.566891 0.581146 0.567056 0.581467 0.576688 0.580360 0.578482 0.578579 0.578553 0.578360 0.578482 0.577524 0.578282 0.576201 0.577984 0.574590 0.577631 0.572935 0.577277 0.571485 0.576975 0.570458 0.576772 0.570011 0.574557 0.569655 0.565792 0.575054
0 0.545382 0.567119 0.545460 0.567234 0.558112 0.581451 0.562722 0.575117 0.563794 0.573421 0.563335 0.572892 0.550705 0.558699
