0 0.616668 0.685838 0.621856 0.733557 0.623264 0.736257 0.631479 0.742528 0.632567 0.742749 0.635323 0.742738 0.639329 0.742495 0.643974 0.742058 0.648542 0.741494 0.652333 0.740889 0.654767 0.740336 0.655475 0.739919 0.663490 0.731884 0.658242 0.683613 0.656434 0.681515
0 0.550154 0.131347 0.576375 0.171552 0.609880 0.149701 0.611150 0.145651 0.584626 0.104982 0.572730 0.104487 0.572056 0.104466 0.569939 0.105456 0.566702 0.107305 0.562837 0.109734 0.558940 0.112368 0.555608 0.114802 0.553351 0.116665 0.552512 0.117673 0.550734 0.127085
0 0.061206 0.269882 0.061447 0.272748 0.061938 0.273962 0.067189 0.281534 0.072135 0.284031 0.119914 0.288630 0.123747 0.248814 0.119397 0.245910 0.071066 0.241258 0.063586 0.250520 0.062846 0.252851 0.062142 0.256576 0.061582 0.261125 0.061254 0.265800
0 0.262873 0.658170 0.278915 0.703999 0.290604 0.708237 0.291195 0.708208 0.293437 0.707575 0.296989 0.706433 0.301310 0.704956 0.305736 0.703372 0.309586 0.701922 0.312272 0.700831 0.313386 0.700262 0.319195 0.688452 0.303337 0.643147 0.265583 0.656362
0 0.413716 0.575208 0.415515 0.615450 0.455756 0.613651 0.455959 0.613130 0.454169 0.573073 0.414111 0.574863
0 0.257068 0.052195 0.258178 0.054242 0.277787 0.089106 0.312651 0.069497 0.311790 0.067520 0.292092 0.032496
0 0.378071 0.769830 0.386991 0.809112 0.426273 0.800192 0.426610 0.798816 0.417731 0.759714 0.378629 0.768594
0 0.537973 0.266513 0.575367 0.280988 0.589842 0.243594 0.590255 0.242414 0.552690 0.227872 0.538148 0.265438
0 0.198838 0.124324 0.200218 0.126046 0.235216 0.145614 0.254784 0.110615 0.253655 0.108822 0.218496 0.089164
0 0.314797 0.511795 0.331829 0.523364 0.348199 0.534398 0.365203 0.510814 0.396917 0.463964 0.399943 0.459190 0.366762 0.436736 0.332446 0.483142
0 0.056645 0.100567 0.058830 0.141444 0.068914 0.149640 0.116845 0.147078 0.123199 0.136122 0.123480 0.133921 0.123552 0.130297 0.123405 0.125797 0.123061 0.121102 0.122571 0.116919 0.122010 0.113882 0.121462 0.112455 0.110256 0.102593 0.064820 0.100130
0 0.179807 0.585344 0.204090 0.662540 0.250408 0.647970 0.253260 0.646279 0.257583 0.636879 0.257627 0.635824 0.257114 0.633182 0.256124 0.629360 0.254807 0.624935 0.253361 0.620576 0.252005 0.616940 0.250944 0.614578 0.250340 0.613853 0.241257 0.608122 0.191098 0.581968 0.187527 0.582915
0 0.495331 0.569114 0.518288 0.634600 0.525571 0.638128 0.560852 0.565299 0.560157 0.564553 0.516959 0.543626 0.505855 0.547391 0.505447 0.548154 0.504303 0.550449 0.502598 0.553924 0.500591 0.558052 0.498584 0.562211 0.496880 0.565772 0.495737 0.568197
0 0.487356 0.076590 0.502233 0.145894 0.505336 0.148151 0.508651 0.149397 0.515919 0.151490 0.523780 0.153300 0.534299 0.155145 0.541066 0.155672 0.541644 0.154589 0.549486 0.122986 0.550218 0.119571 0.557613 0.076669 0.557764 0.075044 0.551877 0.065348 0.549890 0.064242 0.546454 0.063009 0.542095 0.061839 0.537481 0.060910 0.533321 0.060366 0.530253 0.060291 0.495571 0.064163 0.493939 0.065082 0.492047 0.066905 0.490186 0.069356 0.488641 0.072059 0.487647 0.074599
0 0.559250 0.802054 0.559255 0.803880 0.559710 0.804656 0.578125 0.832268 0.579259 0.833756 0.581624 0.836166 0.584861 0.839133 0.588475 0.842201 0.591909 0.844899 0.594638 0.846813 0.596244 0.847651 0.607794 0.846347 0.617984 0.834772 0.637187 0.812885 0.639441 0.810206 0.660089 0.784623 0.659553 0.783402 0.654185 0.778318 0.645911 0.771133 0.639756 0.766065 0.634094 0.761671 0.631532 0.759869 0.629207 0.758945 0.563867 0.789744 0.562782 0.791228 0.561608 0.793595 0.560524 0.796486 0.559695 0.799458
0 0.437986 0.736096 0.456621 0.807010 0.457461 0.807429 0.461736 0.808503 0.468096 0.809774 0.478786 0.811606 0.488091 0.812924 0.492998 0.813272 0.496472 0.813101 0.502568 0.780177 0.503109 0.776704 0.506410 0.748437 0.508083 0.733523 0.508100 0.733191 0.502001 0.723619 0.500523 0.723256 0.497478 0.722677 0.493328 0.721968 0.488703 0.721238 0.484299 0.720596 0.480782 0.720139 0.478686 0.719937 0.446636 0.722943 0.445484 0.723428 0.443888 0.724885 0.442091 0.727092 0.440367 0.729713 0.438981 0.732346 0.438146 0.734588
0 0.890294 0.190089 0.901117 0.206696 0.908670 0.217871 0.910665 0.220754 0.936961 0.255629 0.948552 0.258233 0.949534 0.257837 0.951898 0.256442 0.955288 0.254260 0.959185 0.251624 0.962992 0.248937 0.966123 0.246614 0.968099 0.245009 0.968621 0.244367 0.988198 0.219395 0.988751 0.217183 0.988776 0.214311 0.988268 0.211219 0.987304 0.208378 0.986033 0.206226 0.984650 0.205089 0.924431 0.166530 0.920104 0.169197 0.916746 0.171427 0.910072 0.175975 0.903345 0.180654 0.894969 0.186608
0 0.624066 0.481729 0.661636 0.552566 0.662317 0.552326 0.663977 0.551549 0.666361 0.550353 0.669107 0.548921 0.761407 0.499968 0.764078 0.498527 0.766248 0.497307 0.767587 0.496494 0.767891 0.496211 0.730322 0.425374 0.729581 0.425725 0.727878 0.426593 0.725472 0.427846 0.722728 0.429293 0.630850 0.478022 0.628168 0.479453 0.625937 0.480659 0.624496 0.481459
0 0.673674 0.245110 0.711511 0.315804 0.711863 0.315678 0.713236 0.314995 0.715419 0.313862 0.718081 0.312450 0.809773 0.263374 0.812527 0.261888 0.814972 0.260544 0.816737 0.259547 0.817553 0.259048 0.779716 0.188354 0.779423 0.188368 0.778096 0.188958 0.775936 0.190033 0.762946 0.196771 0.692008 0.234739 0.678416 0.242229 0.676030 0.243586 0.674365 0.244598
0 0.351569 0.677175 0.352014 0.677535 0.353544 0.678252 0.355927 0.679215 0.358799 0.680277 0.457226 0.715316 0.460131 0.716309 0.462605 0.717076 0.464272 0.717497 0.464878 0.717511 0.491769 0.641972 0.491202 0.641643 0.489574 0.640956 0.487134 0.640015 0.484252 0.638964 0.386274 0.604086 0.383370 0.603077 0.380865 0.602257 0.379141 0.601751 0.378460 0.601636
0 0.753785 0.555268 0.754497 0.557290 0.756263 0.561117 0.758813 0.566166 0.761763 0.571676 0.764669 0.576820 0.767093 0.580820 0.768668 0.583069 0.769150 0.583217 0.779950 0.581966 0.785276 0.579115 0.788962 0.568082 0.788470 0.566575 0.787169 0.563694 0.785257 0.559878 0.783027 0.555713 0.780822 0.551838 0.778980 0.548849 0.777782 0.547198 0.766634 0.544294 0.766038 0.544196 0.760724 0.547040
0 0.349677 0.942229 0.352201 0.949651 0.357372 0.955543 0.364405 0.959007 0.372228 0.959517 0.379650 0.956993 0.385542 0.951822 0.389006 0.944789 0.389197 0.944024 0.389706 0.936214 0.387186 0.928805 0.382024 0.922923 0.375004 0.919465 0.367194 0.918957 0.359785 0.921476 0.353903 0.926638 0.350445 0.933659 0.350187 0.934406
0 0.738589 0.621747 0.741392 0.629050 0.746775 0.634725 0.747200 0.634957 0.754359 0.638145 0.762192 0.638351 0.769508 0.635543 0.775193 0.630151 0.778381 0.622992 0.778587 0.615158 0.775779 0.607843 0.770387 0.602158 0.763228 0.598970 0.762776 0.598800 0.754956 0.598594 0.747653 0.601397 0.741977 0.606780 0.738795 0.613926
0 0.317094 0.741505 0.318480 0.749218 0.322714 0.755812 0.329147 0.760285 0.336804 0.761955 0.344516 0.760569 0.351110 0.756336 0.355584 0.749902 0.355832 0.749473 0.357499 0.741829 0.356115 0.734130 0.351889 0.727547 0.345467 0.723081 0.337823 0.721414 0.330124 0.722798 0.323541 0.727024 0.323237 0.727415 0.318764 0.733849
0 0.793067 0.132371 0.795972 0.139634 0.801436 0.145232 0.808626 0.148314 0.816448 0.148408 0.823712 0.145503 0.829309 0.140039 0.829876 0.139419 0.832963 0.132217 0.833058 0.124381 0.830148 0.117105 0.824674 0.111498 0.817472 0.108411 0.809636 0.108316 0.802360 0.111226 0.796753 0.116700 0.796243 0.117359 0.793161 0.124549
