0 0.425706 0.512252 0.426432 0.512525 0.428056 0.513044 0.429680 0.513562 0.434552 0.515116 0.435439 0.515358 0.436030 0.515217 0.437838 0.513681 0.437964 0.513418 0.438158 0.512705 0.438392 0.511651 0.438629 0.510416 0.440554 0.499689 0.440760 0.498457 0.440903 0.497410 0.440963 0.496708 0.440929 0.496458 0.439876 0.493786 0.430232 0.490709 0.429588 0.490623
0 0.402119 0.588281 0.408821 0.594836 0.409239 0.594402 0.414133 0.585506 0.407461 0.578981 0.407035 0.579345
0 0.427511 0.537145 0.433514 0.544811 0.433818 0.544606 0.445264 0.528671 0.439289 0.521040 0.439009 0.521137
0 0.444188 0.497279 0.444198 0.497521 0.444985 0.500399 0.454422 0.504889 0.454943 0.504833 0.460491 0.484103 0.451162 0.479664 0.450598 0.479429 0.448662 0.480842 0.448530 0.481054 0.448291 0.481713 0.447980 0.482717 0.447645 0.483913 0.444845 0.494374 0.444538 0.495576 0.444307 0.496597
0 0.516150 0.516100 0.516177 0.516128 0.516214 0.516165 0.532725 0.518232 0.533035 0.513829 0.533345 0.509426 0.533500 0.507224 0.533367 0.507195 0.516922 0.505137
0 0.525989 0.271215 0.537439 0.335457 0.553499 0.330369 0.553745 0.329590 0.542243 0.265052 0.526108 0.270164
0 0.542412 0.417000 0.558526 0.422016 0.558796 0.421657 0.562575 0.400072 0.546386 0.395032 0.546174 0.395514
0 0.510963 0.255785 0.511182 0.258429 0.511614 0.259386 0.525529 0.285874 0.525697 0.285832 0.526053 0.285613 0.526542 0.285251 0.527091 0.284801 0.527615 0.284330 0.528037 0.283911 0.528291 0.283606 0.528339 0.283462 0.517225 0.254503 0.516793 0.253544 0.515171 0.252118 0.514904 0.252139 0.514356 0.252438 0.513610 0.252968 0.512781 0.253649 0.511995 0.254376 0.511374 0.255037 0.511012 0.255532
0 0.578087 0.613977 0.578096 0.614225 0.592690 0.624620 0.592831 0.624581 0.593069 0.624251 0.593369 0.623681 0.594965 0.620168 0.602788 0.600643 0.604123 0.596838 0.604325 0.596158 0.604416 0.595664 0.604384 0.595432 0.589790 0.585037 0.589652 0.585111 0.589417 0.585469 0.589120 0.586057 0.588807 0.586785 0.578695 0.612023 0.578411 0.612786 0.578198 0.613472
0 0.561848 0.382652 0.561907 0.388078 0.561966 0.391699 0.562000 0.392666 0.562785 0.404680 0.564488 0.406887 0.564707 0.406945 0.565271 0.406964 0.566094 0.406943 0.567052 0.406884 0.568000 0.406797 0.568794 0.406695 0.569315 0.406593 0.575487 0.404071 0.575761 0.403849 0.576073 0.403345 0.576375 0.402636 0.576621 0.401830 0.576774 0.401051 0.576809 0.400417 0.576723 0.400027 0.570273 0.381837 0.570196 0.381722 0.569443 0.381602 0.568212 0.381567 0.566040 0.381643 0.564055 0.381830 0.562890 0.382081 0.561922 0.382442
0 0.574168 0.550765 0.575443 0.572710 0.577207 0.574410 0.580155 0.574106 0.580496 0.573458 0.579258 0.552135 0.578851 0.551648 0.577049 0.550467
0 0.405878 0.578573 0.406031 0.578752 0.406547 0.579062 0.420515 0.586320 0.421088 0.586577 0.421380 0.586629 0.421936 0.586040 0.424940 0.575775 0.409550 0.567778 0.409397 0.567886 0.406483 0.576506
