0 0.007840 0.075333 0.023776 0.084766 0.025323 0.085364 0.028467 0.085967 0.032726 0.086485 0.037455 0.086839 0.094208 0.089871 0.098710 0.090009 0.102319 0.089912 0.104489 0.089592 0.121736 0.081417 0.124317 0.033095 0.092523 0.027726 0.035107 0.024659 0.010421 0.027011
0 0.796729 0.429193 0.812495 0.438758 0.813776 0.439229 0.816708 0.439747 0.820846 0.440233 0.825556 0.440612 0.882673 0.444258 0.887218 0.444470 0.890885 0.444482 0.893112 0.444293 0.910599 0.436461 0.914260 0.388276 0.882950 0.384356 0.826389 0.380750 0.800221 0.381004
0 0.785383 0.900961 0.786188 0.902336 0.788813 0.905585 0.793208 0.910747 0.796573 0.914595 0.804779 0.923738 0.807801 0.927007 0.811252 0.930587 0.812728 0.931907 0.825230 0.922681 0.872615 0.878062 0.873674 0.866331 0.872612 0.865126 0.870490 0.862742 0.867632 0.859545 0.864470 0.856017 0.861481 0.852691 0.859116 0.850070 0.857735 0.848549 0.857549 0.848365 0.845742 0.848120 0.819848 0.870134
0 0.237482 0.622438 0.258044 0.648428 0.260278 0.651132 0.279130 0.672934 0.289118 0.684439 0.300727 0.685957 0.302220 0.684940 0.304877 0.682909 0.308293 0.680174 0.311943 0.677154 0.315268 0.674313 0.317756 0.672088 0.319031 0.670816 0.338062 0.643968 0.338440 0.643062 0.338393 0.641127 0.337928 0.638459 0.337116 0.635463 0.336080 0.632600 0.334980 0.630307 0.333983 0.628934 0.268530 0.596940 0.266533 0.598383 0.264069 0.600344 0.258481 0.604870 0.252310 0.609929 0.243888 0.616905 0.238282 0.621630
0 0.288900 0.473649 0.289154 0.474372 0.290332 0.476558 0.292257 0.479875 0.294634 0.483818 0.297098 0.487779 0.299270 0.491150 0.300819 0.493417 0.301509 0.494235 0.313074 0.496594 0.342336 0.478805 0.356992 0.469887 0.363203 0.466047 0.381762 0.454512 0.379485 0.450645 0.375148 0.443514 0.368253 0.432256 0.363775 0.424995 0.361074 0.420734 0.360758 0.420418 0.347030 0.428279 0.292060 0.462285
0 0.289712 0.204002 0.289913 0.211835 0.293096 0.218996 0.293452 0.219479 0.299124 0.224866 0.306425 0.227674 0.314245 0.227472 0.321394 0.224295 0.326781 0.218623 0.329589 0.211321 0.329387 0.203501 0.326210 0.196353 0.325911 0.195831 0.320229 0.190434 0.312915 0.187621 0.305081 0.187823 0.297921 0.191006 0.292524 0.196688
0 0.336620 0.275240 0.338095 0.282936 0.342401 0.289483 0.342671 0.289844 0.349145 0.294236 0.356806 0.295818 0.364489 0.294346 0.371025 0.290047 0.375417 0.283574 0.376998 0.275913 0.375526 0.268230 0.375312 0.267831 0.371006 0.261284 0.364521 0.256884 0.356847 0.255300 0.349151 0.256774 0.342604 0.261081 0.338204 0.267565
0 0.562256 0.603311 0.564533 0.609780 0.566870 0.613507 0.569651 0.617128 0.573423 0.619940 0.577609 0.621513 0.582485 0.623166 0.589091 0.623320 0.594298 0.620986 0.597061 0.617572 0.600077 0.613115 0.601229 0.605493 0.601530 0.600775 0.599677 0.595618 0.595957 0.590804 0.590933 0.587058 0.585362 0.584944 0.580085 0.584785 0.573714 0.587280 0.568486 0.589559 0.565760 0.592999 0.562691 0.597419
0 0.118180 0.690740 0.156559 0.702976 0.158133 0.702046 0.170313 0.663843 0.132110 0.651663 0.130416 0.652362
0 0.588335 0.498125 0.625818 0.512366 0.626397 0.512423 0.640705 0.474768 0.603049 0.460461 0.602577 0.460642
0 0.729101 0.431648 0.731147 0.471596 0.771095 0.469550 0.772340 0.469410 0.770284 0.429279 0.730153 0.431334
0 0.750949 0.510710 0.766729 0.513354 0.769813 0.513509 0.778023 0.506909 0.778542 0.506011 0.779288 0.503431 0.780147 0.499559 0.780986 0.494988 0.781678 0.490420 0.782116 0.486556 0.782233 0.483987 0.782012 0.483103 0.776500 0.473603 0.760537 0.470928 0.757560 0.471260
0 0.129267 0.792715 0.130189 0.795299 0.131915 0.798899 0.134182 0.802964 0.136642 0.806869 0.138917 0.810015 0.140658 0.811921 0.151052 0.816679 0.192815 0.791910 0.196325 0.788574 0.175920 0.754170 0.134635 0.778656 0.130412 0.781877 0.129287 0.791538
0 0.859085 0.178605 0.861028 0.189549 0.862480 0.191732 0.864983 0.194708 0.868158 0.198026 0.871526 0.201187 0.874579 0.203712 0.876854 0.205220 0.878004 0.205477 0.887509 0.206748 0.891989 0.203358 0.926152 0.168855 0.897399 0.140386 0.892858 0.144496
0 0.787931 0.149481 0.817875 0.176003 0.821550 0.172257 0.853743 0.135909 0.851131 0.125164 0.849561 0.123004 0.846883 0.120117 0.843504 0.116944 0.839945 0.113973 0.836753 0.111660 0.834414 0.110358 0.823453 0.109081 0.791260 0.145429
0 0.878992 0.376814 0.888853 0.384982 0.889257 0.385172 0.891431 0.385409 0.895039 0.385656 0.899534 0.385878 0.904239 0.386039 0.908443 0.386117 0.911510 0.386098 0.912970 0.385986 0.923800 0.377073 0.925819 0.328560 0.885392 0.326877 0.880987 0.328856
0 0.711048 0.148118 0.711212 0.152270 0.711535 0.156948 0.711969 0.161447 0.712449 0.165087 0.712901 0.167317 0.713258 0.167793 0.721169 0.176965 0.769006 0.173014 0.772116 0.169234 0.768786 0.128909 0.720396 0.132905 0.711271 0.143737 0.711068 0.145121
