0 0.526292 0.228412 0.529486 0.241148 0.571019 0.265211 0.611123 0.195989 0.612408 0.192475 0.605406 0.188418 0.550111 0.203144 0.538392 0.207527 0.537982 0.207936 0.536710 0.209878 0.534768 0.213059 0.532454 0.216994 0.530122 0.221077 0.528132 0.224682 0.526787 0.227258
0 0.790556 0.994079 0.793913 0.999790 0.831024 1.000000 0.853491 1.000000 0.855321 0.999596 0.856684 0.995651 0.857372 0.992712 0.857282 0.991227 0.854883 0.983134 0.834867 0.929526 0.831042 0.924618 0.823764 0.921297
0 0.089513 0.789186 0.105745 0.826106 0.133672 0.815328 0.191231 0.787512 0.175106 0.750835 0.170423 0.752721 0.118607 0.775511
0 0.205741 0.831219 0.209312 0.838587 0.230321 0.871083 0.243328 0.873226 0.245400 0.872500 0.248744 0.871066 0.252848 0.869142 0.257083 0.867024 0.260797 0.865037 0.263422 0.863486 0.264561 0.862605 0.269398 0.849395 0.248461 0.806202 0.212467 0.823649
0 0.415177 0.364288 0.415318 0.392965 0.415453 0.408109 0.422809 0.416903 0.423052 0.416961 0.425081 0.417068 0.428590 0.417208 0.433044 0.417360 0.437761 0.417501 0.442014 0.417608 0.445152 0.417666 0.446699 0.417666 0.477972 0.410334 0.479015 0.409825 0.480386 0.408276 0.481877 0.405923 0.483258 0.403124 0.484319 0.400308 0.484897 0.397906 0.484905 0.396286 0.457469 0.328753 0.456514 0.328647 0.452038 0.328400 0.445502 0.328125 0.434625 0.327747 0.425261 0.327496 0.420450 0.327460 0.417199 0.327551 0.415284 0.360780
0 0.403717 0.197396 0.417679 0.236634 0.424396 0.253835 0.432079 0.271862 0.433959 0.272107 0.440345 0.270856 0.446605 0.269021 0.455504 0.265447 0.464360 0.261268 0.468884 0.258723 0.471013 0.256939 0.469415 0.181509 0.468542 0.179533 0.466824 0.177308 0.464524 0.175171 0.461988 0.173446 0.459601 0.172394 0.457726 0.172176 0.428781 0.177259 0.425811 0.177945 0.421828 0.179242 0.417445 0.180952 0.413333 0.182813 0.410125 0.184538 0.408309 0.185864
0 0.490952 0.144563 0.534489 0.203180 0.534930 0.203569 0.536521 0.204028 0.539019 0.204488 0.542045 0.204877 0.545135 0.205135 0.547814 0.205225 0.549676 0.205131 0.550435 0.204869 0.572983 0.180328 0.573220 0.179980 0.574297 0.178068 0.576050 0.174880 0.578213 0.170901 0.580455 0.166742 0.582429 0.163042 0.583835 0.160368 0.584458 0.159127 0.580726 0.147883 0.542284 0.126983 0.539201 0.125310 0.509806 0.109743 0.508995 0.110803 0.507151 0.113960 0.502873 0.121795 0.497580 0.131693 0.494216 0.138091 0.491695 0.143011
0 0.108629 0.740058 0.108941 0.742847 0.141458 0.751020 0.144883 0.751803 0.172647 0.757420 0.187285 0.760345 0.197824 0.754589 0.198431 0.752897 0.199340 0.749703 0.200414 0.745494 0.201490 0.740906 0.202405 0.736632 0.203022 0.733315 0.203246 0.731463 0.202843 0.698786 0.202353 0.697758 0.200944 0.696189 0.198829 0.694318 0.196331 0.692430 0.193833 0.690815 0.191717 0.689721 0.190307 0.689312 0.117870 0.703595 0.117230 0.704684 0.115619 0.709273 0.113730 0.715806 0.111027 0.726515 0.109104 0.735587
0 0.654174 0.798170 0.657338 0.808935 0.657561 0.809585 0.669871 0.818039 0.693286 0.834009 0.696249 0.835903 0.724968 0.853300 0.727346 0.851353 0.730301 0.847759 0.735453 0.840005 0.741155 0.830643 0.744423 0.824815 0.746470 0.820583 0.746729 0.819455 0.705878 0.758025 0.704630 0.757259 0.702389 0.756484 0.699494 0.755818 0.696390 0.755363 0.693551 0.755190 0.691411 0.755323 0.690296 0.755743 0.666827 0.778165 0.665608 0.779693 0.663638 0.782505 0.661214 0.786171 0.658704 0.790140 0.656486 0.793812 0.654895 0.796631
0 0.317458 0.159749 0.376633 0.214354 0.377031 0.214040 0.378193 0.212878 0.379941 0.211045 0.382009 0.208818 0.384085 0.206536 0.450141 0.133091 0.451964 0.131038 0.453222 0.129566 0.453722 0.128898 0.393962 0.073555 0.393574 0.073748 0.392406 0.074823 0.390635 0.076619 0.388533 0.078861 0.386420 0.081205 0.320729 0.155646 0.318983 0.157674 0.317835 0.159114
0 0.381824 0.586183 0.381877 0.589276 0.389521 0.693464 0.389916 0.696487 0.390591 0.698959 0.391441 0.700504 0.392338 0.700886 0.469631 0.696319 0.470375 0.695484 0.470915 0.693554 0.471170 0.690825 0.471246 0.675406 0.465365 0.595250 0.463064 0.580346 0.462423 0.577811 0.461621 0.576173 0.460780 0.575682 0.383537 0.580935 0.382723 0.581669 0.382121 0.583512
0 0.418706 0.135715 0.419607 0.138634 0.463684 0.233209 0.465372 0.235846 0.467584 0.237786 0.469982 0.238734 0.472198 0.238546 0.524599 0.209668 0.526292 0.208373 0.527202 0.206154 0.527193 0.203350 0.523668 0.188392 0.489354 0.114766 0.479914 0.101903 0.477676 0.099888 0.475248 0.098851 0.472999 0.098953 0.421423 0.129600 0.419690 0.130826 0.418736 0.132973
0 0.760835 0.090026 0.761925 0.130108 0.803098 0.169100 0.843180 0.168011 0.847964 0.163378 0.846858 0.122737 0.805112 0.083201 0.764471 0.084306
0 0.099895 0.944650 0.141862 0.968745 0.157467 0.958774 0.158377 0.957371 0.160062 0.954590 0.162264 0.950858 0.164650 0.946739 0.192948 0.897452 0.195165 0.893554 0.196887 0.890452 0.197851 0.888618 0.197910 0.888334 0.198653 0.869830 0.156687 0.845735 0.139552 0.873507 0.118962 0.909369 0.110923 0.923371
0 0.880081 0.564111 0.883800 0.591049 0.897382 0.645963 0.907466 0.674833 0.954441 0.663214 0.959205 0.644518 0.959090 0.642128 0.958489 0.638413 0.957495 0.633939 0.943755 0.578386 0.942523 0.573857 0.941246 0.569982 0.940120 0.567354 0.939316 0.566371 0.927056 0.552492
0 0.607224 0.592145 0.607235 0.593178 0.613380 0.610647 0.661279 0.617533 0.666695 0.590042 0.674877 0.533130 0.677510 0.504635 0.629612 0.497749 0.618793 0.512779 0.618506 0.513673 0.618001 0.516247 0.617356 0.520107 0.616669 0.524669 0.608581 0.580923 0.607953 0.585512 0.607476 0.589452
0 0.495300 0.568011 0.496483 0.575757 0.500541 0.582461 0.506854 0.587102 0.514464 0.588973 0.522210 0.587791 0.528914 0.583733 0.533555 0.577419 0.535426 0.569810 0.534244 0.562063 0.534185 0.561957 0.530134 0.555265 0.523831 0.550631 0.516235 0.548763 0.508501 0.549944 0.501809 0.553995 0.497176 0.560297 0.495308 0.567894
0 0.549480 0.541628 0.552091 0.549002 0.557325 0.554816 0.557423 0.554910 0.564496 0.558284 0.572321 0.558695 0.579708 0.556080 0.585532 0.550837 0.588906 0.543765 0.589317 0.535939 0.586702 0.528552 0.581459 0.522728 0.574386 0.519355 0.574259 0.519321 0.566447 0.518911 0.559073 0.521522 0.553258 0.526755 0.549891 0.533816
0 0.432879 0.457916 0.434006 0.465670 0.438016 0.472403 0.444296 0.477089 0.444392 0.477128 0.451975 0.479050 0.459717 0.477924 0.466437 0.473921 0.471116 0.467652 0.473037 0.460069 0.471912 0.452327 0.467909 0.445607 0.467853 0.445513 0.461573 0.440827 0.453977 0.438902 0.446222 0.440029 0.439490 0.444039 0.434804 0.450319
0 0.315812 0.108174 0.316427 0.114020 0.321390 0.123189 0.323700 0.124504 0.328068 0.125282 0.333831 0.125401 0.340101 0.124842 0.345914 0.123690 0.350377 0.122124 0.352809 0.120385 0.355750 0.110511 0.355794 0.108473 0.355205 0.102636 0.346496 0.095458 0.344738 0.094505 0.341455 0.093950 0.337147 0.093876 0.332467 0.094294 0.328119 0.095140 0.324762 0.096287 0.322906 0.097563 0.315940 0.106140
0 0.102406 0.260338 0.103630 0.268078 0.107722 0.274761 0.114061 0.279369 0.114724 0.279748 0.122330 0.281577 0.130056 0.280355 0.136728 0.276270 0.141327 0.269942 0.143156 0.262337 0.141934 0.254610 0.137849 0.247938 0.131522 0.243339 0.130887 0.242897 0.123269 0.241065 0.115529 0.242289 0.108845 0.246381 0.104238 0.252719
0 0.351645 0.837583 0.353581 0.878473 0.402649 0.876150 0.411468 0.865424 0.412486 0.861224 0.412558 0.859832 0.412532 0.856823 0.412413 0.852658 0.412218 0.847968 0.411977 0.843461 0.411727 0.839815 0.411505 0.837585 0.411344 0.837113 0.402982 0.827597 0.355036 0.829867
0 0.299525 0.573889 0.303332 0.585180 0.348845 0.603664 0.352300 0.601294 0.367351 0.564234 0.322878 0.546173 0.318735 0.547253 0.308713 0.551265 0.308108 0.552196 0.306892 0.554714 0.305250 0.558437 0.303434 0.562796 0.301722 0.567123 0.300379 0.570751 0.299607 0.573126
0 0.220921 0.105201 0.226866 0.118558 0.230005 0.122942 0.231212 0.123782 0.233933 0.125176 0.237752 0.126912 0.242091 0.128728 0.246295 0.130350 0.249729 0.131532 0.251873 0.132096 0.264408 0.129158 0.282327 0.084628 0.277235 0.074912 0.239259 0.059629
