0 0.343557 0.272314 0.343574 0.273400 0.344460 0.275734 0.344671 0.276122 0.345236 0.276462 0.346068 0.276702 0.347041 0.276808 0.348008 0.276762 0.348823 0.276572 0.349363 0.276266 0.349545 0.275891 0.350354 0.273613 0.350336 0.272529 0.348135 0.241101 0.347997 0.240812 0.347623 0.240556 0.347069 0.240373 0.346418 0.240290 0.345772 0.240321 0.345228 0.240460 0.344870 0.240687 0.344752 0.240966
0 0.589502 0.339648 0.592542 0.349910 0.607935 0.341805 0.608432 0.341077 0.605379 0.330767 0.589914 0.338910
0 0.725885 0.390457 0.740364 0.401035 0.741468 0.400581 0.745453 0.390884 0.730907 0.380257 0.729851 0.380804
0 0.545782 0.550915 0.545835 0.551229 0.546088 0.551686 0.546503 0.552216 0.547016 0.552738 0.564803 0.568980 0.565334 0.569412 0.565797 0.569684 0.566122 0.569755 0.566260 0.569615 0.575746 0.552302 0.575668 0.551986 0.575392 0.551528 0.574963 0.550997 0.572426 0.548314 0.558741 0.535816 0.556100 0.533772 0.555631 0.533482 0.555297 0.533384 0.555149 0.533494
0 0.428867 0.234720 0.429193 0.235936 0.432382 0.246118 0.440018 0.241867 0.439742 0.240678 0.436539 0.230450
0 0.670980 0.511102 0.690690 0.546427 0.691566 0.546640 0.704873 0.533440 0.685073 0.497953 0.684227 0.497963
0 0.522871 0.506741 0.523135 0.506819 0.542904 0.511207 0.544671 0.509345 0.544761 0.509108 0.544900 0.508406 0.545067 0.507346 0.545236 0.506090 0.545381 0.504831 0.545480 0.503762 0.545518 0.503046 0.545489 0.502793 0.544276 0.500224 0.527525 0.485219 0.525877 0.484853 0.525582 0.485027
0 0.449743 0.362690 0.449944 0.363239 0.464936 0.372488 0.471873 0.352498 0.471760 0.351905 0.456707 0.342619
0 0.512931 0.480774 0.512983 0.481034 0.513166 0.481724 0.513451 0.482737 0.513795 0.483920 0.514147 0.485095 0.514453 0.486084 0.514666 0.486737 0.514755 0.486955 0.516908 0.488221 0.526126 0.483385 0.526428 0.483193 0.520312 0.462471 0.518758 0.463287 0.518544 0.463706
0 0.286757 0.557881 0.288822 0.560742 0.289093 0.561073 0.289699 0.561512 0.290546 0.561991 0.291505 0.562438 0.292428 0.562783 0.293173 0.562973 0.293629 0.562981 0.296001 0.562257 0.299337 0.560508 0.302892 0.548179 0.295187 0.544229 0.290396 0.545264
0 0.356131 0.792895 0.356580 0.797165 0.358221 0.800881 0.359926 0.802595 0.361866 0.803844 0.363934 0.804557 0.367136 0.803958 0.369923 0.801770 0.371209 0.799496 0.372090 0.797814 0.372382 0.797133 0.372657 0.795722 0.373190 0.792976 0.372742 0.788723 0.371108 0.785022 0.368536 0.782437 0.367477 0.782071 0.365418 0.781360 0.362228 0.781957 0.359452 0.784136 0.357513 0.787566 0.357187 0.788225 0.356666 0.790138
0 0.495957 0.478771 0.496353 0.479275 0.496374 0.479265 0.496466 0.479079 0.496069 0.478575 0.496048 0.478585
0 0.504514 0.407758 0.506405 0.411368 0.512078 0.422196 0.513969 0.425805 0.530211 0.410678 0.530350 0.410268 0.530918 0.408589 0.531262 0.405672 0.530780 0.404751 0.523540 0.390931 0.521242 0.390119 0.504620 0.405600 0.504598 0.406040
0 0.630425 0.411734 0.631645 0.418682 0.631882 0.419175 0.632265 0.419328 0.635593 0.418708 0.640747 0.417594 0.641097 0.417346 0.641970 0.416709 0.642135 0.416189 0.642394 0.412830 0.640989 0.409722 0.640654 0.409277 0.640236 0.409144 0.635580 0.409485 0.632205 0.409863 0.630793 0.410942 0.630482 0.411198
0 0.594609 0.488537 0.601520 0.494555 0.606384 0.494294 0.612061 0.482706 0.610999 0.479223 0.610658 0.478790 0.610041 0.478162 0.609242 0.477434 0.608382 0.476718 0.607596 0.476124 0.607002 0.475743 0.606691 0.475633 0.604210 0.476200 0.603012 0.476474 0.600025 0.477478
0 0.599594 0.380496 0.632240 0.387748 0.633773 0.386445 0.635423 0.373235 0.633281 0.371064 0.632895 0.370800 0.632194 0.370524 0.631283 0.370280 0.623046 0.368450 0.606572 0.364791 0.605598 0.364617 0.604718 0.364541 0.604066 0.364574 0.603741 0.364712 0.602399 0.365899 0.601225 0.367438 0.600953 0.369614
