0 0.536746 0.579338 0.537171 0.580255 0.538405 0.582383 0.538644 0.582521 0.539225 0.582696 0.540060 0.582882 0.541021 0.583049 0.541960 0.583173 0.542733 0.583234 0.543222 0.583223 0.543353 0.583143 0.545466 0.581528 0.555860 0.558469 0.556051 0.556258 0.555411 0.555615 0.539011 0.553098
0 0.542058 0.609668 0.542252 0.610172 0.552731 0.627309 0.559158 0.620323 0.558887 0.619773 0.548456 0.602714
0 0.433572 0.463733 0.437756 0.485129 0.438005 0.485188 0.453988 0.479631 0.449821 0.458321 0.449619 0.458153
0 0.571324 0.538597 0.571916 0.539193 0.577305 0.544317 0.578383 0.544935 0.579553 0.544674 0.584424 0.535567 0.588321 0.528281 0.588125 0.526720 0.582660 0.521525 0.581882 0.520851 0.581129 0.520659 0.580943 0.520612
0 0.547704 0.587312 0.553236 0.608050 0.553481 0.608546 0.584730 0.593726 0.579173 0.572893 0.578811 0.572560
0 0.335733 0.246132 0.339504 0.258509 0.341339 0.261269 0.343012 0.261463 0.343686 0.261459 0.344548 0.261232 0.345469 0.260818 0.346309 0.260279 0.346941 0.259695 0.348986 0.257127 0.345258 0.244892 0.343469 0.241942
0 0.557487 0.480925 0.562052 0.489263 0.567463 0.489555 0.572838 0.482213 0.573065 0.477799 0.573646 0.466494 0.569085 0.457999 0.563655 0.458091 0.558291 0.465281
0 0.428861 0.580721 0.432873 0.590428 0.447433 0.579730 0.447674 0.579364 0.443680 0.569702 0.429187 0.580351
0 0.547592 0.508262 0.547679 0.509913 0.556384 0.529558 0.556644 0.529694 0.573228 0.528143 0.579822 0.506973 0.579734 0.505315 0.579369 0.505291
0 0.477612 0.800330 0.490544 0.805567 0.493777 0.806876 0.499668 0.781012 0.499670 0.779703 0.499676 0.774588 0.498573 0.772466 0.495407 0.771183 0.489074 0.768619 0.485907 0.767337 0.483880 0.768192 0.478124 0.793465 0.478023 0.794813 0.477716 0.798931
0 0.497165 0.543909 0.497330 0.546055 0.498098 0.547953 0.499353 0.549314 0.500903 0.549932 0.502512 0.549712 0.503936 0.548687 0.504957 0.547014 0.505420 0.544948 0.505255 0.542802 0.505246 0.542729 0.504479 0.540834 0.503226 0.539475 0.501679 0.538858 0.500073 0.539078 0.498651 0.540101 0.497632 0.541771 0.497170 0.543834
0 0.481817 0.575360 0.481824 0.576191 0.483950 0.578864 0.495406 0.562664 0.495448 0.562089 0.495458 0.561947 0.494257 0.560437 0.493356 0.559305 0.492769 0.559362 0.482004 0.574585
0 0.581818 0.563663 0.582195 0.563956 0.589557 0.569102 0.593416 0.559287 0.586055 0.554140 0.585660 0.553892
0 0.568760 0.405011 0.569295 0.407041 0.570372 0.408644 0.571828 0.409575 0.573440 0.409692 0.574962 0.408978 0.576164 0.407542 0.576295 0.407383 0.576995 0.405439 0.577083 0.403286 0.576547 0.401252 0.575468 0.399647 0.574010 0.398714 0.572395 0.398596 0.570870 0.399311 0.569666 0.400751 0.569546 0.400921 0.568848 0.402862
0 0.675838 0.248049 0.675948 0.252340 0.676400 0.253668 0.677281 0.256249 0.679634 0.259181 0.682650 0.260688 0.684775 0.260592 0.685868 0.260542 0.688800 0.258765 0.689558 0.257796 0.691766 0.254646 0.692901 0.250608 0.692828 0.247763 0.692336 0.244967 0.691452 0.242375 0.689090 0.239432 0.686062 0.237918 0.683928 0.238015 0.681831 0.238671 0.679887 0.239850 0.677679 0.243000 0.676969 0.244028
0 0.450770 0.581710 0.450804 0.582297 0.450895 0.582880 0.456286 0.609697 0.457959 0.609380 0.458920 0.606878 0.458499 0.579755 0.458465 0.579174 0.458377 0.578611 0.458234 0.578067 0.458039 0.577553 0.457795 0.577078 0.453454 0.577901 0.452134 0.578152 0.451914 0.578511 0.451242 0.579609 0.451014 0.579982 0.450876 0.580542 0.450795 0.581121
