0 0.565674 0.752747 0.566433 0.755669 0.594326 0.795413 0.605280 0.796091 0.606172 0.795954 0.608438 0.794779 0.611735 0.792744 0.615558 0.790159 0.619320 0.787421 0.622443 0.784951 0.624451 0.783126 0.625038 0.782225 0.627446 0.772170 0.637322 0.715806 0.635753 0.713340 0.631157 0.706791
0 0.167579 0.168537 0.175352 0.216466 0.179063 0.219706 0.258031 0.206899 0.256750 0.199002 0.253938 0.195522 0.207520 0.162059 0.199890 0.156851 0.198586 0.156545 0.195658 0.156579 0.191553 0.156951 0.186897 0.157602 0.182406 0.158434 0.178769 0.159319 0.176543 0.160120
0 0.177799 0.255634 0.194839 0.304341 0.211237 0.337914 0.230869 0.330994 0.248367 0.322169 0.239426 0.297707 0.217363 0.245646 0.214684 0.239993
0 0.484253 0.193081 0.512415 0.199314 0.568483 0.206821 0.597304 0.208216 0.603725 0.160253 0.587794 0.148994 0.585287 0.148251 0.581448 0.147464 0.576865 0.146754 0.520144 0.139161 0.515535 0.138640 0.511624 0.138389 0.509008 0.138447 0.490675 0.145118
0 0.000000 0.882097 0.002219 0.890864 0.056569 0.909628 0.087136 0.915596 0.102927 0.869854 0.089878 0.855625 0.087863 0.854374 0.084473 0.852832 0.080221 0.851234 0.026499 0.832688 0.022013 0.831269 0.017954 0.830239 0.014939 0.829754 0.013427 0.829890 0.000000 0.832633
0 0.735359 0.811098 0.736921 0.851067 0.740215 0.855949 0.782324 0.894891 0.822849 0.893308 0.821266 0.852783 0.816860 0.847944 0.775329 0.809536
0 0.495317 0.439449 0.495497 0.479730 0.495518 0.479823 0.535615 0.479644 0.535779 0.479551 0.535599 0.439269
0 0.354758 0.015306 0.357872 0.055467 0.358523 0.057504 0.398500 0.054405 0.395401 0.014428 0.394920 0.012192
0 0.765164 0.611813 0.785518 0.626464 0.796031 0.633503 0.818834 0.600486 0.798697 0.585571 0.788087 0.578624 0.775116 0.594497
0 0.044926 0.136760 0.045882 0.177031 0.047963 0.178511 0.088049 0.177560 0.087098 0.137473 0.085197 0.135805
0 0.418420 0.539404 0.419344 0.546073 0.420873 0.556637 0.422054 0.564615 0.423184 0.572072 0.423724 0.575529 0.424328 0.578976 0.494196 0.598055 0.495877 0.597939 0.498248 0.597143 0.500945 0.595789 0.503556 0.594084 0.505681 0.592288 0.506996 0.590677 0.507301 0.589496 0.511346 0.557976 0.511292 0.556572 0.510972 0.553568 0.510435 0.549418 0.509763 0.544760 0.509058 0.540309 0.508429 0.536747 0.507973 0.534620 0.507758 0.534245 0.498373 0.528162 0.498025 0.528027 0.454563 0.532665 0.451093 0.533178 0.418442 0.539051
0 0.506917 0.503268 0.507362 0.504287 0.524090 0.531871 0.525088 0.533081 0.527276 0.535346 0.530322 0.538323 0.533758 0.541556 0.537057 0.544548 0.539712 0.546839 0.541319 0.548080 0.541635 0.548087 0.552893 0.547223 0.563740 0.536487 0.584177 0.516101 0.586573 0.513541 0.608536 0.488751 0.608172 0.488173 0.603169 0.483314 0.595334 0.475911 0.589455 0.470441 0.583994 0.465444 0.581488 0.463207 0.579080 0.461271 0.512305 0.489485 0.511110 0.490710 0.509787 0.492869 0.508537 0.495636 0.507552 0.498586 0.506983 0.501266
0 0.400360 0.163422 0.400674 0.164785 0.404554 0.178433 0.412593 0.206688 0.413685 0.210009 0.424849 0.240711 0.425531 0.241524 0.432198 0.240125 0.442458 0.237104 0.450082 0.234490 0.457090 0.231726 0.460257 0.230226 0.463113 0.227919 0.470519 0.157116 0.470020 0.155228 0.468764 0.152850 0.466940 0.150345 0.464829 0.148098 0.462753 0.146452 0.461030 0.145658 0.426146 0.145831 0.423106 0.146315 0.419030 0.147347 0.414541 0.148769 0.410330 0.150363 0.407042 0.151884 0.405180 0.153099
0 0.576416 0.069976 0.576700 0.072400 0.577356 0.075339 0.604258 0.176278 0.605181 0.179264 0.606226 0.181822 0.607231 0.183563 0.608045 0.184222 0.684079 0.162291 0.684515 0.161786 0.684569 0.160174 0.684232 0.157702 0.681227 0.143218 0.660528 0.065555 0.655703 0.050658 0.654680 0.048031 0.653705 0.046186 0.652927 0.045406 0.577072 0.068013 0.576547 0.068435
0 0.783032 0.678647 0.842548 0.732038 0.843244 0.731907 0.844655 0.730886 0.846566 0.729134 0.857140 0.718402 0.911059 0.658798 0.920884 0.646981 0.922513 0.644820 0.923502 0.643187 0.923698 0.642332 0.863713 0.589459 0.863038 0.589469 0.861645 0.590384 0.859745 0.592066 0.857629 0.594258 0.787549 0.671726 0.785552 0.674080 0.783992 0.676223 0.783108 0.677826
0 0.640860 0.649953 0.641048 0.650771 0.707608 0.695388 0.708427 0.695138 0.709807 0.693894 0.711538 0.691847 0.720726 0.679508 0.765764 0.611813 0.773614 0.598542 0.774841 0.596143 0.775466 0.594373 0.775392 0.593502 0.708437 0.549481 0.707622 0.549604 0.706244 0.550738 0.704515 0.552712 0.702697 0.555225 0.644162 0.643207 0.642544 0.645859 0.641385 0.648228
0 0.215591 0.706834 0.215898 0.707269 0.217271 0.708144 0.219503 0.709327 0.232921 0.715875 0.306161 0.749187 0.320188 0.755121 0.322649 0.756073 0.324364 0.756603 0.325074 0.756631 0.358271 0.683642 0.357841 0.683229 0.356366 0.682375 0.354075 0.681210 0.351313 0.679911 0.256645 0.636853 0.253816 0.635609 0.251330 0.634601 0.249564 0.633981 0.248789 0.633846
0 0.833802 0.121733 0.834111 0.124521 0.837709 0.139635 0.864921 0.215262 0.871618 0.228758 0.873096 0.230936 0.874577 0.232162 0.875836 0.232248 0.946673 0.207525 0.947573 0.206440 0.947924 0.204368 0.947670 0.201624 0.946850 0.198628 0.911482 0.100335 0.910227 0.097562 0.908735 0.095453 0.907234 0.094330 0.905954 0.094361 0.834881 0.118427 0.834072 0.119593
0 0.657944 0.607988 0.658029 0.608715 0.658685 0.611067 0.659812 0.614683 0.661239 0.619015 0.674031 0.657011 0.675546 0.661416 0.676923 0.665238 0.677954 0.667899 0.678482 0.668991 0.690245 0.674894 0.736262 0.659401 0.710441 0.582706 0.708036 0.581761 0.662545 0.597077
0 0.631509 0.340030 0.673913 0.407867 0.675923 0.406802 0.717096 0.381065 0.718833 0.370395 0.718635 0.369444 0.717490 0.367073 0.715571 0.363643 0.713171 0.359677 0.691773 0.325445 0.689267 0.321562 0.687045 0.318368 0.685446 0.316350 0.684715 0.315813 0.674202 0.312444 0.633029 0.338180
0 0.375000 0.439745 0.408512 0.463253 0.410603 0.464093 0.438168 0.424797 0.436136 0.412746 0.435393 0.411731 0.434545 0.411079 0.432298 0.409454 0.428994 0.407104 0.425136 0.404386 0.421319 0.401720 0.418128 0.399514 0.416051 0.398106 0.415402 0.397708 0.403210 0.399530
0 0.377958 0.910768 0.378079 0.924921 0.413751 0.957862 0.468652 0.898408 0.469010 0.893855 0.433746 0.861291 0.421626 0.863479 0.421107 0.863674 0.419424 0.865186 0.416837 0.867781 0.413736 0.871066 0.386537 0.900521 0.383384 0.904008 0.380647 0.907179 0.378741 0.909553
