0 0.560631 0.422483 0.561643 0.426577 0.563748 0.429829 0.566625 0.431744 0.569836 0.432033 0.569893 0.432035 0.572953 0.430654 0.574837 0.428777 0.575669 0.427808 0.576163 0.426490 0.576846 0.423939 0.577087 0.419625 0.576080 0.415525 0.574964 0.413328 0.574247 0.412217 0.573267 0.411562 0.571096 0.410341 0.567878 0.410048 0.567822 0.410061 0.564759 0.411444 0.562317 0.414292 0.560867 0.418168
0 0.574870 0.499876 0.578137 0.500698 0.579047 0.500706 0.580645 0.498950 0.580788 0.498698 0.580980 0.497982 0.581192 0.496911 0.581392 0.495649 0.581549 0.494388 0.581639 0.493324 0.581648 0.492618 0.581574 0.492378 0.580605 0.489688 0.577300 0.488857 0.576410 0.488985
0 0.574071 0.487000 0.577138 0.530831 0.577492 0.530972 0.585748 0.529945 0.582668 0.485913 0.574412 0.486940
0 0.451595 0.424183 0.451789 0.424486 0.468147 0.427447 0.470368 0.405637 0.470249 0.405258 0.453825 0.402285
0 0.507077 0.693725 0.507122 0.694230 0.507234 0.695156 0.507394 0.696363 0.507579 0.697666 0.509172 0.708568 0.509352 0.709764 0.509500 0.710667 0.509593 0.711139 0.511733 0.714061 0.531401 0.708953 0.528208 0.687099 0.527886 0.684960 0.524646 0.685802 0.508452 0.690228
0 0.399388 0.437365 0.399556 0.437751 0.400048 0.438577 0.400789 0.439719 0.401666 0.441001 0.402543 0.442226 0.403286 0.443204 0.403781 0.443787 0.403954 0.443888 0.406055 0.442839 0.406974 0.441722 0.407138 0.438509 0.407003 0.438220 0.406630 0.437604 0.406075 0.436755 0.405422 0.435801 0.404770 0.434886 0.404218 0.434148 0.403848 0.433700 0.403719 0.433611 0.401272 0.433562 0.400351 0.434682
0 0.476883 0.605169 0.477147 0.607790 0.477262 0.608095 0.477650 0.608682 0.478252 0.609461 0.478978 0.610312 0.485343 0.617477 0.486077 0.618268 0.486707 0.618876 0.487135 0.619208 0.489643 0.619531 0.496106 0.609323 0.496151 0.608074 0.483537 0.593876 0.477148 0.603967
0 0.578325 0.366770 0.596252 0.475731 0.598542 0.475076 0.610307 0.471583 0.609484 0.466163 0.607703 0.455337 0.598798 0.401209 0.595236 0.379558 0.593455 0.368733 0.592555 0.363687 0.580548 0.365705
0 0.525196 0.466334 0.525408 0.466757 0.525876 0.467427 0.526527 0.468242 0.527263 0.469078 0.527974 0.469810 0.528552 0.470327 0.528910 0.470550 0.530649 0.469491 0.530760 0.469348 0.531294 0.468510 0.545486 0.442905 0.545361 0.442603 0.545062 0.442140 0.544633 0.441587 0.544140 0.441028 0.543659 0.440548 0.543264 0.440222 0.543014 0.440099 0.526337 0.462881 0.526234 0.463036 0.525700 0.463872
0 0.433506 0.466639 0.433772 0.477766 0.434529 0.478020 0.444429 0.477599 0.445820 0.475183 0.445885 0.474963 0.445929 0.474274 0.445943 0.473220 0.445927 0.471961 0.445883 0.470687 0.445817 0.469591 0.445739 0.468839 0.445661 0.468545 0.444166 0.466599 0.443521 0.466213
0 0.578579 0.468611 0.580101 0.472517 0.581027 0.472200 0.595845 0.461934 0.594305 0.457983 0.591477 0.457158 0.591188 0.457330 0.590608 0.457709 0.589826 0.458236 0.588960 0.458831 0.581619 0.463916 0.580797 0.464491 0.580142 0.464960 0.579753 0.465252 0.579690 0.465323
0 0.382072 0.564413 0.382112 0.564840 0.382199 0.564949 0.398600 0.567857 0.398706 0.567631 0.398828 0.567107 0.398949 0.566366 0.399050 0.565520 0.401878 0.537155 0.401944 0.536327 0.401966 0.535636 0.401940 0.535189 0.401871 0.535054 0.385469 0.532146 0.385352 0.532341 0.385220 0.532840 0.385092 0.533567 0.384528 0.537743 0.382340 0.559687 0.382084 0.563734
0 0.397326 0.507848 0.397730 0.510775 0.404228 0.520279 0.404506 0.520219 0.405065 0.519896 0.405817 0.519357 0.406650 0.518686 0.407433 0.517985 0.408048 0.517362 0.408400 0.516913 0.408437 0.516704 0.404772 0.504828 0.402964 0.503092 0.402596 0.503199 0.401857 0.503650 0.400860 0.504375 0.399756 0.505266 0.398711 0.506188 0.397882 0.507002 0.397395 0.507585
0 0.511244 0.506572 0.516983 0.527267 0.517062 0.527392 0.563839 0.504329 0.558073 0.483539 0.557807 0.483614
0 0.423223 0.529911 0.439843 0.530428 0.440119 0.530289 0.440505 0.508231 0.423961 0.507716 0.423611 0.507751
