0 0.025395 0.801027 0.085207 0.855816 0.090895 0.850936 0.117914 0.821440 0.058922 0.767403 0.052789 0.771121
0 0.839416 0.195950 0.849543 0.243270 0.874376 0.239426 0.929692 0.227588 0.961076 0.219401 0.950949 0.172081 0.932775 0.166889 0.930690 0.167065 0.927164 0.167639 0.922734 0.168523 0.866774 0.180499 0.862135 0.181555 0.858016 0.182618 0.855046 0.183524 0.853676 0.184135
0 0.607535 0.277739 0.621403 0.315258 0.658922 0.301389 0.661132 0.298627 0.685111 0.246525 0.671049 0.208485 0.633009 0.222547 0.631184 0.226352
0 0.712062 0.156123 0.718593 0.173452 0.718989 0.174496 0.720695 0.176604 0.723447 0.179453 0.726829 0.182611 0.769204 0.220483 0.772716 0.223485 0.775839 0.225888 0.778101 0.227326 0.797106 0.232129 0.829353 0.196048 0.810623 0.174394 0.798585 0.163635 0.779790 0.146838 0.767751 0.136079 0.744309 0.120042
0 0.118473 0.946133 0.130302 0.984827 0.176736 0.970633 0.180431 0.965254 0.184417 0.957734 0.184565 0.956254 0.184154 0.953248 0.183248 0.949178 0.181985 0.944659 0.180556 0.940372 0.179176 0.936966 0.178054 0.934955 0.168737 0.927001 0.122834 0.941034
0 0.211165 0.730222 0.250172 0.740978 0.253027 0.738224 0.265788 0.691952 0.258958 0.682675 0.258391 0.682190 0.256144 0.681293 0.252564 0.680120 0.248191 0.678849 0.243687 0.677672 0.239731 0.676766 0.236921 0.676269 0.235688 0.676258 0.227227 0.681318 0.224073 0.683414
0 0.800455 0.230892 0.814516 0.276787 0.852761 0.265069 0.856839 0.262353 0.842615 0.215928 0.830449 0.211744 0.830006 0.211632 0.827868 0.212077 0.824359 0.213012 0.820013 0.214294 0.815498 0.215727 0.811509 0.217090 0.808655 0.218174 0.807370 0.218815
0 0.472023 0.903067 0.472527 0.904343 0.474040 0.906917 0.476332 0.910398 0.479053 0.914253 0.481785 0.917891 0.484108 0.920751 0.485668 0.922398 0.497862 0.926509 0.537119 0.897935 0.536695 0.893387 0.513156 0.861047 0.474347 0.889294
0 0.483811 0.589724 0.484181 0.590738 0.498484 0.619807 0.499359 0.621155 0.501335 0.623644 0.504112 0.626896 0.507264 0.630411 0.510307 0.633650 0.512774 0.636116 0.514288 0.637433 0.525885 0.637582 0.537608 0.627744 0.559702 0.609066 0.562303 0.606716 0.586239 0.583920 0.585962 0.583196 0.581411 0.577845 0.574236 0.569772 0.568831 0.563842 0.563792 0.558458 0.561466 0.556071 0.559181 0.554096 0.490341 0.576426 0.489037 0.577581 0.487529 0.579647 0.486049 0.582310 0.484821 0.585162 0.484036 0.587766
0 0.479085 0.178552 0.479482 0.180869 0.480347 0.183697 0.481546 0.186604 0.482898 0.189144 0.484194 0.190929 0.485237 0.191689 0.516139 0.200482 0.518241 0.200774 0.521785 0.201056 0.526232 0.201288 0.530912 0.201433 0.535118 0.201470 0.538214 0.201394 0.539728 0.201214 0.547524 0.193034 0.548725 0.177585 0.550809 0.149328 0.550932 0.145813 0.551135 0.112218 0.547740 0.111104 0.542846 0.110352 0.533456 0.109841 0.522615 0.109697 0.516136 0.109864 0.511744 0.110282 0.510848 0.110653 0.479216 0.177100
0 0.422754 0.608627 0.424401 0.623675 0.427633 0.652159 0.428150 0.655631 0.433945 0.688416 0.437170 0.688152 0.441934 0.687567 0.451202 0.686224 0.461963 0.684566 0.468428 0.683515 0.472852 0.682729 0.473794 0.682501 0.493132 0.612187 0.492931 0.610584 0.492073 0.608271 0.490688 0.605600 0.488988 0.602982 0.487234 0.600816 0.485692 0.599434 0.484600 0.599045 0.452668 0.595461 0.451127 0.595652 0.448013 0.596085 0.443799 0.596696 0.439132 0.597389 0.434728 0.598060 0.431262 0.598604 0.429266 0.598940 0.429036 0.599015
0 0.583857 0.479455 0.583957 0.482103 0.584352 0.483918 0.584979 0.484626 0.663010 0.493376 0.663713 0.492860 0.664446 0.491206 0.665100 0.488666 0.667762 0.473778 0.676866 0.393921 0.677648 0.378599 0.677592 0.375895 0.677264 0.373995 0.676712 0.373190 0.598602 0.365134 0.597847 0.365538 0.597068 0.367097 0.596384 0.369573 0.595898 0.372589 0.584066 0.476378
0 0.299797 0.679746 0.299984 0.680395 0.300870 0.681930 0.302320 0.684117 0.311062 0.696543 0.358882 0.761249 0.368060 0.773070 0.369674 0.775030 0.370805 0.776224 0.371281 0.776473 0.435766 0.728817 0.435459 0.728126 0.434476 0.726561 0.432965 0.724361 0.431157 0.721860 0.369346 0.638222 0.367503 0.635783 0.365894 0.633762 0.364762 0.632465 0.364281 0.632090
0 0.397718 0.776307 0.411642 0.851146 0.412302 0.852101 0.414067 0.852703 0.416668 0.852857 0.419710 0.852540 0.522618 0.834588 0.525617 0.833851 0.528095 0.832810 0.529676 0.831625 0.530119 0.830477 0.516882 0.755518 0.516130 0.754640 0.514286 0.754108 0.511632 0.754000 0.496509 0.755126 0.417331 0.768939 0.402500 0.773039 0.399955 0.774053 0.398275 0.775200
0 0.298022 0.213604 0.298151 0.213881 0.298875 0.215174 0.300083 0.217287 0.301591 0.219898 0.354016 0.310270 0.355585 0.312963 0.356964 0.315310 0.357943 0.316952 0.358374 0.317641 0.427732 0.277406 0.427362 0.276682 0.426434 0.275010 0.425090 0.272643 0.417389 0.259239 0.377016 0.189642 0.369587 0.176967 0.368345 0.174874 0.367570 0.173611 0.367380 0.173369
0 0.037556 0.924747 0.038072 0.925049 0.039693 0.925640 0.042171 0.926429 0.045128 0.927297 0.048118 0.928113 0.143335 0.953024 0.145967 0.953679 0.147806 0.954065 0.148575 0.954123 0.171390 0.875645 0.170989 0.875298 0.169461 0.874664 0.167038 0.873839 0.164089 0.872950 0.161065 0.872133 0.065723 0.847900 0.063148 0.847294 0.061384 0.846984 0.060697 0.847016
