0 0.793892 0.119060 0.821791 0.158119 0.835156 0.158435 0.835461 0.158352 0.837211 0.157216 0.840135 0.155203 0.843792 0.152618 0.847628 0.149851 0.851066 0.147320 0.853584 0.145407 0.854798 0.144405 0.858437 0.130649 0.830216 0.091138 0.797290 0.114656
0 0.356551 0.285184 0.358190 0.287639 0.404840 0.298942 0.414496 0.291980 0.414825 0.291363 0.415535 0.289059 0.416517 0.285423 0.417622 0.281006 0.418685 0.276474 0.419544 0.272512 0.420070 0.269718 0.420180 0.268521 0.413268 0.257294 0.366079 0.245860
0 0.229487 0.844193 0.229568 0.844615 0.233775 0.856909 0.280088 0.871494 0.282601 0.867248 0.294616 0.829095 0.248833 0.814677 0.236818 0.821592 0.236194 0.822894 0.235111 0.825758 0.233732 0.829749 0.232270 0.834256 0.230948 0.838588 0.229971 0.842078
0 0.633138 0.095328 0.640227 0.142802 0.650253 0.148015 0.650962 0.148344 0.653376 0.148351 0.657121 0.148036 0.661632 0.147449 0.666228 0.146676 0.670215 0.145836 0.672990 0.145055 0.674126 0.144450 0.679788 0.136894 0.681867 0.132696 0.674696 0.084674 0.634677 0.090650
0 0.550044 0.885833 0.550061 0.886780 0.630167 0.890307 0.630308 0.890039 0.630481 0.888590 0.630661 0.886179 0.631500 0.871557 0.635038 0.791175 0.635525 0.775677 0.635572 0.772937 0.635548 0.770996 0.635456 0.770148 0.555350 0.766622 0.555275 0.766997 0.555158 0.768533 0.555017 0.770993 0.554872 0.774005 0.550299 0.877904 0.550173 0.881029 0.550083 0.883812
0 0.636838 0.244055 0.694068 0.300216 0.694325 0.299956 0.695397 0.298866 0.697118 0.297113 0.701408 0.292742 0.772071 0.220734 0.774263 0.218500 0.776218 0.216507 0.777639 0.215057 0.778310 0.214371 0.721080 0.158210 0.720846 0.158346 0.719791 0.159335 0.718074 0.161026 0.715958 0.163162 0.642781 0.237731 0.640602 0.239972 0.638708 0.241961 0.637386 0.243395
0 0.285052 0.884413 0.286399 0.889208 0.289796 0.895716 0.293637 0.899662 0.297360 0.901933 0.302779 0.903227 0.308952 0.901659 0.314931 0.897463 0.317241 0.895485 0.320150 0.891786 0.321945 0.887468 0.322796 0.884058 0.323474 0.876915 0.321734 0.870944 0.317852 0.867050 0.314159 0.864742 0.308733 0.863509 0.301590 0.863388 0.296669 0.864675 0.291912 0.868036 0.288038 0.872963 0.285629 0.878711
0 0.088679 0.691182 0.090152 0.698882 0.094459 0.705432 0.100945 0.709836 0.108623 0.711421 0.116323 0.709949 0.116982 0.709588 0.123521 0.705288 0.127917 0.698813 0.129500 0.691149 0.128030 0.683462 0.123730 0.676923 0.117255 0.672527 0.109591 0.670944 0.101904 0.672414 0.101219 0.672711 0.094669 0.677019 0.090265 0.683505
0 0.823355 0.419067 0.824212 0.426843 0.827979 0.433699 0.834084 0.438591 0.841595 0.440775 0.849371 0.439918 0.849972 0.439815 0.856840 0.436041 0.861740 0.429926 0.863928 0.422402 0.863069 0.414613 0.859296 0.407745 0.853181 0.402845 0.845657 0.400657 0.837868 0.401515 0.837287 0.401685 0.830431 0.405452 0.825539 0.411556
0 0.624347 0.948247 0.624561 0.949019 0.627523 0.956274 0.633035 0.961843 0.640260 0.964878 0.648096 0.964919 0.655351 0.961957 0.660920 0.956444 0.663955 0.949220 0.663996 0.941384 0.663714 0.940625 0.660757 0.933383 0.655254 0.927823 0.648042 0.924793 0.640219 0.924753 0.632977 0.927710 0.627417 0.933213 0.624387 0.940425
0 0.186510 0.146502 0.186535 0.147803 0.187345 0.166305 0.231182 0.186799 0.245333 0.163708 0.262564 0.126853 0.269291 0.112463 0.279488 0.083475 0.235651 0.062980 0.220175 0.074494 0.218747 0.076397 0.216868 0.079646 0.214826 0.083743 0.190589 0.135585 0.188704 0.139888 0.187271 0.143723
0 0.279003 0.790098 0.296671 0.813621 0.324695 0.844030 0.335637 0.855902 0.356300 0.873970 0.391884 0.841176 0.387060 0.823296 0.386586 0.822193 0.384940 0.819909 0.382374 0.816793 0.379278 0.813318 0.340763 0.771526 0.337594 0.768203 0.334819 0.765525 0.332859 0.763896 0.332014 0.763568 0.314587 0.757304
0 0.168484 0.721741 0.170241 0.762888 0.170927 0.778953 0.196358 0.807643 0.222338 0.802931 0.245316 0.774526 0.242884 0.717584 0.217493 0.689473 0.191454 0.692784
0 0.513526 0.284068 0.516304 0.332379 0.544410 0.332110 0.560268 0.331198 0.600885 0.328862 0.630175 0.325831 0.627396 0.277519 0.610515 0.269907 0.609741 0.269655 0.607239 0.269547 0.603389 0.269600 0.598778 0.269806 0.541645 0.273091 0.536998 0.273418 0.533042 0.273814 0.530383 0.274218 0.529424 0.274570
0 0.213856 0.695183 0.230139 0.704005 0.230703 0.704290 0.233029 0.704560 0.236766 0.704775 0.241341 0.704901 0.298562 0.705785 0.303259 0.705803 0.307340 0.705709 0.310183 0.705519 0.311354 0.705261 0.327902 0.696946 0.328650 0.648561 0.301753 0.646923 0.245192 0.646049 0.214604 0.646798
0 0.456208 0.145226 0.470727 0.175445 0.472356 0.178560 0.494211 0.216524 0.504942 0.220486 0.506167 0.220026 0.508816 0.218780 0.512487 0.216938 0.516623 0.214779 0.520601 0.212630 0.523820 0.210813 0.525791 0.209606 0.549410 0.188342 0.550162 0.187183 0.550671 0.184993 0.550859 0.182106 0.550697 0.178964 0.550210 0.176047 0.549471 0.173802 0.548596 0.172571 0.491927 0.126321 0.491211 0.126334 0.487431 0.127805 0.481768 0.130427 0.472210 0.135236 0.463857 0.139788 0.459409 0.142648
0 0.857963 0.078387 0.860288 0.151569 0.860367 0.152134 0.861357 0.153412 0.863111 0.155207 0.865360 0.157246 0.867760 0.159217 0.869944 0.160818 0.871578 0.161804 0.872413 0.162026 0.904994 0.154585 0.906332 0.153913 0.909102 0.152511 0.912882 0.150593 0.917101 0.148448 0.921122 0.146399 0.924339 0.144757 0.926261 0.143771 0.926592 0.143594 0.929977 0.132175 0.910563 0.093043 0.908986 0.089905 0.893663 0.060302 0.892122 0.060694 0.888624 0.062243 0.880520 0.066290 0.870500 0.071476 0.864135 0.074866 0.859366 0.077516
