0 0.460524 0.389593 0.460552 0.393780 0.461656 0.397894 0.463662 0.401295 0.466258 0.403462 0.468099 0.403863 0.469043 0.404068 0.471589 0.403032 0.473107 0.402085 0.475034 0.399570 0.476050 0.395963 0.476023 0.393220 0.475639 0.390428 0.474919 0.387736 0.472943 0.384347 0.470373 0.382154 0.468540 0.381719 0.466724 0.381829 0.465027 0.382480 0.463530 0.383494 0.461572 0.385979
0 0.661583 0.737058 0.662233 0.738010 0.676198 0.749935 0.685142 0.731315 0.684401 0.730389 0.670492 0.718512
0 0.557708 0.388077 0.557970 0.389367 0.558468 0.390865 0.559127 0.392344 0.559847 0.393583 0.560521 0.394394 0.561046 0.394653 0.563152 0.394287 0.563526 0.393868 0.570557 0.385927 0.570584 0.385259 0.570398 0.384284 0.570029 0.383153 0.569533 0.382038 0.568985 0.381110 0.568470 0.380513 0.568067 0.380336 0.559365 0.384525 0.559000 0.384964 0.557722 0.387190
0 0.395533 0.475513 0.436603 0.513238 0.436894 0.513177 0.446282 0.495007 0.405400 0.457455 0.404964 0.457259
0 0.631219 0.625770 0.631564 0.627092 0.642634 0.639111 0.643076 0.639352 0.643671 0.639471 0.644328 0.639451 0.644947 0.639295 0.645431 0.639025 0.645709 0.638684 0.649962 0.631026 0.650304 0.630351 0.650636 0.629315 0.650907 0.628077 0.651074 0.626827 0.651113 0.625758 0.651017 0.625033 0.649837 0.622433 0.649328 0.622019 0.640780 0.618478 0.640086 0.618232 0.637244 0.617337 0.633217 0.616097 0.632548 0.617660 0.631841 0.620396 0.631452 0.622571 0.631227 0.624707
0 0.469649 0.452872 0.469787 0.453087 0.476947 0.458563 0.493374 0.420377 0.493344 0.420012 0.486151 0.414511
0 0.469977 0.408833 0.470859 0.410329 0.481177 0.425100 0.493507 0.410158 0.492717 0.408649 0.482264 0.393942
0 0.474121 0.617546 0.474650 0.620060 0.474773 0.620361 0.475192 0.620902 0.475843 0.621601 0.476628 0.622350 0.483514 0.628600 0.484309 0.629283 0.484990 0.629794 0.485454 0.630054 0.487926 0.630073 0.488865 0.628232 0.497935 0.590678 0.497959 0.589641 0.491135 0.583449 0.474417 0.616202
0 0.445789 0.397594 0.446722 0.401870 0.447328 0.402975 0.449114 0.404066 0.449363 0.404120 0.449936 0.404025 0.450746 0.403795 0.451671 0.403466 0.459614 0.400384 0.460516 0.400004 0.461261 0.399630 0.461735 0.399319 0.461867 0.399117 0.463178 0.396825 0.462255 0.392597 0.461822 0.391372
0 0.453649 0.424561 0.453861 0.424907 0.468411 0.435418 0.472353 0.425718 0.472225 0.425376 0.457609 0.414816
0 0.474638 0.385446 0.474754 0.385972 0.488225 0.398787 0.503346 0.388101 0.504067 0.386754 0.504085 0.386232 0.478035 0.361449 0.477311 0.362802 0.475257 0.380201
0 0.530223 0.549519 0.530924 0.556755 0.532825 0.572106 0.533070 0.573768 0.541226 0.571970 0.539980 0.557608 0.538434 0.547710 0.534199 0.548339
0 0.513711 0.523632 0.513870 0.523905 0.528111 0.535581 0.528582 0.534672 0.532089 0.527067 0.531815 0.525532 0.518982 0.515012 0.518722 0.514806 0.517587 0.515167 0.514128 0.522667
0 0.512547 0.462999 0.513033 0.466248 0.514494 0.475994 0.515955 0.480110 0.516064 0.480094 0.516404 0.480015 0.516922 0.479885 0.521566 0.478669 0.529660 0.476513 0.529796 0.476405 0.526548 0.454722 0.514367 0.457922 0.513742 0.458095 0.513207 0.458257 0.512845 0.458382 0.512710 0.458451
