0 0.520710 0.470259 0.521599 0.492238 0.531489 0.491527 0.531853 0.491429 0.533342 0.489141 0.533376 0.488874 0.533384 0.488141 0.533366 0.487053 0.533323 0.485776 0.532874 0.474685 0.532814 0.473419 0.532746 0.472361 0.532680 0.471672 0.532627 0.471457 0.530954 0.469196 0.520949 0.469915
0 0.413062 0.484146 0.428673 0.491570 0.428959 0.491603 0.434504 0.470872 0.418955 0.463478 0.418630 0.463332
0 0.498731 0.547051 0.503735 0.568189 0.519588 0.561518 0.514585 0.540380 0.514518 0.540194 0.498737 0.546835
0 0.450631 0.530873 0.451083 0.532299 0.451432 0.532948 0.453485 0.533933 0.454013 0.534085 0.454782 0.533977 0.455674 0.533627 0.456555 0.533088 0.457293 0.532441 0.457774 0.531784 0.458571 0.529376 0.458826 0.528427 0.458370 0.527006 0.458036 0.526345 0.456569 0.524496 0.455868 0.524279 0.454842 0.524412 0.453646 0.524875 0.452465 0.525597 0.451481 0.526467 0.450845 0.527351 0.450652 0.528114
0 0.467917 0.489562 0.470010 0.500290 0.471250 0.506442 0.471398 0.507125 0.471508 0.507571 0.471562 0.507712 0.474977 0.507672 0.482192 0.505177 0.484596 0.504345 0.487595 0.502167 0.487571 0.501988 0.487488 0.501512 0.487358 0.500811 0.487200 0.499992 0.484069 0.483993 0.484011 0.483996
0 0.546486 0.442086 0.546514 0.443380 0.546912 0.444560 0.548696 0.449661 0.551717 0.453570 0.552423 0.454458 0.553330 0.454919 0.554301 0.454881 0.555186 0.454351 0.558790 0.451933 0.558925 0.451823 0.562095 0.447816 0.562763 0.446873 0.563109 0.445660 0.563080 0.444363 0.562682 0.443180 0.560633 0.438333 0.557865 0.434148 0.557157 0.433258 0.556247 0.432796 0.555275 0.432834 0.554387 0.433365 0.550515 0.436056 0.550400 0.436202 0.547497 0.439935 0.546831 0.440877
0 0.408457 0.651177 0.410658 0.673248 0.420590 0.671487 0.422576 0.667997 0.422653 0.667526 0.422669 0.666627 0.422620 0.665438 0.422515 0.664140 0.421425 0.653205 0.421279 0.651990 0.421114 0.651038 0.420955 0.650494 0.419322 0.647709 0.409504 0.649449
0 0.436490 0.563255 0.442322 0.568304 0.445011 0.569637 0.445430 0.569503 0.445841 0.568889 0.453147 0.551635 0.453310 0.550892 0.453137 0.550448 0.451959 0.549461 0.445254 0.544413 0.444618 0.544060
0 0.578043 0.450361 0.581034 0.452226 0.584025 0.454090 0.585521 0.455022 0.585864 0.454841 0.592883 0.434821 0.585375 0.430142 0.585034 0.430422
0 0.484923 0.433793 0.484992 0.434096 0.501358 0.437359 0.502581 0.426448 0.502593 0.426109 0.486152 0.422832
0 0.541895 0.470496 0.544327 0.474427 0.544443 0.474559 0.544890 0.474868 0.545600 0.475306 0.546465 0.475807 0.557266 0.481898 0.558158 0.482388 0.558946 0.482795 0.559510 0.483056 0.559763 0.483132 0.563572 0.482720 0.567462 0.470458 0.562552 0.467134 0.551625 0.460972 0.545785 0.458234
0 0.413270 0.452457 0.413305 0.453992 0.413468 0.455317 0.414076 0.458046 0.416112 0.461395 0.418955 0.463450 0.419279 0.463596 0.422482 0.464043 0.425569 0.462821 0.428071 0.460117 0.429606 0.456342 0.429941 0.452071 0.429630 0.450673 0.429024 0.447954 0.426996 0.444619 0.426703 0.444396 0.423861 0.442341 0.421737 0.442045 0.420781 0.441993 0.419592 0.442310 0.417545 0.443120 0.415033 0.445835 0.413492 0.449625
0 0.514917 0.431170 0.529086 0.456003 0.537285 0.457488 0.537457 0.457293 0.544171 0.391401 0.535934 0.389909 0.533249 0.392632 0.519908 0.406165 0.517223 0.408889 0.517144 0.409306
