0 0.289508 0.427545 0.294852 0.438848 0.297197 0.439547 0.325130 0.416067 0.319847 0.404894 0.317764 0.403794 0.316411 0.403421 0.316008 0.403428 0.315343 0.403705 0.314519 0.404209 0.313661 0.404864 0.306613 0.410788 0.292518 0.422636 0.291764 0.423337 0.291235 0.423970
0 0.532554 0.404595 0.532626 0.405126 0.533618 0.407520 0.534664 0.408293 0.536655 0.408391 0.537026 0.408233 0.537345 0.407779 0.541063 0.401067 0.542778 0.396852 0.542894 0.396299 0.542749 0.395896 0.539584 0.393152 0.537839 0.391912 0.537514 0.391909 0.537212 0.392302 0.535190 0.396657 0.532699 0.403992
0 0.527978 0.379575 0.535985 0.382360 0.536151 0.381819 0.540349 0.360368 0.532304 0.357570 0.532156 0.358222
0 0.442118 0.384435 0.442250 0.385053 0.443053 0.387645 0.443644 0.388086 0.444630 0.388412 0.445861 0.388574 0.447151 0.388548 0.448307 0.388337 0.449154 0.387975 0.449563 0.387513 0.450381 0.384888 0.448703 0.372543 0.448632 0.372157 0.448195 0.371807 0.447457 0.371546 0.446531 0.371416 0.445558 0.371436 0.444689 0.371603 0.444056 0.371891 0.443755 0.372256
0 0.454027 0.529990 0.455803 0.531782 0.457004 0.532225 0.459159 0.530743 0.459214 0.530702 0.459363 0.530187 0.459584 0.529278 0.459843 0.528113 0.460101 0.526868 0.460319 0.525731 0.460464 0.524874 0.460514 0.524427 0.459266 0.521700 0.458067 0.521258 0.455842 0.521573 0.455763 0.521611 0.455557 0.522286 0.455256 0.523496 0.454905 0.525057 0.454558 0.526730 0.454270 0.528256 0.454083 0.529401
0 0.498084 0.409061 0.498092 0.409425 0.503671 0.430158 0.519220 0.422720 0.519297 0.422409 0.513696 0.401593
0 0.399248 0.675454 0.399270 0.675833 0.399540 0.676192 0.400016 0.676476 0.400627 0.676641 0.422055 0.679801 0.422702 0.679821 0.423284 0.679693 0.423711 0.679437 0.423918 0.679092 0.425247 0.658788 0.425202 0.658421 0.424913 0.658074 0.424424 0.657799 0.421443 0.656820 0.404956 0.654388 0.401700 0.654448 0.401107 0.654564 0.400662 0.654803 0.400433 0.655129
0 0.505224 0.249369 0.510195 0.260828 0.538845 0.238736 0.539294 0.235706 0.534266 0.224114 0.531186 0.224589 0.530506 0.224924 0.529684 0.225491 0.507998 0.242214 0.507166 0.242922 0.506458 0.243657 0.505982 0.244307 0.505809 0.244772 0.505284 0.246462
0 0.555262 0.596957 0.556555 0.599225 0.559611 0.601149 0.571834 0.608844 0.580491 0.584398 0.579498 0.581209 0.579129 0.580831 0.578401 0.580087 0.578041 0.579720 0.577293 0.579249 0.566070 0.572184 0.563721 0.573069
0 0.328931 0.324346 0.334426 0.332730 0.336319 0.334641 0.343778 0.325950 0.343198 0.321779 0.343019 0.321437 0.342606 0.320762 0.342022 0.319855 0.341355 0.318854 0.340706 0.317909 0.340173 0.317165 0.339838 0.316733 0.339751 0.316681 0.336477 0.315554
0 0.355856 0.253633 0.356021 0.255778 0.356790 0.257675 0.357036 0.258091 0.358289 0.259449 0.359836 0.260065 0.361442 0.259844 0.362862 0.258821 0.363881 0.257151 0.364342 0.255088 0.364177 0.252947 0.363410 0.251053 0.363175 0.250625 0.361920 0.249264 0.360370 0.248648 0.358761 0.248868 0.357339 0.249893 0.356318 0.251566
0 0.347271 0.431057 0.358756 0.447012 0.359321 0.447225 0.371240 0.431973 0.359802 0.416081 0.359238 0.415744
0 0.569349 0.545523 0.583857 0.556142 0.584243 0.556400 0.592244 0.536966 0.577669 0.526299 0.577313 0.526178
0 0.395701 0.374593 0.396181 0.376027 0.396326 0.376460 0.399495 0.377710 0.409003 0.381460 0.412173 0.382710 0.412304 0.382286 0.412437 0.381818 0.412570 0.381315 0.412700 0.380786 0.412827 0.380232 0.418599 0.354214 0.418470 0.353627 0.402602 0.347369 0.396285 0.371828 0.396150 0.372367 0.396023 0.372919 0.395905 0.373481 0.395797 0.374042
0 0.362488 0.661929 0.372604 0.679648 0.380577 0.671555 0.381942 0.669594 0.381703 0.666961 0.381509 0.666203 0.381109 0.665225 0.380565 0.664174 0.375553 0.655396 0.374945 0.654428 0.374364 0.653688 0.373897 0.653288 0.371942 0.652078 0.364060 0.660078
0 0.398410 0.222415 0.401444 0.227217 0.425559 0.249304 0.426818 0.250339 0.429358 0.246929 0.429958 0.245987 0.430435 0.244838 0.431495 0.241260 0.426029 0.231857 0.403136 0.213242
0 0.427760 0.312358 0.429805 0.316011 0.431730 0.318106 0.437505 0.324390 0.440594 0.326325 0.440733 0.326335 0.441009 0.326082 0.441381 0.325605 0.441791 0.324977 0.449546 0.311916 0.449276 0.311112 0.436393 0.297092 0.431151 0.305719 0.428235 0.310925 0.427936 0.311571 0.427769 0.312074
0 0.284947 0.528506 0.299194 0.539830 0.300112 0.539648 0.325475 0.482922 0.311293 0.471649 0.310426 0.471519
0 0.514451 0.688809 0.514567 0.689219 0.515770 0.689611 0.522587 0.691826 0.538824 0.695657 0.539034 0.695419 0.539303 0.694673 0.539475 0.693990 0.539695 0.692984 0.539852 0.692169 0.540047 0.690796 0.540146 0.689623 0.540135 0.688829 0.540014 0.688534 0.524269 0.681960 0.523070 0.681569 0.517467 0.679743 0.516266 0.679352 0.516018 0.679710 0.515680 0.680760 0.515303 0.682341 0.514944 0.684214 0.514656 0.686099 0.514482 0.687712
0 0.287927 0.385901 0.294953 0.391825 0.295893 0.392321 0.300316 0.382996 0.293322 0.377099 0.292370 0.376533
