0 0.536471 0.426426 0.536766 0.427598 0.537329 0.429001 0.538074 0.430419 0.538886 0.431635 0.539641 0.432462 0.540222 0.432774 0.542275 0.432145 0.542670 0.431836 0.543646 0.430907 0.544017 0.427871 0.544022 0.427298 0.543795 0.426422 0.543371 0.425375 0.542815 0.424316 0.542210 0.423405 0.541648 0.422779 0.541214 0.422533 0.538980 0.422022 0.538576 0.422312 0.537602 0.423248 0.536488 0.425665
0 0.565791 0.519706 0.566860 0.523756 0.569010 0.526953 0.571915 0.528809 0.572079 0.528875 0.573300 0.529004 0.575432 0.529158 0.578482 0.527727 0.580889 0.524848 0.581812 0.522281 0.582145 0.520924 0.582346 0.519498 0.582462 0.516655 0.581389 0.512589 0.579230 0.509379 0.577304 0.508149 0.576183 0.507503 0.576008 0.507486 0.572793 0.507253 0.569755 0.508678 0.567357 0.511546 0.565965 0.515418
0 0.460285 0.487045 0.461026 0.487594 0.475441 0.497029 0.497536 0.437612 0.483278 0.427755 0.482439 0.427469
0 0.429444 0.534199 0.429500 0.534402 0.430608 0.537275 0.440433 0.539893 0.441113 0.539437 0.447582 0.496269 0.444345 0.495406 0.437870 0.493681 0.437151 0.493608 0.435356 0.495328 0.435233 0.495570 0.435054 0.496272 0.434847 0.497329 0.434642 0.498579 0.431378 0.520362 0.429746 0.531254 0.429577 0.532496 0.429471 0.533530
0 0.505447 0.582864 0.505472 0.583245 0.519530 0.595077 0.563900 0.501359 0.549842 0.489527 0.549613 0.489575
0 0.549365 0.404366 0.549527 0.408773 0.549852 0.417587 0.551888 0.419359 0.552009 0.419453 0.552490 0.419507 0.553257 0.419514 0.554194 0.419473 0.562476 0.418931 0.570757 0.418389 0.579039 0.417846 0.580011 0.417763 0.580878 0.417648 0.581508 0.417521 0.581806 0.417400 0.583864 0.414445 0.583372 0.401071 0.549937 0.403260
0 0.464474 0.560092 0.465101 0.565761 0.465311 0.567027 0.465869 0.568090 0.466690 0.568787 0.467648 0.569012 0.471886 0.569552 0.475958 0.568770 0.476908 0.568489 0.477705 0.567745 0.478228 0.566651 0.478278 0.566498 0.478281 0.566488 0.478450 0.565214 0.479029 0.559533 0.478269 0.554161 0.478059 0.552897 0.477502 0.551837 0.476683 0.551142 0.475727 0.550917 0.471634 0.550094 0.467437 0.551159 0.466490 0.551439 0.465695 0.552181 0.465690 0.552188 0.465611 0.552309 0.465088 0.553403 0.464919 0.554680
0 0.521930 0.412557 0.528916 0.432535 0.529451 0.432276 0.536430 0.427937 0.537757 0.427054 0.537900 0.426641 0.537757 0.425888 0.531477 0.407931 0.531127 0.407271 0.530774 0.407081 0.528522 0.408022
0 0.407784 0.497801 0.408088 0.519963 0.424709 0.519558 0.425055 0.519469 0.424752 0.497408 0.424406 0.497396
0 0.483321 0.532170 0.484093 0.534144 0.504615 0.562568 0.512019 0.557424 0.511882 0.556768 0.498152 0.521632 0.495854 0.520693 0.495691 0.520782 0.495218 0.521091 0.494508 0.521571 0.493667 0.522151 0.486330 0.527248 0.485484 0.527840 0.484758 0.528358 0.484263 0.528721 0.484074 0.528876
0 0.479268 0.382940 0.479371 0.383325 0.479610 0.384113 0.479948 0.385183 0.480334 0.386374 0.480710 0.387504 0.481019 0.388405 0.481214 0.388939 0.481265 0.389024 0.483641 0.390737 0.503585 0.391112 0.505098 0.390229 0.505157 0.388960 0.498462 0.368563 0.480104 0.379275
0 0.443036 0.525974 0.445409 0.553557 0.445484 0.554144 0.445615 0.554707 0.445800 0.555243 0.446035 0.555741 0.446318 0.556195 0.450681 0.554803 0.452009 0.554379 0.452233 0.554127 0.453106 0.553139 0.453202 0.552577 0.453242 0.552004 0.453225 0.551428 0.453153 0.550861 0.453024 0.550304 0.445944 0.524870 0.444339 0.525382
0 0.470595 0.469817 0.470884 0.491915 0.471575 0.492415 0.487747 0.491341 0.487516 0.469293 0.486765 0.468883
0 0.452759 0.455036 0.452975 0.455242 0.466939 0.467083 0.471379 0.457774 0.471247 0.457580 0.457220 0.445684
