0 0.511443 0.645666 0.511475 0.647028 0.511998 0.648214 0.512588 0.649186 0.514079 0.650467 0.514926 0.650816 0.516017 0.650685 0.517189 0.650095 0.518264 0.649136 0.519080 0.647952 0.519513 0.646723 0.519498 0.645633 0.519346 0.643157 0.518816 0.641978 0.518237 0.640995 0.517184 0.640545 0.515622 0.640461 0.514804 0.640552 0.513924 0.640991 0.513117 0.641711 0.512507 0.642601 0.511977 0.644123
0 0.575443 0.377670 0.575709 0.378401 0.585467 0.393343 0.585969 0.393788 0.586415 0.393697 0.587380 0.392583 0.593188 0.385841 0.593806 0.385114 0.582950 0.368490 0.578064 0.373954 0.575561 0.377078
0 0.426467 0.629890 0.459716 0.634096 0.460176 0.632563 0.461112 0.619416 0.459267 0.617373 0.458776 0.617174 0.458005 0.616985 0.457071 0.616835 0.448835 0.615793 0.440599 0.614751 0.432363 0.613709 0.431399 0.613620 0.430546 0.613603 0.429932 0.613662 0.429650 0.613788 0.428243 0.615258 0.427414 0.616591 0.427256 0.618808
0 0.545774 0.436291 0.559977 0.476149 0.560253 0.476039 0.567761 0.471283 0.553492 0.431241 0.545984 0.435998
0 0.579254 0.612893 0.579356 0.614681 0.580390 0.616636 0.580693 0.616917 0.581153 0.617007 0.586842 0.617991 0.587418 0.618077 0.590988 0.617158 0.591398 0.617006 0.591571 0.616675 0.591547 0.612339 0.591346 0.609383 0.591169 0.609071 0.590757 0.608968 0.586905 0.608545 0.586335 0.608703 0.580957 0.610334 0.580500 0.610482 0.580207 0.610803
0 0.481196 0.551565 0.481328 0.561645 0.481449 0.562264 0.482497 0.562312 0.483897 0.562376 0.493099 0.560687 0.492985 0.551874 0.492956 0.549670 0.490535 0.549587 0.481302 0.551054
0 0.334454 0.566259 0.352992 0.597806 0.354672 0.596688 0.361170 0.589900 0.350358 0.553659 0.349340 0.551926 0.346079 0.551739 0.345727 0.551963 0.345128 0.552466 0.344374 0.553172 0.343580 0.553973 0.337023 0.560823 0.336313 0.561593 0.335798 0.562213 0.335556 0.562588
0 0.579952 0.581654 0.581485 0.585553 0.583391 0.587554 0.585223 0.588113 0.585507 0.588112 0.586089 0.587873 0.586880 0.587432 0.587760 0.586856 0.588593 0.586234 0.589252 0.585661 0.589635 0.585225 0.590872 0.582324 0.589303 0.578334 0.587262 0.576544
0 0.403605 0.504880 0.405145 0.507802 0.405198 0.507896 0.405603 0.508143 0.406297 0.508505 0.407176 0.508928 0.408103 0.509346 0.408936 0.509695 0.409548 0.509922 0.409847 0.509992 0.412499 0.508453 0.423013 0.501692 0.423557 0.499614 0.407972 0.492356 0.406909 0.492268
0 0.561793 0.402946 0.562068 0.406000 0.562303 0.407424 0.562928 0.408621 0.564333 0.410687 0.567054 0.413009 0.570234 0.413766 0.572106 0.413409 0.573174 0.413096 0.574072 0.412262 0.576040 0.410379 0.576089 0.410321 0.577831 0.406690 0.578399 0.402447 0.577706 0.398237 0.575858 0.394701 0.573135 0.392378 0.569952 0.391621 0.566795 0.392545 0.564143 0.395010 0.564102 0.395077 0.562360 0.398706
0 0.379573 0.738971 0.379574 0.740107 0.379735 0.741760 0.380030 0.743677 0.380414 0.745562 0.380828 0.747124 0.381208 0.748124 0.381497 0.748409 0.382710 0.747948 0.388367 0.745796 0.389578 0.745335 0.405456 0.737831 0.405531 0.737508 0.405495 0.736695 0.405354 0.735517 0.405219 0.734699 0.405018 0.733609 0.404854 0.732803 0.404571 0.731679 0.404323 0.730947 0.404147 0.730718 0.387796 0.735461 0.379729 0.738521
0 0.415266 0.433907 0.415655 0.434210 0.416734 0.435026 0.433825 0.436213 0.441985 0.417018 0.432443 0.398076 0.432132 0.397607 0.431047 0.396787
0 0.538961 0.571581 0.545007 0.592075 0.545188 0.592445 0.560621 0.584351 0.554550 0.563774 0.554332 0.563519
0 0.472959 0.549814 0.472960 0.551102 0.472975 0.552363 0.473002 0.553404 0.473037 0.554065 0.473074 0.554246 0.474706 0.556766 0.484725 0.556655 0.484900 0.556007 0.484831 0.545002 0.474927 0.545113 0.473032 0.547605 0.472998 0.547921 0.472972 0.548696
0 0.561006 0.619244 0.561251 0.619723 0.577640 0.623024 0.580115 0.601172 0.579795 0.600768 0.563472 0.597480
0 0.536865 0.520359 0.542748 0.530470 0.542854 0.530648 0.544919 0.531694 0.545328 0.531339 0.546003 0.530543 0.546841 0.529429 0.547715 0.528163 0.548494 0.526937 0.549061 0.525935 0.549329 0.525309 0.548362 0.522673 0.548269 0.522477 0.540169 0.515576 0.539855 0.515823 0.539342 0.516407 0.538708 0.517240 0.538049 0.518194 0.537467 0.519122 0.537051 0.519882
