0 0.260828 0.512547 0.280148 0.539010 0.312909 0.574342 0.350762 0.544316 0.347311 0.526379 0.346436 0.525000 0.344557 0.522420 0.341962 0.519031 0.339044 0.515347 0.336242 0.511921 0.333979 0.509272 0.317964 0.491164 0.316552 0.489659 0.299152 0.482147
0 0.667569 0.686527 0.696685 0.761249 0.699427 0.764891 0.737309 0.750130 0.707786 0.674366 0.704930 0.671969
0 0.570231 0.569512 0.571043 0.570315 0.612397 0.595759 0.623249 0.592836 0.623893 0.592176 0.625407 0.590045 0.627559 0.586767 0.630021 0.582843 0.651176 0.548460 0.653564 0.544501 0.655506 0.541125 0.656705 0.538848 0.656979 0.538014 0.654804 0.526836 0.613450 0.501391 0.612154 0.501376
0 0.065077 0.787114 0.068275 0.798312 0.069799 0.800379 0.072487 0.803196 0.075930 0.806332 0.079599 0.809304 0.082930 0.811656 0.085414 0.813030 0.086672 0.813217 0.096134 0.813783 0.105365 0.806611 0.136636 0.770195 0.106289 0.744136 0.097080 0.749846
0 0.572224 0.896240 0.573059 0.900821 0.581151 0.900881 0.621912 0.860718 0.629819 0.850663 0.629997 0.850206 0.630163 0.847976 0.630289 0.844310 0.630358 0.839766 0.630358 0.835043 0.630289 0.830867 0.630163 0.827876 0.629998 0.826525 0.620814 0.816597 0.572815 0.816242
0 0.010065 0.315473 0.010369 0.351377 0.031883 0.354895 0.050359 0.356609 0.057662 0.329872 0.065037 0.273796 0.065075 0.267785 0.025349 0.262588
0 0.203104 0.503729 0.223500 0.538213 0.228839 0.535257 0.277509 0.506459 0.300105 0.492070 0.290901 0.474586 0.279573 0.457356 0.247508 0.474622
0 0.794688 0.583882 0.806624 0.622060 0.807327 0.622339 0.849596 0.611655 0.888304 0.599552 0.876202 0.560844 0.871043 0.560009
0 0.291387 0.619261 0.296922 0.654332 0.312532 0.706825 0.351630 0.698078 0.350627 0.692210 0.338264 0.637018 0.330745 0.610455 0.311608 0.614067
0 0.664788 0.796824 0.666645 0.806460 0.668572 0.810003 0.709356 0.836350 0.731312 0.802362 0.728669 0.798907 0.688350 0.772861 0.677886 0.776549 0.677154 0.776955 0.675540 0.778838 0.673291 0.781908 0.670748 0.785701 0.668294 0.789643 0.666301 0.793140 0.665068 0.795662
0 0.445900 0.374416 0.446519 0.375852 0.466701 0.419402 0.477404 0.423313 0.478266 0.423028 0.480659 0.422016 0.484214 0.420434 0.488395 0.418519 0.492569 0.416562 0.496107 0.414857 0.498474 0.413664 0.499305 0.413163 0.502993 0.402584 0.503028 0.401458 0.482612 0.357403
0 0.647385 0.105105 0.682424 0.124600 0.701919 0.089560 0.704733 0.083839 0.669206 0.064072 0.649439 0.099600
0 0.290602 0.921867 0.331435 0.948139 0.343947 0.943423 0.344238 0.943235 0.345483 0.941527 0.347492 0.938555 0.349960 0.934772 0.352506 0.930761 0.354740 0.927138 0.356321 0.924456 0.357007 0.923124 0.355005 0.909379 0.314638 0.883407 0.292995 0.917045
0 0.610225 0.089420 0.645264 0.108914 0.664759 0.073875 0.665517 0.071913 0.630317 0.052329 0.610732 0.087529
0 0.370565 0.727300 0.389879 0.762855 0.404101 0.755130 0.405197 0.752214 0.408324 0.742513 0.408007 0.741387 0.406863 0.738824 0.405070 0.735217 0.402898 0.731111 0.400674 0.727125 0.398736 0.723863 0.397376 0.721817 0.396802 0.721302 0.386104 0.717065 0.372044 0.724702
0 0.163825 0.953154 0.200804 0.968878 0.202172 0.966735 0.217824 0.929925 0.181014 0.914272 0.179549 0.916174
0 0.327518 0.358806 0.368587 0.384400 0.384542 0.375000 0.385181 0.374385 0.386693 0.372305 0.388847 0.369080 0.391316 0.365199 0.421375 0.316965 0.423796 0.313001 0.425810 0.309538 0.427112 0.307102 0.427502 0.306066 0.428913 0.287601 0.387844 0.262006 0.371717 0.284450 0.363178 0.298152 0.341307 0.333248
0 0.200136 0.721473 0.248239 0.726747 0.258546 0.711362 0.258965 0.710169 0.259520 0.707333 0.260126 0.703290 0.260692 0.698650 0.266887 0.642156 0.267329 0.637606 0.267581 0.633817 0.267607 0.631363 0.267400 0.630622 0.260671 0.613368 0.212568 0.608094 0.207074 0.637559 0.200806 0.694714
