0 0.543287 0.526560 0.544863 0.529517 0.545237 0.529921 0.545699 0.529996 0.550992 0.528910 0.554709 0.528038 0.555050 0.527733 0.555768 0.526776 0.555826 0.526223 0.554419 0.519334 0.554152 0.518867 0.553729 0.518767 0.550067 0.519877 0.544559 0.521685 0.544176 0.521988 0.543719 0.522555 0.543542 0.523107
0 0.495115 0.583415 0.497509 0.585663 0.498087 0.585528 0.498352 0.585153 0.499535 0.583267 0.500033 0.582422 0.501697 0.579409 0.503498 0.576000 0.504149 0.574716 0.505916 0.571134 0.506407 0.570108 0.507065 0.568536 0.507035 0.568242 0.506929 0.567470 0.504546 0.565231 0.504062 0.565945 0.503814 0.566311 0.503363 0.567085 0.502489 0.568587 0.500771 0.571713 0.498916 0.575223 0.497198 0.578601 0.496748 0.579531 0.495871 0.581345 0.495137 0.583039
0 0.414046 0.601686 0.414347 0.602349 0.421478 0.605845 0.421975 0.605573 0.423758 0.603160 0.424755 0.599545 0.423206 0.598785 0.418557 0.596506 0.417008 0.595747 0.415067 0.597986
0 0.432065 0.409759 0.433618 0.411822 0.442670 0.417182 0.444627 0.415638 0.444777 0.415519 0.445057 0.414956 0.445425 0.414038 0.445824 0.412904 0.446196 0.411723 0.446483 0.410675 0.446642 0.409918 0.446648 0.409568 0.446020 0.407124 0.444758 0.404952 0.435494 0.399466
0 0.427620 0.579193 0.427757 0.579693 0.428051 0.580552 0.428457 0.581639 0.428911 0.582788 0.429345 0.583821 0.429692 0.584581 0.429899 0.584952 0.431841 0.584815 0.432578 0.584293 0.453160 0.567263 0.453164 0.567230 0.453051 0.566909 0.452841 0.566348 0.452564 0.565634 0.452264 0.564875 0.451984 0.564185 0.451769 0.563669 0.451649 0.563405 0.429588 0.576532 0.428851 0.577052 0.428801 0.577136
0 0.467290 0.282291 0.468411 0.286436 0.472897 0.303014 0.473246 0.302915 0.473619 0.302790 0.474010 0.302641 0.474412 0.302471 0.474823 0.302280 0.493963 0.293074 0.494136 0.292513 0.488521 0.271761 0.469689 0.279233 0.469278 0.279404 0.468868 0.279594 0.468461 0.279800 0.468063 0.280021 0.467683 0.280251 0.467599 0.280685 0.467372 0.281863
0 0.399355 0.506613 0.400053 0.509979 0.400351 0.510461 0.400890 0.511174 0.401589 0.512009 0.402340 0.512837 0.403027 0.513532 0.403545 0.513987 0.403816 0.514133 0.417458 0.512696 0.418402 0.512551 0.419478 0.510883 0.406965 0.496526 0.405890 0.496486
0 0.488411 0.603348 0.496539 0.611082 0.500056 0.608712 0.500372 0.608246 0.500844 0.607445 0.501401 0.606433 0.508260 0.593617 0.508815 0.592552 0.509280 0.591601 0.509584 0.590910 0.509682 0.590584 0.510210 0.585537 0.502082 0.577804 0.498675 0.583510 0.491895 0.596179
0 0.569374 0.247156 0.585638 0.250998 0.585982 0.249998 0.588876 0.228225 0.572547 0.224367 0.572256 0.225470
0 0.447583 0.410079 0.447634 0.410655 0.447789 0.410958 0.462742 0.417315 0.462966 0.417294 0.463237 0.416956 0.463513 0.416355 0.464787 0.412620 0.470097 0.391671 0.470831 0.387480 0.470903 0.386706 0.470869 0.386110 0.470732 0.385785 0.455734 0.379610 0.455504 0.379599 0.455229 0.379908 0.454949 0.380491 0.454708 0.381259 0.447808 0.408487 0.447644 0.409318
0 0.503428 0.622304 0.503443 0.622867 0.511003 0.627474 0.524823 0.587153 0.524709 0.586754 0.517184 0.582168
0 0.522618 0.552900 0.522723 0.553144 0.538954 0.557933 0.542546 0.536291 0.542351 0.536124 0.526194 0.531357
0 0.528399 0.566124 0.528960 0.566556 0.576952 0.580199 0.580545 0.558566 0.579755 0.558174 0.532009 0.544393
0 0.537035 0.625175 0.537206 0.625751 0.553064 0.632403 0.558052 0.611259 0.557786 0.610749 0.542001 0.604128
0 0.540467 0.419543 0.544677 0.440826 0.576601 0.429598 0.576953 0.429275 0.572723 0.407894 0.540653 0.419174
0 0.445388 0.455140 0.446333 0.459146 0.446399 0.459277 0.448055 0.461981 0.448751 0.463061 0.449715 0.463697 0.451275 0.464318 0.454458 0.464595 0.457513 0.463247 0.459477 0.462023 0.460317 0.461080 0.460830 0.459797 0.461488 0.456709 0.461806 0.452503 0.460884 0.448497 0.460809 0.448372 0.458783 0.445178 0.455957 0.443282 0.452760 0.442982 0.449683 0.444327 0.447200 0.447114 0.445691 0.450913
0 0.548633 0.542038 0.550413 0.544698 0.550669 0.544781 0.551266 0.544900 0.552113 0.545036 0.553082 0.545168 0.569708 0.547268 0.578022 0.548318 0.578955 0.548426 0.579704 0.548491 0.580154 0.548505 0.580237 0.548465 0.582718 0.546843 0.583510 0.535706 0.582361 0.535216 0.549413 0.531055
