0 0.518614 0.264715 0.519657 0.269603 0.519933 0.270844 0.520544 0.271849 0.521397 0.272466 0.523678 0.273047 0.526487 0.273439 0.529195 0.272368 0.531550 0.271217 0.532304 0.270403 0.532767 0.269265 0.532847 0.268701 0.532948 0.267410 0.533106 0.262397 0.532184 0.256374 0.531908 0.255131 0.531295 0.254123 0.530440 0.253504 0.529472 0.253369 0.525215 0.253653 0.521195 0.254387 0.520262 0.254756 0.519507 0.255573 0.519043 0.256713 0.518996 0.257307 0.518941 0.258004 0.518895 0.258594
0 0.458281 0.503423 0.489745 0.517748 0.489792 0.517667 0.495140 0.496787 0.495118 0.496772 0.463653 0.482446
0 0.659268 0.566585 0.660000 0.566890 0.676579 0.567424 0.677780 0.501108 0.661201 0.500575 0.660464 0.500572
0 0.561974 0.433697 0.564786 0.445107 0.565039 0.446009 0.566074 0.449474 0.567627 0.454525 0.568826 0.454025 0.570847 0.453068 0.572422 0.452279 0.573943 0.451476 0.574681 0.451059 0.575538 0.450479 0.576195 0.430841 0.576141 0.430345 0.575909 0.429718 0.575534 0.429053 0.575072 0.428454 0.574595 0.428012 0.574176 0.427795 0.567340 0.428302 0.566804 0.428492 0.566024 0.428832 0.565117 0.429271 0.564225 0.429742 0.563484 0.430172 0.563007 0.430495 0.562865 0.430663
0 0.575280 0.449258 0.583538 0.449960 0.584702 0.449263 0.585770 0.426936 0.577398 0.426224 0.576334 0.427238
0 0.542966 0.438953 0.550018 0.444724 0.550248 0.444469 0.554596 0.435023 0.547511 0.429226 0.547294 0.429551
0 0.585323 0.384986 0.586323 0.389887 0.586557 0.390340 0.586933 0.390904 0.587350 0.391428 0.587698 0.391773 0.594499 0.395673 0.595684 0.394127 0.595369 0.392857 0.592968 0.384952 0.592737 0.384495 0.592361 0.383928 0.591942 0.383403 0.591591 0.383062 0.588016 0.381670 0.587271 0.382444
0 0.473900 0.456462 0.474044 0.456587 0.474386 0.456853 0.474876 0.457219 0.475437 0.457629 0.486297 0.465451 0.494191 0.446054 0.494112 0.445768 0.486809 0.440495 0.483191 0.437940 0.482637 0.437549 0.482179 0.437243 0.481885 0.437068 0.481800 0.437050 0.479493 0.440407 0.475938 0.449142 0.474753 0.452054
0 0.526315 0.419654 0.530708 0.440463 0.530983 0.440851 0.531257 0.441237 0.548622 0.453536 0.551566 0.455621 0.559561 0.452354 0.546082 0.389949 0.545601 0.388947 0.537689 0.392313
0 0.518891 0.532437 0.519109 0.532811 0.543851 0.562721 0.546095 0.559423 0.550581 0.552825 0.550315 0.549189 0.550241 0.549084 0.549896 0.548654 0.549333 0.547965 0.548638 0.547121 0.530124 0.524740 0.529408 0.523878 0.528786 0.523134 0.528353 0.522624 0.528175 0.522425 0.525544 0.522653
0 0.467662 0.610889 0.467673 0.610992 0.468858 0.615837 0.478706 0.618034 0.479842 0.609405 0.481769 0.594055 0.482591 0.587084 0.472743 0.584886 0.470440 0.588952 0.470369 0.589319 0.470246 0.590133 0.470090 0.591270 0.469924 0.592554 0.467974 0.608083 0.467825 0.609315 0.467715 0.610301
0 0.452391 0.378322 0.453283 0.379643 0.461395 0.390820 0.465149 0.395536 0.468306 0.392124 0.471131 0.387822 0.465864 0.379850 0.458333 0.370659
0 0.572341 0.598520 0.572766 0.601846 0.572849 0.601963 0.574124 0.603748 0.584654 0.614977 0.587227 0.614893 0.599889 0.593784 0.589334 0.582528 0.586696 0.579715 0.586292 0.579343 0.584714 0.577892
0 0.588795 0.742436 0.590029 0.745807 0.598380 0.746539 0.598929 0.735405 0.597572 0.732176 0.589336 0.731455
