0 0.429842 0.436733 0.443880 0.455800 0.444521 0.456305 0.456301 0.440885 0.455145 0.439315 0.454626 0.438613 0.435800 0.428935 0.433749 0.429215 0.433526 0.429299 0.433065 0.429725 0.432436 0.430430 0.431736 0.431305 0.431072 0.432216 0.430545 0.433023 0.430237 0.433603 0.430194 0.433868
0 0.568025 0.570004 0.568236 0.570212 0.569250 0.571152 0.573980 0.575533 0.574993 0.576471 0.588952 0.587744 0.589186 0.587703 0.589424 0.587537 0.589979 0.586845 0.590605 0.585846 0.591207 0.584692 0.591692 0.583560 0.591985 0.582625 0.592042 0.582029 0.579177 0.568446 0.572422 0.562181 0.572203 0.561989 0.571684 0.562421 0.570945 0.563409 0.570098 0.564801 0.569270 0.566389 0.568586 0.567934 0.568148 0.569203
0 0.573766 0.401578 0.573924 0.412608 0.590786 0.434246 0.607331 0.433823 0.607825 0.433519 0.610165 0.430278 0.621789 0.414174 0.624128 0.410933 0.623969 0.399852 0.574105 0.401124
0 0.474504 0.496468 0.514777 0.535417 0.524514 0.517518 0.484242 0.478569
0 0.468156 0.584472 0.473064 0.595482 0.475044 0.596856 0.475233 0.596903 0.475776 0.596508 0.476591 0.595733 0.477554 0.594697 0.478520 0.593556 0.479343 0.592481 0.479899 0.591634 0.480103 0.591144 0.479388 0.588350 0.471950 0.580215 0.471805 0.580159 0.471392 0.580435 0.470774 0.581003 0.470045 0.581776 0.469318 0.582637 0.468703 0.583452 0.468295 0.584096
0 0.437027 0.544150 0.445057 0.546911 0.445308 0.546696 0.449431 0.525383 0.441438 0.522635 0.441169 0.522739
0 0.421172 0.420985 0.425208 0.427442 0.429674 0.433832 0.454625 0.404356 0.450367 0.397720 0.446089 0.391548
0 0.554621 0.607019 0.554645 0.607827 0.554751 0.608950 0.554922 0.610220 0.555133 0.611444 0.555352 0.612438 0.555546 0.613050 0.555685 0.613187 0.557575 0.613843 0.558386 0.613639 0.581486 0.605549 0.581550 0.605303 0.581550 0.604762 0.581489 0.604009 0.581374 0.603160 0.581224 0.602345 0.581062 0.601688 0.580911 0.601289 0.580796 0.601208 0.557044 0.604927 0.556235 0.605131 0.554682 0.606651
0 0.575591 0.556524 0.579212 0.559232 0.587619 0.561947 0.588433 0.557464 0.586666 0.554214 0.584650 0.552953 0.583677 0.552345 0.583383 0.552216 0.582766 0.551989 0.581922 0.551697 0.580978 0.551386 0.580075 0.551101 0.579352 0.550886 0.578916 0.550774 0.578836 0.550781 0.576369 0.552246
0 0.542064 0.458998 0.547329 0.479859 0.547987 0.479579 0.555919 0.476020 0.550580 0.454869 0.542648 0.458428
0 0.562875 0.462710 0.563435 0.464729 0.564532 0.466308 0.565998 0.467208 0.567611 0.467291 0.567728 0.467234 0.569244 0.466487 0.570431 0.465022 0.571107 0.463063 0.571169 0.460909 0.570608 0.458887 0.569510 0.457305 0.568041 0.456404 0.566425 0.456320 0.564908 0.457068 0.564797 0.457142 0.563612 0.458604 0.562938 0.460559
0 0.585477 0.228483 0.596922 0.244344 0.620714 0.213822 0.621268 0.212507 0.609770 0.196574 0.585869 0.227236
0 0.466100 0.451384 0.466423 0.452608 0.467072 0.453574 0.467147 0.453681 0.467152 0.453687 0.468027 0.454248 0.471952 0.456526 0.476058 0.456998 0.477027 0.457069 0.477943 0.456640 0.478666 0.455777 0.479086 0.454610 0.480764 0.449578 0.481149 0.443902 0.481203 0.442610 0.480881 0.441389 0.480834 0.441246 0.480185 0.440279 0.479308 0.439717 0.475498 0.437686 0.471257 0.436961 0.470286 0.436889 0.469368 0.437319 0.468643 0.438184 0.468222 0.439354 0.466665 0.444650 0.466154 0.450088
0 0.505611 0.370525 0.511319 0.391323 0.512462 0.395452 0.527950 0.387832 0.528273 0.386535 0.521335 0.361470 0.518891 0.360729 0.518405 0.360823 0.517658 0.361093 0.516765 0.361498 0.508951 0.365343 0.508051 0.365820 0.507285 0.366294 0.506770 0.366693 0.506583 0.366957 0.505669 0.369178
0 0.550315 0.537732 0.564688 0.548674 0.565015 0.548829 0.569122 0.539196 0.571086 0.534359 0.571386 0.533620 0.571613 0.532987 0.571733 0.532557 0.571727 0.532396 0.569259 0.529246 0.562786 0.524318 0.560628 0.522676 0.557342 0.521445 0.557224 0.521585 0.556999 0.521996 0.556703 0.522613 0.556379 0.523344
