0 0.523669 0.553549 0.528402 0.592038 0.528730 0.593102 0.537016 0.594474 0.540720 0.554702 0.539055 0.551781 0.538816 0.551682 0.538238 0.551536 0.537410 0.551365 0.536458 0.551195 0.528248 0.549836 0.527313 0.549693 0.526533 0.549598 0.526028 0.549565 0.525874 0.549599 0.523872 0.551365
0 0.575131 0.402076 0.575337 0.404900 0.575573 0.406192 0.575958 0.407640 0.576959 0.410144 0.579448 0.412874 0.582530 0.414126 0.584648 0.413851 0.585885 0.413561 0.586703 0.413023 0.588581 0.411689 0.588937 0.411334 0.590992 0.408002 0.591935 0.403876 0.591622 0.399582 0.590100 0.395775 0.587601 0.393035 0.584506 0.391778 0.581286 0.392196 0.578431 0.394225 0.578117 0.394648 0.576070 0.397966
0 0.559577 0.512829 0.591022 0.526243 0.592074 0.526547 0.595128 0.513823 0.593569 0.510697 0.593512 0.510634 0.593101 0.510426 0.592399 0.510105 0.591512 0.509719 0.583578 0.506334 0.567711 0.499565 0.566782 0.499177 0.565961 0.498848 0.565372 0.498630 0.565105 0.498555 0.562595 0.500250
0 0.499569 0.548018 0.501102 0.550819 0.511032 0.552603 0.513263 0.530538 0.513111 0.530189 0.511475 0.529895 0.502192 0.539331 0.500235 0.541437 0.500209 0.541632 0.500137 0.542298 0.500029 0.543330 0.499902 0.544574 0.499775 0.545841 0.499668 0.546940 0.499595 0.547705
0 0.479828 0.219373 0.479921 0.220656 0.511588 0.224188 0.511691 0.222543 0.511745 0.221269 0.505380 0.200034 0.488854 0.198191 0.479932 0.217721
0 0.483521 0.409087 0.483527 0.409122 0.488223 0.428063 0.488639 0.428702 0.489273 0.428768 0.494245 0.426576 0.494506 0.425834 0.494448 0.425057 0.489437 0.404842 0.488900 0.404431 0.487702 0.404958 0.484019 0.407509 0.483560 0.408190
0 0.406114 0.557517 0.435162 0.579087 0.435459 0.578725 0.443510 0.559449 0.414596 0.537977 0.414203 0.538152
0 0.481520 0.421180 0.481604 0.421541 0.488447 0.427744 0.497751 0.409497 0.497741 0.409081 0.490867 0.402849
0 0.411498 0.596642 0.438775 0.622338 0.443593 0.613246 0.444556 0.611427 0.445190 0.610153 0.444537 0.607588 0.444456 0.607301 0.444078 0.606766 0.443462 0.606067 0.442701 0.605309 0.429188 0.592579 0.422431 0.586214 0.421635 0.585505 0.420918 0.584949 0.420389 0.584629 0.420129 0.584595 0.418226 0.584751 0.417280 0.585732 0.416316 0.587550
0 0.501247 0.482916 0.501367 0.483132 0.501711 0.483702 0.502226 0.484537 0.502835 0.485513 0.503445 0.486481 0.503965 0.487295 0.504315 0.487833 0.504442 0.488010 0.506821 0.488267 0.522018 0.471324 0.522273 0.470993 0.511561 0.453912 0.510280 0.455340 0.501544 0.479591
0 0.541416 0.505228 0.542030 0.508202 0.550929 0.514001 0.552120 0.514328 0.555829 0.504209 0.546722 0.498275 0.545654 0.498314 0.543603 0.499261 0.543462 0.499489 0.543177 0.500135 0.542791 0.501099 0.542363 0.502237 0.541957 0.503375 0.541634 0.504343 0.541444 0.504994
0 0.521922 0.420143 0.521945 0.420226 0.545115 0.428835 0.545928 0.429058 0.547822 0.428453 0.547899 0.428074 0.548041 0.427262 0.548226 0.426140 0.548427 0.424878 0.548613 0.423666 0.548755 0.422688 0.548833 0.422092 0.548835 0.421970 0.547275 0.420414 0.546461 0.420191 0.522595 0.415908 0.522523 0.416150 0.522412 0.416685 0.522279 0.417432 0.522145 0.418276 0.522030 0.419088 0.521952 0.419744
0 0.427536 0.438015 0.427714 0.438587 0.428048 0.439503 0.428489 0.440622 0.428968 0.441772 0.429411 0.442778 0.429751 0.443484 0.429935 0.443785 0.430741 0.444431 0.433464 0.445574 0.450895 0.433024 0.446973 0.423341 0.445733 0.421548 0.442760 0.423688 0.427979 0.434467 0.427541 0.437873
0 0.608076 0.174812 0.623409 0.182969 0.623904 0.181696 0.630047 0.161171 0.614653 0.152981 0.614195 0.154369
