0 0.582952 0.250969 0.584077 0.253589 0.584271 0.253965 0.584803 0.254398 0.585591 0.254819 0.586518 0.255168 0.587441 0.255390 0.588223 0.255452 0.595030 0.255855 0.595196 0.255864 0.595509 0.255610 0.595921 0.255130 0.596371 0.254498 0.596788 0.253809 0.597110 0.253170 0.597286 0.252679 0.597291 0.252409 0.595267 0.231761 0.595222 0.231348 0.594535 0.230544 0.593371 0.229750 0.591284 0.228788 0.589348 0.228291 0.588178 0.228454 0.587168 0.229083 0.585111 0.238185 0.584924 0.239126
0 0.524530 0.458708 0.524829 0.459941 0.525454 0.460926 0.526309 0.461513 0.529802 0.463831 0.534186 0.464498 0.535139 0.464597 0.535158 0.464596 0.535454 0.464572 0.536365 0.464169 0.537091 0.463325 0.537524 0.462168 0.538893 0.457102 0.539728 0.451500 0.539802 0.450207 0.539504 0.448973 0.538881 0.447986 0.538027 0.447396 0.533939 0.445159 0.530139 0.444378 0.529181 0.444275 0.528881 0.444349 0.527970 0.444749 0.527242 0.445591 0.526102 0.448543 0.524841 0.451907 0.524629 0.455671
0 0.567244 0.562633 0.572066 0.604616 0.572398 0.605098 0.573630 0.604846 0.587667 0.591609 0.585150 0.569699 0.584760 0.569379 0.568470 0.562382
0 0.622087 0.419009 0.622102 0.419122 0.622358 0.419303 0.622815 0.419525 0.623405 0.419752 0.644163 0.427011 0.644799 0.427212 0.645390 0.427357 0.645844 0.427425 0.646094 0.427404 0.650291 0.406064 0.650301 0.405939 0.650066 0.405748 0.649620 0.405519 0.646795 0.404336 0.630735 0.398721 0.627542 0.397799 0.626959 0.397668 0.626517 0.397622 0.626285 0.397669
0 0.503676 0.581145 0.514747 0.597775 0.515632 0.598950 0.519769 0.604441 0.520656 0.605618 0.521029 0.605207 0.521742 0.604317 0.522686 0.603082 0.523716 0.601693 0.524673 0.600364 0.525409 0.599300 0.525813 0.598663 0.525824 0.598548 0.519923 0.590725 0.507426 0.576084 0.507176 0.576418 0.506680 0.577085 0.506014 0.577982 0.505574 0.578575 0.504999 0.579351 0.504583 0.579913 0.504035 0.580655 0.503716 0.581088
0 0.424243 0.401828 0.425453 0.412226 0.429847 0.412265 0.433757 0.411485 0.433908 0.404479 0.433134 0.388958 0.432948 0.387216 0.424699 0.387952
0 0.486475 0.588976 0.487077 0.590978 0.488208 0.592520 0.489696 0.593367 0.491313 0.593391 0.492815 0.592588 0.493971 0.591080 0.494607 0.589096 0.494616 0.588943 0.494634 0.586790 0.494032 0.584791 0.492903 0.583252 0.491418 0.582406 0.489803 0.582383 0.488304 0.583184 0.487150 0.584690 0.486515 0.586670 0.486492 0.586820
0 0.450832 0.536519 0.451481 0.558613 0.468052 0.557747 0.468180 0.557516 0.467534 0.535510 0.451029 0.536372
0 0.550544 0.609313 0.552869 0.619901 0.553605 0.621573 0.561656 0.618430 0.563255 0.614533 0.567350 0.604551 0.564992 0.593816 0.564100 0.592526 0.556159 0.595626
0 0.490389 0.498184 0.490594 0.500737 0.490937 0.500971 0.491579 0.501322 0.492422 0.501736 0.493338 0.502151 0.494190 0.502503 0.494848 0.502741 0.495212 0.502827 0.496545 0.500971 0.496811 0.499927 0.502979 0.468998 0.502995 0.468915 0.502776 0.468733 0.502355 0.468478 0.501795 0.468190 0.501182 0.467912 0.500611 0.467688 0.500168 0.467552 0.499921 0.467524 0.490667 0.497025 0.490400 0.498071
0 0.520276 0.466847 0.568241 0.479866 0.568984 0.479889 0.572206 0.458199 0.524058 0.444920 0.523513 0.445057
0 0.371032 0.665117 0.378482 0.670145 0.379871 0.668200 0.399909 0.639786 0.400655 0.637822 0.399363 0.635224 0.398995 0.634748 0.398352 0.634163 0.397531 0.633556 0.390150 0.628574 0.389273 0.628036 0.388472 0.627646 0.387866 0.627464 0.387549 0.627518 0.385927 0.627882 0.384608 0.629360
0 0.548842 0.502241 0.553551 0.527897 0.555675 0.529579 0.556648 0.530096 0.556714 0.530131 0.559988 0.529063 0.566537 0.526926 0.569811 0.525857 0.571214 0.523194 0.566394 0.496939 0.566085 0.496953 0.565175 0.496995 0.564877 0.497009 0.561670 0.498055
