0 0.633348 0.572045 0.633961 0.572376 0.681933 0.589995 0.686337 0.568674 0.685485 0.568361 0.637733 0.550822
0 0.594582 0.340395 0.609476 0.349922 0.609916 0.349319 0.617091 0.329380 0.602136 0.319815 0.601727 0.320536
0 0.414399 0.214433 0.414590 0.216574 0.414737 0.217061 0.415527 0.218938 0.416795 0.220270 0.418349 0.220853 0.419952 0.220598 0.421360 0.219545 0.422359 0.217854 0.422796 0.215781 0.422605 0.213644 0.422472 0.213151 0.421681 0.211270 0.420410 0.209937 0.418853 0.209353 0.417247 0.209608 0.415837 0.210663 0.414837 0.212357
0 0.435502 0.661182 0.449403 0.673247 0.458451 0.654713 0.458641 0.654006 0.444804 0.641996 0.435797 0.660445
0 0.517252 0.311356 0.517433 0.312997 0.517568 0.313384 0.518659 0.315900 0.519250 0.316081 0.520233 0.316100 0.521460 0.315955 0.522741 0.315667 0.523880 0.315281 0.524700 0.314856 0.525079 0.314457 0.525602 0.311579 0.525425 0.309934 0.525274 0.309553 0.523447 0.307660 0.523000 0.307534 0.522261 0.307527 0.521345 0.307639 0.520388 0.307854 0.519537 0.308139 0.518918 0.308451 0.518627 0.308743
0 0.406051 0.541776 0.438409 0.551995 0.438691 0.551757 0.442506 0.530284 0.410296 0.520112 0.409883 0.520204
0 0.441870 0.753752 0.441998 0.754198 0.442313 0.754750 0.442768 0.755324 0.443291 0.755830 0.443805 0.756193 0.444228 0.756356 0.444498 0.756295 0.459752 0.732364 0.460235 0.731488 0.460358 0.730981 0.460710 0.728549 0.460494 0.727911 0.460004 0.727110 0.459316 0.726267 0.458533 0.725509 0.457773 0.724951 0.457151 0.724678 0.456761 0.724730 0.455095 0.725891 0.454614 0.726766 0.441947 0.753479
0 0.683370 0.607109 0.684374 0.611224 0.686498 0.614539 0.686582 0.614609 0.686964 0.614927 0.687960 0.615612 0.689506 0.616621 0.692786 0.617020 0.695921 0.615745 0.697995 0.614240 0.698851 0.613300 0.699364 0.611999 0.699940 0.609166 0.700209 0.604865 0.699202 0.600741 0.698210 0.598821 0.697484 0.597691 0.696487 0.597008 0.694142 0.595416 0.694053 0.595359 0.690775 0.594967 0.687646 0.596248 0.685141 0.599005 0.683640 0.602818
0 0.281956 0.748798 0.282616 0.770895 0.332335 0.768254 0.333102 0.767027 0.332444 0.745031 0.282953 0.747661
0 0.648407 0.347307 0.649249 0.350204 0.649963 0.351452 0.650247 0.351841 0.650859 0.352276 0.651707 0.352692 0.652660 0.353024 0.653574 0.353221 0.654307 0.353254 0.657408 0.352518 0.663071 0.326762 0.661097 0.321451 0.653015 0.319159 0.652558 0.321290
