0 0.569204 0.478514 0.569581 0.484047 0.569677 0.485334 0.570136 0.486475 0.570887 0.487295 0.571816 0.487669 0.575708 0.489054 0.580069 0.488739 0.581035 0.488611 0.581233 0.488583 0.582090 0.487970 0.582707 0.486966 0.582988 0.485724 0.583806 0.480337 0.583793 0.474693 0.583696 0.473402 0.583236 0.472259 0.582484 0.471437 0.581552 0.471062 0.577287 0.469772 0.573279 0.469989 0.572311 0.470118 0.572134 0.470191 0.571279 0.470802 0.570664 0.471804 0.570384 0.473043
0 0.421616 0.467800 0.421756 0.468706 0.422143 0.470300 0.422497 0.471552 0.423492 0.474669 0.423911 0.475843 0.424475 0.477229 0.424831 0.477881 0.427713 0.476410 0.440220 0.469400 0.441215 0.466450 0.441184 0.466149 0.441010 0.465429 0.440720 0.464400 0.440359 0.463219 0.439980 0.462062 0.439640 0.461106 0.439392 0.460494 0.439273 0.460321 0.436982 0.459187 0.427276 0.464528 0.425908 0.465297 0.421781 0.467631
0 0.406808 0.412232 0.407256 0.414303 0.408265 0.415988 0.408423 0.416132 0.409836 0.417172 0.411440 0.417412 0.412991 0.416815 0.414253 0.415472 0.415033 0.413588 0.415212 0.411449 0.414765 0.409381 0.413758 0.407700 0.413609 0.407541 0.412194 0.406499 0.410587 0.406259 0.409033 0.406856 0.407770 0.408202 0.406988 0.410089
0 0.535410 0.486599 0.535424 0.487666 0.535455 0.488373 0.535499 0.488611 0.537213 0.493165 0.547197 0.493377 0.547679 0.485414 0.547868 0.469596 0.547572 0.462000 0.537588 0.461787 0.535766 0.466266 0.535716 0.466564 0.535667 0.467321 0.535628 0.468421 0.535603 0.469699 0.535416 0.485333
0 0.411083 0.485023 0.411098 0.485784 0.411150 0.486543 0.411226 0.487094 0.414437 0.495983 0.416092 0.495859 0.418498 0.486548 0.418520 0.485989 0.418504 0.485230 0.418454 0.484473 0.418383 0.483921 0.418310 0.483722 0.416235 0.479709 0.415608 0.479716 0.412866 0.479921 0.411170 0.484255 0.411110 0.484463
0 0.515208 0.463790 0.515762 0.466751 0.515902 0.466929 0.516340 0.467349 0.517009 0.467944 0.517809 0.468627 0.524813 0.474497 0.525624 0.475165 0.526325 0.475718 0.526811 0.476074 0.527007 0.476177 0.529184 0.475504 0.529521 0.475221 0.545518 0.441291 0.538449 0.435366 0.516272 0.461487 0.515384 0.463372
0 0.537821 0.417458 0.537880 0.418496 0.538153 0.419679 0.538598 0.420828 0.539149 0.421768 0.539721 0.422359 0.541427 0.423353 0.542276 0.423605 0.543278 0.422944 0.543894 0.422422 0.545128 0.420409 0.545358 0.419431 0.545288 0.418043 0.544928 0.416458 0.544331 0.414920 0.543591 0.413664 0.542821 0.412885 0.542139 0.412700 0.540153 0.412773 0.539148 0.413428 0.538541 0.413970 0.538266 0.415201
0 0.567742 0.616308 0.568053 0.616842 0.575077 0.622718 0.579484 0.613354 0.579121 0.612835 0.572129 0.606986
0 0.533814 0.395823 0.539511 0.409408 0.540855 0.411753 0.540983 0.411938 0.541456 0.412232 0.542200 0.412589 0.543103 0.412957 0.544028 0.413279 0.544837 0.413507 0.545406 0.413606 0.545648 0.413561 0.547453 0.412403 0.548002 0.411390 0.550728 0.398536 0.534660 0.392476 0.534264 0.393705
0 0.550178 0.395597 0.557739 0.400009 0.558542 0.398619 0.561897 0.388396 0.554231 0.383923 0.553487 0.385515
0 0.617281 0.502281 0.626372 0.520654 0.626952 0.520748 0.633874 0.514660 0.624741 0.496203 0.624171 0.496220
0 0.549470 0.503024 0.565109 0.510235 0.565409 0.510282 0.568126 0.499808 0.552415 0.492563 0.552174 0.492597
0 0.627135 0.349102 0.628056 0.353198 0.630105 0.356511 0.632971 0.358537 0.636219 0.358966 0.639353 0.357731 0.641896 0.355020 0.641955 0.354903 0.643263 0.351867 0.643796 0.350580 0.643913 0.349128 0.643864 0.346861 0.642938 0.342759 0.640882 0.339446 0.639249 0.337528 0.638271 0.336840 0.637165 0.336697 0.634763 0.337003 0.631632 0.338242 0.629093 0.340953 0.628293 0.342877 0.627761 0.344161 0.627582 0.344601 0.627482 0.344847
0 0.413786 0.396746 0.413839 0.397324 0.413999 0.398285 0.414241 0.399484 0.418857 0.420828 0.421165 0.431500 0.421451 0.432743 0.421734 0.433831 0.421971 0.434598 0.422127 0.434927 0.424714 0.436766 0.434231 0.433107 0.425084 0.390809 0.424219 0.389547 0.421010 0.390780 0.414591 0.393248
