0 0.462463 0.591530 0.470848 0.591875 0.479493 0.581040 0.479774 0.579926 0.480029 0.568899 0.471759 0.568558 0.463234 0.579244 0.462722 0.580349
0 0.490159 0.375599 0.490204 0.376167 0.548723 0.482717 0.548946 0.482638 0.562326 0.469574 0.503539 0.362535
0 0.463690 0.430040 0.463856 0.430361 0.472035 0.432030 0.474538 0.410219 0.474421 0.409806 0.466204 0.408130
0 0.478459 0.334002 0.478575 0.334254 0.478869 0.334679 0.479295 0.335213 0.483011 0.339439 0.489408 0.346393 0.499839 0.329334 0.499838 0.328550 0.490187 0.317862 0.489697 0.317358 0.489285 0.316996 0.489014 0.316829 0.488926 0.316884 0.486191 0.319610 0.481480 0.327313 0.479910 0.329881
0 0.521432 0.537711 0.521530 0.537884 0.536780 0.546575 0.543297 0.526242 0.543099 0.526122 0.527920 0.517472
0 0.477746 0.411598 0.478001 0.412608 0.492592 0.422901 0.501856 0.399554 0.501875 0.398511 0.501224 0.395863 0.501058 0.395607 0.500581 0.395153 0.499865 0.394569 0.499019 0.393945 0.491656 0.388751 0.490813 0.388184 0.490104 0.387763 0.489637 0.387551 0.489483 0.387581 0.487132 0.388111 0.479308 0.407662
0 0.454359 0.448362 0.460069 0.456484 0.460525 0.456981 0.467751 0.447949 0.467717 0.444426 0.467545 0.444168 0.467138 0.443579 0.466559 0.442748 0.465897 0.441803 0.465252 0.440888 0.464724 0.440145 0.464394 0.439686 0.464311 0.439581 0.461668 0.439226
0 0.443957 0.485899 0.444933 0.487686 0.447862 0.493048 0.448839 0.494836 0.449043 0.494856 0.462395 0.481891 0.457533 0.472990 0.457460 0.472943 0.457362 0.472881
0 0.516721 0.615535 0.517405 0.618388 0.517759 0.619789 0.518485 0.620904 0.519892 0.622921 0.522795 0.624856 0.526026 0.625156 0.528080 0.624399 0.529124 0.623928 0.529952 0.622957 0.531524 0.620922 0.532954 0.617035 0.533161 0.612707 0.532514 0.610106 0.532159 0.608706 0.532109 0.608573 0.529975 0.605308 0.527076 0.603382 0.523852 0.603085 0.520794 0.604464 0.518365 0.607307 0.516936 0.611184 0.516722 0.615507
0 0.581616 0.618639 0.582560 0.620010 0.596911 0.631393 0.602034 0.619912 0.600922 0.616070 0.600626 0.615788 0.600051 0.615292 0.599285 0.614657 0.598442 0.613979 0.591332 0.608340 0.590540 0.607721 0.589915 0.607251 0.589552 0.607004 0.586680 0.607289
0 0.543798 0.612810 0.543945 0.613183 0.544249 0.613947 0.544663 0.614986 0.545124 0.616142 0.549473 0.627040 0.549816 0.627898 0.550014 0.628391 0.550037 0.628444 0.552677 0.630041 0.561522 0.623766 0.553679 0.604110 0.553065 0.602921 0.544321 0.609124
0 0.450368 0.429521 0.454464 0.440685 0.454726 0.441108 0.456544 0.442593 0.457132 0.442511 0.458013 0.442027 0.459051 0.441215 0.460091 0.440197 0.460976 0.439126 0.461573 0.438164 0.461791 0.437456 0.461280 0.434691 0.461033 0.434254 0.454299 0.425673 0.453854 0.425714 0.453188 0.426062 0.452403 0.426667 0.451619 0.427434 0.450957 0.428247 0.450518 0.428980
0 0.596385 0.587724 0.597888 0.593247 0.598229 0.594459 0.598891 0.595405 0.598905 0.595419 0.599133 0.595639 0.600019 0.596176 0.600991 0.596220 0.604937 0.595913 0.609194 0.594433 0.610106 0.593978 0.610817 0.593093 0.611220 0.591912 0.611253 0.590615 0.610927 0.584805 0.609913 0.579678 0.609571 0.578463 0.608907 0.577514 0.608642 0.577325 0.607758 0.576789 0.606788 0.576745 0.602361 0.576642 0.599716 0.577963 0.597696 0.578982 0.596986 0.579865 0.596584 0.581043 0.596482 0.583960
