0 0.225990 0.476654 0.229121 0.476921 0.269030 0.479617 0.272265 0.431726 0.263505 0.422262 0.262275 0.422097 0.259392 0.421833 0.255292 0.421510 0.250604 0.421177 0.246046 0.420885 0.242321 0.420680 0.239995 0.420592 0.239422 0.420635 0.229262 0.428209
0 0.126673 0.560687 0.175025 0.565112 0.178739 0.564368 0.186140 0.557505 0.186637 0.556515 0.187224 0.553853 0.187813 0.549926 0.188314 0.545329 0.188652 0.540756 0.188776 0.536897 0.188666 0.534336 0.188339 0.533467 0.182385 0.524534 0.134584 0.520160 0.130360 0.520393
0 0.462219 0.721788 0.469201 0.740397 0.503728 0.757123 0.558228 0.740447 0.577793 0.707171 0.572153 0.688150 0.537073 0.671543 0.497690 0.683593 0.482314 0.688298
0 0.505707 0.769760 0.505745 0.771038 0.505841 0.773971 0.505978 0.778112 0.506137 0.782828 0.508072 0.840023 0.508227 0.844575 0.508354 0.848248 0.508433 0.850482 0.508453 0.850938 0.517573 0.867056 0.565936 0.865420 0.565505 0.839689 0.564960 0.823553 0.563561 0.782224 0.562079 0.751426 0.513716 0.753062
0 0.235884 0.531218 0.252867 0.568047 0.306679 0.587894 0.309330 0.586689 0.345654 0.569939 0.328905 0.533615 0.314002 0.528118 0.275831 0.514040 0.272714 0.514235
0 0.850063 0.748095 0.859438 0.764065 0.860696 0.764904 0.863331 0.766596 0.866942 0.768884 0.870978 0.771418 0.919498 0.801761 0.923325 0.804144 0.926343 0.806002 0.928091 0.807051 0.928305 0.807133 0.946768 0.808572 0.972426 0.767544 0.951932 0.754498 0.903182 0.724011 0.875721 0.707066
0 0.245117 0.376899 0.245947 0.377093 0.247861 0.377430 0.250565 0.377857 0.253651 0.378310 0.356987 0.392987 0.360004 0.393400 0.362515 0.393714 0.364138 0.393880 0.364625 0.393872 0.375941 0.314201 0.375225 0.313951 0.373401 0.313566 0.370748 0.313105 0.367669 0.312638 0.263857 0.297894 0.260843 0.297495 0.258374 0.297229 0.256825 0.297135 0.256433 0.297227
0 0.723808 0.027171 0.724298 0.027712 0.787198 0.074016 0.788425 0.073584 0.790154 0.072205 0.792121 0.070089 0.855343 0.000000 0.747534 0.000000 0.732321 0.010955 0.725076 0.023520 0.724082 0.025698
0 0.754733 0.712812 0.755016 0.713982 0.805525 0.770348 0.806756 0.770743 0.808710 0.770259 0.811087 0.768969 0.813526 0.767069 0.891078 0.697083 0.893191 0.694875 0.894642 0.692710 0.895210 0.690919 0.894810 0.689774 0.844819 0.632940 0.843549 0.632661 0.841564 0.633246 0.839166 0.634604 0.826716 0.643703 0.767047 0.697551 0.756924 0.708823 0.755404 0.711000
0 0.255669 0.333974 0.314980 0.387557 0.315813 0.387530 0.317350 0.386595 0.319356 0.384893 0.321526 0.382683 0.392367 0.304744 0.394356 0.302379 0.395846 0.300233 0.396612 0.298635 0.396537 0.297828 0.337705 0.243720 0.336848 0.243871 0.335292 0.244913 0.333274 0.246687 0.322356 0.257512 0.267850 0.317479 0.258147 0.329341 0.256586 0.331505 0.255715 0.333132
0 0.800589 0.238727 0.800835 0.239291 0.802062 0.240438 0.804082 0.241992 0.806587 0.243719 0.893494 0.300843 0.896121 0.302490 0.898488 0.303819 0.900235 0.304627 0.901096 0.304791 0.945138 0.237786 0.945019 0.237220 0.943895 0.236068 0.941938 0.234505 0.939445 0.232769 0.852139 0.175383 0.849507 0.173751 0.847156 0.172482 0.845444 0.171770 0.844631 0.171723
0 0.780274 0.215728 0.782164 0.218146 0.786038 0.220961 0.791306 0.223739 0.797160 0.226054 0.802698 0.227550 0.807069 0.227996 0.809607 0.227328 0.817008 0.219993 0.819276 0.214587 0.819662 0.212517 0.815457 0.202368 0.814002 0.200573 0.811079 0.198485 0.807134 0.196422 0.802764 0.194694 0.798628 0.193562 0.795352 0.193198 0.793433 0.193658 0.783004 0.198020 0.780763 0.203425 0.780296 0.205475
0 0.299592 0.277696 0.300139 0.285513 0.303638 0.292525 0.303975 0.292882 0.309880 0.298013 0.317298 0.300493 0.325102 0.299947 0.332102 0.296455 0.337234 0.290550 0.339714 0.283131 0.339167 0.275328 0.335675 0.268328 0.335392 0.267929 0.329478 0.262789 0.322046 0.260304 0.314229 0.260851 0.307217 0.264350 0.302076 0.270264
0 0.119859 0.233458 0.121067 0.241200 0.125147 0.247890 0.131476 0.252511 0.132109 0.252936 0.139712 0.254779 0.147442 0.253573 0.154120 0.249500 0.158733 0.243182 0.160575 0.235579 0.159369 0.227850 0.155296 0.221172 0.154703 0.220692 0.148374 0.216071 0.140758 0.214225 0.133016 0.215433 0.126326 0.219513 0.121705 0.225842
0 0.566405 0.794938 0.568080 0.802583 0.568197 0.803104 0.572678 0.809538 0.579279 0.813765 0.586996 0.815147 0.594654 0.813469 0.601087 0.808988 0.605315 0.802387 0.606697 0.794670 0.605018 0.787012 0.604838 0.786518 0.600365 0.780096 0.593775 0.775875 0.586072 0.774497 0.578427 0.776172 0.572004 0.780644 0.567784 0.787234
0 0.912911 0.633002 0.913955 0.634443 0.916617 0.637339 0.920492 0.641250 0.924995 0.645584 0.929449 0.649690 0.933183 0.652951 0.935630 0.654869 0.936413 0.655148 0.946339 0.650669 0.950528 0.646316 0.950568 0.634612 0.949829 0.633528 0.947853 0.631341 0.944939 0.628382 0.941535 0.625105 0.938164 0.622015 0.935343 0.619585 0.933502 0.618186 0.932918 0.618026 0.921124 0.618659 0.916945 0.623001
0 0.598573 0.341352 0.613528 0.382370 0.614861 0.385610 0.628491 0.415680 0.628666 0.416013 0.634787 0.413818 0.644619 0.409932 0.652099 0.406829 0.659145 0.403766 0.662449 0.402236 0.665878 0.400299 0.667377 0.328497 0.666912 0.326775 0.665608 0.324582 0.663662 0.322252 0.661373 0.320143 0.659091 0.318577 0.657165 0.317792 0.655889 0.317909 0.624572 0.320961 0.623309 0.321151 0.620539 0.322022 0.616681 0.323444 0.612327 0.325198 0.608146 0.327016 0.604779 0.328618 0.602741 0.329759 0.602338 0.330267 0.598823 0.340517
0 0.363447 0.728690 0.369608 0.738695 0.370775 0.739274 0.373570 0.740120 0.377569 0.741103 0.382160 0.742074 0.386637 0.742883 0.390313 0.743405 0.392626 0.743562 0.393228 0.743331 0.402812 0.736426 0.416444 0.673776 0.418839 0.657785 0.418042 0.657074 0.412835 0.655626 0.404402 0.653812 0.391488 0.651244 0.383410 0.649775 0.379294 0.649370 0.374830 0.670827 0.369950 0.694796
0 0.403874 0.853259 0.405698 0.883905 0.405840 0.885350 0.406966 0.887261 0.408906 0.889345 0.411364 0.891285 0.413963 0.892782 0.416306 0.893608 0.418035 0.893638 0.488885 0.881332 0.490039 0.876959 0.490947 0.873223 0.492762 0.865546 0.494599 0.857607 0.496896 0.847447 0.498189 0.841441 0.479049 0.836323 0.466024 0.832959 0.462609 0.832161 0.419689 0.823951 0.409414 0.829644 0.409059 0.830395 0.408335 0.832833 0.407352 0.836591 0.406259 0.841096 0.405225 0.845656 0.404409 0.849571 0.403935 0.852239
0 0.057408 0.185776 0.057687 0.190394 0.058214 0.194242 0.058906 0.196731 0.059659 0.197488 0.067229 0.204247 0.068865 0.205218 0.112378 0.206428 0.115871 0.206383 0.129678 0.205860 0.149585 0.204959 0.150429 0.198739 0.150724 0.188290 0.150518 0.180153 0.149912 0.172310 0.149348 0.168510 0.147740 0.164122 0.082818 0.136745 0.080806 0.136432 0.078115 0.136756 0.075157 0.137670 0.072385 0.139032 0.070223 0.140635 0.069000 0.142233 0.058263 0.174326 0.057720 0.177074 0.057420 0.181096
0 0.021330 0.882188 0.075155 0.931298 0.076409 0.932264 0.078673 0.932888 0.081604 0.933074 0.084752 0.932793 0.087636 0.932088 0.089814 0.931069 0.090956 0.929890 0.108240 0.905472 0.108739 0.904544 0.109810 0.902024 0.111289 0.898299 0.112952 0.893935 0.114548 0.889589 0.115837 0.885917 0.116622 0.883475 0.116784 0.882637 0.111570 0.872190 0.071061 0.855552 0.067758 0.854350 0.055259 0.849974 0.036521 0.843748 0.035768 0.844333 0.033233 0.849095 0.030743 0.854606 0.027234 0.863706 0.023791 0.873508 0.022076 0.878968
0 0.275837 0.190325 0.307626 0.214710 0.311396 0.210657 0.345813 0.165746 0.361818 0.140499 0.329817 0.115951 0.307003 0.139741
0 0.562262 0.597561 0.617241 0.618473 0.648490 0.628907 0.662074 0.590933 0.634262 0.580716 0.580989 0.561656 0.575756 0.559837
0 0.847991 0.537386 0.848253 0.538332 0.852852 0.547748 0.883355 0.595388 0.887787 0.596491 0.895692 0.598225 0.913027 0.519178 0.865599 0.508777 0.861421 0.508677 0.853424 0.514755 0.852762 0.515631 0.851809 0.518163 0.850711 0.521962 0.849633 0.526452 0.848738 0.530957 0.848162 0.534795
