0 0.661339 0.437628 0.664349 0.449726 0.664596 0.449874 0.665191 0.449921 0.666043 0.449860 0.667022 0.449701 0.667979 0.449468 0.668766 0.449196 0.669263 0.448927 0.669393 0.448702 0.669762 0.435890 0.668631 0.433347 0.668294 0.433179 0.667496 0.433143 0.666362 0.433244 0.665062 0.433467 0.663792 0.433777 0.662744 0.434127 0.662076 0.434466 0.661890 0.434742
0 0.541843 0.393234 0.551962 0.457883 0.568124 0.453385 0.568437 0.453171 0.558271 0.388226 0.542035 0.392744
0 0.436331 0.603135 0.448418 0.618278 0.482490 0.569928 0.482570 0.569608 0.470538 0.554534 0.436622 0.602664
0 0.574120 0.545648 0.574163 0.545869 0.577296 0.547674 0.579749 0.548212 0.587105 0.549824 0.590510 0.549452 0.590608 0.549344 0.590734 0.548921 0.590866 0.548246 0.591772 0.542033 0.593139 0.531104 0.592722 0.530884 0.576388 0.527304 0.574269 0.543553 0.574178 0.544395 0.574126 0.545131
0 0.392411 0.645789 0.392551 0.668659 0.393116 0.670137 0.421557 0.650790 0.421915 0.650100 0.421353 0.648630 0.410794 0.638248 0.407610 0.635118 0.392903 0.645123
0 0.584227 0.264885 0.584288 0.265188 0.585458 0.265730 0.592087 0.268799 0.608013 0.274663 0.608231 0.274362 0.608559 0.273573 0.608947 0.272415 0.609335 0.271064 0.609532 0.270266 0.609753 0.269280 0.609884 0.268613 0.609961 0.267890 0.609882 0.267667 0.594648 0.259084 0.588007 0.256003 0.586834 0.255459 0.586575 0.255915 0.586162 0.257038 0.585660 0.258657 0.585143 0.260525 0.584690 0.262362 0.584368 0.263892
0 0.613662 0.488465 0.614267 0.490461 0.615398 0.491996 0.616884 0.492837 0.618499 0.492857 0.618703 0.492844 0.620202 0.492037 0.621356 0.490525 0.621988 0.488541 0.622002 0.486384 0.621396 0.484385 0.620263 0.482847 0.618775 0.482004 0.617157 0.481985 0.616956 0.482016 0.615459 0.482822 0.614307 0.484331 0.613677 0.486312
0 0.601683 0.527193 0.601770 0.538226 0.610132 0.549143 0.611667 0.549827 0.620057 0.549710 0.619969 0.538523 0.611491 0.527453 0.609958 0.527077
0 0.390371 0.388067 0.391624 0.389347 0.408109 0.390569 0.408659 0.377381 0.406574 0.374205 0.406261 0.374024 0.405615 0.373843 0.404735 0.373688 0.403755 0.373584 0.395437 0.372968 0.394509 0.372930 0.393780 0.372965 0.393359 0.373068 0.390927 0.374727
0 0.473185 0.250120 0.473281 0.250803 0.473504 0.251596 0.474999 0.255608 0.483841 0.274321 0.485691 0.277387 0.486048 0.277824 0.486345 0.277973 0.499961 0.267883 0.500163 0.267715 0.500231 0.267262 0.500154 0.266593 0.499944 0.265809 0.499633 0.265031 0.488141 0.240710 0.487778 0.240061 0.487421 0.239644 0.487124 0.239522 0.473411 0.249464 0.473230 0.249649
0 0.320386 0.550623 0.322243 0.553504 0.322546 0.553833 0.323166 0.554276 0.324007 0.554765 0.324941 0.555226 0.325824 0.555586 0.326521 0.555793 0.326925 0.555813 0.330100 0.554143 0.333789 0.541885 0.326128 0.537786 0.322060 0.538670 0.321431 0.540761
0 0.460855 0.747418 0.460932 0.748004 0.461016 0.748591 0.461105 0.749169 0.461197 0.749729 0.461291 0.750265 0.465672 0.774407 0.481858 0.769818 0.481858 0.768946 0.477625 0.742407 0.477533 0.741846 0.477443 0.741319 0.477353 0.740829 0.477266 0.740383 0.477183 0.739990 0.461019 0.744573 0.460893 0.746750
0 0.418303 0.232831 0.419237 0.235885 0.425915 0.242356 0.431738 0.231671 0.431040 0.226924 0.430795 0.226414 0.430280 0.225683 0.429572 0.224842 0.428779 0.224020 0.428025 0.223343 0.427423 0.222915 0.427067 0.222802 0.424194 0.222023
0 0.692283 0.478891 0.693785 0.479805 0.713734 0.479852 0.716206 0.479619 0.717623 0.478441 0.718092 0.477761 0.718593 0.476761 0.719048 0.475595 0.719387 0.474441 0.719559 0.473478 0.719674 0.469491 0.701444 0.458391 0.699142 0.458866
0 0.638135 0.304188 0.638873 0.308369 0.640754 0.311855 0.643493 0.314116 0.646672 0.314807 0.649807 0.313824 0.652422 0.311315 0.653034 0.310558 0.654736 0.306891 0.655080 0.304081 0.655005 0.301210 0.654516 0.298438 0.652628 0.294938 0.649878 0.292668 0.647770 0.292210 0.645617 0.292310 0.643538 0.292962 0.640913 0.295480 0.640349 0.296298 0.638654 0.299950 0.638311 0.302749
0 0.519407 0.274166 0.519718 0.276088 0.519840 0.276540 0.520239 0.277237 0.520854 0.278072 0.521591 0.278920 0.522340 0.279651 0.522987 0.280157 0.523435 0.280359 0.525864 0.281025 0.532036 0.270694 0.532786 0.265330 0.526178 0.258311 0.519861 0.268883
0 0.629966 0.823189 0.631825 0.826919 0.632040 0.827188 0.632571 0.827661 0.633338 0.828268 0.634225 0.828915 0.635098 0.829506 0.635825 0.829952 0.636295 0.830183 0.638989 0.831121 0.639135 0.831103 0.642580 0.830482 0.655154 0.793190 0.647898 0.787689 0.645125 0.787234 0.630665 0.821144
0 0.325106 0.599421 0.339548 0.618397 0.342306 0.618097 0.344484 0.616466 0.345197 0.615932 0.354489 0.603360 0.354805 0.600011 0.340693 0.581469 0.339961 0.581843 0.337725 0.582986 0.336966 0.583375 0.334594 0.586584
0 0.579392 0.651156 0.579758 0.651852 0.655341 0.698009 0.662265 0.677854 0.661521 0.677038 0.586284 0.631093
