0 0.289350 0.592970 0.289618 0.594156 0.290770 0.596156 0.292405 0.598333 0.293554 0.599560 0.294541 0.600301 0.294939 0.600368 0.309967 0.594092 0.310095 0.593867 0.310311 0.593367 0.310581 0.592668 0.310864 0.591876 0.311117 0.591115 0.311301 0.590498 0.311388 0.590122 0.311366 0.590042 0.307591 0.581033 0.307058 0.580085 0.306405 0.579122 0.305729 0.578288 0.305133 0.577711 0.304708 0.577478 0.302511 0.577427 0.301990 0.577613 0.299729 0.580152 0.295411 0.585008 0.294859 0.585646 0.289570 0.591971
0 0.530660 0.454846 0.558781 0.474591 0.559051 0.474474 0.559631 0.473007 0.559992 0.450141 0.545316 0.439837 0.531380 0.453171 0.531237 0.453386
0 0.707339 0.331862 0.707392 0.333088 0.708034 0.338139 0.716289 0.338161 0.719297 0.335911 0.719366 0.291271 0.710996 0.291248 0.708102 0.294111 0.707603 0.296139 0.707447 0.297367 0.707390 0.298690 0.707373 0.309747
0 0.465712 0.432898 0.466254 0.437152 0.467391 0.439564 0.467976 0.440804 0.468050 0.440940 0.468997 0.441886 0.470733 0.443528 0.473875 0.444484 0.477052 0.443763 0.478854 0.442253 0.479746 0.441376 0.480414 0.440286 0.481646 0.437972 0.482363 0.433782 0.481822 0.429546 0.481749 0.429263 0.480612 0.426850 0.480027 0.425610 0.479131 0.424762 0.477388 0.423113 0.474233 0.422154 0.471043 0.422877 0.469234 0.424393 0.468304 0.425173 0.467668 0.426368 0.466432 0.428692
0 0.558316 0.377429 0.572933 0.387924 0.574064 0.388619 0.579347 0.391863 0.580480 0.392558 0.580530 0.392483 0.580814 0.391735 0.581288 0.390433 0.581882 0.388771 0.582505 0.387001 0.583064 0.385388 0.583475 0.384176 0.583674 0.383549 0.577256 0.379615 0.576124 0.378922 0.560618 0.370937 0.560554 0.370961 0.560324 0.371477 0.559962 0.372406 0.559701 0.373126 0.559345 0.374128 0.559078 0.374900 0.558692 0.376079 0.558424 0.376967
0 0.276127 0.462639 0.276158 0.463853 0.276280 0.464799 0.276472 0.465332 0.278173 0.466567 0.278482 0.466620 0.279324 0.466695 0.303725 0.466682 0.303863 0.466378 0.303985 0.465791 0.304074 0.465009 0.304117 0.464152 0.304105 0.463349 0.304043 0.462722 0.303937 0.462366 0.303806 0.462336 0.279443 0.457978 0.278599 0.457902 0.276792 0.458834 0.276551 0.459283 0.276340 0.460164 0.276191 0.461343
0 0.389005 0.665936 0.401173 0.679941 0.401309 0.680051 0.401597 0.679893 0.401995 0.679492 0.402441 0.678907 0.404652 0.675563 0.414717 0.657983 0.416313 0.654676 0.416527 0.654106 0.416578 0.653725 0.404341 0.639895 0.404210 0.639751 0.403925 0.639874 0.403530 0.640246 0.403085 0.640811 0.402658 0.641481 0.389578 0.664331 0.389237 0.665001 0.389036 0.665565
0 0.393282 0.512388 0.394878 0.513040 0.396080 0.512891 0.406391 0.505589 0.408026 0.504193 0.408202 0.503946 0.408463 0.503255 0.408767 0.502226 0.409069 0.501014 0.409323 0.499803 0.409492 0.498775 0.409548 0.498087 0.408808 0.495065 0.399336 0.491197 0.398172 0.491095
0 0.545171 0.281620 0.545532 0.283211 0.546928 0.285522 0.547165 0.285758 0.547853 0.285754 0.548887 0.285510 0.550110 0.285062 0.551333 0.284479 0.552369 0.283850 0.553058 0.283274 0.553295 0.282837 0.553499 0.279845 0.553142 0.278249 0.552832 0.277969 0.550854 0.276495 0.550335 0.276509 0.549560 0.276700 0.548647 0.277038 0.547733 0.277473 0.546958 0.277940 0.546437 0.278366 0.546251 0.278688
0 0.406650 0.266141 0.408432 0.288077 0.408837 0.288529 0.429068 0.285607 0.429500 0.285538 0.429914 0.285453 0.430309 0.285354 0.430678 0.285242 0.431015 0.285120 0.429592 0.267596 0.429236 0.263214 0.428251 0.261814 0.427985 0.261436 0.427561 0.261447 0.427128 0.261479 0.426693 0.261531 0.426263 0.261601 0.425840 0.261690
0 0.573007 0.579301 0.579836 0.599344 0.581704 0.601668 0.600164 0.590486 0.600768 0.587299 0.599374 0.583206 0.596585 0.575021 0.595190 0.570928 0.595079 0.570845 0.593553 0.569708 0.593445 0.569628 0.591046 0.568375
0 0.537688 0.519945 0.537839 0.520026 0.554379 0.521496 0.554930 0.510470 0.554836 0.510451 0.554711 0.510428 0.538237 0.508963 0.538127 0.511159 0.537907 0.515552
0 0.276881 0.547972 0.283487 0.554825 0.286457 0.554073 0.291526 0.545386 0.285011 0.538627 0.282021 0.539164
0 0.340364 0.407352 0.345179 0.419070 0.346949 0.419995 0.348373 0.420534 0.348739 0.420518 0.349380 0.420261 0.350199 0.419805 0.351071 0.419217 0.358328 0.413916 0.359124 0.413285 0.359726 0.412704 0.360042 0.412261 0.361428 0.409417 0.356668 0.397834 0.355011 0.396652
