0 0.524440 0.607022 0.528051 0.614374 0.534870 0.627319 0.537968 0.632702 0.546139 0.625049 0.545639 0.619998 0.545470 0.619632 0.545109 0.618909 0.544611 0.617940 0.544052 0.616870 0.537311 0.604075 0.536774 0.603063 0.536337 0.602258 0.536067 0.601783 0.536005 0.601711 0.532611 0.599370
0 0.446543 0.546673 0.463030 0.549049 0.463200 0.548825 0.468522 0.483176 0.468378 0.483099 0.451890 0.480722
0 0.489807 0.548055 0.489979 0.548589 0.490417 0.549347 0.491054 0.550214 0.491793 0.551057 0.492521 0.551746 0.493125 0.552176 0.493513 0.552281 0.500821 0.544344 0.500996 0.543970 0.501690 0.541252 0.501442 0.540553 0.500846 0.539555 0.499993 0.538412 0.499013 0.537293 0.498052 0.536369 0.497254 0.535778 0.496742 0.535611 0.494817 0.536924 0.494628 0.537281
0 0.602146 0.424011 0.605582 0.446365 0.621567 0.452069 0.622127 0.451849 0.632501 0.436242 0.633530 0.434693 0.633852 0.433087 0.602939 0.422055 0.602467 0.422412
0 0.495790 0.593079 0.509140 0.611041 0.513920 0.614990 0.519594 0.606984 0.518484 0.605506 0.503986 0.587240 0.501519 0.584996 0.499422 0.586406 0.498703 0.587044 0.497990 0.587918 0.497392 0.588894 0.497001 0.589822
0 0.471999 0.485050 0.472128 0.485119 0.487567 0.493059 0.490545 0.482765 0.490501 0.482686 0.474991 0.474710
0 0.465891 0.598264 0.466535 0.620359 0.483106 0.619501 0.483174 0.619022 0.482533 0.597016 0.466028 0.597871
0 0.561131 0.587659 0.565844 0.608753 0.566108 0.609190 0.574050 0.606035 0.569318 0.584856 0.569199 0.584710 0.569041 0.584517 0.567459 0.585145 0.562713 0.587030
0 0.526389 0.578294 0.526609 0.580427 0.526655 0.580566 0.527472 0.582427 0.528762 0.583730 0.530327 0.584275 0.531929 0.583981 0.533325 0.582891 0.534302 0.581172 0.534712 0.579085 0.534491 0.576948 0.533673 0.575087 0.533615 0.574958 0.532328 0.573658 0.530766 0.573113 0.529166 0.573407 0.527772 0.574495 0.526797 0.576211
0 0.517269 0.398007 0.521305 0.399248 0.537740 0.402257 0.545958 0.403761 0.550250 0.404046 0.551724 0.393549 0.552084 0.386768 0.519058 0.380722 0.518099 0.389513 0.517909 0.391255
0 0.541762 0.484000 0.542903 0.484642 0.548222 0.487634 0.549362 0.488275 0.564951 0.495562 0.565104 0.495589 0.565403 0.495118 0.565800 0.494220 0.566236 0.493032 0.566480 0.492256 0.566771 0.491250 0.566960 0.490529 0.567137 0.489601 0.567147 0.489089 0.552377 0.479282 0.544764 0.474993 0.544591 0.474998 0.544218 0.475686 0.543700 0.476951 0.543118 0.478599 0.542557 0.480382 0.542103 0.482034 0.541824 0.483304
0 0.464874 0.528123 0.464944 0.528642 0.466884 0.530973 0.472754 0.536453 0.482659 0.518805 0.482174 0.518268 0.476009 0.512117 0.474846 0.510999 0.474478 0.511012 0.474036 0.511530 0.465133 0.527393
