0 0.405633 0.658141 0.409009 0.679776 0.425236 0.675275 0.425535 0.674574 0.422173 0.653025 0.406011 0.657508
0 0.570691 0.533618 0.571934 0.533884 0.574055 0.534307 0.575721 0.534627 0.577339 0.534927 0.578130 0.535066 0.579074 0.535206 0.586717 0.518262 0.586844 0.517815 0.586863 0.517132 0.586770 0.516316 0.586580 0.515493 0.586322 0.514788 0.586035 0.514308 0.585764 0.514128 0.580024 0.510607 0.579829 0.510521 0.579286 0.510377 0.578475 0.510196 0.577521 0.510007 0.576571 0.509839 0.575770 0.509716 0.575241 0.509659 0.575064 0.509675 0.573196 0.511743 0.571570 0.523568 0.571469 0.524523 0.571138 0.528199
0 0.319123 0.401203 0.320878 0.407410 0.322048 0.411548 0.322456 0.411751 0.322760 0.411902 0.338216 0.404134 0.335303 0.393830 0.335020 0.393647 0.334641 0.393403
0 0.514524 0.595152 0.514575 0.596338 0.514835 0.596986 0.516429 0.598843 0.517555 0.599334 0.518086 0.599345 0.520025 0.597950 0.520420 0.597482 0.520832 0.596610 0.521200 0.595466 0.521469 0.594223 0.521597 0.593070 0.521565 0.592180 0.520650 0.589745 0.520337 0.588922 0.519212 0.588440 0.518684 0.588405 0.516637 0.588646 0.516105 0.589257 0.515548 0.590415 0.515051 0.591943 0.514691 0.593608
0 0.563413 0.423594 0.577088 0.463779 0.577442 0.463613 0.585012 0.459034 0.571275 0.418663 0.563705 0.423242
0 0.546572 0.449732 0.547495 0.453850 0.549529 0.457200 0.552365 0.459271 0.555571 0.459748 0.558657 0.458556 0.561153 0.455881 0.561209 0.455810 0.562480 0.452999 0.563000 0.451721 0.563111 0.450271 0.563061 0.447799 0.562136 0.443685 0.560102 0.440340 0.558481 0.438600 0.557516 0.437896 0.556426 0.437733 0.554066 0.437792 0.550981 0.438978 0.548482 0.441648 0.548433 0.441728 0.546903 0.445475
0 0.481035 0.613090 0.485314 0.634611 0.494999 0.631188 0.496307 0.627692 0.496264 0.627279 0.496130 0.626443 0.495927 0.625311 0.495684 0.624054 0.493564 0.613392 0.493319 0.612197 0.493108 0.611242 0.492962 0.610671 0.492904 0.610573 0.490826 0.608413 0.481252 0.611797
0 0.418441 0.575953 0.427816 0.595102 0.428890 0.595939 0.429215 0.595500 0.445248 0.558918 0.444179 0.558085 0.442641 0.557951 0.427143 0.556602 0.426808 0.556862
0 0.579998 0.420658 0.580165 0.421927 0.581277 0.427179 0.583149 0.432188 0.583667 0.433275 0.584458 0.434015 0.585401 0.434295 0.586352 0.434073 0.590644 0.432690 0.590852 0.432535 0.594264 0.429935 0.595095 0.429232 0.595651 0.428175 0.595862 0.426914 0.595484 0.423735 0.594995 0.420017 0.593476 0.416831 0.592184 0.414266 0.591391 0.413525 0.590446 0.413244 0.589492 0.413467 0.585606 0.414493 0.581777 0.417454 0.580960 0.418147 0.580948 0.418159 0.580763 0.418346 0.580208 0.419401
0 0.453940 0.614886 0.458130 0.624380 0.463258 0.622302 0.479385 0.608576 0.478787 0.604973 0.478555 0.603964 0.478133 0.602838 0.477587 0.601770 0.476999 0.600923 0.475154 0.598991 0.472469 0.600271 0.455278 0.613761
