0 0.457423 0.610824 0.473868 0.613676 0.473973 0.613221 0.476104 0.591382 0.459724 0.588541 0.459562 0.588897
0 0.607518 0.638913 0.607881 0.643180 0.608911 0.645661 0.609441 0.646937 0.609691 0.647274 0.610739 0.648439 0.612409 0.650213 0.615517 0.651404 0.618730 0.650918 0.620598 0.649540 0.622243 0.647685 0.623573 0.645458 0.624467 0.641315 0.624102 0.637031 0.623068 0.634540 0.622326 0.633030 0.622046 0.632726 0.621191 0.631817 0.619527 0.630050 0.616432 0.628864 0.613232 0.629348 0.610414 0.631427 0.608408 0.634786
0 0.474600 0.466243 0.474689 0.466942 0.491335 0.468444 0.494732 0.403186 0.494736 0.402202 0.478155 0.400706
0 0.476763 0.473771 0.476784 0.473930 0.477132 0.476444 0.477505 0.476673 0.478178 0.476979 0.479050 0.477317 0.479987 0.477635 0.480850 0.477885 0.481507 0.478029 0.481859 0.478046 0.483083 0.476066 0.483288 0.475000 0.487647 0.443567 0.487646 0.443461 0.487406 0.443281 0.486963 0.443055 0.486383 0.442817 0.485756 0.442605 0.485178 0.442449 0.484737 0.442376 0.484500 0.442394 0.476969 0.472703
0 0.379921 0.633719 0.380832 0.636711 0.383684 0.638355 0.389806 0.641857 0.396224 0.645440 0.396578 0.644996 0.397370 0.643020 0.398339 0.640199 0.398954 0.638195 0.399417 0.636444 0.399554 0.635716 0.399404 0.635301 0.389792 0.620379 0.389619 0.620259 0.389218 0.620153 0.388650 0.620076 0.388001 0.620041 0.387371 0.620053 0.386856 0.620109 0.386534 0.620202 0.386456 0.620317 0.381898 0.627677 0.381599 0.628197 0.381207 0.629095 0.380781 0.630234 0.380387 0.631439 0.380085 0.632525 0.379921 0.633326
0 0.747270 0.384456 0.747577 0.386628 0.747741 0.386764 0.754665 0.388600 0.754940 0.388557 0.755453 0.388438 0.756068 0.388272 0.756619 0.388106 0.756961 0.387982 0.760579 0.383883 0.760071 0.380284 0.760035 0.380262 0.755675 0.378558 0.755400 0.378595 0.754885 0.378713 0.754269 0.378881 0.753718 0.379054 0.753379 0.379184
0 0.408966 0.746455 0.416138 0.771403 0.419286 0.771561 0.419982 0.771378 0.420854 0.770993 0.428633 0.767017 0.429544 0.766491 0.430353 0.765904 0.430936 0.765348 0.431204 0.764908 0.431731 0.763433 0.432434 0.760720 0.426602 0.739870 0.425420 0.735760 0.410006 0.743638
0 0.465585 0.583231 0.482269 0.584153 0.482472 0.583192 0.482882 0.569997 0.481198 0.567957 0.481034 0.567857 0.480517 0.567752 0.479727 0.567657 0.478783 0.567586 0.470517 0.567129 0.469560 0.567094 0.468732 0.567100 0.468159 0.567145 0.467927 0.567223 0.466389 0.569085 0.466000 0.569883
0 0.514551 0.464573 0.519099 0.473790 0.526011 0.467727 0.526131 0.467578 0.521563 0.458319 0.514618 0.464410
0 0.566378 0.664568 0.567363 0.675521 0.567673 0.676329 0.600686 0.671052 0.599696 0.660048 0.599239 0.659315
0 0.552574 0.593016 0.552686 0.594102 0.552980 0.595694 0.553862 0.597013 0.555199 0.597855 0.556786 0.598090 0.558380 0.597680 0.559736 0.596688 0.560645 0.595268 0.560969 0.593639 0.560866 0.592550 0.560559 0.590961 0.559618 0.589506 0.558905 0.588459 0.557834 0.587795 0.556568 0.587614 0.555299 0.587940 0.554216 0.588726 0.553485 0.589854 0.552910 0.591393
0 0.501087 0.596013 0.501090 0.596234 0.501289 0.597503 0.501838 0.598575 0.504360 0.602795 0.507776 0.606330 0.508591 0.607040 0.509547 0.607280 0.510499 0.607014 0.511302 0.606282 0.514620 0.602654 0.517119 0.598365 0.517651 0.597279 0.517831 0.596004 0.517632 0.594734 0.517589 0.594503 0.517041 0.593435 0.514481 0.588770 0.511118 0.585698 0.510305 0.584990 0.509352 0.584750 0.508402 0.585016 0.507600 0.585746 0.504245 0.588910 0.501798 0.593644 0.501267 0.594727 0.501087 0.595999
