0 0.466515 0.444728 0.466898 0.445359 0.468359 0.447408 0.468590 0.447479 0.469163 0.447541 0.469992 0.447586 0.470949 0.447606 0.479222 0.447662 0.480167 0.447655 0.480958 0.447621 0.481476 0.447566 0.481641 0.447499 0.483405 0.445471 0.483556 0.405853 0.483366 0.404764 0.475017 0.404708 0.466523 0.442501
0 0.475335 0.595792 0.481456 0.603289 0.487079 0.595127 0.487138 0.594691 0.481045 0.587228 0.475448 0.595353
0 0.572047 0.480678 0.576085 0.488675 0.576163 0.488806 0.576473 0.489129 0.576934 0.489556 0.577422 0.489973 0.577806 0.490270 0.577984 0.490366 0.581567 0.490326 0.582083 0.490164 0.583612 0.487122 0.581964 0.482445 0.581891 0.482308 0.581583 0.481982 0.581122 0.481552 0.580632 0.481135 0.580245 0.480843 0.580065 0.480755 0.572970 0.478842
0 0.540137 0.645724 0.540321 0.646394 0.556828 0.648522 0.558424 0.626513 0.558157 0.625935 0.541726 0.623816
0 0.509888 0.556403 0.509894 0.556440 0.510734 0.560602 0.512704 0.564019 0.515505 0.566170 0.518711 0.566729 0.521832 0.565609 0.524395 0.562982 0.526008 0.559247 0.526427 0.554973 0.525587 0.550811 0.525571 0.550778 0.525496 0.550630 0.524829 0.549473 0.523602 0.547364 0.520803 0.545214 0.517599 0.544655 0.515494 0.545262 0.514437 0.545641 0.513570 0.546529 0.511919 0.548400 0.510306 0.552132
0 0.555664 0.563733 0.565458 0.581451 0.566368 0.582584 0.573105 0.575964 0.563175 0.557999 0.562309 0.557204
0 0.420941 0.582191 0.421252 0.583474 0.421913 0.584839 0.422823 0.586074 0.423843 0.586990 0.424815 0.587446 0.425590 0.587375 0.427403 0.586507 0.427976 0.585776 0.428757 0.584747 0.428849 0.583488 0.428664 0.581130 0.428425 0.580172 0.427928 0.579155 0.427248 0.578233 0.426489 0.577545 0.425763 0.577195 0.424024 0.576943 0.423054 0.577012 0.422471 0.577726 0.421693 0.578761 0.421027 0.581185
0 0.444748 0.453984 0.449139 0.465992 0.449720 0.466380 0.457139 0.461558 0.452799 0.449687 0.452253 0.449105 0.450262 0.448254 0.450026 0.448296 0.449483 0.448555 0.448717 0.448989 0.447843 0.449535 0.446998 0.450107 0.446310 0.450617 0.445884 0.450989 0.445785 0.451164
0 0.492059 0.509022 0.492485 0.511158 0.493765 0.517569 0.494192 0.519705 0.510218 0.514016 0.508938 0.507606 0.508511 0.505469 0.508084 0.503333 0.508066 0.503325 0.508052 0.503319 0.492091 0.508986 0.492077 0.509001
0 0.552998 0.435241 0.553213 0.436775 0.558671 0.441768 0.559421 0.442326 0.559558 0.442194 0.560111 0.441657 0.569592 0.423231 0.568981 0.422509 0.563446 0.417446 0.562280 0.417736 0.561424 0.418867 0.559551 0.422506 0.558615 0.424325 0.557679 0.426144
0 0.511967 0.479386 0.511986 0.479878 0.512020 0.480601 0.512366 0.486953 0.512993 0.497926 0.529453 0.496254 0.529589 0.496237 0.528677 0.479678 0.528623 0.478837 0.528568 0.478132 0.528520 0.477670 0.528485 0.477522 0.525119 0.476757 0.522641 0.477008 0.515209 0.477763 0.511968 0.479200
