0 0.397771 0.660300 0.442276 0.679713 0.453661 0.674724 0.453967 0.674112 0.454964 0.671903 0.456501 0.668432 0.458343 0.664228 0.460206 0.659938 0.461805 0.656220 0.462896 0.653644 0.463312 0.652599 0.458929 0.640996 0.414933 0.621804 0.413949 0.623212
0 0.067544 0.830784 0.090153 0.864341 0.130421 0.837211 0.134645 0.833358 0.135139 0.823824 0.135108 0.822636 0.134056 0.820112 0.132148 0.816636 0.129673 0.812736 0.127003 0.809000 0.124543 0.805991 0.122663 0.804166 0.112295 0.800184 0.072487 0.827004
0 0.289961 0.618676 0.316077 0.649581 0.318179 0.647872 0.354842 0.616891 0.355344 0.605899 0.354943 0.605059 0.353420 0.602948 0.351010 0.599890 0.348078 0.596349 0.345067 0.592857 0.342430 0.589943 0.340568 0.588048 0.339764 0.587462 0.329024 0.586338 0.327047 0.587337
0 0.719808 0.930729 0.719846 0.932843 0.720104 0.936400 0.720544 0.940862 0.721100 0.945554 0.721688 0.949769 0.722218 0.952870 0.722611 0.954380 0.733321 0.964121 0.781591 0.958868 0.777213 0.918643 0.774045 0.913858 0.726326 0.919052 0.719999 0.930384
0 0.461084 0.270397 0.461974 0.275645 0.477406 0.321097 0.487644 0.325577 0.488528 0.325512 0.491013 0.324867 0.494715 0.323743 0.499075 0.322309 0.503434 0.320783 0.507135 0.319393 0.509618 0.318351 0.510500 0.317816 0.515282 0.308237 0.515640 0.303751 0.499847 0.257236
0 0.267217 0.514906 0.330479 0.565991 0.332810 0.565084 0.358001 0.533888 0.295609 0.483505 0.292760 0.483275
0 0.147905 0.886539 0.148151 0.890724 0.148660 0.895422 0.153903 0.935449 0.154595 0.939929 0.155364 0.943491 0.156090 0.945592 0.164255 0.955400 0.212399 0.949094 0.215686 0.943962 0.205297 0.864639 0.157703 0.870872 0.153746 0.875160 0.148304 0.882092 0.147959 0.883509
0 0.486817 0.744550 0.487377 0.745589 0.489009 0.747906 0.491466 0.751150 0.494372 0.754824 0.519709 0.786252 0.522612 0.789784 0.525059 0.792622 0.526675 0.794334 0.527216 0.794660 0.539147 0.797267 0.576947 0.766792 0.576068 0.763743 0.525857 0.701463 0.488488 0.731589
0 0.781104 0.249961 0.782808 0.261552 0.815568 0.290514 0.818289 0.292730 0.828848 0.300963 0.844577 0.312978 0.844955 0.312636 0.848151 0.308915 0.851865 0.304491 0.858018 0.297029 0.864655 0.288903 0.868359 0.284324 0.870551 0.281554 0.870699 0.281305 0.836844 0.217618 0.835821 0.216285 0.833775 0.214948 0.831019 0.213811 0.827973 0.213048 0.825105 0.212777 0.822854 0.213038 0.821561 0.213790 0.796472 0.231164 0.795799 0.231864 0.794054 0.233894 0.791501 0.236946 0.788531 0.240554 0.785601 0.244163 0.783161 0.247218 0.781583 0.249253
0 0.630478 0.523666 0.630650 0.524217 0.649233 0.551386 0.651305 0.554208 0.678535 0.588302 0.679353 0.588790 0.689951 0.590945 0.690584 0.590985 0.692609 0.589948 0.695723 0.587988 0.699449 0.585403 0.703215 0.582591 0.706443 0.579983 0.708638 0.577980 0.709468 0.576886 0.729172 0.550451 0.729500 0.548460 0.729348 0.545735 0.728739 0.542691 0.727765 0.539796 0.726577 0.537492 0.725356 0.536131 0.663247 0.500363 0.659835 0.501980 0.656818 0.503901 0.650543 0.508219 0.644000 0.512964 0.635556 0.519409
0 0.355236 0.873860 0.356081 0.875915 0.357707 0.878256 0.359865 0.880526 0.362225 0.882376 0.364425 0.883523 0.366130 0.883794 0.438021 0.881700 0.439774 0.877515 0.441200 0.873940 0.444084 0.866592 0.447029 0.858993 0.450748 0.849267 0.452888 0.843516 0.434670 0.835733 0.422257 0.830558 0.418990 0.829283 0.377670 0.815057 0.366694 0.819238 0.366240 0.819939 0.365181 0.822256 0.363676 0.825842 0.361956 0.830149 0.360285 0.834515 0.358919 0.838270 0.358067 0.840838 0.357859 0.841831 0.355299 0.872404
0 0.441301 0.996279 0.458287 1.000000 0.498529 1.000000 0.502341 0.942863 0.502309 0.936789 0.475967 0.906688 0.445865 0.933030 0.445113 0.939051
0 0.285230 0.817750 0.285470 0.820692 0.286031 0.824803 0.286826 0.829456 0.297314 0.885714 0.298219 0.890178 0.299091 0.893753 0.299798 0.895892 0.311665 0.910842 0.359236 0.901973 0.355190 0.870919 0.352279 0.855304 0.344822 0.815309 0.338332 0.789846 0.290761 0.798715 0.285345 0.816425
0 0.814363 0.154300 0.828668 0.200529 0.853032 0.194588 0.907073 0.177866 0.937630 0.166812 0.923325 0.120584 0.904765 0.117016 0.902708 0.117363 0.899249 0.118239 0.894917 0.119511 0.840247 0.136428 0.835720 0.137897 0.831709 0.139332 0.828828 0.140513 0.827514 0.141261
0 0.690796 0.505376 0.704407 0.519537 0.719969 0.533225 0.746116 0.508425 0.781031 0.467519 0.752052 0.439854 0.747720 0.444063 0.708677 0.484979
0 0.229106 0.665843 0.268500 0.736532 0.310914 0.712896 0.313075 0.710463 0.315551 0.700482 0.315348 0.699417 0.314283 0.696914 0.312522 0.693358 0.310330 0.689287 0.308039 0.685315 0.305995 0.682041 0.304506 0.679962 0.303801 0.679397 0.293603 0.675522 0.239190 0.660053 0.232202 0.663947
0 0.788688 0.108080 0.793187 0.164470 0.799276 0.169659 0.802735 0.165840 0.855226 0.104248 0.818270 0.072753 0.804716 0.075788 0.804522 0.075927 0.803162 0.077448 0.800842 0.080120 0.797915 0.083537 0.794831 0.087174 0.792064 0.090470 0.790038 0.092923 0.789059 0.094159
0 0.378733 0.220318 0.408835 0.290395 0.409783 0.291046 0.411712 0.291113 0.414326 0.290587 0.428800 0.285954 0.502647 0.254226 0.516110 0.246856 0.518344 0.245298 0.519702 0.243819 0.519975 0.242644 0.489231 0.172842 0.488356 0.172094 0.486488 0.171942 0.483914 0.172410 0.481025 0.173427 0.385047 0.214664 0.382302 0.216067 0.380138 0.217635 0.378885 0.219128
0 0.090538 0.571900 0.090571 0.573695 0.090908 0.576303 0.093591 0.591229 0.111105 0.669671 0.115049 0.684421 0.115862 0.686964 0.116608 0.688660 0.117174 0.689250 0.195108 0.671250 0.195472 0.670631 0.195514 0.668911 0.195228 0.666353 0.194656 0.663347 0.171892 0.561395 0.171127 0.558417 0.170290 0.555942 0.169508 0.554347 0.168900 0.553874 0.090814 0.571193
0 0.065793 0.365896 0.066360 0.367842 0.067426 0.370410 0.074166 0.384435 0.112471 0.455094 0.120223 0.467800 0.121671 0.469871 0.122809 0.471071 0.123464 0.471215 0.193848 0.434404 0.193978 0.433442 0.193505 0.431551 0.192501 0.429017 0.191119 0.426228 0.141334 0.334393 0.139794 0.331791 0.138340 0.329791 0.137194 0.328697 0.136531 0.328674 0.065814 0.364872
0 0.615000 0.308341 0.615661 0.309971 0.617005 0.312187 0.618830 0.314650 0.684213 0.396120 0.686227 0.398439 0.688110 0.400245 0.689575 0.401263 0.690399 0.401339 0.752368 0.351921 0.752375 0.351082 0.751613 0.349416 0.750201 0.347178 0.741320 0.334841 0.691013 0.272157 0.680863 0.260780 0.678973 0.258903 0.677495 0.257779 0.676655 0.257580 0.615124 0.307543
