0 0.557129 0.491170 0.558655 0.504234 0.558790 0.504244 0.558925 0.504254 0.559749 0.504313 0.559889 0.504323 0.560793 0.504155 0.567471 0.502768 0.568175 0.501482 0.567655 0.497030 0.566875 0.490353 0.564422 0.487297 0.563682 0.487443 0.563411 0.487498 0.562808 0.487622 0.561011 0.487995 0.560088 0.488187 0.558870 0.488441 0.558760 0.488465
0 0.489170 0.369444 0.489293 0.369781 0.489650 0.370091 0.490186 0.370326 0.493295 0.371116 0.509836 0.372726 0.512985 0.372545 0.513535 0.372415 0.513914 0.372178 0.514064 0.371867 0.515149 0.351317 0.515047 0.350966 0.514710 0.350643 0.514187 0.350399 0.513559 0.350269 0.492061 0.348177 0.491427 0.348183 0.490888 0.348325 0.490527 0.348579 0.490398 0.348908
0 0.518183 0.483584 0.525539 0.488578 0.525894 0.488420 0.533489 0.468533 0.526032 0.463470 0.525675 0.463971
0 0.428686 0.386857 0.428882 0.388122 0.429426 0.389190 0.429436 0.389206 0.429597 0.389459 0.430405 0.390167 0.433836 0.392740 0.438053 0.394305 0.439002 0.394547 0.439948 0.394286 0.440748 0.393563 0.441279 0.392487 0.443266 0.387425 0.444382 0.382289 0.444563 0.381023 0.444368 0.379762 0.444241 0.379486 0.444233 0.379469 0.443689 0.378401 0.442879 0.377691 0.439140 0.374563 0.435212 0.373544 0.434261 0.373301 0.433313 0.373562 0.432511 0.374287 0.431243 0.376737 0.429688 0.379891 0.428868 0.385589
0 0.326495 0.677623 0.338401 0.719228 0.347762 0.714465 0.349502 0.712014 0.349920 0.709764 0.349896 0.708859 0.349721 0.707700 0.349421 0.706462 0.340574 0.675545 0.340193 0.674407 0.339787 0.673533 0.337732 0.670885 0.331562 0.674024 0.328478 0.675593
0 0.573236 0.599258 0.573251 0.600029 0.573290 0.600593 0.573349 0.600864 0.576626 0.602136 0.579109 0.602264 0.586557 0.602647 0.589901 0.601716 0.589984 0.601653 0.590066 0.601263 0.590132 0.600606 0.590174 0.599782 0.590447 0.594391 0.590786 0.583335 0.590372 0.582874 0.573833 0.582024 0.573249 0.598397
0 0.525341 0.551313 0.531141 0.572781 0.531284 0.573116 0.547793 0.575724 0.551764 0.567671 0.557238 0.556569 0.557384 0.554918 0.557121 0.554666 0.525487 0.549670
0 0.444397 0.592195 0.444581 0.593769 0.445125 0.596522 0.447083 0.599954 0.449877 0.602124 0.451993 0.602508 0.453162 0.602528 0.454143 0.602332 0.456208 0.601606 0.458781 0.598996 0.460409 0.595271 0.460568 0.594889 0.460854 0.592079 0.461001 0.590634 0.460180 0.586482 0.458230 0.583065 0.455448 0.580903 0.453340 0.580521 0.452256 0.580325 0.451199 0.580696 0.449142 0.581419 0.446579 0.584019 0.446365 0.584356 0.444736 0.588081 0.444449 0.590903
0 0.485682 0.733608 0.498161 0.748152 0.509069 0.731513 0.509033 0.730587 0.496604 0.716101 0.485739 0.732673
0 0.616988 0.359107 0.617114 0.359583 0.617261 0.360082 0.617426 0.360595 0.617605 0.361115 0.617800 0.361637 0.627048 0.385802 0.627428 0.385779 0.642165 0.375751 0.634068 0.351229 0.633886 0.350698 0.633693 0.350176 0.633489 0.349667 0.633279 0.349179 0.633065 0.348721 0.632746 0.348808 0.631706 0.349093 0.628762 0.351096
0 0.404414 0.365673 0.405670 0.370485 0.405933 0.370829 0.406431 0.371467 0.407089 0.372300 0.407807 0.373204 0.416351 0.383915 0.417023 0.384755 0.417549 0.385407 0.417850 0.385772 0.417880 0.385794 0.421559 0.387171 0.428400 0.377472 0.423490 0.371047 0.414847 0.360210 0.411254 0.355974
0 0.532439 0.511795 0.533634 0.517009 0.542284 0.548122 0.544010 0.553418 0.546430 0.552460 0.551364 0.549392 0.539852 0.507986 0.537473 0.509075
0 0.443884 0.455974 0.443928 0.456640 0.444047 0.457679 0.444222 0.458933 0.444427 0.460208 0.444630 0.461310 0.444800 0.462068 0.444912 0.462370 0.446682 0.463888 0.447900 0.464713 0.457612 0.462118 0.455990 0.451327 0.454960 0.450189 0.445022 0.452845 0.443922 0.455782
0 0.463720 0.681462 0.467415 0.691359 0.474838 0.686432 0.474953 0.685579 0.471274 0.675727 0.463885 0.680632
