0 0.496449 0.451694 0.496576 0.508191 0.496721 0.542511 0.516831 0.542720 0.537051 0.542380 0.537303 0.508059 0.536513 0.451564
0 0.872548 0.202896 0.885967 0.217638 0.902538 0.229863 0.929718 0.201379 0.960413 0.164327 0.930622 0.137538 0.926128 0.142349 0.888337 0.184385
0 0.168882 0.450304 0.198262 0.478262 0.230761 0.506148 0.231377 0.506134 0.258951 0.477157 0.200998 0.422009 0.196840 0.420924
0 0.347983 0.523778 0.375410 0.596546 0.376143 0.597146 0.377915 0.597238 0.380455 0.596805 0.383377 0.595914 0.481533 0.560168 0.484373 0.558961 0.486678 0.557629 0.488097 0.556376 0.488416 0.555393 0.461645 0.482386 0.460836 0.481881 0.458998 0.481872 0.456415 0.482361 0.441852 0.486465 0.366330 0.513968 0.352322 0.520269 0.349947 0.521586 0.348423 0.522818
0 0.019432 0.843313 0.034904 0.921990 0.035095 0.922242 0.036458 0.922221 0.038785 0.921928 0.053037 0.919563 0.131985 0.904037 0.147316 0.900584 0.150047 0.899882 0.152015 0.899249 0.152919 0.898781 0.137447 0.820105 0.137166 0.819942 0.135732 0.820040 0.133366 0.820382 0.130426 0.820917 0.028380 0.840985 0.025294 0.841636 0.022510 0.842306 0.020451 0.842895
0 0.385769 0.306670 0.385823 0.306938 0.459086 0.339464 0.459560 0.338594 0.460447 0.336749 0.461613 0.334212 0.462879 0.331365 0.464056 0.328641 0.464964 0.326451 0.489496 0.265317 0.490030 0.263911 0.490071 0.263597 0.414937 0.230237 0.414412 0.231037 0.413469 0.232862 0.412252 0.235435 0.410946 0.238363 0.409752 0.241196 0.408853 0.243501 0.386207 0.305329
0 0.638083 0.587839 0.638805 0.588026 0.640621 0.588403 0.643255 0.588915 0.658348 0.591750 0.737502 0.606183 0.752071 0.608756 0.754509 0.609170 0.756031 0.609401 0.756407 0.609414 0.770790 0.530532 0.770427 0.530449 0.768915 0.530159 0.766485 0.529706 0.763505 0.529160 0.660723 0.510418 0.657669 0.509865 0.655028 0.509393 0.653201 0.509074 0.652466 0.508957
0 0.630580 0.273403 0.632120 0.281072 0.636479 0.287568 0.642992 0.291902 0.650668 0.293412 0.658337 0.291872 0.664833 0.287513 0.665116 0.287147 0.669458 0.280623 0.670971 0.272934 0.669428 0.265252 0.665061 0.258745 0.658537 0.254404 0.650848 0.252891 0.643166 0.254434 0.636659 0.258800 0.632318 0.265324 0.632090 0.265728
0 0.289437 0.366787 0.291881 0.374232 0.296988 0.380175 0.297337 0.380381 0.304317 0.383912 0.312118 0.384502 0.319551 0.382063 0.325483 0.376964 0.329014 0.369984 0.329604 0.362184 0.327165 0.354751 0.322067 0.348818 0.321760 0.348558 0.314768 0.345021 0.306954 0.344430 0.299508 0.346873 0.293566 0.351980 0.290028 0.358973
0 0.181147 0.318756 0.181487 0.322231 0.184852 0.331166 0.188688 0.334978 0.191393 0.337315 0.195969 0.337316 0.204527 0.336585 0.207975 0.335189 0.211610 0.332609 0.214883 0.329238 0.217300 0.325582 0.218495 0.322194 0.219200 0.313380 0.218849 0.309027 0.215001 0.305240 0.212347 0.302837 0.203455 0.299596 0.199800 0.299538 0.195180 0.301362 0.190302 0.304797 0.185917 0.309314 0.182702 0.314219
0 0.830522 0.955402 0.831849 0.965836 0.832532 0.967374 0.835443 0.972588 0.846359 0.975884 0.848299 0.975859 0.851489 0.974903 0.855442 0.973163 0.859561 0.970901 0.863225 0.968460 0.865879 0.966208 0.867120 0.964486 0.869999 0.953617 0.869393 0.952049 0.866455 0.946837 0.858172 0.940223 0.855599 0.940200 0.851340 0.941438 0.846044 0.943748 0.840525 0.946778 0.835634 0.950060 0.832122 0.953089
0 0.924954 0.085382 0.926891 0.092961 0.931580 0.099223 0.938309 0.103213 0.946052 0.104325 0.953631 0.102389 0.959893 0.097700 0.960685 0.097007 0.964681 0.090267 0.965796 0.082510 0.963856 0.074918 0.959159 0.068645 0.952418 0.064649 0.944662 0.063534 0.937070 0.065474 0.930797 0.070171 0.930057 0.070910 0.926067 0.077639
0 0.712339 0.507805 0.750493 0.520136 0.751647 0.520229 0.764035 0.481899 0.725705 0.469511 0.724671 0.469651
0 0.214020 0.201626 0.236580 0.234879 0.237784 0.236091 0.270885 0.213634 0.248428 0.180533 0.247273 0.179066
0 0.630706 0.126146 0.670082 0.133714 0.670865 0.132028 0.678469 0.092470 0.638911 0.084867 0.638274 0.086769
0 0.135422 0.177696 0.137096 0.179169 0.177184 0.180019 0.178034 0.139930 0.176548 0.138276 0.136276 0.137422
0 0.900133 0.321436 0.902460 0.361368 0.942392 0.359042 0.944424 0.358395 0.942086 0.318279 0.901971 0.320616
0 0.164055 0.737840 0.166749 0.818720 0.215277 0.817104 0.225190 0.806956 0.225521 0.805635 0.225741 0.802685 0.225815 0.798559 0.225734 0.793880 0.224399 0.753811 0.224174 0.749276 0.223838 0.745558 0.223443 0.743221 0.223047 0.742624 0.215868 0.733525 0.167895 0.735122
0 0.362637 0.418989 0.383609 0.497149 0.384939 0.497182 0.431299 0.484742 0.437076 0.474668 0.436921 0.473816 0.436315 0.471324 0.435351 0.467576 0.434175 0.463139 0.423785 0.424417 0.422572 0.419950 0.421502 0.416118 0.420737 0.413501 0.420395 0.412499 0.409533 0.406406
0 0.925442 0.731236 0.935783 0.746598 1.000000 0.785639 1.000000 0.716916 0.998647 0.715906 0.977475 0.703967 0.948523 0.688704
0 0.050736 0.726136 0.052556 0.756210 0.055650 0.772056 0.060481 0.796796 0.063576 0.812642 0.072596 0.838081 0.120090 0.828806 0.125354 0.811051 0.125673 0.809738 0.125590 0.806824 0.125120 0.802755 0.124334 0.798147 0.113442 0.742368 0.112456 0.737902 0.111416 0.734237 0.110479 0.731929 0.098230 0.716862
0 0.233475 0.276835 0.248902 0.314451 0.252352 0.316997 0.304665 0.338882 0.341764 0.323668 0.326550 0.286569 0.324134 0.283599 0.285985 0.267639 0.271091 0.261409
0 0.372812 0.242109 0.399699 0.255652 0.414221 0.262088 0.436894 0.272135 0.451417 0.278570 0.477090 0.288319 0.496696 0.244077 0.485158 0.229592 0.484296 0.228860 0.481874 0.227490 0.478261 0.225690 0.474008 0.223735 0.421688 0.200550 0.417462 0.198748 0.413927 0.197380 0.411623 0.196656 0.410898 0.196684 0.392417 0.197867
0 0.897628 0.410360 0.931844 0.431266 0.937868 0.430310 0.993758 0.416813 1.000000 0.384819 1.000000 0.382120 0.980261 0.360923 0.940065 0.370630 0.924372 0.374420 0.918533 0.376144
