0 0.909894 0.679623 0.937646 0.708564 0.939661 0.709525 0.968736 0.681645 0.940857 0.652570 0.938836 0.651871
0 0.650657 0.096988 0.657892 0.104533 0.658586 0.105220 0.660976 0.106132 0.664695 0.107131 0.669179 0.108066 0.673752 0.108795 0.677723 0.109209 0.680491 0.109244 0.681633 0.108895 0.689999 0.104215 0.692195 0.099639 0.695120 0.083721 0.655323 0.076410 0.653548 0.081251
0 0.476613 0.728091 0.508519 0.752680 0.533108 0.720773 0.532956 0.719761 0.501196 0.695285 0.476720 0.727046
0 0.654552 0.064217 0.693860 0.072138 0.694752 0.070168 0.702709 0.030680 0.663221 0.022722 0.662473 0.024910
0 0.689404 0.944549 0.690532 0.945528 0.694783 0.948559 0.700648 0.952466 0.710081 0.958475 0.717902 0.963196 0.721539 0.965048 0.723526 0.965589 0.741481 0.937393 0.743322 0.934400 0.757931 0.909938 0.765632 0.897034 0.763316 0.885374 0.763179 0.885177 0.761515 0.884039 0.758583 0.882137 0.754827 0.879760 0.750818 0.877266 0.747159 0.875033 0.744402 0.873397 0.742968 0.872608 0.711446 0.862455 0.710486 0.862601 0.708685 0.863442 0.706318 0.864850 0.703746 0.866611 0.701363 0.868454 0.699534 0.870097 0.698538 0.871291
0 0.108266 0.203450 0.108826 0.207991 0.109551 0.208263 0.129045 0.211291 0.142063 0.213270 0.145557 0.213692 0.189263 0.217177 0.198536 0.210454 0.198932 0.209336 0.199468 0.206568 0.200063 0.202571 0.200626 0.197950 0.201073 0.193403 0.201336 0.189615 0.201375 0.187162 0.197335 0.155942 0.196748 0.154566 0.195184 0.152826 0.192881 0.150987 0.190189 0.149331 0.187521 0.148111 0.185287 0.147514 0.183826 0.147631 0.113374 0.167762 0.112882 0.168181 0.111821 0.171878 0.110688 0.177859 0.109198 0.188359 0.108279 0.197906
0 0.495710 0.682172 0.499202 0.683632 0.503984 0.685464 0.512887 0.688681 0.523034 0.692252 0.529025 0.694305 0.532997 0.695599 0.533723 0.695772 0.583378 0.642699 0.584064 0.641226 0.584473 0.638807 0.584544 0.635810 0.584264 0.632694 0.583677 0.629937 0.582873 0.627960 0.581975 0.627062 0.556038 0.609022 0.554771 0.608524 0.551967 0.607486 0.548050 0.606066 0.543621 0.604482 0.539361 0.602977 0.535923 0.601782 0.533832 0.601079 0.533402 0.600974 0.523344 0.606567 0.507033 0.647153 0.505856 0.650461
0 0.554145 0.382837 0.560836 0.415350 0.561655 0.418760 0.573579 0.460815 0.583027 0.467497 0.583518 0.467525 0.585719 0.467125 0.589298 0.466357 0.593710 0.465337 0.598277 0.464222 0.602298 0.463183 0.605156 0.462381 0.606418 0.461936 0.633968 0.446490 0.634988 0.445746 0.636023 0.443908 0.636914 0.441256 0.637525 0.438194 0.637762 0.435191 0.637589 0.432708 0.637033 0.431122 0.593404 0.373359 0.589823 0.374165 0.586362 0.374982 0.578969 0.376748 0.571115 0.378641 0.560785 0.381152 0.554345 0.382744
0 0.157168 0.410904 0.157208 0.414391 0.157571 0.418814 0.158202 0.423496 0.159004 0.427716 0.159854 0.430828 0.174555 0.463083 0.176017 0.464197 0.178397 0.465306 0.181332 0.466238 0.184373 0.466852 0.187054 0.467053 0.188966 0.466812 0.249859 0.429269 0.250685 0.426217 0.250675 0.422886 0.250166 0.415544 0.249269 0.407575 0.247626 0.396879 0.246064 0.389957 0.245067 0.389297 0.212523 0.392540 0.209054 0.392976 0.180091 0.397539 0.164739 0.400009 0.157457 0.408886
0 0.252365 0.754704 0.254101 0.762345 0.258630 0.768740 0.265261 0.772916 0.272985 0.774235 0.280627 0.772498 0.287021 0.767969 0.287387 0.767509 0.291556 0.760889 0.292873 0.753178 0.291139 0.745550 0.286618 0.739166 0.279999 0.734998 0.272287 0.733681 0.264659 0.735414 0.258276 0.739936 0.257859 0.740349 0.253684 0.746979
0 0.823044 0.553980 0.823659 0.561782 0.827214 0.568754 0.833166 0.573836 0.840609 0.576252 0.841196 0.576383 0.849012 0.575767 0.855995 0.572206 0.861086 0.566244 0.863507 0.558788 0.862890 0.550972 0.859329 0.543988 0.853367 0.538898 0.845911 0.536477 0.845316 0.536415 0.837514 0.537030 0.830542 0.540585 0.825460 0.546536
0 0.856112 0.507416 0.858325 0.514919 0.863241 0.521004 0.870111 0.524745 0.877890 0.525571 0.878541 0.525615 0.886057 0.523399 0.892152 0.518474 0.895900 0.511592 0.896728 0.503800 0.894511 0.496283 0.889586 0.490188 0.882704 0.486441 0.874912 0.485613 0.874268 0.485638 0.866764 0.487850 0.860680 0.492767 0.856939 0.499637
0 0.339980 0.121855 0.340268 0.122534 0.342086 0.124983 0.345155 0.128823 0.349005 0.133472 0.353059 0.138230 0.356705 0.142380 0.359395 0.145297 0.360719 0.146537 0.370952 0.143101 0.375540 0.139192 0.376872 0.127488 0.376705 0.126986 0.375381 0.125147 0.373096 0.122247 0.370199 0.118730 0.367135 0.115134 0.364375 0.112012 0.362341 0.109843 0.361343 0.108956 0.349644 0.108317 0.345046 0.112235
0 0.355446 0.283265 0.358393 0.290526 0.358636 0.290886 0.364127 0.296458 0.371333 0.299503 0.379155 0.299560 0.386404 0.296618 0.391975 0.291127 0.395020 0.283921 0.395078 0.276099 0.392136 0.268850 0.391950 0.268452 0.386449 0.262871 0.379231 0.259821 0.371396 0.259764 0.364135 0.262711 0.358553 0.268211 0.355503 0.275429
0 0.158924 0.096801 0.221181 0.332717 0.279999 0.321118 0.290351 0.317624 0.228911 0.084804 0.169052 0.092515
0 0.066599 0.302830 0.068890 0.383722 0.073817 0.385051 0.081814 0.384825 0.120665 0.343708 0.126802 0.334525 0.127268 0.333827 0.127610 0.331403 0.127777 0.327627 0.127744 0.323071 0.127517 0.318423 0.127128 0.314383 0.126638 0.311564 0.126119 0.310397 0.119532 0.303724 0.115134 0.301455
0 0.516212 0.356411 0.516801 0.362364 0.522928 0.419250 0.526190 0.447116 0.546361 0.445538 0.566757 0.442749 0.563658 0.407236 0.556507 0.352073
0 0.490357 0.432845 0.490467 0.433612 0.527894 0.463666 0.539757 0.462536 0.540386 0.461770 0.542073 0.459681 0.544564 0.456589 0.547478 0.452963 0.550367 0.449363 0.552786 0.446341 0.554367 0.444358 0.554871 0.443715 0.547336 0.374812 0.541026 0.369745
0 0.615843 0.371964 0.652951 0.386897 0.655078 0.385324 0.670218 0.347700 0.632595 0.332560 0.630776 0.334856
0 0.391849 0.336953 0.393085 0.338817 0.436597 0.359084 0.447379 0.354591 0.447836 0.353951 0.448996 0.351748 0.450682 0.348320 0.452638 0.344187 0.454570 0.339973 0.456185 0.336313 0.457239 0.333762 0.457571 0.332710 0.452948 0.320777 0.408934 0.300275
0 0.674352 0.467325 0.697654 0.509289 0.709975 0.512910 0.711056 0.512481 0.713586 0.511222 0.717180 0.509323 0.721289 0.507076 0.725282 0.504824 0.728544 0.502915 0.730579 0.501640 0.731077 0.501192 0.735314 0.489753 0.711742 0.447304 0.709322 0.447906
0 0.907543 0.158352 0.931547 0.190348 0.936536 0.186768 0.975376 0.157630 0.974729 0.146830 0.973687 0.144336 0.971685 0.140927 0.969028 0.137125 0.966124 0.133515 0.963419 0.130650 0.961328 0.128968 0.951094 0.125263 0.912254 0.154402
