0 0.399188 0.453582 0.400970 0.457409 0.409985 0.476575 0.412772 0.477524 0.413775 0.477783 0.414049 0.477679 0.414603 0.477325 0.415350 0.476776 0.416180 0.476114 0.416965 0.475439 0.417588 0.474854 0.417954 0.474447 0.418952 0.471279 0.408505 0.448839 0.406365 0.447642
0 0.470682 0.481185 0.481368 0.503787 0.483821 0.504574 0.484002 0.504434 0.484476 0.504046 0.485168 0.503470 0.485976 0.502794 0.486776 0.502119 0.487448 0.501548 0.487890 0.501166 0.488034 0.501033 0.488564 0.497875 0.485862 0.471524 0.484982 0.469662 0.484808 0.469312
0 0.474773 0.382235 0.474889 0.382773 0.515191 0.421147 0.524785 0.403235 0.524899 0.402790 0.484411 0.364240
0 0.571231 0.547405 0.591643 0.548542 0.592086 0.548565 0.592524 0.548584 0.592954 0.548600 0.593369 0.548611 0.593761 0.548618 0.594170 0.530862 0.594272 0.526423 0.594260 0.526381 0.594219 0.526244 0.593826 0.526220 0.593413 0.526198 0.592985 0.526176 0.592551 0.526156 0.592112 0.526137 0.571774 0.525305 0.571739 0.525354
0 0.487892 0.528314 0.488595 0.531269 0.488747 0.531429 0.489212 0.531804 0.489919 0.532337 0.490760 0.532947 0.498107 0.538179 0.498951 0.538770 0.499666 0.539249 0.500144 0.539545 0.500310 0.539612 0.502621 0.538803 0.507341 0.527020 0.507258 0.526711 0.492696 0.516341 0.492612 0.516530
0 0.526755 0.573547 0.527112 0.581769 0.535433 0.581512 0.535489 0.578529 0.535061 0.570308 0.526784 0.570564
0 0.420247 0.483941 0.441871 0.543862 0.449362 0.539057 0.449594 0.538878 0.457330 0.509429 0.450156 0.489547 0.428069 0.479231 0.427904 0.479183 0.427738 0.479135
0 0.425548 0.600898 0.432389 0.621101 0.439965 0.616541 0.440240 0.616007 0.433431 0.595897 0.425889 0.600436
0 0.437477 0.403432 0.437504 0.405588 0.438147 0.407567 0.438253 0.407726 0.439414 0.409224 0.440915 0.410015 0.442530 0.409980 0.444012 0.409124 0.445135 0.407577 0.445729 0.405574 0.445702 0.403421 0.445060 0.401446 0.444965 0.401276 0.443803 0.399776 0.442299 0.398983 0.440681 0.399018 0.439197 0.399876 0.438072 0.401426
0 0.535924 0.445853 0.541240 0.465310 0.541768 0.467241 0.542667 0.468375 0.542863 0.468230 0.564805 0.437313 0.563901 0.436173 0.547487 0.429543 0.536089 0.445604
0 0.435830 0.459452 0.435962 0.459991 0.436286 0.460935 0.439516 0.466755 0.441652 0.470522 0.442011 0.470781 0.442436 0.470633 0.446857 0.466444 0.447087 0.465971 0.446988 0.465466 0.446488 0.463916 0.444196 0.460290 0.440943 0.455292 0.440568 0.454983 0.440096 0.454997 0.437485 0.456022 0.435972 0.458886
0 0.488557 0.671255 0.497300 0.690045 0.511392 0.678388 0.511340 0.677572 0.502637 0.658869 0.488609 0.670472
0 0.488050 0.503820 0.488342 0.507055 0.511954 0.531854 0.517120 0.523109 0.499986 0.490942 0.498675 0.489565 0.496269 0.489908 0.496147 0.490093 0.495808 0.490649 0.495303 0.491491 0.494710 0.492491 0.489555 0.501216 0.488966 0.502217 0.488473 0.503063 0.488152 0.503626
0 0.483421 0.607784 0.483605 0.611679 0.491348 0.620402 0.496799 0.611799 0.496873 0.609243 0.489307 0.600720 0.486826 0.601472 0.486722 0.601531 0.486389 0.601966 0.485879 0.602711 0.485270 0.603651 0.484653 0.604646 0.484121 0.605545 0.483756 0.606212 0.483612 0.606545
0 0.498234 0.597640 0.498901 0.601859 0.500724 0.605404 0.500760 0.605462 0.502716 0.607271 0.503636 0.608064 0.504716 0.608323 0.506632 0.608554 0.509783 0.607630 0.512438 0.605162 0.513799 0.603019 0.514396 0.601782 0.514596 0.600336 0.514780 0.597283 0.514114 0.593069 0.512294 0.589526 0.512251 0.589478 0.509555 0.587147 0.506391 0.586380 0.503241 0.587297 0.500583 0.589758 0.498825 0.593390
0 0.566301 0.395680 0.567301 0.404031 0.568163 0.408247 0.570371 0.419046 0.572492 0.425956 0.582126 0.422454 0.583001 0.417122 0.582951 0.416331 0.582800 0.415223 0.582569 0.413967 0.579463 0.398777 0.579190 0.397571 0.578917 0.396603 0.578686 0.396022 0.575935 0.392178
