0 0.443802 0.622680 0.444012 0.624131 0.445167 0.626279 0.445639 0.626952 0.446532 0.627361 0.447712 0.627442 0.448996 0.627182 0.450187 0.626622 0.451103 0.625847 0.451603 0.624978 0.452066 0.622503 0.452078 0.621469 0.451874 0.620018 0.451274 0.619193 0.449613 0.617997 0.448942 0.617699 0.448060 0.617643 0.447101 0.617837 0.446210 0.618252 0.445521 0.618824 0.444469 0.620568 0.443831 0.621644
0 0.525791 0.211212 0.525848 0.211757 0.525978 0.212512 0.526160 0.213361 0.526368 0.214177 0.530376 0.228166 0.546088 0.221029 0.546095 0.218974 0.543361 0.209269 0.541793 0.204304 0.541618 0.203908 0.541502 0.203834 0.538112 0.204166 0.528698 0.208442 0.525816 0.210959
0 0.602681 0.429511 0.650393 0.447210 0.651084 0.446967 0.655529 0.425664 0.607598 0.407885 0.607106 0.408306
0 0.358723 0.517741 0.360480 0.539787 0.360696 0.541421 0.361921 0.550682 0.362215 0.550697 0.363033 0.550573 0.364247 0.550330 0.365674 0.550004 0.367099 0.549645 0.368308 0.549307 0.369120 0.549040 0.369409 0.548886 0.368182 0.539644 0.367965 0.538014 0.363963 0.516531 0.363838 0.516495 0.363248 0.516539 0.362367 0.516680 0.361329 0.516898 0.360292 0.517159 0.359418 0.517423 0.358840 0.517649
0 0.493153 0.544108 0.495444 0.566163 0.505369 0.564330 0.506857 0.561444 0.506840 0.561275 0.506774 0.560629 0.506668 0.559604 0.505263 0.546079 0.505148 0.544975 0.505068 0.544211 0.505035 0.543902 0.503042 0.541792 0.493231 0.543604
0 0.532477 0.551363 0.537322 0.617078 0.537493 0.617616 0.553997 0.615453 0.549131 0.549436 0.548906 0.549210
0 0.446882 0.531702 0.446892 0.532712 0.446957 0.533955 0.447067 0.535241 0.447206 0.536370 0.447351 0.537172 0.450186 0.545879 0.450495 0.546232 0.450989 0.546574 0.451593 0.546852 0.452214 0.547024 0.452757 0.547062 0.453139 0.546962 0.465916 0.537176 0.466040 0.536146 0.466032 0.535164 0.465936 0.533076 0.465777 0.530864 0.465494 0.527962 0.465233 0.526161 0.465073 0.526122 0.458322 0.526762 0.457604 0.526863 0.448701 0.528594 0.448478 0.528715 0.446929 0.531078
0 0.403694 0.538170 0.411720 0.557520 0.412073 0.557290 0.426527 0.546631 0.418533 0.527359 0.418206 0.527469
0 0.576722 0.394316 0.593248 0.395464 0.593677 0.394983 0.594542 0.372847 0.577940 0.371694 0.577583 0.372282
0 0.442125 0.492872 0.445845 0.514549 0.446603 0.518886 0.462866 0.513837 0.463291 0.513678 0.458798 0.487954 0.456544 0.486096 0.456302 0.486135 0.455726 0.486283 0.454904 0.486518 0.453960 0.486804 0.445847 0.489322 0.444930 0.489614 0.444183 0.489867 0.443719 0.490042 0.443608 0.490112
0 0.521451 0.398597 0.522001 0.399095 0.529023 0.403308 0.530350 0.403969 0.530702 0.403903 0.531046 0.403292 0.537143 0.385223 0.537279 0.384413 0.537131 0.383873 0.534904 0.381676 0.528235 0.378495
0 0.425906 0.497221 0.425988 0.499375 0.426682 0.501324 0.427882 0.502770 0.429406 0.503494 0.429527 0.503488 0.431140 0.503379 0.432599 0.502456 0.433682 0.500858 0.434224 0.498830 0.434142 0.496679 0.433450 0.494734 0.432251 0.493290 0.430730 0.492568 0.430611 0.492555 0.428995 0.492664 0.427534 0.493589 0.426449 0.495189
0 0.480376 0.456329 0.488583 0.475720 0.488713 0.475997 0.497339 0.469507 0.498044 0.466247 0.497949 0.465982 0.497680 0.465316 0.497280 0.464349 0.496809 0.463229 0.492715 0.453556 0.492247 0.452458 0.491855 0.451553 0.491599 0.450980 0.491517 0.450824 0.489102 0.449764
0 0.473533 0.624331 0.474471 0.628482 0.475834 0.630881 0.476533 0.632021 0.477505 0.632713 0.479378 0.633861 0.482599 0.634268 0.485696 0.632990 0.487387 0.631351 0.488238 0.630408 0.488757 0.629101 0.489717 0.626384 0.490031 0.622066 0.489091 0.617922 0.489081 0.617889 0.487031 0.614552 0.484184 0.612524 0.480970 0.612115 0.477878 0.613386 0.475379 0.616146 0.473853 0.619976 0.473534 0.624294
