0 0.635491 0.763827 0.637057 0.766877 0.698390 0.819670 0.730066 0.782870 0.728223 0.769517 0.727227 0.768563 0.724995 0.766561 0.721869 0.763816 0.718323 0.760744 0.714891 0.757809 0.712091 0.755453 0.710347 0.754034 0.709929 0.753770 0.697121 0.753543 0.640710 0.757764
0 0.620445 0.338097 0.620539 0.338800 0.627768 0.348298 0.675649 0.351668 0.677680 0.349953 0.683361 0.269228 0.675288 0.268659 0.622234 0.314722 0.622008 0.315881 0.621689 0.318690 0.621324 0.322718 0.620969 0.327356 0.620678 0.331904 0.620494 0.335674
0 0.789248 0.953157 0.812471 0.985738 0.836574 1.000000 0.863697 1.000000 0.872901 0.999969 0.845451 0.961841 0.821908 0.929493 0.804310 0.939510
0 0.216099 0.075422 0.235039 0.085816 0.252555 0.092671 0.266600 0.070544 0.290812 0.019446 0.292911 0.013524 0.256695 0.000000 0.254654 0.002339 0.228166 0.039851
0 0.589447 0.212136 0.615804 0.242354 0.672379 0.246215 0.702597 0.219858 0.705417 0.215949 0.678693 0.185310 0.621330 0.181395 0.590691 0.208119
0 0.488745 0.515204 0.505033 0.549797 0.557618 0.572470 0.594315 0.560724 0.601999 0.539526 0.586215 0.505188 0.533878 0.482622 0.497718 0.494562
0 0.554489 0.866720 0.562921 0.905631 0.581599 0.911562 0.617866 0.900557 0.645670 0.850803 0.636998 0.812427 0.619005 0.805271 0.582424 0.816730 0.562333 0.852683
0 0.827787 0.618049 0.827939 0.666049 0.837897 0.675527 0.841826 0.677568 0.843213 0.677802 0.846256 0.677996 0.850492 0.678118 0.855274 0.678151 0.859867 0.678088 0.863565 0.677941 0.865804 0.677731 0.866244 0.677491 0.876546 0.669804 0.876390 0.620681 0.867787 0.617923
0 0.204488 0.719560 0.204617 0.723320 0.204886 0.725689 0.205254 0.726309 0.211957 0.735909 0.260498 0.737048 0.263235 0.734339 0.265112 0.654361 0.217126 0.653235 0.213855 0.655007 0.206765 0.661959 0.206355 0.663092 0.205965 0.665897 0.205652 0.669949 0.205466 0.674627 0.204519 0.714985
0 0.877012 0.100357 0.924176 0.164976 0.962947 0.136677 0.968299 0.132477 0.967845 0.121809 0.966823 0.119267 0.964858 0.115809 0.962248 0.111964 0.938448 0.079356 0.935601 0.075724 0.932961 0.072872 0.930931 0.071234 0.920589 0.067111 0.881370 0.095737
0 0.410426 0.132138 0.411449 0.136342 0.448274 0.167132 0.459696 0.164530 0.460337 0.164268 0.462056 0.162640 0.464587 0.159897 0.467549 0.156455 0.493266 0.125698 0.496217 0.122068 0.498720 0.118790 0.500394 0.116359 0.500984 0.115148 0.499584 0.101200 0.462334 0.070055
0 0.063648 0.459909 0.129622 0.504789 0.130292 0.504739 0.131564 0.503697 0.133246 0.501820 0.135079 0.499394 0.195193 0.413962 0.196888 0.411373 0.198174 0.409033 0.198856 0.407298 0.198830 0.406432 0.133258 0.360980 0.132582 0.361153 0.131305 0.362302 0.129621 0.364251 0.120433 0.376128 0.074180 0.441860 0.065871 0.454850 0.064518 0.457217 0.063737 0.458994
0 0.307599 0.508887 0.308916 0.535781 0.309694 0.538880 0.311598 0.541445 0.314339 0.543085 0.317499 0.543553 0.321671 0.542557 0.324698 0.541797 0.327205 0.539937 0.328808 0.537259 0.363797 0.439321 0.364254 0.436233 0.363494 0.433206 0.361634 0.430699 0.358955 0.429096 0.355656 0.427437 0.352496 0.426970 0.349398 0.427748 0.346833 0.429652 0.329254 0.448271 0.328719 0.449069 0.327645 0.451482 0.326194 0.455144 0.324589 0.459497 0.311007 0.497513 0.309498 0.501877 0.308321 0.505571 0.307654 0.508032
0 0.535533 0.460117 0.535603 0.460450 0.536502 0.462354 0.538095 0.465544 0.540139 0.469534 0.542320 0.473711 0.544304 0.477433 0.545786 0.480129 0.546542 0.481391 0.568215 0.504841 0.569169 0.505559 0.571191 0.506045 0.573973 0.506225 0.577091 0.506070 0.580066 0.505604 0.582443 0.504899 0.583860 0.504062 0.629382 0.447392 0.629009 0.446608 0.627039 0.442726 0.624086 0.436986 0.619102 0.427371 0.614746 0.419031 0.612425 0.414671 0.610755 0.411628 0.580825 0.426097 0.577712 0.427716 0.552760 0.441957 0.539763 0.449444 0.539614 0.449542
0 0.684611 0.299625 0.692796 0.370956 0.695124 0.372781 0.698115 0.374114 0.704949 0.376701 0.712536 0.379259 0.722937 0.382376 0.729913 0.384033 0.730996 0.383579 0.741864 0.352652 0.742943 0.349324 0.751166 0.321275 0.755482 0.306396 0.750526 0.295984 0.748853 0.294944 0.745701 0.293555 0.741554 0.292031 0.737046 0.290605 0.732870 0.289496 0.729668 0.288874 0.727924 0.288833 0.694121 0.288188 0.692508 0.289082 0.690503 0.290793 0.688414 0.293060 0.686559 0.295536 0.685224 0.297842
0 0.266541 0.800349 0.274036 0.814694 0.309898 0.795957 0.312071 0.792574 0.304661 0.778393 0.292448 0.776142 0.291909 0.776203 0.289828 0.777104 0.286525 0.778704 0.282502 0.780763 0.278364 0.782969 0.274737 0.784988 0.272169 0.786517 0.271055 0.787320
0 0.062966 0.134307 0.077641 0.171821 0.079577 0.173325 0.116919 0.158717 0.102311 0.121375 0.100480 0.119632
0 0.822589 0.442179 0.852347 0.469054 0.853969 0.468912 0.880968 0.439018 0.851074 0.412019 0.849465 0.412421
