0 0.510149 0.442194 0.510261 0.446482 0.511600 0.450399 0.513960 0.453347 0.516982 0.454875 0.520205 0.454752 0.523135 0.452997 0.525329 0.449880 0.525370 0.449812 0.526495 0.445804 0.526377 0.441519 0.525681 0.438594 0.525225 0.437262 0.524422 0.436259 0.522680 0.434663 0.519662 0.433132 0.516442 0.433250 0.514661 0.434051 0.513662 0.434646 0.512913 0.435707 0.511310 0.438113 0.511277 0.438189
0 0.476335 0.411128 0.476444 0.411535 0.484288 0.415046 0.489554 0.394129 0.489506 0.393642 0.481626 0.390115
0 0.454578 0.591149 0.457259 0.601639 0.465127 0.598064 0.465287 0.597614 0.462618 0.587172 0.454786 0.590731
0 0.480839 0.580918 0.480963 0.581097 0.481374 0.581690 0.481778 0.581784 0.482198 0.581874 0.482627 0.581960 0.483059 0.582039 0.483489 0.582111 0.503206 0.585276 0.505536 0.563435 0.505327 0.563254 0.485183 0.559433 0.484751 0.559353 0.484329 0.559280 0.483920 0.559214 0.483530 0.559156 0.483166 0.559107
0 0.525530 0.470303 0.534328 0.476402 0.536817 0.475414 0.536953 0.475157 0.537244 0.474489 0.537646 0.473511 0.538097 0.472373 0.541940 0.462519 0.542370 0.461397 0.542711 0.460468 0.542913 0.459873 0.542944 0.459702 0.542339 0.456452 0.541647 0.455888 0.540166 0.454861 0.537203 0.452807 0.534239 0.450753 0.533460 0.450297 0.533154 0.450752 0.532735 0.451785 0.531212 0.455690 0.525881 0.469360
0 0.604752 0.427677 0.605543 0.430944 0.615149 0.434165 0.616480 0.433404 0.618517 0.422608 0.608800 0.419349 0.607557 0.420271 0.606059 0.421386 0.605873 0.421734 0.605624 0.422518 0.605349 0.423617 0.605089 0.424865 0.604885 0.426074 0.604767 0.427061
0 0.583854 0.624050 0.583945 0.624517 0.584114 0.625215 0.584316 0.625958 0.584498 0.626546 0.584610 0.626823 0.588034 0.630251 0.590633 0.629066 0.591394 0.623625 0.591308 0.623156 0.591139 0.622456 0.590935 0.621712 0.590749 0.621125 0.590632 0.620852 0.585852 0.613585 0.584284 0.614300
0 0.419578 0.541697 0.437415 0.578981 0.444406 0.573035 0.444660 0.572701 0.426905 0.535588 0.426569 0.535751
0 0.275499 0.722773 0.275535 0.727084 0.276806 0.731048 0.278333 0.733039 0.280137 0.734607 0.282119 0.735667 0.285352 0.735619 0.288326 0.733924 0.289172 0.732988 0.290659 0.730961 0.291424 0.729918 0.292623 0.725933 0.292587 0.721639 0.291321 0.717690 0.289018 0.714688 0.288003 0.714145 0.286029 0.713090 0.282808 0.713138 0.279847 0.714826 0.278963 0.715689 0.277470 0.717724 0.277086 0.718396 0.276294 0.720130
0 0.485192 0.454802 0.485371 0.460484 0.485922 0.471520 0.486297 0.476948 0.492056 0.476639 0.494438 0.476353 0.493338 0.454322 0.487572 0.454444
0 0.470853 0.441837 0.475164 0.451364 0.477430 0.450293 0.502477 0.430145 0.503835 0.429008 0.503575 0.426002 0.503488 0.425309 0.503199 0.424337 0.502752 0.423234 0.502216 0.422165 0.501670 0.421293 0.501198 0.420749 0.499568 0.419579 0.495479 0.421057
0 0.567178 0.391200 0.568225 0.392908 0.573461 0.401448 0.599081 0.373520 0.600227 0.372053 0.593871 0.361687 0.590896 0.362041 0.590578 0.362344 0.590017 0.362926 0.589299 0.363699 0.582835 0.370745 0.569907 0.384838 0.569146 0.385677 0.568466 0.386448 0.567970 0.387033 0.567733 0.387343
