0 0.446207 0.606961 0.456785 0.624061 0.469610 0.609957 0.469749 0.609453 0.459220 0.592432 0.446454 0.606471
0 0.433162 0.267141 0.439216 0.292804 0.439911 0.295172 0.440999 0.296598 0.441265 0.296897 0.441865 0.297211 0.442707 0.297493 0.443665 0.297700 0.444593 0.297801 0.445352 0.297781 0.445826 0.297642 0.448104 0.296510 0.450512 0.270293 0.449940 0.267637 0.433365 0.264931
0 0.614871 0.471959 0.615374 0.474004 0.616426 0.475636 0.617866 0.476608 0.619476 0.476770 0.619682 0.476730 0.621218 0.476058 0.622445 0.474653 0.623174 0.472729 0.623297 0.470579 0.622792 0.468531 0.621739 0.466896 0.620296 0.465922 0.618683 0.465760 0.618479 0.465818 0.616946 0.466490 0.615721 0.467892 0.614993 0.469813
0 0.366203 0.750840 0.371292 0.762295 0.375106 0.762240 0.375432 0.762166 0.376038 0.761811 0.376830 0.761229 0.386990 0.753205 0.387845 0.752487 0.388628 0.751746 0.389219 0.751095 0.389529 0.750634 0.391543 0.746303 0.386454 0.734848 0.382350 0.736916 0.372306 0.744847
0 0.549387 0.515815 0.549567 0.516232 0.550120 0.516466 0.564915 0.518326 0.565525 0.518238 0.565841 0.517883 0.566503 0.514416 0.566777 0.504922 0.550318 0.502853 0.550184 0.503695 0.549461 0.513917
0 0.420494 0.427092 0.421044 0.431584 0.421249 0.431659 0.421674 0.431749 0.422253 0.431842 0.422897 0.431923 0.435139 0.433190 0.436507 0.411197 0.436155 0.410782 0.427886 0.409885 0.423856 0.409542 0.423239 0.409490 0.422749 0.409477 0.422458 0.409507 0.422412 0.409574 0.421315 0.413886 0.420699 0.423791
0 0.565253 0.554602 0.571905 0.567391 0.573638 0.570487 0.573922 0.570625 0.574538 0.570833 0.575391 0.571079 0.576352 0.571324 0.577273 0.571533 0.578012 0.571671 0.578456 0.571719 0.578539 0.571670 0.580952 0.570153 0.582737 0.557007 0.581791 0.556356 0.565547 0.552436
0 0.556775 0.411018 0.557707 0.413634 0.557796 0.413870 0.558204 0.414312 0.558866 0.414893 0.559683 0.415525 0.566934 0.420837 0.567784 0.421427 0.568541 0.421885 0.569090 0.422144 0.569347 0.422163 0.571242 0.421619 0.572066 0.420713 0.573674 0.416810 0.559040 0.406087 0.558365 0.407160
0 0.536472 0.568723 0.536550 0.576911 0.537331 0.581793 0.537495 0.582314 0.537783 0.582491 0.539838 0.582136 0.543364 0.581406 0.543598 0.581123 0.543643 0.580561 0.543391 0.575652 0.541696 0.567750 0.541534 0.567165 0.541247 0.566817 0.539460 0.565808 0.538220 0.566048 0.536709 0.567660 0.536504 0.568100
0 0.424997 0.533981 0.433147 0.553224 0.447579 0.542357 0.447788 0.542188 0.439671 0.523022 0.439429 0.523114
