0 0.550547 0.381499 0.550578 0.382269 0.551007 0.388735 0.551866 0.399680 0.568284 0.397390 0.568597 0.396918 0.567381 0.380287 0.567303 0.379466 0.567213 0.378812 0.567126 0.378426 0.567054 0.378365 0.563672 0.377727 0.561201 0.378071 0.556259 0.378761 0.553788 0.379106 0.550579 0.380663 0.550548 0.380935
0 0.546775 0.557019 0.546858 0.559168 0.547552 0.561112 0.547634 0.561217 0.548835 0.562661 0.550358 0.563382 0.551973 0.563271 0.553433 0.562345 0.554516 0.560744 0.555058 0.558712 0.554974 0.556559 0.554279 0.554612 0.553079 0.553169 0.552987 0.553077 0.551466 0.552357 0.549854 0.552468 0.548397 0.553392 0.547316 0.554991
0 0.562885 0.467438 0.567476 0.488581 0.567747 0.488535 0.583668 0.482389 0.579058 0.461162 0.563138 0.467308
0 0.510609 0.404182 0.524680 0.415794 0.542098 0.378271 0.542292 0.377711 0.528157 0.366045 0.510658 0.403741
0 0.469357 0.407233 0.469708 0.408294 0.473790 0.420326 0.475879 0.421099 0.476083 0.421099 0.476601 0.420891 0.477352 0.420507 0.478223 0.420006 0.479083 0.419463 0.479802 0.418960 0.480271 0.418573 0.480417 0.418362 0.481310 0.415790 0.481094 0.414817 0.476965 0.402645
0 0.505763 0.573845 0.505790 0.574185 0.512527 0.594449 0.527725 0.585467 0.527598 0.585075 0.520891 0.564904
0 0.455174 0.416807 0.455380 0.417188 0.462339 0.423156 0.471290 0.404598 0.471158 0.404159 0.464167 0.398164
0 0.447033 0.627282 0.447230 0.627477 0.447648 0.627664 0.448223 0.627817 0.448866 0.627911 0.449479 0.627932 0.449969 0.627876 0.450260 0.627753 0.450309 0.627582 0.454446 0.596251 0.454532 0.595162 0.453897 0.592767 0.453591 0.592519 0.452960 0.592270 0.452098 0.592061 0.451136 0.591920 0.450220 0.591871 0.449486 0.591919 0.449048 0.592060 0.448070 0.594220 0.447968 0.594504 0.447882 0.595594
0 0.425432 0.591915 0.442352 0.606228 0.445063 0.605008 0.445236 0.604656 0.445586 0.603933 0.446058 0.602949 0.446581 0.601853 0.447076 0.600810 0.447468 0.599977 0.447698 0.599482 0.447731 0.599400 0.447433 0.595720 0.436521 0.573458 0.435127 0.572278 0.434377 0.573114
0 0.488305 0.469854 0.488383 0.471540 0.488488 0.473788 0.488751 0.474387 0.493694 0.473979 0.495341 0.473843 0.496989 0.473706 0.496887 0.471510 0.496810 0.469862 0.496736 0.469157 0.496290 0.468648 0.488707 0.469275
0 0.437576 0.666206 0.437895 0.668320 0.438796 0.670110 0.440143 0.671304 0.441729 0.671720 0.443314 0.671295 0.444657 0.670094 0.445552 0.668298 0.445646 0.668009 0.445958 0.665897 0.445639 0.663787 0.444740 0.662000 0.443396 0.660808 0.441812 0.660393 0.440229 0.660817 0.438889 0.662017 0.437995 0.663809 0.437888 0.664091
