0 0.611090 0.315907 0.699135 0.377101 0.700051 0.376535 0.707736 0.356879 0.619286 0.295404 0.618739 0.296341
0 0.578803 0.465617 0.578917 0.466322 0.579159 0.467343 0.579494 0.468526 0.582590 0.478755 0.582967 0.479924 0.583330 0.480905 0.583625 0.481551 0.583806 0.481761 0.585572 0.483031 0.586561 0.482835 0.595852 0.477836 0.589604 0.457189 0.588580 0.457678 0.579395 0.462620 0.578836 0.465338
0 0.435452 0.472808 0.435651 0.473189 0.437113 0.473607 0.444651 0.475705 0.445194 0.475843 0.448572 0.454265 0.441288 0.452052 0.439029 0.451618 0.438728 0.451888 0.438504 0.452627 0.435467 0.472023
0 0.543860 0.488106 0.551676 0.491726 0.551913 0.491688 0.554641 0.481218 0.546789 0.477582 0.546574 0.477685
0 0.425606 0.594917 0.425685 0.599227 0.426996 0.603169 0.428542 0.605132 0.429459 0.605959 0.430362 0.606669 0.432355 0.607693 0.435587 0.607588 0.438543 0.605840 0.440016 0.603778 0.440874 0.602541 0.441010 0.602307 0.442169 0.598301 0.442090 0.594008 0.440785 0.590082 0.438452 0.587121 0.435448 0.585576 0.432228 0.585681 0.429284 0.587421 0.429000 0.587772 0.427527 0.589835 0.426896 0.590739 0.426375 0.592261
0 0.502402 0.386627 0.502610 0.387143 0.506215 0.391736 0.508816 0.394998 0.509827 0.395889 0.510205 0.396052 0.510582 0.395778 0.514090 0.390187 0.514233 0.389633 0.514060 0.389142 0.511341 0.386079 0.507162 0.381411 0.506546 0.380843 0.506145 0.380635 0.505703 0.380788 0.503413 0.382611 0.502446 0.386003
0 0.404794 0.365913 0.412262 0.385888 0.413778 0.389914 0.415749 0.392430 0.423126 0.387493 0.414238 0.363887 0.412232 0.360703 0.410149 0.360320 0.409558 0.360489 0.408757 0.360873 0.407868 0.361415 0.407028 0.362031 0.406366 0.362625 0.405983 0.363108 0.404809 0.365815
0 0.439541 0.561106 0.439599 0.563262 0.440272 0.565224 0.441456 0.566693 0.442972 0.567446 0.444588 0.567368 0.446060 0.566472 0.446153 0.566358 0.447252 0.564781 0.447817 0.562764 0.447758 0.560612 0.447087 0.558653 0.445905 0.557187 0.444392 0.556435 0.442778 0.556512 0.441309 0.557407 0.441208 0.557506 0.440106 0.559085
0 0.481141 0.502058 0.495104 0.514089 0.522175 0.458241 0.508213 0.446209
0 0.447356 0.526180 0.448357 0.527962 0.472059 0.551581 0.478741 0.544907 0.478984 0.544394 0.461169 0.512684 0.458560 0.512202 0.458353 0.512370 0.457873 0.512816 0.457193 0.513474 0.456416 0.514242 0.449749 0.520901 0.448997 0.521660 0.448387 0.522291 0.448012 0.522698 0.447929 0.522819
0 0.436139 0.498730 0.436395 0.501885 0.437017 0.502504 0.439797 0.504971 0.442578 0.507438 0.443968 0.508671 0.444727 0.509278 0.445233 0.509193 0.445752 0.508266 0.446667 0.506434 0.447582 0.504601 0.450326 0.499104 0.453984 0.491775 0.454389 0.490848 0.446134 0.483523 0.445637 0.483371 0.443498 0.483987 0.443318 0.484176 0.442955 0.484759 0.442463 0.485647 0.441918 0.486705 0.437303 0.495952 0.436790 0.497014 0.436388 0.497915 0.436160 0.498518
0 0.403509 0.463382 0.415313 0.468165 0.415935 0.468417 0.416492 0.468641 0.416898 0.468803 0.417092 0.468880 0.418847 0.464974 0.421735 0.452294 0.421906 0.447747 0.421716 0.447652 0.421314 0.447473 0.420760 0.447239 0.420138 0.446983 0.408328 0.442224
0 0.534878 0.430806 0.537318 0.452628 0.553685 0.449374 0.553933 0.449141 0.551481 0.427218 0.535038 0.430487
0 0.353319 0.551579 0.358059 0.577729 0.359088 0.579482 0.360699 0.578574 0.373701 0.565013 0.361497 0.544209 0.358306 0.543974 0.357969 0.544188 0.357384 0.544682 0.356638 0.545382 0.355847 0.546179 0.355132 0.546952 0.354603 0.547583 0.354340 0.547973
0 0.416303 0.416729 0.420504 0.438106 0.420822 0.438354 0.436791 0.432775 0.432607 0.411483 0.432336 0.411128
0 0.410813 0.538407 0.417528 0.553998 0.419642 0.554955 0.420016 0.554700 0.421118 0.553946 0.421478 0.553699 0.438657 0.540546 0.437013 0.536728 0.430436 0.521459 0.430116 0.521557 0.429140 0.521858 0.428809 0.521961 0.411228 0.535422
0 0.523965 0.573455 0.524075 0.573793 0.531185 0.579534 0.539796 0.560573 0.539614 0.560296 0.532536 0.554581
