0 0.075107 0.206693 0.080949 0.210725 0.149240 0.252768 0.170261 0.218622 0.165664 0.214700 0.096421 0.172072
0 0.000000 0.223384 0.011891 0.261628 0.017469 0.264352 0.026018 0.266102 0.027426 0.265932 0.030181 0.264833 0.033862 0.262975 0.037912 0.260638 0.072131 0.239747 0.075948 0.237279 0.078965 0.235048 0.080725 0.233391 0.085749 0.222665 0.060737 0.181697 0.055659 0.178017 0.020229 0.201802 0.000000 0.216624
0 0.835071 0.071618 0.847963 0.117855 0.860418 0.121984 0.862531 0.121705 0.866020 0.120939 0.870358 0.119802 0.908976 0.109034 0.913518 0.107695 0.917589 0.106353 0.920572 0.105212 0.922012 0.104444 0.929937 0.091702 0.916896 0.044931 0.838945 0.066666
0 0.020809 0.623384 0.035222 0.635737 0.037265 0.636468 0.040758 0.637437 0.045168 0.638495 0.100994 0.651084 0.105630 0.652066 0.109764 0.652817 0.112764 0.653223 0.114174 0.653223 0.132074 0.648475 0.142719 0.601269 0.118015 0.594229 0.078327 0.585279 0.062832 0.581785 0.031454 0.576178
0 0.310240 0.714303 0.319635 0.761774 0.346355 0.758342 0.402759 0.747178 0.431523 0.739628 0.422128 0.692158 0.404359 0.686939 0.403584 0.686871 0.401125 0.687170 0.397361 0.687789 0.392862 0.688636 0.337111 0.699671 0.332541 0.700619 0.328575 0.701529 0.325814 0.702264 0.324680 0.702710
0 0.404163 0.574574 0.408331 0.592617 0.455169 0.604779 0.462640 0.576556 0.466632 0.561182 0.476857 0.521803 0.483834 0.494381 0.436997 0.482219 0.424576 0.495956 0.424245 0.496843 0.423499 0.499384 0.422452 0.503194 0.421264 0.507692 0.406881 0.563082 0.405739 0.567561 0.404821 0.571318 0.404267 0.573780
0 0.463381 0.828116 0.502538 0.838678 0.552256 0.810083 0.562818 0.770926 0.561956 0.767210 0.523336 0.756794 0.474300 0.784997 0.463883 0.823617
0 0.311205 0.527311 0.311551 0.530391 0.312737 0.533260 0.314582 0.535478 0.329164 0.543799 0.333635 0.545456 0.378928 0.533773 0.381728 0.533049 0.388649 0.531198 0.408581 0.525860 0.410714 0.520403 0.409697 0.511876 0.406372 0.498966 0.403149 0.491034 0.398665 0.487361 0.378613 0.492236 0.371654 0.493938 0.323508 0.506139 0.320417 0.509840 0.311751 0.524490
0 0.724088 0.665831 0.724247 0.667725 0.724695 0.668540 0.747038 0.693032 0.748518 0.694197 0.751307 0.696148 0.754982 0.698588 0.758980 0.701144 0.762684 0.703422 0.765529 0.705073 0.767079 0.705845 0.778448 0.702951 0.786908 0.690267 0.802881 0.666252 0.804769 0.663297 0.822066 0.635053 0.821055 0.634233 0.814824 0.630140 0.805573 0.624207 0.798842 0.619953 0.792796 0.616195 0.790163 0.614602 0.788161 0.613567 0.726930 0.653145 0.726143 0.654664 0.725356 0.657098 0.724689 0.660077 0.724243 0.663145
0 0.474878 0.199761 0.474881 0.204056 0.475104 0.207814 0.475713 0.215597 0.476457 0.223691 0.477562 0.234111 0.478398 0.240345 0.498197 0.239166 0.511691 0.238295 0.515181 0.237970 0.558461 0.232163 0.566487 0.223574 0.566701 0.222837 0.566719 0.220373 0.566538 0.216553 0.566186 0.211962 0.565717 0.207302 0.565202 0.203291 0.564721 0.200543 0.564347 0.199474 0.552611 0.170733 0.552090 0.169461 0.550476 0.168048 0.548012 0.166712 0.545076 0.165656 0.542117 0.165042 0.539588 0.164965 0.537874 0.165434
0 0.343300 0.145614 0.360897 0.214416 0.364521 0.216298 0.368032 0.217310 0.375531 0.218986 0.383502 0.220410 0.393989 0.221822 0.400532 0.222166 0.400742 0.221231 0.407283 0.189201 0.407860 0.185754 0.413305 0.142527 0.413008 0.141100 0.406765 0.131640 0.404578 0.130710 0.400979 0.129698 0.396518 0.128760 0.391878 0.128040 0.387773 0.127649 0.384833 0.127645 0.350891 0.132839 0.349218 0.133879 0.347360 0.135818 0.345602 0.138360 0.344212 0.141115 0.343404 0.143663
0 0.126972 0.429664 0.129338 0.437135 0.134382 0.443132 0.141338 0.446741 0.141954 0.446832 0.149748 0.447505 0.157205 0.445143 0.163192 0.440107 0.166795 0.433164 0.167467 0.425370 0.165105 0.417912 0.160069 0.411926 0.153126 0.408323 0.152529 0.408165 0.144722 0.407491 0.137251 0.409858 0.131254 0.414902 0.127645 0.421858
0 0.318416 0.268976 0.319072 0.276784 0.322665 0.283748 0.322969 0.284120 0.328944 0.289169 0.336397 0.291548 0.344192 0.290894 0.351144 0.287307 0.356193 0.281332 0.358572 0.273880 0.357918 0.266085 0.354331 0.259133 0.354080 0.258718 0.348095 0.253660 0.340630 0.251277 0.332821 0.251933 0.325858 0.255525 0.320800 0.261511
0 0.472902 0.685205 0.474423 0.692895 0.478771 0.699419 0.485285 0.703781 0.492971 0.705320 0.500662 0.703799 0.507186 0.699451 0.511548 0.692938 0.513087 0.685251 0.513064 0.684932 0.511545 0.677255 0.507205 0.670742 0.500703 0.666388 0.493029 0.664852 0.485352 0.666370 0.478839 0.670710 0.474485 0.677213 0.472948 0.684886
0 0.415306 0.884004 0.463653 0.888499 0.473119 0.879047 0.473168 0.878632 0.473381 0.876445 0.473725 0.872816 0.474147 0.868300 0.474583 0.863589 0.474965 0.859409 0.475236 0.856397 0.475354 0.855012 0.467772 0.844231 0.419978 0.839787 0.419053 0.843715
0 0.432480 0.200418 0.434198 0.241038 0.435103 0.244599 0.475164 0.242904 0.473470 0.202843 0.473100 0.198701
0 0.746393 0.554558 0.782477 0.586212 0.785743 0.587209 0.795833 0.586297 0.796830 0.585719 0.798893 0.583844 0.801707 0.580954 0.804843 0.577491 0.807818 0.573988 0.810176 0.570982 0.811556 0.568933 0.811751 0.568151 0.812426 0.556792 0.775925 0.524772 0.772771 0.524489
0 0.767626 0.765484 0.768854 0.766703 0.827594 0.821554 0.992146 0.645336 0.933407 0.590485 0.931426 0.590072
0 0.122493 0.310620 0.326967 0.439482 0.327761 0.439758 0.370518 0.371912 0.369921 0.371323 0.165447 0.242462
