0 0.533894 0.429422 0.534548 0.432188 0.534663 0.432413 0.535079 0.432872 0.535733 0.433496 0.536527 0.434191 0.537339 0.434851 0.538048 0.435377 0.538546 0.435690 0.538757 0.435740 0.540868 0.435309 0.557555 0.420737 0.558220 0.419821 0.559113 0.417939 0.545003 0.406031 0.544489 0.407105
0 0.445762 0.460602 0.447411 0.463139 0.448375 0.463815 0.460731 0.465345 0.461555 0.465447 0.463439 0.463538 0.465271 0.437238 0.464624 0.436069 0.464458 0.435770 0.461094 0.435353 0.447637 0.433687
0 0.547927 0.550002 0.548079 0.561006 0.548635 0.561711 0.577172 0.572143 0.578842 0.572102 0.580224 0.569270 0.580304 0.568626 0.580350 0.567597 0.580353 0.566340 0.580199 0.555235 0.580161 0.553946 0.580086 0.552826 0.579986 0.552046 0.579877 0.551724 0.578534 0.549841 0.577636 0.549271
0 0.585103 0.527368 0.594645 0.545395 0.595081 0.545604 0.608663 0.532822 0.599077 0.514713 0.598622 0.514645
0 0.552284 0.424609 0.552353 0.425308 0.552827 0.428584 0.553287 0.431637 0.553504 0.431998 0.555015 0.434103 0.557341 0.434951 0.560127 0.434426 0.562957 0.432611 0.565408 0.429781 0.567117 0.426353 0.567824 0.422838 0.567413 0.419764 0.567191 0.419408 0.565715 0.417249 0.563174 0.415031 0.562384 0.414723 0.561429 0.414890 0.560654 0.415274 0.553668 0.421418 0.553090 0.422225 0.552512 0.423405
0 0.474080 0.479505 0.479009 0.488653 0.479488 0.488912 0.495577 0.473503 0.496016 0.470180 0.495970 0.469834 0.495852 0.469585 0.495528 0.468958 0.495046 0.468046 0.494481 0.466990 0.493918 0.465951 0.493444 0.465090 0.493133 0.464537 0.493030 0.464377 0.490557 0.463778 0.476825 0.476877
0 0.430303 0.571534 0.438185 0.575055 0.438468 0.574711 0.441097 0.564251 0.433252 0.560745 0.432945 0.561025
0 0.429347 0.392405 0.429355 0.393240 0.429423 0.393632 0.430553 0.395537 0.431346 0.396731 0.441164 0.398477 0.442256 0.387569 0.441588 0.386269 0.431657 0.384502 0.429964 0.387150 0.429814 0.387739 0.429654 0.388726 0.429509 0.389961 0.429401 0.391253
0 0.525059 0.589272 0.527451 0.599805 0.528093 0.602140 0.531327 0.600834 0.532366 0.597414 0.532354 0.597300 0.532232 0.596711 0.532018 0.595738 0.531747 0.594529 0.531458 0.593270 0.531196 0.592153 0.531002 0.591351 0.530905 0.590984 0.530550 0.589939 0.528218 0.587996
0 0.716819 0.285656 0.724860 0.288141 0.727986 0.285196 0.731767 0.263455 0.723614 0.260935 0.720547 0.264214
0 0.533917 0.543258 0.564714 0.560312 0.571176 0.542019 0.571436 0.540054 0.540754 0.523295 0.534026 0.541297
0 0.525596 0.307968 0.525994 0.316077 0.526013 0.316401 0.526146 0.317163 0.526372 0.318244 0.526658 0.319481 0.526959 0.320687 0.527232 0.321681 0.527433 0.322312 0.527533 0.322482 0.529703 0.323867 0.538389 0.320505 0.539078 0.320197 0.541646 0.319026 0.545468 0.317167 0.545552 0.316837 0.545405 0.315269 0.545131 0.313593 0.544539 0.311012 0.543824 0.308337 0.543379 0.306910 0.543055 0.306151 0.527976 0.304945 0.527660 0.304929 0.527222 0.305167 0.526728 0.305622 0.526254 0.306224 0.525873 0.306882 0.525642 0.307495
0 0.540289 0.489266 0.549064 0.507909 0.549290 0.507946 0.556313 0.502068 0.547497 0.483340 0.547280 0.483416
0 0.473076 0.344921 0.473301 0.345359 0.473540 0.345815 0.473790 0.346283 0.474047 0.346753 0.474308 0.347225 0.486467 0.368977 0.486555 0.368892 0.499822 0.355709 0.487907 0.333415 0.487646 0.332933 0.487386 0.332462 0.487127 0.332005 0.486873 0.331570 0.486630 0.331164 0.473277 0.344434 0.473234 0.344537 0.473122 0.344808
