0 0.583756 0.445917 0.583996 0.446622 0.590686 0.450939 0.591185 0.450712 0.593318 0.449559 0.594606 0.446011 0.593086 0.445029 0.588524 0.442085 0.587003 0.441104 0.585014 0.442450 0.584295 0.444431
0 0.457231 0.625923 0.457361 0.626239 0.459079 0.628119 0.468558 0.629699 0.468781 0.629453 0.469080 0.628755 0.469411 0.627712 0.469721 0.626483 0.469964 0.625258 0.470102 0.624223 0.470115 0.623538 0.470000 0.623305 0.461508 0.617445 0.459309 0.617698 0.459027 0.618045 0.458641 0.618986 0.458210 0.620376 0.457798 0.622006 0.457467 0.623631 0.457268 0.625006
0 0.447282 0.383852 0.447356 0.384379 0.447713 0.384720 0.452993 0.386612 0.453418 0.386552 0.453654 0.386136 0.454115 0.384502 0.454806 0.379911 0.455726 0.373519 0.455671 0.372944 0.455363 0.372473 0.453102 0.370453 0.450450 0.370696 0.450025 0.370904 0.449790 0.371374 0.449520 0.372388 0.448155 0.379332
0 0.495929 0.565008 0.496019 0.565725 0.496207 0.566535 0.496464 0.567313 0.496750 0.567941 0.497023 0.568322 0.503887 0.571329 0.504526 0.571451 0.505399 0.571536 0.506371 0.571571 0.507294 0.571551 0.508026 0.571478 0.508455 0.571365 0.510106 0.569102 0.510298 0.564849 0.510633 0.556824 0.510647 0.555862 0.510581 0.546836 0.510469 0.546632 0.509049 0.546443 0.506833 0.546319 0.505174 0.546299 0.503636 0.546350 0.502932 0.546421 0.502264 0.546670 0.495950 0.564493
0 0.415314 0.479849 0.421827 0.486692 0.422184 0.486753 0.432402 0.469466 0.425920 0.462654 0.425579 0.462482
0 0.522583 0.428876 0.553853 0.443047 0.554181 0.443187 0.559618 0.422134 0.528162 0.407822 0.527951 0.407843
0 0.419190 0.546921 0.431431 0.561838 0.431706 0.561590 0.442849 0.545333 0.430656 0.530476 0.430377 0.530599
0 0.507870 0.402611 0.513397 0.417513 0.513683 0.418257 0.513932 0.418864 0.514108 0.419244 0.514181 0.419337 0.517514 0.418350 0.524180 0.413904 0.526402 0.412422 0.528995 0.409456 0.528969 0.409240 0.528835 0.408754 0.528611 0.408073 0.528334 0.407300 0.526517 0.402247 0.522803 0.392315 0.507933 0.402234
0 0.569565 0.617645 0.569854 0.619763 0.570730 0.621572 0.570852 0.621782 0.572182 0.623009 0.573763 0.623464 0.575355 0.623078 0.576714 0.621909 0.577635 0.620136 0.577976 0.618027 0.577686 0.615905 0.576810 0.614093 0.576677 0.613896 0.575350 0.612671 0.573771 0.612217 0.572182 0.612602 0.570825 0.613769 0.569906 0.615540
0 0.573844 0.395004 0.574706 0.396882 0.596396 0.423051 0.597510 0.422161 0.604632 0.416349 0.588940 0.382167 0.586044 0.381970 0.585679 0.382214 0.585052 0.382690 0.584258 0.383325 0.577153 0.389123 0.576318 0.389818 0.575570 0.390464 0.575024 0.390963 0.574763 0.391239
0 0.492460 0.426419 0.492495 0.426756 0.551537 0.532791 0.551773 0.532941 0.565089 0.519761 0.505775 0.413238
0 0.501791 0.479438 0.502837 0.483513 0.504234 0.485690 0.504957 0.486784 0.505940 0.487427 0.507872 0.488642 0.511097 0.488914 0.514153 0.487521 0.514163 0.487513 0.516588 0.484664 0.518012 0.480795 0.518216 0.476493 0.517170 0.472414 0.515033 0.469180 0.512131 0.467282 0.508905 0.467010 0.505846 0.468404 0.503421 0.471253 0.501997 0.475123 0.501996 0.475139
0 0.463315 0.425065 0.465326 0.447168 0.465722 0.447772 0.475555 0.446182 0.476965 0.443392 0.476973 0.443216 0.476934 0.442567 0.476854 0.441543 0.476746 0.440301 0.475750 0.429351 0.475629 0.428075 0.475514 0.426955 0.475422 0.426160 0.475366 0.425811 0.473262 0.423457
0 0.447499 0.586597 0.450372 0.608362 0.466695 0.604532 0.466828 0.604114 0.463968 0.582436 0.447709 0.586251
0 0.437845 0.430674 0.438181 0.431885 0.438839 0.432833 0.441689 0.436597 0.441822 0.436743 0.445667 0.439460 0.446545 0.439999 0.447510 0.440049 0.448417 0.439602 0.449126 0.438727 0.451934 0.434600 0.453974 0.429821 0.454378 0.428651 0.454415 0.427363 0.454081 0.426155 0.453969 0.425975 0.453311 0.425027 0.450213 0.420937 0.446615 0.418547 0.445735 0.418007 0.444767 0.417957 0.443859 0.418405 0.443148 0.419282 0.440078 0.423084 0.438288 0.428210 0.437883 0.429383
0 0.471948 0.380437 0.472101 0.381727 0.473081 0.385522 0.476768 0.386386 0.496663 0.384476 0.498160 0.384223 0.497567 0.373236 0.490550 0.371208 0.472482 0.374429 0.471964 0.379189
