0 0.380540 0.460337 0.381199 0.463101 0.382106 0.466677 0.384977 0.471122 0.385615 0.472094 0.386483 0.472667 0.386499 0.472671 0.386759 0.472733 0.387723 0.472819 0.388638 0.472407 0.392262 0.470306 0.395792 0.466918 0.396519 0.466070 0.396948 0.464915 0.397012 0.463630 0.396703 0.462409 0.394926 0.457124 0.392586 0.452871 0.391950 0.451901 0.391084 0.451330 0.390835 0.451218 0.390819 0.451211 0.389853 0.451125 0.388935 0.451538 0.384776 0.453466 0.382644 0.455951 0.381035 0.457891 0.380605 0.459048
0 0.460466 0.553414 0.460639 0.553878 0.461013 0.554667 0.461530 0.555659 0.462112 0.556701 0.462669 0.557635 0.463115 0.558317 0.463383 0.558643 0.465757 0.559008 0.466757 0.558016 0.466831 0.557886 0.468002 0.555379 0.467760 0.554759 0.467256 0.553714 0.466568 0.552403 0.465798 0.551023 0.465063 0.549782 0.464473 0.548867 0.464118 0.548418 0.461978 0.549187 0.460980 0.550176 0.460892 0.550289
0 0.398156 0.534839 0.399350 0.536395 0.411157 0.536213 0.414090 0.536066 0.414335 0.535838 0.414807 0.535284 0.415434 0.534490 0.416120 0.533575 0.416762 0.532678 0.417263 0.531933 0.417547 0.531455 0.417571 0.531316 0.417941 0.527928 0.410857 0.518698 0.409826 0.518914
0 0.491417 0.549865 0.492617 0.559511 0.493134 0.562669 0.493431 0.562963 0.494028 0.562974 0.508658 0.559496 0.509211 0.559212 0.509405 0.558802 0.508989 0.555619 0.507693 0.545996
0 0.464838 0.361893 0.470218 0.398364 0.471798 0.406684 0.474231 0.407020 0.475070 0.407072 0.476019 0.406913 0.476934 0.406568 0.477678 0.406088 0.479893 0.404495 0.479591 0.402487 0.473776 0.364263 0.473017 0.359681
0 0.451427 0.485087 0.452408 0.493917 0.452586 0.495026 0.452696 0.495038 0.452913 0.495061 0.453129 0.495083 0.469477 0.491852 0.469391 0.490773 0.468423 0.482064 0.467485 0.481137 0.467033 0.480874 0.465377 0.481201 0.452132 0.483819
0 0.494612 0.574203 0.494620 0.576359 0.495246 0.578346 0.496395 0.579863 0.497892 0.580678 0.499509 0.580668 0.501000 0.579833 0.502138 0.578301 0.502749 0.576305 0.502741 0.574149 0.502737 0.574022 0.502111 0.572037 0.500964 0.570523 0.499470 0.569709 0.497856 0.569720 0.496368 0.570553 0.495232 0.572083 0.494622 0.574075
0 0.416897 0.396613 0.416965 0.397158 0.417237 0.398261 0.419770 0.404501 0.421441 0.408520 0.421765 0.408835 0.422201 0.408767 0.427044 0.405498 0.427325 0.405082 0.427286 0.404576 0.426870 0.402769 0.425029 0.398858 0.422419 0.393495 0.422085 0.393130 0.421617 0.393060 0.418925 0.393590 0.417103 0.396091
0 0.438056 0.524495 0.438915 0.525700 0.440374 0.526404 0.455082 0.533499 0.455288 0.533346 0.467283 0.518145 0.462285 0.496322 0.461430 0.495122 0.461252 0.495099
0 0.408579 0.515256 0.414918 0.522424 0.415308 0.522322 0.420660 0.513908 0.414350 0.506772 0.413956 0.506803
