0 0.500850 0.498559 0.516479 0.531528 0.516669 0.531893 0.517923 0.533362 0.520242 0.533061 0.520394 0.532914 0.520774 0.532409 0.521324 0.531622 0.521961 0.530673 0.527461 0.522330 0.528085 0.521367 0.528599 0.520540 0.528923 0.519975 0.529010 0.519759 0.528948 0.516639 0.506372 0.490181 0.505257 0.491872 0.500859 0.498542
0 0.552100 0.374548 0.552291 0.375919 0.553292 0.377815 0.555095 0.380585 0.556394 0.382220 0.557479 0.382807 0.558063 0.382277 0.560849 0.379108 0.569924 0.368095 0.570055 0.367087 0.570230 0.364452 0.570067 0.363735 0.569807 0.362625 0.569465 0.361896 0.568976 0.361349 0.567739 0.360160 0.567186 0.359776 0.564432 0.359660 0.559007 0.366134 0.556508 0.369160 0.555377 0.370532
0 0.498975 0.484700 0.498980 0.484770 0.505826 0.490917 0.505853 0.490875 0.515116 0.472535 0.508239 0.466359
0 0.546089 0.397705 0.574953 0.419078 0.575819 0.418142 0.577441 0.414249 0.580684 0.406463 0.579615 0.403499 0.579231 0.403040 0.578582 0.402443 0.577766 0.401798 0.563201 0.391013 0.555919 0.385621 0.555068 0.385032 0.554319 0.384594 0.553786 0.384373 0.553549 0.384403 0.551487 0.384844 0.550898 0.386160
0 0.474833 0.382329 0.475408 0.385019 0.487946 0.406386 0.488234 0.406824 0.488558 0.407204 0.488917 0.407524 0.489304 0.407779 0.489713 0.407965 0.492905 0.403717 0.493760 0.402579 0.493644 0.400764 0.493614 0.400300 0.493473 0.399741 0.493277 0.399213 0.493032 0.398722 0.492741 0.398279 0.492405 0.397885 0.476029 0.380738
0 0.451416 0.393679 0.452395 0.397788 0.452585 0.398197 0.454660 0.401481 0.455631 0.402152 0.457520 0.403457 0.460728 0.403823 0.463798 0.402524 0.465425 0.400697 0.466261 0.399757 0.467743 0.395945 0.468018 0.391666 0.467043 0.387573 0.466911 0.387122 0.465535 0.384944 0.464888 0.384024 0.463852 0.383151 0.461957 0.381841 0.458735 0.381473 0.455653 0.382778 0.454020 0.384612 0.453260 0.385752 0.452675 0.386855 0.451692 0.389383
0 0.513490 0.548526 0.518218 0.560253 0.523593 0.557003 0.531109 0.551616 0.534043 0.549513 0.538949 0.545396 0.534221 0.533668 0.530400 0.533730 0.530193 0.533805 0.529684 0.534108 0.528950 0.534592 0.528104 0.535184 0.517774 0.542587 0.516940 0.543200 0.516241 0.543742 0.515783 0.544132 0.515637 0.544310
0 0.471290 0.446162 0.480319 0.464649 0.480441 0.464589 0.480756 0.464354 0.481214 0.463982 0.481747 0.463529 0.499731 0.447915 0.500260 0.447446 0.500709 0.447030 0.501010 0.446730 0.501117 0.446592 0.492088 0.428105 0.491975 0.428133 0.491668 0.428341 0.491213 0.428697 0.488582 0.430877 0.474669 0.442957 0.472087 0.445303 0.471650 0.445722 0.471370 0.446023
0 0.570008 0.578922 0.581510 0.594784 0.581885 0.595220 0.587861 0.587517 0.576306 0.571581 0.575956 0.571253
0 0.536427 0.564363 0.536477 0.565832 0.536590 0.568637 0.537965 0.572556 0.540357 0.575482 0.542371 0.576540 0.543409 0.577046 0.544512 0.576985 0.546642 0.576790 0.549577 0.574969 0.551761 0.571785 0.552519 0.569156 0.552893 0.567773 0.552841 0.566302 0.552708 0.563404 0.551329 0.559486 0.548932 0.556565 0.548928 0.556561 0.545883 0.555083 0.542651 0.555267 0.539724 0.557087 0.537545 0.560263 0.537542 0.560269 0.536802 0.562982
0 0.484095 0.483714 0.490868 0.504037 0.490952 0.504000 0.500014 0.498632 0.500952 0.495647 0.500876 0.495410 0.500657 0.494746 0.500328 0.493754 0.499940 0.492587 0.496558 0.482437 0.496170 0.481277 0.495844 0.480304 0.495629 0.479667 0.495558 0.479463 0.493241 0.478296 0.492470 0.478723 0.487892 0.481435 0.484840 0.483243
0 0.594380 0.383830 0.594424 0.385123 0.594837 0.386295 0.596469 0.388446 0.598556 0.390983 0.601212 0.392263 0.603566 0.393319 0.604536 0.393259 0.605414 0.392709 0.605429 0.392694 0.605672 0.392447 0.606328 0.391488 0.608743 0.387448 0.610622 0.381999 0.610953 0.380779 0.610908 0.379483 0.610495 0.378309 0.609776 0.377435 0.606280 0.374168 0.602659 0.371708 0.601744 0.371268 0.600772 0.371328 0.599891 0.371879 0.599647 0.372191 0.598994 0.373148 0.596098 0.377733 0.594709 0.382613
0 0.481724 0.575923 0.481781 0.576253 0.481990 0.576994 0.482321 0.578032 0.482723 0.579211 0.493343 0.609458 0.493751 0.610586 0.494100 0.611483 0.494336 0.612012 0.494424 0.612094 0.496618 0.613818 0.504197 0.609087 0.504139 0.607591 0.490141 0.567722 0.482666 0.572389
0 0.518187 0.380934 0.518203 0.381216 0.518276 0.381781 0.518395 0.382541 0.518542 0.383382 0.521488 0.399276 0.537573 0.394080 0.537732 0.393515 0.535768 0.382768 0.534749 0.377556 0.534593 0.376759 0.534451 0.376133 0.534342 0.375773 0.534285 0.375734 0.530870 0.375704 0.528455 0.376484 0.521211 0.378824
