0 0.483883 0.448330 0.484651 0.470349 0.485310 0.470353 0.493002 0.469876 0.494410 0.469753 0.494702 0.469431 0.494801 0.468657 0.494111 0.448865 0.493957 0.448082 0.493642 0.447740 0.490910 0.447582
0 0.448821 0.483416 0.449191 0.484616 0.451092 0.489717 0.453792 0.493847 0.454478 0.494766 0.455376 0.495266 0.455479 0.495277 0.456456 0.495281 0.457353 0.494788 0.461239 0.492436 0.464259 0.488669 0.464947 0.487756 0.465321 0.486562 0.465323 0.485267 0.464954 0.484071 0.463262 0.479056 0.460365 0.474863 0.459680 0.473945 0.459581 0.473882 0.458683 0.473382 0.457710 0.473379 0.456811 0.473872 0.453119 0.476305 0.449888 0.480007 0.449198 0.480922 0.448823 0.482119
0 0.466401 0.524820 0.471466 0.533737 0.498216 0.506721 0.498241 0.506628 0.493245 0.497834 0.493151 0.497804 0.490874 0.497393 0.490711 0.497543 0.490268 0.497977 0.489613 0.498629 0.488846 0.499401 0.482189 0.506123 0.468876 0.519569 0.468120 0.520336 0.467497 0.520974 0.467102 0.521387 0.466994 0.521511
0 0.507491 0.360354 0.507569 0.360762 0.507811 0.361553 0.508181 0.362606 0.508621 0.363763 0.512472 0.373525 0.512918 0.374613 0.513303 0.375470 0.513569 0.375967 0.515918 0.377595 0.524683 0.371446 0.524969 0.369960 0.517194 0.350255 0.508327 0.356475
0 0.400845 0.475824 0.417046 0.481113 0.417805 0.481286 0.420163 0.468444 0.418603 0.465488 0.418311 0.465382 0.417694 0.465171 0.416845 0.464888 0.415894 0.464576 0.407803 0.461934 0.406899 0.461641 0.406182 0.461413 0.405762 0.461285 0.405702 0.461276 0.403225 0.462863 0.402915 0.463901 0.402517 0.466064 0.401723 0.470389 0.400929 0.474714
0 0.582953 0.553736 0.585948 0.564121 0.614191 0.550925 0.616035 0.547577 0.616646 0.545554 0.616681 0.545132 0.616575 0.544303 0.616344 0.543196 0.616024 0.541976 0.615661 0.540828 0.615313 0.539926 0.615030 0.539406 0.613070 0.537298 0.611519 0.538032 0.584217 0.552032
0 0.502187 0.571942 0.502197 0.572274 0.518821 0.572321 0.518857 0.550155 0.518771 0.549925 0.502222 0.549878
0 0.515269 0.504049 0.522523 0.509355 0.522627 0.509398 0.530621 0.489963 0.523333 0.484634 0.523226 0.484704
0 0.606189 0.242518 0.616020 0.260267 0.639162 0.264909 0.645818 0.258356 0.646489 0.257243 0.616862 0.203751 0.610175 0.210335 0.609670 0.211662
0 0.414429 0.624998 0.414453 0.625212 0.414671 0.625603 0.415051 0.626110 0.415535 0.626658 0.425390 0.636795 0.435673 0.619446 0.435967 0.618901 0.429491 0.612077 0.425660 0.608285 0.425202 0.607896 0.424865 0.607679 0.424700 0.607669 0.421996 0.610450 0.417374 0.618248 0.415834 0.620847
0 0.496549 0.471664 0.496563 0.471791 0.497807 0.472104 0.498580 0.472257 0.500079 0.472553 0.503033 0.473070 0.506231 0.473579 0.508191 0.473861 0.509201 0.474006 0.511503 0.474285 0.512786 0.474375 0.512844 0.474259 0.513191 0.470383 0.512832 0.469767 0.512389 0.469646 0.510392 0.469190 0.509544 0.469016 0.506691 0.468508 0.503585 0.468013 0.502458 0.467854 0.499383 0.467458 0.498526 0.467360 0.497353 0.467302 0.496896 0.467787
0 0.515938 0.424817 0.516073 0.426864 0.516517 0.433580 0.517437 0.447492 0.532793 0.455568 0.535737 0.452046 0.545499 0.440364 0.545708 0.440090 0.546164 0.438547 0.516467 0.422929 0.516011 0.424472
0 0.570790 0.614641 0.570966 0.615145 0.571295 0.616005 0.571727 0.617089 0.575652 0.626800 0.576122 0.627948 0.576561 0.628989 0.576902 0.629766 0.577094 0.630160 0.579893 0.631750 0.597534 0.619076 0.589612 0.599476 0.588589 0.598339 0.585682 0.600427 0.571231 0.610995 0.570793 0.614570
0 0.333394 0.749040 0.339225 0.769739 0.354750 0.761965 0.355331 0.760916 0.349523 0.740300 0.334061 0.748043
0 0.557395 0.524646 0.558696 0.537738 0.560910 0.539996 0.561619 0.540461 0.561891 0.540481 0.562504 0.540431 0.563365 0.540319 0.564341 0.540160 0.565283 0.539980 0.566045 0.539806 0.566513 0.539665 0.566614 0.539579 0.568442 0.537142 0.567111 0.523743 0.565577 0.523201
0 0.545655 0.575786 0.545809 0.577431 0.545911 0.577605 0.547726 0.579637 0.548155 0.579675 0.548884 0.579637 0.549803 0.579530 0.550771 0.579370 0.551638 0.579180 0.552272 0.578991 0.552576 0.578832 0.553999 0.576262 0.553845 0.574613 0.552768 0.571982 0.552673 0.571853 0.552096 0.571816 0.551125 0.571876 0.549907 0.572023 0.548627 0.572235 0.547478 0.572481 0.546631 0.572723 0.546216 0.572925
