0 0.662648 0.932628 0.667519 0.943789 0.680911 0.950300 0.706360 0.962625 0.709556 0.964096 0.740361 0.977575 0.742334 0.975899 0.744696 0.972271 0.748706 0.963985 0.753084 0.953786 0.755558 0.947333 0.757064 0.942525 0.757211 0.941136 0.708371 0.885338 0.707007 0.884871 0.704663 0.884497 0.701697 0.884275 0.698563 0.884238 0.695740 0.884391 0.693661 0.884712 0.692641 0.885150 0.672426 0.910985 0.671468 0.912477 0.669932 0.915395 0.668052 0.919296 0.666113 0.923589 0.664405 0.927629 0.663188 0.930803
0 0.838460 0.817952 0.852968 0.837595 0.887632 0.882246 0.891749 0.887360 0.923394 0.862788 0.895257 0.823534 0.870316 0.793217 0.852946 0.804232
0 0.671202 0.069162 0.676681 0.074992 0.733222 0.076747 0.746280 0.075034 0.746624 0.074966 0.748251 0.073653 0.750910 0.071298 0.754198 0.068258 0.757620 0.064992 0.760658 0.061993 0.762853 0.059714 0.763870 0.058504 0.765404 0.044145 0.732152 0.008762 0.673181 0.064182
0 0.305242 0.087094 0.310820 0.089905 0.363187 0.111237 0.388335 0.118768 0.396685 0.101592 0.403567 0.081424 0.370455 0.064193 0.320374 0.049997
0 0.183181 0.705514 0.183669 0.707250 0.184596 0.709724 0.190479 0.723777 0.223943 0.796947 0.230600 0.810312 0.231818 0.812527 0.232741 0.813877 0.233229 0.814157 0.306148 0.780807 0.306064 0.780007 0.305486 0.778221 0.304503 0.775723 0.303263 0.772890 0.260008 0.678313 0.258693 0.675559 0.257493 0.673284 0.256591 0.671833 0.256124 0.671429 0.183205 0.704778
0 0.785006 0.165133 0.798624 0.243140 0.799628 0.243560 0.801680 0.243677 0.804467 0.243471 0.807564 0.242974 0.909985 0.222424 0.912900 0.221715 0.915169 0.220906 0.916447 0.220121 0.916539 0.219480 0.903606 0.141337 0.902508 0.141001 0.900376 0.140958 0.897537 0.141214 0.881962 0.143506 0.803159 0.159318 0.788922 0.163007 0.786587 0.163790 0.785211 0.164536
0 0.195324 0.309968 0.222897 0.385261 0.223713 0.385152 0.225547 0.384641 0.228121 0.383806 0.231043 0.382773 0.328701 0.347010 0.331546 0.345930 0.333901 0.344960 0.335409 0.344248 0.335837 0.343902 0.308264 0.268608 0.307522 0.268615 0.305744 0.269042 0.303200 0.269823 0.300277 0.270841 0.202171 0.306768 0.199336 0.307859 0.197039 0.308851 0.195631 0.309591
0 0.300777 0.810078 0.356506 0.868258 0.531047 0.701075 0.530904 0.700152 0.475431 0.642239 0.301690 0.808657
0 0.056658 0.809792 0.213921 0.992544 0.274838 0.940123 0.275868 0.938111 0.119323 0.756194 0.117575 0.757371
0 0.155042 0.742331 0.158002 0.790796 0.169000 0.797503 0.171247 0.797677 0.174921 0.797661 0.179461 0.797457 0.184171 0.797096 0.188325 0.796634 0.191289 0.796142 0.192613 0.795695 0.201837 0.785033 0.198910 0.737123 0.158985 0.739561
0 0.792621 0.939108 0.807220 0.984834 0.810772 0.990439 0.849318 0.978133 0.834550 0.931878 0.830726 0.926942 0.822362 0.923699 0.821064 0.923420 0.818219 0.923741 0.814264 0.924612 0.809797 0.925901 0.805492 0.927413 0.801999 0.928920 0.799847 0.930193
0 0.549888 0.704322 0.557146 0.715034 0.604880 0.723929 0.612292 0.684151 0.611008 0.682046 0.563821 0.673253 0.554309 0.680593 0.554070 0.681257 0.553531 0.683620 0.552777 0.687320 0.551920 0.691796 0.551090 0.696373 0.550412 0.700359 0.549990 0.703151
0 0.908605 0.755327 0.914361 0.802981 0.919152 0.806483 0.959322 0.801631 0.953499 0.753426 0.941879 0.744448 0.940386 0.744235 0.937303 0.744276 0.933103 0.744562 0.928420 0.745050 0.923961 0.745666 0.920400 0.746318 0.918275 0.746907
0 0.411103 0.745047 0.439133 0.785117 0.451060 0.785876 0.451754 0.785726 0.453864 0.784534 0.457071 0.782482 0.460884 0.779881 0.464718 0.777132 0.467984 0.774657 0.470182 0.772835 0.470979 0.771942 0.472525 0.761758 0.472841 0.758744 0.445133 0.719136 0.412125 0.742225
0 0.250352 0.132435 0.253775 0.137476 0.285052 0.162411 0.325480 0.157850 0.341264 0.156069 0.366199 0.124792 0.364339 0.119575 0.332627 0.094293 0.275634 0.100723
0 0.563094 0.171252 0.607573 0.190312 0.621916 0.178597 0.622117 0.178177 0.623011 0.176132 0.624460 0.172778 0.626244 0.168623 0.648629 0.116384 0.650486 0.112042 0.652141 0.108153 0.653343 0.105307 0.653908 0.103938 0.652498 0.085473 0.608018 0.066413 0.597582 0.089277 0.581294 0.127287 0.574935 0.142127
0 0.528049 0.957946 0.528439 0.964313 0.565184 0.981478 0.619093 0.961897 0.636257 0.925152 0.634389 0.919321 0.598147 0.902392 0.559907 0.916282 0.544978 0.921705
0 0.574412 0.827317 0.620015 0.843505 0.634068 0.830470 0.635098 0.828364 0.636517 0.824900 0.638107 0.820608 0.657250 0.766677 0.658762 0.762230 0.659959 0.758325 0.660658 0.755560 0.660753 0.754355 0.658169 0.736017 0.612566 0.719829 0.602195 0.744708 0.596881 0.759677 0.588585 0.783048 0.583272 0.798017
