0 0.031574 0.276783 0.066054 0.310736 0.089406 0.292113 0.129098 0.251806 0.146083 0.229467 0.111603 0.195513 0.092794 0.201459 0.090492 0.202997 0.087421 0.205579 0.084053 0.208812 0.043899 0.249587 0.040761 0.252963 0.038345 0.255952 0.037021 0.258097
0 0.189142 0.700085 0.193312 0.740332 0.209411 0.738664 0.212732 0.735937 0.218755 0.728408 0.219031 0.727195 0.219076 0.724345 0.218883 0.720296 0.218482 0.715660 0.217934 0.711137 0.217321 0.707409 0.216736 0.705042 0.216267 0.704399 0.208609 0.696150 0.192695 0.697799
0 0.728750 0.667421 0.745643 0.703786 0.746774 0.704725 0.783307 0.687754 0.766336 0.651221 0.765116 0.650528
0 0.480330 0.477062 0.488417 0.516524 0.527879 0.508437 0.519792 0.468975
0 0.766180 0.797610 0.781946 0.834478 0.783244 0.836017 0.820282 0.820180 0.804444 0.783142 0.803049 0.781844
0 0.505005 0.275037 0.506198 0.278851 0.507707 0.282175 0.511142 0.289055 0.514950 0.296204 0.520160 0.305400 0.523645 0.310892 0.524170 0.310636 0.553657 0.296047 0.556737 0.294383 0.594252 0.272114 0.594796 0.271183 0.598420 0.261110 0.598524 0.260404 0.597753 0.258179 0.596222 0.254771 0.594166 0.250699 0.591899 0.246588 0.589770 0.243071 0.588105 0.240687 0.563729 0.216835 0.561789 0.216194 0.559061 0.215943 0.555961 0.216122 0.552963 0.216704 0.550528 0.217599 0.549025 0.218669
0 0.321047 0.718106 0.321218 0.721390 0.321686 0.725704 0.322379 0.730384 0.323192 0.734713 0.323999 0.738025 0.324677 0.739816 0.334209 0.746389 0.349521 0.744484 0.378418 0.740815 0.381877 0.740283 0.414241 0.734533 0.414690 0.733478 0.414040 0.726281 0.412568 0.715495 0.411276 0.707604 0.409892 0.700470 0.409132 0.697331 0.407930 0.694818 0.338563 0.675243 0.336755 0.675580 0.334302 0.676542 0.331577 0.677982 0.328997 0.679679 0.326959 0.681375 0.325772 0.682809 0.325618 0.683763 0.321199 0.716348
0 0.672109 0.783399 0.674775 0.784628 0.680208 0.786508 0.684744 0.787882 0.696641 0.791080 0.701363 0.792195 0.707304 0.793371 0.710583 0.793739 0.710970 0.793087 0.716642 0.772081 0.718514 0.765106 0.731344 0.715741 0.725727 0.705320 0.724978 0.704930 0.722568 0.704126 0.718867 0.703034 0.714437 0.701817 0.709947 0.700660 0.706074 0.699737 0.703403 0.699189 0.702344 0.699098 0.692376 0.705362 0.675579 0.768656
0 0.565188 0.868770 0.565287 0.870221 0.588614 0.893017 0.591169 0.895401 0.613183 0.914908 0.624889 0.925231 0.636379 0.925077 0.638099 0.924133 0.640743 0.921963 0.643905 0.918898 0.647102 0.915408 0.649840 0.912029 0.651702 0.909280 0.667144 0.876915 0.667057 0.875149 0.666381 0.872654 0.665219 0.869812 0.663749 0.867058 0.662196 0.864814 0.660797 0.863421 0.592939 0.841030 0.590107 0.842000 0.587567 0.844021 0.582264 0.848991 0.576716 0.854749 0.569534 0.862942
0 0.014933 0.833335 0.052478 0.848421 0.057593 0.844439 0.075488 0.799899 0.068487 0.789966 0.066547 0.788669 0.063248 0.786999 0.059091 0.785208 0.054704 0.783566 0.050748 0.782321 0.047821 0.781662 0.046372 0.781692 0.038372 0.784986 0.033035 0.788281
0 0.092448 0.070680 0.092829 0.084722 0.092846 0.084907 0.093972 0.086533 0.096038 0.089355 0.098728 0.092942 0.101630 0.096744 0.104297 0.100176 0.106322 0.102713 0.107395 0.103969 0.121244 0.107482 0.159519 0.078515 0.135380 0.046620 0.131164 0.041378
0 0.901065 0.639108 0.928048 0.668769 0.934014 0.671121 0.964089 0.643763 0.936730 0.613689 0.930726 0.612126
0 0.465809 0.807037 0.491188 0.848431 0.502567 0.849511 0.503354 0.849492 0.505594 0.848513 0.508947 0.846722 0.512900 0.844390 0.516847 0.841878 0.520180 0.839570 0.522391 0.837820 0.523145 0.836894 0.525684 0.827282 0.525390 0.823541 0.500301 0.782620 0.466200 0.803528
0 0.875110 0.418842 0.876227 0.458826 0.924208 0.457486 0.929112 0.456995 0.934967 0.448961 0.935516 0.447974 0.935931 0.445294 0.936149 0.441326 0.936134 0.436678 0.935890 0.432063 0.935454 0.428191 0.934893 0.425652 0.934293 0.424832 0.927983 0.416548 0.879447 0.417904
0 0.867988 0.600313 0.903532 0.618871 0.909157 0.620528 0.946791 0.548449 0.910751 0.529632 0.905104 0.529225
0 0.595675 0.237790 0.611572 0.316195 0.658615 0.306657 0.660448 0.304422 0.666306 0.295962 0.666343 0.294791 0.666008 0.291990 0.665352 0.287985 0.664475 0.283387 0.656453 0.243823 0.655491 0.239349 0.654595 0.235698 0.653901 0.233426 0.653516 0.232878 0.644368 0.225111 0.596781 0.234759
0 0.804021 0.509615 0.804604 0.512047 0.805755 0.515689 0.807301 0.519991 0.821459 0.557499 0.823169 0.561822 0.824789 0.565522 0.826075 0.568040 0.826830 0.568989 0.835740 0.573078 0.839621 0.573922 0.885047 0.556775 0.856469 0.481065 0.852395 0.481281 0.807487 0.498232 0.804098 0.508769
0 0.095815 0.476749 0.169146 0.511417 0.173683 0.511260 0.190779 0.475098 0.118454 0.440906 0.113149 0.440084
0 0.299556 0.297900 0.299879 0.299896 0.300636 0.300857 0.374805 0.320099 0.375822 0.319863 0.377003 0.318481 0.378169 0.316163 0.383407 0.302098 0.404416 0.224518 0.407126 0.209235 0.407339 0.206458 0.407093 0.204388 0.406423 0.203340 0.332072 0.184772 0.331023 0.184891 0.329812 0.186173 0.328625 0.188423 0.327644 0.191298 0.300339 0.292129 0.299717 0.295172
0 0.110732 0.771786 0.110978 0.772291 0.112093 0.773548 0.113908 0.775367 0.116147 0.777470 0.193569 0.848273 0.195874 0.850325 0.197880 0.852000 0.199279 0.853042 0.199860 0.853294 0.254451 0.793561 0.254080 0.793039 0.252864 0.791773 0.250989 0.789955 0.248741 0.787862 0.171788 0.717490 0.169492 0.715426 0.167483 0.713692 0.166066 0.712550 0.165456 0.712176
