0 0.387025 0.376079 0.387137 0.376442 0.388589 0.377273 0.395762 0.381007 0.396203 0.381141 0.402215 0.360608 0.394994 0.356325 0.393148 0.355914 0.392854 0.356171 0.392556 0.356875 0.387152 0.375332
0 0.580661 0.490852 0.580680 0.491930 0.580753 0.493195 0.581908 0.508756 0.582024 0.510022 0.582165 0.511101 0.582310 0.511831 0.582437 0.512098 0.584531 0.516361 0.594468 0.515049 0.594659 0.507301 0.593490 0.491559 0.592149 0.483821 0.582212 0.485132 0.580698 0.490125
0 0.467569 0.605791 0.474480 0.625881 0.486200 0.620286 0.488115 0.618704 0.481131 0.598403 0.469525 0.604285
0 0.370834 0.415471 0.377445 0.418840 0.378754 0.419507 0.383198 0.421472 0.384679 0.417735 0.385105 0.416586 0.390755 0.395789 0.393580 0.385390 0.393801 0.384158 0.394535 0.379738 0.386703 0.375281 0.382187 0.373680
0 0.541009 0.600408 0.541028 0.600838 0.541855 0.603882 0.542053 0.604371 0.550482 0.605912 0.552793 0.583434 0.551342 0.581140 0.543964 0.579792 0.543642 0.579817 0.543352 0.580006 0.543137 0.580328 0.543032 0.580735
0 0.526073 0.428914 0.526139 0.431906 0.559258 0.432207 0.559796 0.424006 0.559623 0.421014 0.526331 0.420711
0 0.480635 0.609150 0.488556 0.612510 0.491076 0.601949 0.491117 0.601482 0.483232 0.598137 0.480724 0.608650
0 0.561257 0.421273 0.561370 0.422038 0.561595 0.423107 0.561899 0.424319 0.564684 0.434706 0.565021 0.435881 0.565341 0.436845 0.565596 0.437452 0.565746 0.437607 0.567578 0.439249 0.576904 0.434802 0.577793 0.434049 0.572171 0.413084 0.562736 0.417582 0.562019 0.418523 0.561274 0.420932
0 0.408017 0.566462 0.408635 0.568558 0.428789 0.561579 0.429215 0.561397 0.429615 0.561146 0.429987 0.560827 0.430313 0.560544 0.431274 0.559709 0.431588 0.559436 0.431918 0.559064 0.432209 0.558638 0.431721 0.556983 0.430116 0.551543 0.429685 0.551495 0.429254 0.551522 0.428829 0.551625 0.428418 0.551800 0.428023 0.552047 0.410121 0.564942
0 0.557545 0.615829 0.557814 0.616284 0.574383 0.618145 0.575065 0.607080 0.575319 0.601451 0.575357 0.600591 0.575364 0.599833 0.575336 0.599293 0.575279 0.599054 0.572046 0.597580 0.569571 0.597302 0.562143 0.596468 0.558774 0.597199 0.558711 0.597296 0.558637 0.597714 0.558563 0.598388 0.558501 0.599215
0 0.482312 0.519648 0.483761 0.522262 0.493677 0.524064 0.493735 0.523844 0.495968 0.502010 0.495154 0.501859 0.490247 0.500967 0.488612 0.500670 0.486976 0.500373 0.486142 0.500224 0.486014 0.500226 0.484107 0.502101 0.484060 0.502354 0.483969 0.503072 0.483847 0.504145 0.483714 0.505410 0.482589 0.516415 0.482464 0.517674 0.482368 0.518730 0.482314 0.519423
0 0.484727 0.587845 0.499418 0.598104 0.522501 0.539341 0.522398 0.539161 0.507774 0.528949 0.484797 0.587444
0 0.557531 0.474146 0.561075 0.484085 0.561924 0.483864 0.592157 0.464701 0.588564 0.454624 0.587349 0.455246
0 0.520860 0.400048 0.523052 0.421864 0.532869 0.420110 0.534586 0.417144 0.534607 0.416784 0.534574 0.415975 0.534492 0.414841 0.534374 0.413555 0.533267 0.402547 0.533132 0.401309 0.532999 0.400312 0.532891 0.399710 0.532822 0.399592 0.531031 0.397119 0.521101 0.398893
0 0.404097 0.509769 0.418445 0.520963 0.418819 0.520867 0.427176 0.501823 0.412893 0.490681 0.412492 0.490637
