0 0.453749 0.553970 0.460422 0.560749 0.460966 0.559914 0.465981 0.551138 0.459399 0.544453 0.458833 0.545072
0 0.418277 0.498754 0.450639 0.508923 0.450865 0.508883 0.454661 0.487407 0.422447 0.477284 0.422090 0.477180
0 0.481405 0.592491 0.482786 0.594826 0.482954 0.595014 0.483481 0.595290 0.484287 0.595613 0.485248 0.595933 0.486218 0.596200 0.487047 0.596374 0.487608 0.596428 0.487816 0.596355 0.489838 0.595055 0.490607 0.590558 0.491037 0.586418 0.482989 0.583971 0.482174 0.587994
0 0.422247 0.467476 0.424626 0.470977 0.425340 0.471794 0.426181 0.472454 0.429039 0.473931 0.431760 0.470494 0.443339 0.448838 0.444158 0.447157 0.437431 0.440762 0.432046 0.447084
0 0.459831 0.497025 0.475772 0.503119 0.475883 0.503105 0.480433 0.481947 0.480343 0.481864 0.464402 0.475769
0 0.536141 0.444983 0.536241 0.464796 0.536380 0.465561 0.536707 0.465859 0.538079 0.465887 0.545780 0.465818 0.546485 0.465762 0.546374 0.443719 0.539518 0.443450 0.536596 0.443823 0.536273 0.444190
0 0.425691 0.405099 0.425743 0.405698 0.425891 0.406686 0.426113 0.407910 0.426374 0.409184 0.426634 0.410310 0.426853 0.411118 0.426998 0.411485 0.427838 0.412502 0.430360 0.414551 0.439952 0.411259 0.437895 0.400601 0.436442 0.398276 0.426626 0.401645
0 0.527050 0.418917 0.527415 0.421014 0.528354 0.422765 0.529723 0.423903 0.531316 0.424257 0.532888 0.423770 0.534201 0.422519 0.535055 0.420693 0.535116 0.420556 0.535381 0.418429 0.535016 0.416329 0.534076 0.414575 0.532704 0.413435 0.531108 0.413081 0.529533 0.413568 0.528218 0.414821 0.527362 0.416651 0.527315 0.416794
0 0.507079 0.571474 0.507276 0.575774 0.507281 0.575823 0.508697 0.579697 0.511118 0.582553 0.514174 0.583958 0.517401 0.583695 0.520307 0.581806 0.522449 0.578579 0.523502 0.574504 0.523305 0.570202 0.523290 0.570156 0.521875 0.566284 0.520218 0.564211 0.519398 0.563244 0.518364 0.562769 0.516401 0.562027 0.513177 0.562289 0.510273 0.564176 0.508833 0.566112 0.508108 0.567205 0.507752 0.568584
0 0.524915 0.580754 0.525145 0.581500 0.525548 0.582590 0.526295 0.584581 0.527042 0.586572 0.529284 0.592546 0.529623 0.593433 0.531761 0.594117 0.531973 0.594128 0.532493 0.593910 0.533242 0.593497 0.534106 0.592951 0.541556 0.587982 0.542400 0.587388 0.543092 0.586840 0.543528 0.586420 0.543640 0.586193 0.544540 0.583483 0.544218 0.582584 0.543471 0.580592 0.542724 0.578601 0.540482 0.572628 0.540062 0.571549 0.539696 0.570894 0.538912 0.571306 0.535959 0.573275 0.527101 0.579184 0.525625 0.580169
0 0.410544 0.507910 0.411113 0.510522 0.412076 0.512999 0.413377 0.515206 0.416159 0.517436 0.419330 0.518221 0.421367 0.517706 0.423273 0.516685 0.424946 0.515212 0.426541 0.511865 0.427055 0.510465 0.427465 0.506516 0.426912 0.503903 0.426627 0.502557 0.425961 0.501415 0.424665 0.499193 0.421878 0.496943 0.418692 0.496157 0.415599 0.496954 0.413075 0.499210 0.411503 0.502573 0.410929 0.503944
