0 0.072051 0.144189 0.096430 0.186180 0.101042 0.189766 0.135635 0.169682 0.111534 0.128172 0.107043 0.123873 0.098051 0.122681 0.096724 0.122645 0.094004 0.123538 0.090302 0.125228 0.086186 0.127457 0.082288 0.129881 0.079207 0.132129 0.077413 0.133857
0 0.805099 0.628921 0.832646 0.657924 0.837272 0.660120 0.866678 0.632190 0.838748 0.602783 0.834102 0.601374
0 0.445345 0.470933 0.450000 0.482008 0.450789 0.482322 0.453173 0.483267 0.456791 0.484698 0.465409 0.488104 0.469085 0.489555 0.471556 0.490530 0.472448 0.490880 0.483170 0.485967 0.500812 0.441327 0.500821 0.440649 0.463191 0.425777
0 0.385617 0.289967 0.406645 0.333733 0.407711 0.335633 0.418136 0.338909 0.419070 0.338724 0.421513 0.337774 0.425090 0.336205 0.429258 0.334254 0.433390 0.332217 0.436860 0.330401 0.439145 0.329080 0.439893 0.328456 0.443766 0.318310 0.443116 0.316210 0.422089 0.272444
0 0.633055 0.800473 0.634247 0.821676 0.672460 0.825478 0.697309 0.823255 0.698257 0.782905 0.660144 0.779517 0.635195 0.781338
0 0.587983 0.444971 0.600841 0.491623 0.618945 0.495522 0.619991 0.495271 0.622661 0.494567 0.626549 0.493517 0.631061 0.492281 0.686231 0.477075 0.690659 0.475847 0.694309 0.474819 0.696623 0.474150 0.697250 0.473939 0.710800 0.461316 0.697942 0.414665 0.671852 0.421602 0.616421 0.436880
0 0.839696 0.330792 0.876205 0.362553 0.893446 0.355791 0.894572 0.354905 0.896741 0.352758 0.899624 0.349677 0.902778 0.346132 0.940339 0.302957 0.943272 0.299505 0.945521 0.296687 0.946744 0.294934 0.951068 0.276500 0.914559 0.244739 0.892644 0.268141 0.855516 0.310820
0 0.570817 0.542010 0.598974 0.550487 0.614459 0.555054 0.654123 0.566751 0.680218 0.574273 0.693906 0.527858 0.680583 0.514995 0.679938 0.514754 0.677619 0.514027 0.673976 0.512924 0.669566 0.511613 0.614676 0.495426 0.610191 0.494113 0.606334 0.493005 0.603696 0.492270 0.602676 0.492020 0.584505 0.495595
0 0.918607 0.591455 0.918798 0.594162 0.926036 0.612434 0.974154 0.617563 0.981096 0.589942 0.987190 0.532768 0.986243 0.504147 0.938125 0.499018 0.927201 0.515329 0.926446 0.517914 0.925713 0.521791 0.925112 0.526373 0.919088 0.582886 0.918709 0.587496
0 0.720448 0.905221 0.720613 0.907347 0.721063 0.910897 0.721731 0.915335 0.728047 0.954926 0.728832 0.959592 0.729618 0.963791 0.730287 0.966890 0.730735 0.968413 0.741835 0.977757 0.789783 0.970107 0.777033 0.890193 0.773867 0.885734 0.726467 0.893296 0.720594 0.904849
0 0.536057 0.304364 0.566554 0.341430 0.578581 0.342008 0.579186 0.341634 0.581113 0.340152 0.584067 0.337792 0.587599 0.334910 0.591177 0.331941 0.594261 0.329334 0.596384 0.327483 0.597221 0.326672 0.598351 0.324657 0.599722 0.311712 0.568511 0.273779 0.536900 0.299788
0 0.897469 0.663747 0.905402 0.711087 0.910089 0.713527 0.989901 0.700151 0.981875 0.652264 0.969758 0.644288 0.968234 0.644249 0.965137 0.644519 0.960941 0.645057 0.956281 0.645780 0.916741 0.652406 0.912309 0.653207 0.908765 0.653967 0.906644 0.654571 0.906275 0.654927
0 0.249949 0.482563 0.250188 0.483262 0.251533 0.485302 0.253780 0.488374 0.256587 0.492009 0.259522 0.495648 0.262134 0.498732 0.264023 0.500790 0.264904 0.501510 0.275308 0.502544 0.277876 0.502515 0.315553 0.472775 0.265987 0.409980 0.263282 0.408939 0.256930 0.413953 0.250238 0.470783
0 0.340867 0.551568 0.340980 0.555528 0.341213 0.560169 0.341530 0.564779 0.341882 0.568648 0.342214 0.571186 0.342477 0.572009 0.350629 0.579994 0.399099 0.577114 0.400252 0.576232 0.395507 0.496373 0.394299 0.496331 0.386220 0.496811 0.348229 0.539603 0.341045 0.547914 0.340890 0.548895
0 0.490955 0.401827 0.495295 0.405676 0.538328 0.442391 0.560222 0.460335 0.573383 0.445450 0.586402 0.429656 0.560826 0.406416 0.516962 0.371351
0 0.779990 0.362683 0.820763 0.388011 0.834114 0.385044 0.835041 0.384111 0.836801 0.381752 0.839126 0.378327 0.841661 0.374358 0.844016 0.370456 0.845829 0.367219 0.846824 0.365142 0.846851 0.364540 0.845822 0.352345 0.832803 0.296624 0.825928 0.292354 0.822203 0.294727
0 0.520044 0.582713 0.538216 0.613250 0.566761 0.659638 0.601044 0.638906 0.573066 0.592175 0.554555 0.561843 0.536959 0.571680
0 0.364989 0.180331 0.367395 0.184051 0.369798 0.186992 0.374975 0.192877 0.380509 0.198840 0.387832 0.206308 0.392449 0.210529 0.407381 0.197426 0.417563 0.188377 0.420117 0.185984 0.450709 0.154888 0.451843 0.143089 0.451651 0.142245 0.450237 0.140171 0.447812 0.137179 0.444747 0.133727 0.441511 0.130345 0.438602 0.127552 0.436466 0.125777 0.407136 0.109387 0.405041 0.109196 0.402305 0.109609 0.399346 0.110566 0.396616 0.111920 0.394535 0.113462 0.393418 0.114957
0 0.561597 0.261761 0.561604 0.264407 0.561972 0.266231 0.604999 0.323851 0.607921 0.324138 0.611174 0.323742 0.618377 0.322493 0.626219 0.320869 0.636775 0.318349 0.643641 0.316331 0.644354 0.315480 0.638151 0.283241 0.637406 0.279822 0.630376 0.251504 0.626608 0.236511 0.617079 0.229992 0.615112 0.229978 0.611693 0.230397 0.607343 0.231185 0.602730 0.232222 0.598563 0.233348 0.595482 0.234390 0.593952 0.235189 0.564423 0.251570 0.563481 0.253178 0.562613 0.255681 0.561951 0.258696
0 0.572814 0.888510 0.573148 0.890293 0.612827 0.960183 0.822495 0.841148 0.782817 0.771258 0.781524 0.770019
