0 0.623244 0.340146 0.623286 0.343317 0.623399 0.344923 0.631701 0.353065 0.637727 0.353201 0.647892 0.349455 0.648157 0.349186 0.648458 0.346528 0.648748 0.341879 0.648982 0.335945 0.649125 0.329639 0.649153 0.323936 0.649064 0.319709 0.648872 0.317603 0.638929 0.313386 0.632890 0.313250 0.624101 0.321034 0.623934 0.321273 0.623739 0.323292 0.623547 0.326778 0.623385 0.331202 0.623279 0.335893
0 0.346695 0.684193 0.347479 0.691990 0.351185 0.698894 0.357252 0.703854 0.364755 0.706115 0.372552 0.705331 0.379456 0.701625 0.384415 0.695558 0.384614 0.695222 0.386871 0.687732 0.386089 0.679948 0.382389 0.673056 0.376333 0.668105 0.368842 0.665848 0.361059 0.666630 0.354167 0.670330 0.353916 0.670623 0.348956 0.676690
0 0.607208 0.079933 0.607614 0.085947 0.616106 0.093753 0.617754 0.094136 0.620954 0.094298 0.625217 0.094214 0.629899 0.093898 0.634294 0.093398 0.637738 0.092788 0.639708 0.092161 0.646933 0.083294 0.647265 0.082358 0.646858 0.076331 0.642207 0.066650 0.640043 0.066092 0.635776 0.065839 0.630057 0.065932 0.623765 0.066357 0.617870 0.067047 0.613278 0.067898 0.610689 0.068776 0.607451 0.078990
0 0.911096 0.708691 0.911884 0.709675 0.913889 0.711772 0.916807 0.714662 0.920195 0.717908 0.923544 0.721021 0.926346 0.723531 0.928177 0.725056 0.928754 0.725359 0.940571 0.724746 0.944750 0.720384 0.948762 0.710335 0.947770 0.709020 0.945123 0.706204 0.941224 0.702316 0.936670 0.697954 0.932165 0.693789 0.928401 0.690462 0.925952 0.688481 0.925188 0.688142 0.915298 0.692627 0.911128 0.696979
0 0.031117 0.684420 0.031576 0.695900 0.032598 0.698238 0.034564 0.701559 0.037174 0.705355 0.060981 0.737957 0.063829 0.741637 0.066470 0.744625 0.068501 0.746467 0.069612 0.746884 0.078841 0.749776 0.083654 0.746921 0.122419 0.718615 0.075241 0.654006 0.070331 0.655787
0 0.100075 0.063808 0.106694 0.077230 0.108065 0.078126 0.110928 0.079561 0.114845 0.081315 0.119224 0.083124 0.156482 0.097928 0.160671 0.099523 0.164048 0.100666 0.166101 0.101185 0.178992 0.098332 0.196716 0.053724 0.193210 0.048565 0.118004 0.018684
0 0.083077 0.123298 0.105716 0.156617 0.107522 0.158190 0.140688 0.135655 0.118154 0.102489 0.116396 0.100659
0 0.230114 0.933858 0.263331 0.956472 0.285945 0.923256 0.286924 0.921321 0.253859 0.898810 0.231348 0.931875
0 0.480506 0.464795 0.480595 0.464956 0.502878 0.498292 0.502891 0.498284 0.536380 0.475899 0.513995 0.442410
0 0.722607 0.655940 0.753457 0.681553 0.754624 0.682389 0.780356 0.651397 0.749364 0.625665 0.748221 0.625089
0 0.122004 0.258211 0.122012 0.259748 0.122257 0.262199 0.124271 0.276822 0.137625 0.356166 0.140615 0.371275 0.141226 0.373908 0.141782 0.375718 0.142197 0.376428 0.221268 0.363120 0.221411 0.362639 0.221330 0.361029 0.221037 0.358539 0.220577 0.355544 0.203316 0.252986 0.202756 0.249924 0.202178 0.247239 0.201669 0.245338 0.201306 0.244513 0.122234 0.257822
0 0.278369 0.548470 0.313808 0.620795 0.529857 0.515916 0.531274 0.514804 0.495794 0.442199 0.280920 0.547219
0 0.057668 0.629129 0.066979 0.641389 0.084575 0.664537 0.086730 0.667296 0.107399 0.692900 0.108913 0.692387 0.115151 0.687998 0.123954 0.681299 0.130158 0.676345 0.135530 0.671816 0.137727 0.669786 0.138835 0.668019 0.122725 0.598182 0.122459 0.597374 0.121169 0.596078 0.119050 0.594491 0.116425 0.592857 0.113696 0.591425 0.111282 0.590415 0.109550 0.589980 0.108765 0.590186 0.077650 0.602878 0.075856 0.603803 0.072926 0.605718 0.069307 0.608333 0.065552 0.611248 0.062241 0.614013 0.059879 0.616206 0.058827 0.617491
0 0.163787 0.863655 0.164183 0.866303 0.165169 0.869225 0.166594 0.871972 0.168239 0.874123 0.169853 0.875352 0.202259 0.885075 0.205037 0.885489 0.209076 0.885657 0.213756 0.885554 0.218359 0.885195 0.222178 0.884636 0.224630 0.883963 0.225346 0.883279 0.231964 0.875424 0.232844 0.873955 0.233053 0.830401 0.232928 0.826908 0.232069 0.813171 0.230703 0.793308 0.224432 0.792732 0.213964 0.792733 0.205838 0.793110 0.198031 0.793824 0.194266 0.794404 0.189975 0.795898 0.164040 0.861685
