0 0.600194 0.691792 0.600655 0.692675 0.650011 0.702292 0.651213 0.691324 0.649198 0.687716 0.639182 0.669790 0.637166 0.666182 0.636537 0.665421 0.620161 0.662230 0.601391 0.680874
0 0.544739 0.526261 0.545126 0.527904 0.545956 0.529224 0.547101 0.530020 0.547155 0.530055 0.548443 0.530206 0.549676 0.529689 0.550562 0.528706 0.551075 0.528134 0.551384 0.527343 0.551443 0.526455 0.551379 0.525336 0.550991 0.523691 0.550161 0.522370 0.549014 0.521572 0.548958 0.521548 0.547671 0.521396 0.546439 0.521913 0.545449 0.523019 0.544852 0.524546
0 0.393710 0.588894 0.397350 0.610526 0.494691 0.581407 0.494715 0.581035 0.491092 0.559502 0.394198 0.588487
0 0.518842 0.756903 0.518929 0.758086 0.524693 0.778880 0.540288 0.771195 0.540103 0.769951 0.534366 0.749253
0 0.286161 0.637665 0.289136 0.648068 0.292257 0.646481 0.294632 0.644806 0.294749 0.641478 0.294615 0.640369 0.294330 0.639149 0.293937 0.638002 0.293496 0.637100 0.291690 0.634522 0.288605 0.636091
0 0.548584 0.538178 0.549297 0.580647 0.549524 0.581018 0.550771 0.580981 0.559583 0.574774 0.565975 0.570271 0.565602 0.548108 0.565302 0.547887 0.549825 0.538141
0 0.386946 0.472796 0.387485 0.474664 0.388519 0.476115 0.389890 0.476927 0.390085 0.476968 0.390987 0.477157 0.391178 0.477197 0.392661 0.477247 0.394939 0.476412 0.395916 0.475911 0.396370 0.475336 0.396846 0.474436 0.397100 0.473673 0.397127 0.472278 0.396751 0.470976 0.396030 0.469964 0.394206 0.468111 0.392851 0.467308 0.392663 0.467250 0.391775 0.466979 0.391583 0.466921 0.390082 0.466870 0.388681 0.467588 0.387593 0.468967 0.386984 0.470796
0 0.576777 0.407081 0.578021 0.409853 0.578419 0.410264 0.579087 0.410796 0.579923 0.411366 0.587384 0.416135 0.588264 0.416661 0.589056 0.417064 0.589642 0.417282 0.589932 0.417282 0.591665 0.416597 0.592725 0.415633 0.593446 0.413625 0.598190 0.374675 0.590660 0.369862 0.589624 0.371350
0 0.677183 0.759436 0.678808 0.763268 0.683684 0.774765 0.685310 0.778598 0.686161 0.779878 0.689645 0.785116 0.707295 0.771809 0.707448 0.768112 0.705789 0.764199 0.700811 0.752460 0.697130 0.747832 0.694429 0.746433
0 0.590037 0.460497 0.590731 0.463733 0.609550 0.471994 0.612113 0.471339 0.614755 0.460639 0.611545 0.459230 0.595384 0.452241 0.593420 0.453224 0.591654 0.454377 0.591474 0.454676 0.591204 0.455409 0.590884 0.456463 0.590563 0.457677 0.590289 0.458869 0.590105 0.459859
