0 0.559855 0.601163 0.563609 0.610976 0.571183 0.609105 0.586599 0.596813 0.585604 0.592176 0.585261 0.591016 0.584737 0.589909 0.582809 0.586906 0.578905 0.588072 0.561137 0.600157
0 0.420493 0.493337 0.430664 0.510995 0.431457 0.510869 0.432766 0.509529 0.434284 0.494097 0.434295 0.490875 0.434266 0.490687 0.434011 0.490128 0.433570 0.489283 0.433009 0.488282 0.432412 0.487274 0.431871 0.486412 0.431467 0.485827 0.431261 0.485608 0.428439 0.485200
0 0.546829 0.429609 0.549360 0.433738 0.549801 0.434095 0.550507 0.434567 0.551369 0.435083 0.562154 0.441223 0.563047 0.441706 0.563837 0.442085 0.564405 0.442303 0.564665 0.442326 0.568475 0.441932 0.572396 0.429687 0.567535 0.426004 0.559687 0.421536 0.556623 0.419792 0.550750 0.417365
0 0.417206 0.464212 0.417591 0.467415 0.417882 0.467707 0.418448 0.468222 0.419203 0.468881 0.420031 0.469583 0.420804 0.470220 0.421405 0.470694 0.421741 0.470934 0.424078 0.470119 0.428107 0.462374 0.431002 0.456380 0.433276 0.451653 0.432764 0.451196 0.431420 0.450041 0.429161 0.448109 0.427617 0.446794 0.426499 0.445857 0.426081 0.445525 0.423981 0.448887 0.420712 0.456232
0 0.414565 0.416651 0.421450 0.426357 0.422347 0.427199 0.428344 0.419637 0.421539 0.410042 0.420632 0.409002 0.418669 0.409337 0.418424 0.409391 0.417939 0.409785 0.417289 0.410460 0.416572 0.411313 0.415900 0.412212 0.415374 0.413020 0.415076 0.413613
0 0.439576 0.564614 0.439837 0.566741 0.440689 0.568574 0.442003 0.569831 0.443577 0.570323 0.445173 0.569975 0.446547 0.568838 0.446639 0.568720 0.447580 0.566972 0.447949 0.564877 0.447688 0.562753 0.446837 0.560923 0.445526 0.559668 0.443954 0.559177 0.442361 0.559525 0.440990 0.560659 0.440888 0.560764 0.439945 0.562515
0 0.529833 0.515591 0.529970 0.515663 0.545840 0.522266 0.550793 0.501107 0.534923 0.494503 0.534763 0.494529
0 0.408387 0.526444 0.416369 0.545888 0.416752 0.545678 0.424010 0.540382 0.416065 0.521027 0.415679 0.521123
0 0.585144 0.487571 0.586843 0.509518 0.587243 0.509562 0.603779 0.507287 0.602073 0.485238 0.585536 0.487514
0 0.444736 0.403929 0.445775 0.407259 0.446064 0.407745 0.446482 0.407916 0.451483 0.407742 0.455062 0.407611 0.456244 0.407521 0.456604 0.407281 0.456737 0.406730 0.456418 0.399438 0.456237 0.398908 0.455858 0.398721 0.454674 0.398780 0.451102 0.399164 0.446114 0.399714 0.445714 0.399944 0.445470 0.400469
0 0.563057 0.456319 0.566966 0.467982 0.567097 0.468150 0.567578 0.468176 0.568335 0.468057 0.569254 0.467810 0.570193 0.467473 0.571008 0.467097 0.571575 0.466742 0.571806 0.466460 0.571137 0.453748 0.569829 0.451346 0.569649 0.451152 0.569005 0.451145 0.567998 0.451324 0.566779 0.451663 0.565533 0.452111 0.564447 0.452599 0.563685 0.453054 0.563363 0.453409
0 0.427721 0.472167 0.428051 0.473387 0.428706 0.474346 0.429587 0.474898 0.433633 0.477094 0.433785 0.477147 0.437807 0.477620 0.438777 0.477680 0.439690 0.477241 0.440407 0.476370 0.440820 0.475198 0.442553 0.470101 0.442815 0.464467 0.442861 0.463175 0.442531 0.461957 0.441878 0.461000 0.441736 0.460905 0.440855 0.460353 0.437125 0.458315 0.432787 0.457686 0.431815 0.457626 0.430900 0.458066 0.430181 0.458939 0.429767 0.460114 0.428337 0.465377 0.427767 0.470871
