0 0.753118 0.472107 0.754132 0.491913 0.754885 0.505407 0.755181 0.508899 0.760634 0.552229 0.769151 0.560318 0.769877 0.560526 0.772333 0.560554 0.776148 0.560398 0.780739 0.560080 0.785403 0.559650 0.789423 0.559173 0.792182 0.558724 0.793262 0.558370 0.822124 0.546902 0.823395 0.546385 0.824816 0.544776 0.826170 0.542320 0.827249 0.539392 0.827889 0.536440 0.827991 0.533916 0.827540 0.532205 0.793709 0.468895 0.789436 0.468891 0.785684 0.469093 0.777904 0.469648 0.769805 0.470327 0.759371 0.471339
0 0.304014 0.313022 0.307279 0.324302 0.308882 0.325173 0.311866 0.326722 0.315773 0.328711 0.320005 0.330836 0.323912 0.332769 0.326894 0.334216 0.328499 0.334955 0.360533 0.341760 0.361563 0.341683 0.363353 0.340811 0.365630 0.339278 0.368047 0.337316 0.370234 0.335227 0.371855 0.333330 0.372664 0.331914 0.375683 0.258849 0.374627 0.258249 0.370342 0.255994 0.364304 0.252888 0.354466 0.247896 0.346189 0.243762 0.342181 0.241844 0.339774 0.240803 0.324237 0.270216 0.322665 0.273354 0.310440 0.299303
0 0.345134 0.739370 0.375808 0.751591 0.379087 0.752824 0.406373 0.762497 0.420813 0.767593 0.431602 0.763101 0.432470 0.761576 0.433826 0.758571 0.435463 0.754543 0.437131 0.750111 0.438572 0.745954 0.439567 0.742713 0.439963 0.740878 0.442953 0.707886 0.442885 0.706979 0.441928 0.705379 0.440228 0.703330 0.438044 0.701144 0.435710 0.699157 0.433585 0.697672 0.431991 0.696916 0.359491 0.701921 0.358262 0.703896 0.357023 0.706728 0.354343 0.713332 0.351475 0.720754 0.347673 0.731043 0.345269 0.738071
0 0.615552 0.396168 0.622203 0.428653 0.623026 0.432062 0.634987 0.474094 0.644503 0.480774 0.645077 0.480819 0.647351 0.480431 0.650983 0.479669 0.655420 0.478648 0.659979 0.477525 0.663961 0.476472 0.666755 0.475652 0.667937 0.475189 0.695233 0.459653 0.696303 0.458919 0.697377 0.457089 0.698291 0.454441 0.698904 0.451379 0.699122 0.448373 0.698912 0.445883 0.698308 0.444288 0.654832 0.386640 0.651046 0.387408 0.647515 0.388215 0.640055 0.389977 0.632187 0.391878 0.621913 0.394416 0.615594 0.396042
0 0.606349 0.819426 0.606354 0.822529 0.606646 0.825593 0.607180 0.828149 0.607875 0.829807 0.635467 0.849791 0.636986 0.850862 0.639997 0.852339 0.644046 0.853997 0.648511 0.855581 0.652706 0.856847 0.655987 0.857602 0.657853 0.857731 0.668139 0.852440 0.673585 0.837924 0.683805 0.810520 0.684952 0.807216 0.695036 0.776046 0.694242 0.774925 0.687522 0.771961 0.677276 0.768143 0.669703 0.765622 0.662782 0.763614 0.659683 0.762921 0.656993 0.763113 0.607157 0.814936 0.606631 0.816759
0 0.599840 0.884700 0.602175 0.893699 0.605482 0.902628 0.606472 0.903546 0.609015 0.905087 0.612725 0.907016 0.617036 0.909038 0.621284 0.910843 0.624817 0.912152 0.627095 0.912767 0.639545 0.910409 0.659597 0.865565 0.655949 0.857209 0.619434 0.840881
0 0.121595 0.786029 0.136408 0.832865 0.175438 0.820520 0.182857 0.813194 0.168382 0.767429 0.156227 0.763241 0.155805 0.763171 0.153701 0.763664 0.150238 0.764645 0.145940 0.765964 0.141458 0.767421 0.137467 0.768799 0.134570 0.769887 0.133212 0.770520 0.128947 0.773666
0 0.562358 0.982208 0.563079 0.987782 0.594361 1.000000 0.601249 1.000000 0.619451 0.999533 0.620843 0.998741 0.622853 0.997246 0.655765 0.970016 0.653985 0.964644 0.621982 0.928870 0.610157 0.930372 0.608089 0.931632 0.605099 0.933912 0.601641 0.936868 0.571761 0.963598 0.568348 0.966789 0.565488 0.969741 0.563614 0.972008 0.563013 0.973243
0 0.722235 0.830263 0.732176 0.869108 0.735412 0.874254 0.814186 0.854094 0.804107 0.814707 0.799926 0.810381
0 0.667158 0.947519 0.667927 0.949578 0.698751 0.999235 0.699537 1.000000 0.718452 1.000000 0.751289 0.989196 0.921571 0.925699 0.889042 0.851993 0.887260 0.850381
0 0.452275 0.748173 0.452374 0.749858 0.452995 0.752317 0.457798 0.766410 0.488711 0.840602 0.495603 0.854575 0.497011 0.856988 0.498289 0.858605 0.499242 0.859178 0.570866 0.827263 0.571406 0.826679 0.571394 0.825055 0.570831 0.822637 0.569803 0.819793 0.529625 0.723367 0.528295 0.720550 0.526875 0.718208 0.525580 0.716697 0.524610 0.716248 0.452717 0.747519
0 0.378640 0.778135 0.378769 0.778963 0.379310 0.780815 0.383329 0.793098 0.408474 0.864845 0.413961 0.879693 0.415068 0.882546 0.416054 0.884904 0.416769 0.886407 0.417106 0.886827 0.492108 0.858326 0.492076 0.857573 0.491614 0.855785 0.490792 0.853234 0.458622 0.759518 0.457555 0.756566 0.456426 0.753723 0.455408 0.751422 0.454656 0.750016 0.454284 0.749716
0 0.205545 0.039494 0.207992 0.046938 0.208494 0.047716 0.213596 0.053646 0.220579 0.057173 0.228379 0.057759 0.235810 0.055315 0.241740 0.050213 0.245267 0.043231 0.245853 0.035430 0.243410 0.027999 0.242968 0.027186 0.237857 0.021246 0.230862 0.017713 0.223048 0.017127 0.215604 0.019574 0.209664 0.024685 0.206131 0.031680
0 0.291117 0.467344 0.293110 0.474922 0.297852 0.481161 0.304621 0.485110 0.312385 0.486168 0.312708 0.486191 0.320273 0.484202 0.326500 0.479468 0.330443 0.472711 0.331499 0.464960 0.329509 0.457395 0.324775 0.451167 0.318018 0.447224 0.317705 0.447134 0.309941 0.446076 0.302362 0.448069 0.296124 0.452811 0.292175 0.459580
0 0.141131 0.221548 0.142653 0.229238 0.147004 0.235760 0.147611 0.236214 0.154114 0.240567 0.161789 0.242100 0.169465 0.240580 0.175976 0.236237 0.180330 0.229734 0.181862 0.222059 0.180342 0.214382 0.175999 0.207872 0.175441 0.207369 0.168927 0.203008 0.161239 0.201473 0.153549 0.202995 0.147027 0.207345 0.142666 0.213860
0 0.696745 0.311190 0.705743 0.317120 0.711646 0.318337 0.721700 0.312259 0.721998 0.312007 0.722638 0.310007 0.723525 0.306556 0.724522 0.302181 0.725476 0.297554 0.726241 0.293385 0.726699 0.290314 0.726782 0.288807 0.720098 0.279248 0.714182 0.278028 0.703478 0.279912 0.703114 0.280305 0.702295 0.283013 0.701146 0.287617 0.699843 0.293417 0.698580 0.299538 0.697549 0.305061 0.696904 0.309152
0 0.662232 0.742326 0.665184 0.749574 0.665468 0.750004 0.670979 0.755579 0.678204 0.758623 0.686043 0.758668 0.693304 0.755712 0.698879 0.750201 0.701923 0.742976 0.701968 0.735137 0.699011 0.727876 0.698670 0.727485 0.693168 0.721918 0.685956 0.718880 0.678130 0.718835 0.670882 0.721786 0.665316 0.727288 0.662278 0.734500
0 0.456302 0.966903 0.462572 0.997527 0.464031 1.000000 0.479918 1.000000 0.486888 0.991105 0.486730 0.989557 0.486246 0.986449 0.485511 0.982256 0.484635 0.977611 0.483752 0.973217 0.482994 0.969736 0.482476 0.967696 0.482277 0.967411 0.472507 0.958511 0.456802 0.961567
0 0.951715 0.097282 0.956537 0.137088 0.996344 0.132266 0.998629 0.130573 0.993785 0.090583 0.953795 0.095428
0 0.528378 0.506182 0.565962 0.520154 0.566266 0.520247 0.580303 0.482490 0.542546 0.468453 0.542351 0.468598
