0 0.898796 0.596502 0.915532 0.632940 0.917445 0.633552 0.954050 0.616738 0.937237 0.580133 0.935233 0.579766
0 0.506880 0.882997 0.506911 0.884761 0.528379 0.918845 0.562464 0.897377 0.562178 0.895556 0.540808 0.861628
0 0.131132 0.494695 0.132454 0.534955 0.172715 0.533633 0.174214 0.533479 0.172899 0.493403 0.171393 0.493373
0 0.085185 0.612577 0.121179 0.630663 0.122915 0.630064 0.140918 0.594236 0.105090 0.576232 0.103272 0.576583
0 0.250804 0.469811 0.266612 0.515721 0.278344 0.521094 0.279504 0.520767 0.282218 0.519894 0.286070 0.518609 0.290478 0.517105 0.328385 0.504052 0.332694 0.502555 0.336262 0.501285 0.338550 0.500436 0.339205 0.500137 0.344921 0.489495 0.329293 0.444110 0.327320 0.443464
0 0.462655 0.666340 0.494390 0.703835 0.506223 0.703993 0.506941 0.703664 0.508975 0.702181 0.512015 0.699767 0.515597 0.696791 0.519171 0.693710 0.522187 0.690998 0.524185 0.689070 0.524862 0.688217 0.525636 0.677389 0.525050 0.673334 0.494040 0.636696 0.463508 0.662538
0 0.855569 0.336236 0.882535 0.365912 0.887867 0.364043 0.917957 0.336702 0.890615 0.306612 0.885245 0.309271
0 0.120682 0.965592 0.169237 0.965675 0.179701 0.954968 0.180125 0.953451 0.180486 0.950335 0.180731 0.946097 0.180822 0.941377 0.180747 0.936888 0.180515 0.933309 0.180163 0.931179 0.173086 0.920354 0.125087 0.920271 0.120752 0.925129
0 0.018440 0.121113 0.023943 0.125443 0.070080 0.138686 0.078855 0.130839 0.080046 0.128742 0.081435 0.125267 0.082815 0.120941 0.083976 0.116416 0.084743 0.112376 0.085000 0.109431 0.084706 0.108033 0.081116 0.100238 0.076274 0.095617 0.029603 0.082221
0 0.516745 0.830943 0.516979 0.835556 0.553200 0.854022 0.571665 0.817801 0.570680 0.813432 0.534957 0.795220
0 0.769730 0.699304 0.796888 0.728672 0.800320 0.731316 0.835969 0.698349 0.834851 0.685498 0.834670 0.685068 0.833264 0.683350 0.830847 0.680604 0.827788 0.677248 0.824555 0.673800 0.821647 0.670788 0.819508 0.668673 0.818463 0.667776 0.804971 0.666715
0 0.608689 0.495213 0.615295 0.534729 0.673714 0.525857 0.705953 0.519933 0.699303 0.480154 0.669930 0.484955 0.614122 0.494283
0 0.326970 0.230615 0.348209 0.274278 0.349943 0.276858 0.421884 0.241864 0.420981 0.238880 0.417441 0.231603 0.363356 0.212916 0.353166 0.210397 0.352145 0.210417 0.349621 0.211240 0.345976 0.212741 0.341768 0.214693 0.337643 0.216795 0.334235 0.218724 0.332065 0.220185 0.331460 0.220956
0 0.373281 0.074409 0.376833 0.104634 0.386621 0.166891 0.426302 0.161359 0.425635 0.156271 0.417816 0.100212 0.413225 0.068840
0 0.569834 0.663667 0.571333 0.671345 0.571455 0.671640 0.575787 0.678170 0.582286 0.682547 0.589967 0.684102 0.597658 0.682600 0.604188 0.678269 0.608565 0.671769 0.610120 0.664089 0.608618 0.656398 0.604287 0.649868 0.604108 0.649610 0.597619 0.645241 0.589952 0.643688 0.582274 0.645187 0.575755 0.649511 0.571386 0.656000
0 0.921221 0.871958 0.923589 0.879413 0.928631 0.885394 0.929369 0.886058 0.936327 0.889662 0.944135 0.890327 0.951603 0.887955 0.957595 0.882904 0.961199 0.875946 0.961864 0.868138 0.959492 0.860670 0.954442 0.854678 0.953661 0.854068 0.946714 0.850471 0.938920 0.849807 0.931464 0.852175 0.925483 0.857217 0.921885 0.864163
0 0.502739 0.076427 0.503786 0.079282 0.505721 0.083788 0.508250 0.089262 0.510991 0.094879 0.513532 0.099795 0.515491 0.103267 0.516569 0.104767 0.527321 0.103991 0.532738 0.101348 0.536971 0.090337 0.537020 0.089784 0.536274 0.087650 0.534844 0.084256 0.532948 0.080118 0.530876 0.075872 0.528947 0.072170 0.527456 0.069581 0.526632 0.068496 0.515488 0.064956 0.510060 0.067605 0.502744 0.075666
0 0.280849 0.893449 0.281145 0.896245 0.284212 0.906160 0.286291 0.908366 0.291380 0.910762 0.301499 0.911052 0.304197 0.910569 0.307499 0.907902 0.310898 0.903453 0.313871 0.897903 0.315959 0.892110 0.316845 0.886962 0.316395 0.883249 0.310023 0.875964 0.307896 0.873827 0.302828 0.871412 0.299465 0.872090 0.290320 0.875772 0.287865 0.877796 0.285337 0.881132 0.283118 0.885274 0.281543 0.889597
0 0.060689 0.808847 0.061140 0.809571 0.062540 0.810866 0.064674 0.812536 0.077150 0.821532 0.143908 0.866292 0.156687 0.874228 0.158935 0.875498 0.160507 0.876195 0.161160 0.876212 0.206325 0.809596 0.205999 0.808875 0.204707 0.807583 0.202645 0.805915 0.200126 0.804126 0.113362 0.745952 0.110787 0.744326 0.108567 0.743122 0.107038 0.742523 0.106434 0.742620
0 0.567457 0.130266 0.567959 0.130828 0.569506 0.131781 0.571861 0.132978 0.574666 0.134239 0.670390 0.174896 0.673238 0.176036 0.675714 0.176891 0.677443 0.177330 0.678161 0.177285 0.709507 0.103484 0.709128 0.102897 0.707682 0.101920 0.705386 0.100703 0.702591 0.099431 0.606428 0.058587 0.603579 0.057462 0.601129 0.056664 0.599452 0.056314 0.598803 0.056464
0 0.825081 0.936877 0.825655 0.938426 0.827321 0.940065 0.829826 0.941544 0.832788 0.942636 0.933496 0.970336 0.936446 0.970870 0.938914 0.970759 0.940524 0.970021 0.941033 0.968769 0.964667 0.899446 0.963974 0.897919 0.962203 0.896300 0.959624 0.894835 0.944857 0.888770 0.867189 0.867407 0.852578 0.865392 0.850058 0.865454 0.848375 0.866123 0.847786 0.867298
