0 0.554283 0.516298 0.555575 0.535902 0.556134 0.537863 0.564382 0.536283 0.562993 0.516710 0.562466 0.514684
0 0.437323 0.627722 0.437335 0.628707 0.437382 0.629285 0.439075 0.633982 0.449051 0.634564 0.449717 0.625702 0.450084 0.614519 0.450227 0.610153 0.450079 0.603213 0.440103 0.602631 0.438188 0.607040 0.438098 0.607436 0.438005 0.608279 0.437923 0.609443 0.437865 0.610748 0.437349 0.626479
0 0.560362 0.538843 0.561981 0.551903 0.562521 0.556256 0.564276 0.557940 0.564571 0.558206 0.565779 0.559295 0.585781 0.554887 0.583026 0.532663 0.581501 0.532063 0.581128 0.531917 0.561584 0.536224
0 0.524940 0.523837 0.525033 0.523994 0.525363 0.524504 0.525879 0.525288 0.526504 0.526227 0.532003 0.534468 0.532643 0.535423 0.533203 0.536252 0.533599 0.536830 0.533769 0.537068 0.536358 0.537329 0.543834 0.528459 0.543330 0.527661 0.542220 0.525997 0.536670 0.517680 0.533340 0.512690 0.532747 0.511845 0.532447 0.511737 0.531793 0.512455 0.528093 0.516844 0.525627 0.519770 0.525039 0.520525
0 0.565771 0.487684 0.565925 0.509694 0.566190 0.509732 0.582764 0.509525 0.582608 0.487427 0.566035 0.487634
0 0.497491 0.582429 0.499011 0.586081 0.499589 0.587119 0.500285 0.587975 0.503060 0.590708 0.516819 0.575349 0.521559 0.567692 0.516043 0.559491 0.514909 0.560773 0.500060 0.578531
0 0.445914 0.588764 0.448910 0.597706 0.450471 0.600263 0.450860 0.600397 0.451448 0.600155 0.464603 0.590941 0.465050 0.590458 0.465103 0.590016 0.464485 0.588239 0.460904 0.579150 0.460550 0.578513
0 0.577083 0.520397 0.588848 0.535914 0.589257 0.536079 0.595103 0.528200 0.583284 0.512612 0.582902 0.512554
0 0.697136 0.264971 0.706152 0.270440 0.708536 0.267786 0.722365 0.227253 0.719325 0.225409 0.713245 0.221721 0.709726 0.224361 0.709371 0.224954 0.708915 0.225915 0.708426 0.227096 0.707978 0.228320 0.704552 0.238361 0.697701 0.258442 0.697359 0.259532 0.697173 0.260330
0 0.404222 0.465255 0.404419 0.465509 0.404838 0.465748 0.405415 0.465934 0.408635 0.466581 0.425182 0.468083 0.428222 0.468005 0.428731 0.467917 0.429048 0.467746 0.429125 0.467516 0.430622 0.446406 0.430448 0.446137 0.430049 0.445885 0.429485 0.445690 0.428842 0.445581 0.407336 0.443628 0.406717 0.443622 0.406219 0.443721 0.405919 0.443909 0.405863 0.444158
0 0.433685 0.539037 0.440548 0.545243 0.440820 0.545036 0.445452 0.535928 0.438621 0.529751 0.438339 0.529887
0 0.479239 0.511197 0.479324 0.512295 0.483387 0.543784 0.483623 0.543841 0.484071 0.543849 0.484662 0.543806 0.485306 0.543720 0.485904 0.543603 0.486364 0.543474 0.486617 0.543351 0.486625 0.543255 0.485819 0.511290 0.485735 0.510195 0.484747 0.507990 0.484390 0.507950 0.483720 0.507972 0.482836 0.508054 0.481874 0.508183 0.480977 0.508340 0.480282 0.508500 0.479894 0.508641 0.479268 0.511061
0 0.421645 0.428321 0.426839 0.436974 0.427174 0.437263 0.465935 0.395904 0.465778 0.395425 0.460584 0.386772 0.457219 0.386274 0.440570 0.383811 0.437217 0.383316 0.424237 0.397165 0.423865 0.401636 0.422569 0.417214
0 0.560966 0.480655 0.565507 0.481613 0.567756 0.482087 0.573824 0.482871 0.574389 0.477493 0.575445 0.466521 0.577555 0.444577 0.578060 0.438831 0.571307 0.436985 0.565205 0.436590
0 0.466193 0.428384 0.466434 0.429669 0.467017 0.432409 0.467149 0.432679 0.469146 0.436048 0.471958 0.438140 0.474071 0.438470 0.475157 0.438639 0.478255 0.437468 0.480782 0.434805 0.482352 0.431055 0.482725 0.426790 0.482427 0.425387 0.481847 0.422659 0.481774 0.422349 0.479769 0.418966 0.476945 0.416865 0.474824 0.416534 0.473779 0.416508 0.472677 0.416764 0.470623 0.417541 0.468086 0.420214 0.466510 0.423979 0.466262 0.426807
