0 0.521962 0.537527 0.523627 0.559479 0.523736 0.559754 0.540276 0.557522 0.538603 0.535469 0.538426 0.535306
0 0.547966 0.618039 0.548483 0.621931 0.548698 0.622246 0.549182 0.622823 0.549861 0.623574 0.550632 0.624383 0.551377 0.625128 0.551981 0.625692 0.552351 0.625990 0.555141 0.626188 0.557176 0.622657 0.556523 0.621256 0.549979 0.614548
0 0.479041 0.470218 0.484794 0.490956 0.484864 0.490997 0.492605 0.487179 0.486878 0.466536 0.486818 0.466382
0 0.398145 0.516823 0.399723 0.520861 0.404668 0.528298 0.406317 0.530776 0.409134 0.533349 0.409308 0.533208 0.409644 0.532866 0.410090 0.532376 0.410579 0.531811 0.413769 0.528124 0.419945 0.520822 0.408993 0.504353 0.408575 0.504373 0.399153 0.515393 0.398695 0.515953 0.398343 0.516421 0.398150 0.516726
0 0.451352 0.411559 0.451353 0.411750 0.451579 0.412061 0.451996 0.412447 0.452542 0.412847 0.471835 0.425666 0.472422 0.426018 0.472957 0.426265 0.473358 0.426370 0.473564 0.426317 0.480593 0.406671 0.480568 0.406484 0.480320 0.406176 0.479888 0.405792 0.477226 0.403769 0.462382 0.393906 0.459428 0.392199 0.458885 0.391934 0.458472 0.391804 0.458252 0.391828
0 0.426930 0.574147 0.428014 0.578208 0.430182 0.581407 0.432112 0.582628 0.433218 0.583112 0.434200 0.583330 0.436333 0.583473 0.439379 0.582027 0.441778 0.579136 0.442011 0.578820 0.442923 0.576258 0.443392 0.574940 0.443554 0.570652 0.442474 0.566607 0.440315 0.563421 0.437405 0.561579 0.434189 0.561363 0.431155 0.562803 0.430879 0.563055 0.428480 0.565946 0.427564 0.568518 0.427218 0.569721 0.427037 0.571303
0 0.444626 0.444559 0.445259 0.445192 0.453582 0.452352 0.455698 0.451494 0.455859 0.451346 0.456200 0.450796 0.456669 0.449931 0.457195 0.448880 0.457699 0.447802 0.458105 0.446860 0.458350 0.446197 0.458398 0.445913 0.458057 0.443105 0.457572 0.442447 0.449153 0.435204
0 0.571396 0.607287 0.571724 0.607781 0.583662 0.623208 0.589447 0.615249 0.577509 0.599823 0.577154 0.599365
0 0.383965 0.403490 0.384010 0.404246 0.384120 0.405096 0.384278 0.405910 0.384459 0.406563 0.384636 0.406956 0.384781 0.407030 0.408491 0.403562 0.409298 0.403367 0.410846 0.401866 0.410953 0.401487 0.410966 0.400671 0.410885 0.399542 0.410720 0.398270 0.410498 0.397049 0.410251 0.396061 0.410017 0.395458 0.409832 0.395332 0.407944 0.394658 0.407135 0.394854 0.384084 0.402690 0.383991 0.402944
0 0.442969 0.583548 0.443034 0.585143 0.443204 0.585750 0.444885 0.587699 0.445347 0.587990 0.446100 0.588166 0.447030 0.588200 0.447996 0.588088 0.448852 0.587846 0.449470 0.587511 0.449753 0.587133 0.451307 0.584809 0.451238 0.583218 0.451085 0.582605 0.450173 0.580110 0.449564 0.579710 0.448561 0.579465 0.447316 0.579413 0.446022 0.579564 0.444878 0.579893 0.444058 0.580349 0.443689 0.580863
0 0.584175 0.441522 0.584521 0.454735 0.585249 0.454748 0.590199 0.454518 0.598448 0.454133 0.600097 0.454056 0.601038 0.453965 0.601971 0.453540 0.602060 0.452374 0.601885 0.445698 0.601768 0.441248 0.601621 0.440204 0.599375 0.438133 0.598946 0.438089 0.598210 0.438080 0.597280 0.438109 0.588955 0.438497 0.587976 0.438557 0.587101 0.438641 0.586463 0.438735 0.586159 0.438825
0 0.484177 0.463598 0.484240 0.463743 0.497286 0.477251 0.507416 0.459856 0.507446 0.459695 0.494348 0.446133
0 0.505734 0.581629 0.505800 0.582573 0.513911 0.605877 0.514642 0.607908 0.522257 0.603034 0.521747 0.600677 0.513175 0.576866 0.510991 0.576146 0.510806 0.576155 0.510308 0.576380 0.509574 0.576788 0.508715 0.577316 0.507861 0.577884 0.507141 0.578408 0.506662 0.578806 0.506500 0.579020
0 0.490611 0.416859 0.490654 0.417240 0.504492 0.429341 0.558943 0.318639 0.559214 0.317804 0.545313 0.305648
