0 0.495537 0.412418 0.495557 0.412819 0.500562 0.421604 0.513740 0.408257 0.513803 0.407834 0.508775 0.399009
0 0.571061 0.368016 0.571180 0.370163 0.571907 0.372086 0.573130 0.373492 0.574664 0.374166 0.576274 0.374007 0.577717 0.373037 0.578771 0.371406 0.578906 0.371185 0.579413 0.369136 0.579293 0.366986 0.578565 0.365059 0.577340 0.363651 0.575803 0.362976 0.574190 0.363136 0.572746 0.364106 0.571689 0.365740 0.571566 0.365971
0 0.538343 0.601356 0.541995 0.622821 0.542480 0.624241 0.552251 0.621286 0.553304 0.617909 0.553332 0.617818 0.553272 0.617247 0.553133 0.616281 0.552935 0.615068 0.551093 0.604236 0.550868 0.602965 0.550650 0.601835 0.550474 0.601018 0.550365 0.600638 0.548002 0.598434
0 0.546986 0.535778 0.547475 0.557882 0.547868 0.562114 0.547998 0.562859 0.548179 0.563379 0.548385 0.563596 0.564109 0.562600 0.564319 0.562479 0.564490 0.562040 0.564596 0.561349 0.564620 0.560513 0.563985 0.531784 0.563924 0.530935 0.563787 0.530207 0.563595 0.529712 0.563378 0.529525 0.547649 0.530329 0.547452 0.530478 0.547293 0.530941 0.547195 0.531648
0 0.452783 0.405590 0.458206 0.426543 0.458398 0.426879 0.466219 0.423281 0.460821 0.402423 0.460641 0.401974
0 0.429209 0.539885 0.429432 0.544188 0.430873 0.548050 0.433313 0.550883 0.436380 0.552255 0.439608 0.551958 0.441521 0.550689 0.442505 0.550036 0.442636 0.549922 0.443453 0.548736 0.444851 0.546596 0.445876 0.542522 0.445653 0.538236 0.444706 0.535696 0.444122 0.534449 0.443393 0.533431 0.441788 0.531568 0.438733 0.530201 0.435518 0.530498 0.435259 0.530620 0.433346 0.531889 0.432362 0.532542 0.430238 0.535795
0 0.528803 0.561442 0.528936 0.561725 0.535940 0.567693 0.540416 0.558355 0.540230 0.558087 0.533259 0.552146
0 0.485799 0.369232 0.485929 0.370429 0.486445 0.371453 0.487444 0.373205 0.489443 0.376709 0.494440 0.385468 0.495440 0.387220 0.495935 0.387967 0.503827 0.379963 0.504243 0.376225 0.504134 0.375860 0.503811 0.375147 0.503323 0.374193 0.502745 0.373145 0.497702 0.364305 0.497124 0.363326 0.496635 0.362569 0.496312 0.362149 0.493764 0.361154 0.493092 0.361667 0.487776 0.367059 0.486447 0.368407
0 0.444419 0.571085 0.456596 0.574210 0.457228 0.574352 0.457778 0.574447 0.458163 0.574479 0.458324 0.574444 0.459745 0.570304 0.460201 0.567048 0.461112 0.560534 0.461567 0.557277 0.461360 0.552732 0.461270 0.552655 0.460947 0.552529 0.460439 0.552371 0.455813 0.551139 0.447699 0.549122 0.447459 0.549348
0 0.690267 0.327099 0.724375 0.375195 0.725408 0.374620 0.737487 0.359391 0.703222 0.311074 0.702291 0.311939
0 0.517677 0.595416 0.521170 0.616983 0.521267 0.617521 0.537517 0.612842 0.534008 0.591176 0.533852 0.590758
0 0.399780 0.572115 0.400387 0.575265 0.418853 0.586419 0.420344 0.584831 0.420708 0.584443 0.422071 0.580434 0.426158 0.568404 0.427520 0.564394 0.409476 0.553495 0.407079 0.554717 0.406972 0.554779 0.405454 0.555673 0.405344 0.555738 0.401171 0.568020
0 0.464089 0.500663 0.464593 0.507549 0.465034 0.512421 0.465242 0.512876 0.465962 0.514085 0.466371 0.514180 0.471590 0.512590 0.471954 0.512260 0.472052 0.511712 0.471430 0.506902 0.470382 0.499617 0.470177 0.499107 0.469753 0.498347 0.469350 0.498097 0.466789 0.497643 0.464494 0.499592 0.464172 0.500064
0 0.479702 0.427232 0.479784 0.427522 0.489507 0.445326 0.496183 0.438844 0.496167 0.438599 0.486405 0.420724 0.482383 0.424628
0 0.652703 0.409922 0.655240 0.420395 0.684482 0.419365 0.686053 0.418688 0.688204 0.417748 0.688481 0.415038 0.688526 0.414256 0.688418 0.413164 0.688174 0.411928 0.685613 0.401358 0.685270 0.400171 0.684882 0.399219 0.684509 0.398646 0.683071 0.396561 0.654468 0.408881
0 0.457499 0.479018 0.458446 0.482752 0.459396 0.483146 0.475033 0.476094 0.474108 0.472445 0.473502 0.471801 0.472982 0.471464 0.457788 0.478317
