0 0.771004 0.804228 0.777349 0.883914 0.777771 0.884319 0.779353 0.884586 0.781851 0.884675 0.796664 0.884411 0.876886 0.879487 0.892421 0.877888 0.895190 0.877475 0.897180 0.876989 0.898084 0.876503 0.891048 0.796859 0.890724 0.796382 0.889227 0.796053 0.886787 0.795920 0.883773 0.796006 0.779504 0.802406 0.776397 0.802696 0.773690 0.803144 0.771797 0.803682
0 0.320846 0.742149 0.321450 0.743778 0.322690 0.746043 0.330732 0.758739 0.377288 0.824256 0.386859 0.836346 0.388676 0.838383 0.390144 0.839670 0.391039 0.840010 0.454918 0.793103 0.455156 0.792406 0.454650 0.790817 0.453477 0.788579 0.451813 0.786031 0.391304 0.700878 0.389416 0.698427 0.387602 0.696462 0.386141 0.695283 0.385254 0.695067 0.320971 0.741405
0 0.514274 0.851399 0.514597 0.852234 0.515492 0.853996 0.516823 0.856418 0.524536 0.869940 0.565386 0.939259 0.572980 0.951712 0.574266 0.953732 0.575094 0.954893 0.575338 0.955020 0.644418 0.914311 0.643982 0.913423 0.642994 0.911621 0.641606 0.909180 0.640027 0.906472 0.587226 0.816872 0.585686 0.814289 0.584411 0.812208 0.583592 0.810943 0.583355 0.810690
0 0.310583 0.271209 0.335958 0.346221 0.336641 0.346635 0.338382 0.346603 0.340917 0.346131 0.343859 0.345289 0.443074 0.312597 0.445956 0.311520 0.448319 0.310378 0.449803 0.309347 0.450183 0.308584 0.425471 0.233353 0.424709 0.233034 0.422899 0.233148 0.420319 0.233676 0.405684 0.237644 0.329347 0.262797 0.315104 0.268345 0.312672 0.269468 0.311083 0.270474
0 0.780947 0.761790 0.781497 0.769593 0.784993 0.776591 0.785483 0.777067 0.791401 0.782205 0.798833 0.784686 0.806650 0.784135 0.813661 0.780634 0.818798 0.774716 0.821279 0.767284 0.820728 0.759467 0.817227 0.752456 0.811310 0.747319 0.810775 0.746894 0.803354 0.744417 0.795551 0.744967 0.788553 0.748463 0.783424 0.754370
0 0.710083 0.392347 0.711357 0.400068 0.715490 0.406715 0.721851 0.411273 0.729472 0.413051 0.737194 0.411776 0.737602 0.411624 0.744260 0.407485 0.748826 0.401112 0.750607 0.393478 0.749330 0.385743 0.745191 0.379085 0.738819 0.374519 0.731185 0.372738 0.723450 0.374015 0.723066 0.374232 0.716419 0.378364 0.711861 0.384725
0 0.693275 0.203534 0.693499 0.206282 0.695350 0.210386 0.698547 0.215217 0.702601 0.220034 0.706887 0.224094 0.710745 0.226773 0.713586 0.227667 0.723345 0.224498 0.725069 0.223228 0.729505 0.219440 0.730374 0.208276 0.730163 0.206212 0.728748 0.203146 0.726346 0.199543 0.723320 0.195948 0.720127 0.192903 0.717249 0.190869 0.715124 0.190156 0.704120 0.189279 0.702352 0.190479 0.697924 0.194293
0 0.622844 0.623224 0.646858 0.655214 0.648900 0.657372 0.705682 0.665459 0.738117 0.641111 0.713769 0.608676 0.710837 0.607186 0.654834 0.599210
0 0.226581 0.310933 0.227833 0.311800 0.307677 0.319295 0.330161 0.079763 0.329381 0.077829 0.249169 0.070299
0 0.340010 0.471487 0.449981 0.686711 0.521722 0.650054 0.521623 0.649366 0.412157 0.435128 0.411751 0.434830
0 0.348459 0.700419 0.348804 0.708441 0.396681 0.714696 0.406458 0.704003 0.406776 0.702229 0.407274 0.698934 0.407877 0.694620 0.413175 0.655573 0.413790 0.650910 0.414329 0.646564 0.414711 0.643193 0.414876 0.641308 0.407615 0.627997 0.359488 0.621709
0 0.925721 0.714635 0.960278 0.734973 0.962397 0.736054 0.982828 0.701338 0.948111 0.680907 0.946058 0.680078
0 0.379917 0.033746 0.380468 0.035882 0.417955 0.050112 0.432185 0.012624 0.431873 0.010380 0.394697 0.000000 0.394212 0.000000
0 0.286411 0.723845 0.326685 0.724619 0.327479 0.723590 0.328250 0.683500 0.288160 0.682730 0.287185 0.683571
