0 0.854370 0.109071 0.859412 0.148850 0.899190 0.143809 0.904760 0.138844 0.939982 0.093399 0.934870 0.053065 0.894537 0.058176 0.889108 0.064251
0 0.655227 0.743483 0.668724 0.789954 0.697718 0.784316 0.752934 0.768279 0.778256 0.758140 0.764759 0.711669 0.746603 0.708019 0.745395 0.708001 0.742607 0.708498 0.738669 0.709433 0.734176 0.710665 0.679599 0.726517 0.675214 0.727864 0.671585 0.729126 0.669262 0.730114 0.668602 0.730675
0 0.348444 0.372373 0.381647 0.407576 0.403179 0.388916 0.444331 0.350102 0.464621 0.329315 0.431418 0.294112 0.413595 0.299143 0.412810 0.299509 0.410800 0.301088 0.407868 0.303640 0.404464 0.306776 0.362833 0.346042 0.359491 0.349269 0.356734 0.352082 0.354985 0.354050 0.354507 0.354875
0 0.505683 0.085229 0.536571 0.110798 0.562139 0.079910 0.562425 0.077976 0.531395 0.052290 0.505709 0.083320
0 0.521238 0.518269 0.528962 0.527319 0.529919 0.527402 0.532572 0.527566 0.536519 0.527786 0.541158 0.528028 0.545774 0.528255 0.549660 0.528433 0.552221 0.528534 0.553069 0.528543 0.561894 0.520531 0.562714 0.504367 0.561998 0.504317 0.522049 0.502289
0 0.411502 0.900287 0.444800 0.922956 0.467469 0.889658 0.467619 0.887873 0.434473 0.865307 0.411908 0.898453
0 0.471288 0.492124 0.482572 0.530793 0.521241 0.519509 0.509957 0.480840
0 0.154257 0.612134 0.185503 0.637557 0.186944 0.636927 0.212250 0.605824 0.181148 0.580518 0.179680 0.580888
0 0.625351 0.456205 0.625671 0.457306 0.642260 0.484927 0.643392 0.486046 0.645658 0.488270 0.648714 0.491261 0.652093 0.494560 0.655273 0.497661 0.657769 0.500087 0.659198 0.501469 0.659347 0.501600 0.670877 0.500803 0.681831 0.490389 0.702507 0.470587 0.704962 0.468077 0.727627 0.443648 0.725605 0.441256 0.722340 0.437825 0.715693 0.431258 0.707834 0.423685 0.703034 0.419163 0.699655 0.416103 0.698847 0.415483 0.631001 0.442568 0.629874 0.443701 0.628570 0.445785 0.627289 0.448504 0.626226 0.451440 0.625546 0.454145
0 0.740254 0.574333 0.745301 0.647003 0.747393 0.648033 0.750269 0.649200 0.756925 0.651795 0.764374 0.654627 0.774657 0.658449 0.781636 0.660945 0.782852 0.661222 0.795077 0.630453 0.796307 0.627169 0.805890 0.599953 0.810934 0.585555 0.806435 0.574737 0.804864 0.573943 0.801820 0.572647 0.797766 0.571045 0.793324 0.569385 0.789177 0.567921 0.785961 0.566878 0.784164 0.566413 0.751232 0.563309 0.750297 0.563428 0.748674 0.564429 0.746611 0.566159 0.744423 0.568356 0.742446 0.570681 0.740982 0.572781
0 0.521649 0.740025 0.521666 0.740733 0.522372 0.743043 0.523661 0.746606 0.525336 0.750878 0.527140 0.755203 0.528797 0.758918 0.530052 0.761452 0.530715 0.762422 0.550290 0.786666 0.551162 0.787696 0.553122 0.788547 0.555870 0.789090 0.558987 0.789241 0.561995 0.788977 0.564435 0.788338 0.565933 0.787423 0.616231 0.736079 0.614962 0.732117 0.613649 0.728637 0.610795 0.721418 0.607726 0.713902 0.603640 0.704218 0.601036 0.698413 0.582438 0.705291 0.569786 0.710014 0.566542 0.711342 0.526824 0.729512
0 0.330203 0.667974 0.333066 0.675268 0.338503 0.680911 0.345685 0.684045 0.353520 0.684191 0.360814 0.681329 0.366457 0.675892 0.366687 0.675590 0.369816 0.668420 0.369961 0.660599 0.367104 0.653316 0.361676 0.647683 0.354507 0.644554 0.346685 0.644409 0.339403 0.647266 0.339126 0.647520 0.333483 0.652957 0.330349 0.660139
0 0.104490 0.666408 0.106527 0.673978 0.111304 0.680193 0.118097 0.684106 0.125871 0.685123 0.133441 0.683086 0.134071 0.682772 0.140276 0.678002 0.144182 0.671221 0.145197 0.663461 0.143164 0.655903 0.138395 0.649699 0.131613 0.645792 0.123853 0.644778 0.116296 0.646811 0.115635 0.647063 0.109420 0.651841 0.105507 0.658634
0 0.441200 0.836820 0.443569 0.844290 0.448617 0.850283 0.455574 0.853890 0.463381 0.854558 0.470851 0.852189 0.476845 0.847141 0.480451 0.840184 0.481120 0.832377 0.481152 0.831806 0.478787 0.824349 0.473748 0.818366 0.466803 0.814765 0.459009 0.814098 0.451552 0.816463 0.445569 0.821502 0.441968 0.828447 0.441868 0.829013
