0 0.076153 0.922025 0.076195 0.925032 0.076682 0.927454 0.077538 0.928922 0.078632 0.929214 0.154086 0.936353 0.155193 0.935416 0.156203 0.933398 0.156964 0.930609 0.159469 0.915022 0.164255 0.834791 0.163561 0.820026 0.163115 0.817547 0.162318 0.815993 0.161289 0.815604 0.085794 0.809161 0.084633 0.809987 0.083575 0.811909 0.082781 0.814635 0.082374 0.817749
0 0.433979 0.815139 0.434137 0.817631 0.436297 0.832259 0.453383 0.910796 0.457686 0.925879 0.458651 0.928544 0.459636 0.930420 0.460492 0.931222 0.536536 0.912238 0.537193 0.911827 0.537491 0.910283 0.537384 0.907840 0.536888 0.904872 0.514681 0.802797 0.513874 0.799774 0.512885 0.797178 0.511865 0.795403 0.510970 0.794721 0.434778 0.813022 0.434204 0.813520
0 0.142144 0.317958 0.142227 0.318262 0.143094 0.319448 0.144614 0.321337 0.154004 0.332599 0.206380 0.393677 0.216616 0.405302 0.218453 0.407327 0.219795 0.408717 0.220438 0.409260 0.281306 0.357064 0.281101 0.356726 0.280133 0.355515 0.278553 0.353616 0.276598 0.351318 0.208898 0.272370 0.206854 0.270006 0.205018 0.267921 0.203669 0.266430 0.203012 0.265762
0 0.177898 0.842646 0.212685 0.863688 0.216635 0.858689 0.258142 0.790071 0.223833 0.769318 0.219983 0.773072
0 0.447237 0.156111 0.447963 0.160839 0.483697 0.232632 0.519593 0.214765 0.519866 0.210789 0.483634 0.137995
0 0.786562 0.486158 0.816609 0.560301 0.821011 0.561140 0.858598 0.545908 0.828134 0.470734 0.823634 0.471135
0 0.071172 0.683468 0.081642 0.691000 0.082009 0.691257 0.084163 0.691483 0.087778 0.691646 0.092305 0.691718 0.097045 0.691689 0.101272 0.691564 0.104339 0.691362 0.105779 0.691114 0.116072 0.681559 0.116298 0.633560 0.076299 0.633371 0.071400 0.634913
0 0.163582 0.082207 0.188207 0.124055 0.191770 0.128351 0.201269 0.129503 0.202453 0.129526 0.205035 0.128616 0.208618 0.126913 0.212661 0.124676 0.216554 0.122243 0.219709 0.119981 0.221648 0.118231 0.226244 0.108065 0.201901 0.066696 0.198455 0.061687
0 0.548899 0.152127 0.558696 0.190909 0.605234 0.179152 0.612156 0.167414 0.612079 0.166083 0.611563 0.163165 0.610684 0.159105 0.609578 0.154521 0.608415 0.150120 0.607372 0.146577 0.606610 0.144432 0.606244 0.144011 0.596540 0.136213 0.549464 0.148106
0 0.757368 0.800948 0.768656 0.839424 0.769893 0.840987 0.808545 0.829647 0.797205 0.790994 0.795843 0.789660
0 0.861830 0.446798 0.892807 0.472258 0.894615 0.472130 0.920192 0.441010 0.889073 0.415433 0.887290 0.415820
0 0.284735 0.869807 0.324908 0.872760 0.325711 0.871051 0.328650 0.831062 0.288660 0.828123 0.287687 0.829634
0 0.531850 0.738382 0.542658 0.754738 0.580155 0.763217 0.629427 0.734571 0.640833 0.697661 0.631238 0.680599 0.593228 0.672361 0.579327 0.680442 0.543722 0.701143
0 0.699110 0.782577 0.700620 0.790252 0.704954 0.796765 0.705307 0.797276 0.711813 0.801643 0.719495 0.803187 0.727184 0.801675 0.733708 0.797334 0.738075 0.790828 0.739620 0.783145 0.738107 0.775456 0.733766 0.768932 0.733364 0.768470 0.726870 0.764110 0.719200 0.762569 0.711524 0.764079 0.705012 0.768412 0.700652 0.774907
0 0.413642 0.357239 0.413875 0.365072 0.417085 0.372220 0.417228 0.372439 0.422921 0.377805 0.430233 0.380584 0.438053 0.380352 0.445188 0.377146 0.450553 0.371453 0.453333 0.364141 0.453101 0.356322 0.453020 0.356074 0.449809 0.348926 0.444106 0.343552 0.436781 0.340768 0.428948 0.341000 0.421800 0.344211 0.416426 0.349914
0 0.508033 0.610183 0.508047 0.610373 0.509702 0.618032 0.514162 0.624476 0.520748 0.628721 0.528458 0.630124 0.536117 0.628468 0.542561 0.624008 0.546806 0.617422 0.548208 0.609713 0.546553 0.602053 0.546473 0.601878 0.542021 0.595445 0.535446 0.591207 0.527750 0.589807 0.520103 0.591460 0.513671 0.595912 0.509433 0.602487
