0 0.426176 0.442481 0.426521 0.442887 0.427667 0.444115 0.429440 0.445977 0.431569 0.448191 0.504421 0.523600 0.506568 0.525812 0.508390 0.527671 0.509611 0.528893 0.510043 0.529292 0.567927 0.473378 0.567545 0.472929 0.566368 0.471666 0.564574 0.469779 0.562437 0.467556 0.489573 0.392134 0.487433 0.389930 0.485631 0.388095 0.484442 0.386909 0.484046 0.386552
0 0.138035 0.450536 0.138517 0.451547 0.194906 0.502931 0.196155 0.502983 0.198023 0.502109 0.200227 0.500442 0.211503 0.489873 0.264714 0.429635 0.273568 0.417416 0.274858 0.415127 0.275358 0.413321 0.274989 0.412272 0.218138 0.361411 0.216914 0.361239 0.215066 0.362009 0.212874 0.363605 0.210674 0.365785 0.141516 0.444076 0.139657 0.446492 0.138434 0.448761
0 0.163412 0.877997 0.163498 0.879383 0.163795 0.879593 0.243041 0.890886 0.243565 0.889897 0.244168 0.887848 0.244758 0.885051 0.263115 0.784240 0.263602 0.781118 0.263904 0.778189 0.263976 0.775900 0.263806 0.774599 0.263421 0.774482 0.184060 0.762675 0.183580 0.763772 0.183009 0.765902 0.180076 0.779483 0.166205 0.856963 0.163891 0.872691 0.163550 0.875647
0 0.217722 0.121809 0.272649 0.180380 0.273431 0.180251 0.274984 0.179302 0.277072 0.177677 0.279375 0.175622 0.355291 0.103865 0.357444 0.101708 0.359105 0.099792 0.360020 0.098408 0.360051 0.097767 0.305631 0.038717 0.304818 0.038967 0.303238 0.040020 0.301133 0.041716 0.289589 0.051849 0.231178 0.107059 0.220625 0.117813 0.218895 0.119742 0.217874 0.121146
0 0.531242 0.583816 0.531459 0.586413 0.534096 0.601241 0.554317 0.679030 0.559330 0.693629 0.560441 0.696140 0.561562 0.697807 0.562522 0.698374 0.637254 0.677707 0.637966 0.677073 0.638263 0.675350 0.638099 0.672802 0.637498 0.669816 0.611216 0.568714 0.610274 0.565765 0.609141 0.563323 0.607990 0.561758 0.606996 0.561310 0.532088 0.581300 0.531463 0.582020
0 0.849473 0.072841 0.853906 0.082982 0.855704 0.084863 0.858717 0.087290 0.862490 0.089895 0.866452 0.092286 0.870006 0.094101 0.872615 0.095066 0.873878 0.095029 0.883074 0.094544 0.887502 0.089857 0.913846 0.049070 0.879857 0.027116 0.875516 0.032521
0 0.196162 0.652536 0.196335 0.665066 0.234944 0.694510 0.237973 0.692287 0.262229 0.660481 0.224062 0.631373 0.210799 0.633342 0.209859 0.634250 0.207943 0.636486 0.205342 0.639711 0.202454 0.643434 0.199723 0.647080 0.197568 0.650091 0.196318 0.652006
0 0.752006 0.610065 0.784717 0.645193 0.788009 0.646872 0.798068 0.646801 0.799135 0.646368 0.801390 0.644745 0.804490 0.642177 0.807962 0.639056 0.811272 0.635862 0.813911 0.633085 0.815477 0.631151 0.815733 0.630352 0.817621 0.619298 0.784532 0.583763 0.781280 0.582806
0 0.129015 0.420633 0.144466 0.425450 0.148530 0.426302 0.157066 0.420742 0.157791 0.419970 0.158950 0.417568 0.160365 0.413903 0.161824 0.409532 0.163106 0.405113 0.164017 0.401313 0.164420 0.398708 0.164250 0.397698 0.160435 0.388115 0.156510 0.386821 0.141058 0.382004
0 0.129924 0.286163 0.137912 0.325645 0.139572 0.326444 0.178873 0.318492 0.170921 0.279191 0.169406 0.278175
0 0.515427 0.421219 0.543088 0.450296 0.564138 0.430502 0.572207 0.422730 0.558385 0.408043 0.544411 0.393505 0.536251 0.401184
0 0.762680 0.740797 0.785027 0.774090 0.786339 0.775352 0.819785 0.752902 0.797336 0.719456 0.795973 0.718450
0 0.188422 0.246931 0.189213 0.256988 0.192765 0.259765 0.232532 0.286647 0.277333 0.220368 0.274759 0.217136 0.234533 0.189944 0.224470 0.193604 0.223591 0.193961 0.221812 0.195791 0.219404 0.198817 0.216734 0.202577 0.194127 0.236022 0.191612 0.239930 0.189645 0.243377 0.188526 0.245835
0 0.413893 0.830333 0.434819 0.874148 0.507843 0.839272 0.507753 0.835395 0.487067 0.792081 0.476048 0.789513 0.475252 0.789527 0.472924 0.790328 0.469422 0.791794 0.465277 0.793701 0.429099 0.810980 0.424926 0.813045 0.421346 0.814962 0.418900 0.816440 0.417964 0.817253 0.414877 0.826558
0 0.263165 0.502306 0.263312 0.504921 0.263583 0.505832 0.270439 0.514339 0.318944 0.516538 0.321014 0.516349 0.324636 0.436431 0.322609 0.435696 0.274103 0.433497 0.266497 0.441530 0.266147 0.442371 0.265766 0.444927 0.265413 0.448809 0.265141 0.453426 0.263313 0.493754 0.263166 0.498384
0 0.475437 0.222663 0.489260 0.269038 0.507440 0.272561 0.508311 0.272599 0.510810 0.272106 0.514551 0.271159 0.518968 0.269901 0.573434 0.253667 0.577875 0.252284 0.581686 0.250981 0.584287 0.249954 0.585281 0.249360 0.598566 0.236459 0.584744 0.190084 0.557889 0.195750 0.542416 0.200361 0.502787 0.212173
0 0.777822 0.107717 0.782695 0.144132 0.824600 0.182763 0.861317 0.184689 0.881072 0.164208 0.875785 0.127406 0.833682 0.088592 0.796545 0.086284
0 0.500902 0.762926 0.525445 0.804631 0.543940 0.803690 0.544793 0.803625 0.547109 0.802633 0.550538 0.800863 0.554555 0.798586 0.603875 0.769561 0.607851 0.767134 0.611161 0.764938 0.613299 0.763309 0.613943 0.762494 0.623745 0.746782 0.599202 0.705077 0.574024 0.717765 0.525271 0.746456
0 0.867000 0.187326 0.874545 0.215962 0.895676 0.268446 0.898444 0.273355 0.935599 0.258366 0.921370 0.201233 0.904402 0.172238
0 0.139089 0.701051 0.189881 0.764051 0.196181 0.758972 0.199653 0.756012 0.205687 0.699766 0.205601 0.689285 0.205414 0.688322 0.204104 0.686079 0.201875 0.682902 0.199064 0.679271 0.196096 0.675734 0.193418 0.672824 0.191435 0.670983 0.190451 0.670494 0.180582 0.668626 0.176889 0.670576
0 0.125412 0.547539 0.204603 0.564198 0.207979 0.563465 0.209626 0.555636 0.178717 0.508258 0.170757 0.498284 0.170294 0.498097 0.168107 0.497562 0.164535 0.496760 0.160119 0.495814 0.155524 0.494865 0.151446 0.494057 0.148499 0.493512 0.147136 0.493315 0.135407 0.500024
0 0.875010 0.410967 0.880336 0.430259 0.889002 0.448793 0.925403 0.436239 0.971344 0.417723 0.957445 0.380147 0.951376 0.382312 0.898355 0.401928
0 0.141465 0.370448 0.143104 0.377967 0.159609 0.386383 0.231692 0.361963 0.221619 0.317255 0.204699 0.307256 0.202038 0.306480 0.198121 0.306391 0.193547 0.307004 0.189018 0.308225 0.185229 0.309868 0.169413 0.320567
