0 0.546545 0.595480 0.546866 0.599755 0.547871 0.602255 0.548472 0.603719 0.548583 0.603957 0.551087 0.606689 0.554185 0.607935 0.557404 0.607506 0.559287 0.606159 0.560255 0.605466 0.560951 0.604333 0.562304 0.602128 0.563238 0.597998 0.562916 0.593705 0.561387 0.589904 0.561246 0.589698 0.560294 0.588620 0.558647 0.586824 0.555562 0.585582 0.552356 0.586010 0.550480 0.587351 0.549601 0.588193 0.548823 0.589170 0.547476 0.591367
0 0.437497 0.597830 0.452186 0.608095 0.452404 0.607601 0.460068 0.588106 0.445447 0.577888 0.445196 0.578245
0 0.439044 0.398577 0.445239 0.419074 0.445459 0.419397 0.460770 0.411169 0.454598 0.390754 0.454416 0.390316
0 0.542198 0.608814 0.542712 0.622170 0.543070 0.627123 0.543281 0.628811 0.544418 0.629973 0.546221 0.630195 0.548961 0.629877 0.550652 0.629249 0.551454 0.627862 0.551248 0.622563 0.551006 0.616860 0.550544 0.607846 0.549776 0.606432 0.547026 0.602346 0.546663 0.601967 0.546124 0.601748 0.545491 0.601723 0.544861 0.601895 0.544330 0.602238 0.543980 0.602699 0.542567 0.607269
0 0.502593 0.442741 0.514120 0.458497 0.516484 0.455423 0.520029 0.450812 0.520075 0.450700 0.520109 0.450615 0.508536 0.434795 0.502604 0.442511 0.502599 0.442610
0 0.520162 0.600386 0.520255 0.600847 0.527861 0.605251 0.534466 0.584969 0.534309 0.584580 0.526738 0.580197
0 0.569889 0.545059 0.570302 0.548547 0.570348 0.548656 0.570664 0.549091 0.571200 0.549786 0.571876 0.550637 0.572590 0.551514 0.573234 0.552285 0.573710 0.552833 0.573946 0.553075 0.576805 0.553169 0.583636 0.543396 0.577528 0.535806 0.576642 0.535397
0 0.498586 0.421801 0.504190 0.442526 0.507238 0.444476 0.522292 0.454103 0.525333 0.456047 0.533070 0.452436 0.533488 0.451871 0.516582 0.389666 0.508816 0.393209 0.508663 0.393625 0.508511 0.394039 0.504980 0.403915
0 0.556567 0.532358 0.565916 0.543001 0.566410 0.543556 0.566856 0.544045 0.567185 0.544396 0.567349 0.544553 0.570124 0.541902 0.576561 0.531806 0.578077 0.527726 0.578058 0.527652 0.577850 0.527370 0.577485 0.526925 0.573959 0.522841 0.567641 0.515667 0.567286 0.515544
0 0.425397 0.441078 0.425575 0.441550 0.425765 0.442045 0.425966 0.442555 0.426172 0.443069 0.426383 0.443585 0.436163 0.467289 0.450778 0.456948 0.450797 0.456811 0.441259 0.432848 0.441052 0.432332 0.440847 0.431825 0.440643 0.431328 0.440445 0.430852 0.440256 0.430403 0.437337 0.432468 0.425661 0.440730 0.425605 0.440803 0.425459 0.440996
0 0.584688 0.550756 0.590584 0.561501 0.594362 0.560737 0.594640 0.560668 0.595185 0.560309 0.595912 0.559714 0.596711 0.558976 0.606241 0.549679 0.606987 0.548911 0.607562 0.548235 0.607878 0.547754 0.609579 0.542972 0.603683 0.532227 0.598134 0.536561 0.588714 0.545751
0 0.458820 0.430877 0.459291 0.431667 0.462278 0.433541 0.464364 0.432157 0.464492 0.432018 0.464761 0.431444 0.465130 0.430523 0.465543 0.429395 0.469064 0.419414 0.469460 0.418246 0.469780 0.417213 0.469976 0.416470 0.470017 0.416131 0.469304 0.413623 0.468949 0.412624 0.465927 0.410729
0 0.429845 0.558089 0.441497 0.573899 0.441765 0.573561 0.512587 0.480777 0.512645 0.480689 0.500994 0.464878
