0 0.793808 0.471908 0.823279 0.499097 0.824768 0.499093 0.852082 0.469486 0.822475 0.442172 0.820997 0.442437
0 0.050634 0.430475 0.066246 0.467502 0.068229 0.467651 0.105086 0.452111 0.089546 0.415253 0.087661 0.414864
0 0.402527 0.805013 0.424084 0.839255 0.437781 0.830632 0.441087 0.817368 0.440676 0.816174 0.439351 0.813612 0.437317 0.810076 0.434881 0.806100 0.432411 0.802283 0.430280 0.799204 0.428810 0.797326 0.428227 0.796942 0.417181 0.793003 0.403641 0.801528
0 0.272194 0.469652 0.284777 0.507918 0.285764 0.507881 0.323854 0.495355 0.311328 0.457265 0.310460 0.457068
0 0.211779 0.842338 0.227620 0.879374 0.264657 0.863533 0.265735 0.861867 0.249966 0.825000 0.213100 0.840769
0 0.557677 0.043680 0.559236 0.051345 0.563608 0.057832 0.570131 0.062150 0.577810 0.063645 0.585475 0.062086 0.591962 0.057713 0.596280 0.051191 0.596446 0.050418 0.597943 0.042726 0.596381 0.035047 0.592001 0.028550 0.585467 0.024224 0.577775 0.022727 0.570096 0.024288 0.563599 0.028668 0.559273 0.035202 0.557776 0.042894
0 0.255917 0.130270 0.257921 0.137850 0.258337 0.138473 0.263081 0.144697 0.269845 0.148633 0.277601 0.149680 0.285167 0.147680 0.291391 0.142936 0.295327 0.136172 0.296374 0.128416 0.294374 0.120849 0.294020 0.120196 0.289268 0.113961 0.282492 0.110019 0.274723 0.108970 0.267144 0.110973 0.260909 0.115725 0.256966 0.122501
0 0.019491 0.201519 0.019792 0.209353 0.023069 0.216475 0.028822 0.221801 0.029632 0.222279 0.036973 0.224993 0.044793 0.224692 0.051902 0.221421 0.057219 0.215678 0.059933 0.208338 0.059632 0.200518 0.056361 0.193408 0.050618 0.188091 0.049844 0.187554 0.042491 0.184836 0.034658 0.185137 0.027536 0.188414 0.022210 0.194166
0 0.921317 0.396198 0.922240 0.403966 0.926064 0.410790 0.932209 0.415631 0.939739 0.417752 0.947507 0.416829 0.948277 0.416686 0.955113 0.412855 0.959962 0.406699 0.962087 0.399157 0.961163 0.391375 0.957332 0.384539 0.951176 0.379691 0.943633 0.377566 0.935852 0.378490 0.935103 0.378699 0.928279 0.382523 0.923438 0.388668
0 0.911143 0.484359 0.912991 0.490096 0.919915 0.498449 0.920668 0.498446 0.923657 0.497706 0.928437 0.496337 0.934278 0.494549 0.940281 0.492615 0.945521 0.490835 0.949192 0.489482 0.950739 0.488762 0.951513 0.477965 0.949661 0.472216 0.939321 0.466507 0.938732 0.466551 0.936477 0.467144 0.932904 0.468192 0.928555 0.469538 0.924089 0.470976 0.920177 0.472292 0.917411 0.473284 0.916214 0.473804
0 0.000660 0.696544 0.038123 0.767437 0.038258 0.767387 0.039453 0.766772 0.041529 0.765687 0.054315 0.758961 0.125452 0.721368 0.139323 0.714007 0.141806 0.712683 0.143611 0.711712 0.144463 0.711242 0.106999 0.640349 0.106114 0.640757 0.104282 0.641675 0.101780 0.642964 0.098991 0.644426 0.006619 0.693240 0.003986 0.694643 0.001929 0.695764 0.000762 0.696431
0 0.063423 0.468945 0.078388 0.547719 0.079356 0.547563 0.081373 0.547204 0.084131 0.546696 0.087211 0.546117 0.189384 0.526706 0.192338 0.526139 0.194737 0.525668 0.196216 0.525363 0.196550 0.525271 0.181584 0.446497 0.180705 0.446564 0.178756 0.446849 0.176036 0.447309 0.160725 0.450067 0.081679 0.465084 0.067370 0.467953 0.065025 0.468455 0.063640 0.468804
0 0.833367 0.589775 0.834305 0.591154 0.836180 0.592798 0.848253 0.601270 0.917795 0.641551 0.932030 0.648316 0.934721 0.649317 0.936879 0.649731 0.938176 0.649495 0.974511 0.581481 0.974776 0.580576 0.973944 0.579195 0.972139 0.577547 0.969636 0.575886 0.879254 0.523532 0.876451 0.522120 0.873794 0.521183 0.871689 0.520862 0.870455 0.521206 0.833514 0.588872
0 0.412970 0.213628 0.413499 0.214823 0.414776 0.217469 0.416605 0.221161 0.418709 0.225339 0.436845 0.261094 0.438911 0.265137 0.440633 0.268445 0.441748 0.270517 0.442087 0.271033 0.453617 0.275631 0.496425 0.253918 0.496384 0.251073 0.459777 0.178902 0.416474 0.200866
0 0.691102 0.150616 0.731070 0.153838 0.734291 0.149013 0.740825 0.067963 0.700300 0.064696 0.697546 0.070681
0 0.227642 0.714140 0.242265 0.760441 0.319433 0.736069 0.321497 0.733371 0.307041 0.687600 0.295685 0.682949 0.295079 0.682984 0.292819 0.683566 0.289252 0.684605 0.284918 0.685943 0.246687 0.698017 0.242231 0.699455 0.238314 0.700780 0.235530 0.701792 0.234305 0.702335
0 0.055404 0.744175 0.087034 0.778800 0.121409 0.776629 0.147206 0.748137 0.141986 0.742480 0.098944 0.714688 0.079501 0.714615 0.076894 0.715322 0.073489 0.717249 0.069806 0.720102 0.066411 0.723445 0.063826 0.726764 0.062446 0.729549
0 0.501593 0.223068 0.537925 0.266428 0.545407 0.274308 0.546261 0.274686 0.548809 0.275167 0.552660 0.275677 0.557232 0.276140 0.561833 0.276486 0.565770 0.276662 0.568446 0.276642 0.569451 0.276428 0.577770 0.269942 0.578669 0.267282 0.582935 0.218915 0.502323 0.211806 0.501612 0.219867
0 0.031442 0.921629 0.040084 0.960751 0.088424 0.956013 0.126017 0.944157 0.123341 0.922955 0.117318 0.904776 0.092950 0.907557 0.037748 0.919725
0 0.641414 0.844784 0.674765 0.907654 0.682497 0.910044 0.706395 0.832728 0.704036 0.828926 0.658177 0.814751 0.648542 0.821722 0.648075 0.822175 0.647139 0.824309 0.645877 0.827796 0.644480 0.832108 0.643158 0.836593 0.642111 0.840576 0.641498 0.843453
0 0.743237 0.625026 0.789807 0.690074 0.790470 0.690509 0.823069 0.667171 0.803204 0.636132 0.779595 0.603156 0.775761 0.601741
0 0.233480 0.061730 0.236526 0.066739 0.272125 0.098937 0.298957 0.069271 0.296633 0.064291 0.260622 0.031721 0.249314 0.034712 0.247273 0.036136 0.244449 0.038701 0.241273 0.042017 0.238233 0.045574 0.235796 0.048825 0.234335 0.051274 0.234069 0.052547
0 0.605086 0.046185 0.629419 0.087560 0.642037 0.088557 0.644128 0.087693 0.647385 0.086021 0.651314 0.083796 0.655322 0.081353 0.658804 0.079061 0.661234 0.077266 0.662239 0.076243 0.665793 0.062279 0.641178 0.020426 0.606300 0.040939
0 0.753620 0.177559 0.753676 0.178815 0.754503 0.181535 0.755973 0.185305 0.757863 0.189553 0.759888 0.193639 0.761743 0.196946 0.763147 0.198972 0.763884 0.199406 0.773472 0.204750 0.816916 0.184339 0.820579 0.180690 0.803373 0.144068 0.759427 0.164715 0.756462 0.168547
0 0.729216 0.841212 0.731866 0.845157 0.778829 0.857485 0.788152 0.849392 0.789141 0.847247 0.790355 0.843708 0.791608 0.839316 0.792708 0.834745 0.793485 0.830698 0.793822 0.827793 0.793667 0.826472 0.789103 0.818349 0.785799 0.814711 0.739372 0.802523
0 0.427919 0.781961 0.432255 0.794399 0.476951 0.813370 0.492760 0.776124 0.492843 0.772968 0.448658 0.754214 0.437350 0.759741 0.437074 0.760243 0.436125 0.762356 0.434647 0.765753 0.432866 0.769920 0.431049 0.774229 0.429472 0.778029 0.428372 0.780745
