0 0.450312 0.373787 0.450540 0.374366 0.489463 0.383999 0.499096 0.345076 0.499092 0.344363 0.459990 0.334685
0 0.880062 0.703535 0.889832 0.742424 0.891627 0.743540 0.930695 0.733725 0.920879 0.694657 0.918951 0.693765
0 0.360324 0.607585 0.400602 0.608147 0.401058 0.607651 0.401617 0.567558 0.361524 0.566999 0.360886 0.567307
0 0.227561 0.095527 0.228810 0.097381 0.262599 0.118970 0.284188 0.085181 0.283195 0.083272 0.249250 0.061583
0 0.806196 0.502723 0.835279 0.530185 0.843122 0.530892 0.876847 0.495176 0.874676 0.483328 0.874500 0.482667 0.872996 0.480825 0.870390 0.478082 0.867079 0.474857 0.863573 0.471646 0.860411 0.468941 0.858075 0.467157 0.856922 0.466563 0.847084 0.467071 0.839151 0.467824
0 0.488494 0.760501 0.535222 0.773696 0.545433 0.766703 0.545743 0.766170 0.546507 0.763944 0.547609 0.760362 0.548881 0.755970 0.559851 0.717120 0.561095 0.712604 0.562116 0.708668 0.562758 0.705913 0.562925 0.704757 0.556559 0.693578 0.510365 0.680534 0.488626 0.757524
0 0.087904 0.062710 0.088040 0.064798 0.088630 0.068337 0.089587 0.072788 0.090762 0.077467 0.091975 0.081653 0.093040 0.084709 0.093795 0.086168 0.098464 0.090924 0.110854 0.099120 0.157597 0.088206 0.148503 0.049254 0.140280 0.038710 0.092444 0.049879
0 0.199294 0.716720 0.203651 0.750290 0.204714 0.752052 0.206655 0.753985 0.209177 0.755795 0.211894 0.757202 0.214390 0.757993 0.216283 0.758047 0.285635 0.741941 0.287327 0.737987 0.288312 0.734371 0.290021 0.726777 0.291549 0.718800 0.293187 0.708427 0.293775 0.702097 0.274359 0.697832 0.261002 0.694954 0.257561 0.694319 0.214396 0.688158 0.213182 0.688750 0.204190 0.694190 0.203574 0.694769 0.202698 0.697071 0.201695 0.700748 0.200719 0.705240 0.199919 0.709857 0.199419 0.713890
0 0.776431 0.416595 0.777160 0.417709 0.778986 0.420018 0.781630 0.423173 0.784693 0.426694 0.787712 0.430052 0.790231 0.432739 0.791869 0.434347 0.818043 0.452415 0.819349 0.452857 0.821600 0.452826 0.824452 0.452326 0.827471 0.451434 0.830193 0.450285 0.832202 0.449057 0.833192 0.447936 0.864976 0.381959 0.864801 0.381232 0.862497 0.377850 0.858633 0.372920 0.851732 0.364727 0.845356 0.357680 0.841531 0.354071 0.838265 0.351643 0.812257 0.372837 0.809607 0.375149 0.777780 0.405258
0 0.237268 0.299637 0.265661 0.333227 0.268043 0.335825 0.277231 0.345653 0.291037 0.359917 0.291709 0.359355 0.295729 0.355753 0.300201 0.351707 0.307338 0.345195 0.314884 0.338277 0.319002 0.334481 0.321322 0.332315 0.321355 0.332256 0.296472 0.264759 0.295723 0.263204 0.293949 0.261511 0.291419 0.259938 0.288518 0.258725 0.285693 0.258060 0.283374 0.258043 0.281915 0.258676 0.255159 0.271513 0.254524 0.271958 0.252622 0.273579 0.249738 0.276132 0.246314 0.279227 0.242876 0.282388 0.239952 0.285129 0.237989 0.287032 0.237284 0.287808
0 0.863202 0.415882 0.864209 0.426577 0.865406 0.434534 0.866946 0.441855 0.867948 0.445170 0.870013 0.448181 0.937885 0.468704 0.939905 0.468511 0.942524 0.467678 0.945343 0.466330 0.947929 0.464673 0.949887 0.462962 0.950919 0.461458 0.957549 0.426861 0.957729 0.423718 0.957521 0.419481 0.956956 0.414801 0.956121 0.410396 0.955145 0.406943 0.954177 0.404969 0.944980 0.398291 0.929360 0.399724 0.899958 0.402546 0.896497 0.403008 0.864403 0.408258 0.863236 0.408945
0 0.643713 0.122589 0.648697 0.162375 0.688484 0.157392 0.723286 0.112622 0.726403 0.107222 0.721350 0.066881 0.681009 0.071933 0.655630 0.104581 0.645722 0.117327
0 0.180620 0.608318 0.225547 0.626297 0.239603 0.614239 0.240288 0.613235 0.241551 0.610679 0.243197 0.606964 0.244979 0.602653 0.266095 0.549888 0.267749 0.545617 0.269030 0.542016 0.269744 0.539631 0.269782 0.538829 0.267926 0.520404 0.222999 0.502424 0.210042 0.529135 0.188678 0.582516
0 0.595018 0.348421 0.632707 0.362107 0.684082 0.338103 0.686653 0.335848 0.700530 0.297634 0.662315 0.283757 0.647688 0.290591 0.610224 0.308095 0.608704 0.310732
0 0.449034 0.436085 0.449617 0.436815 0.493301 0.456707 0.504377 0.452678 0.504752 0.451906 0.505828 0.449584 0.507441 0.446070 0.509346 0.441895 0.511257 0.437689 0.512884 0.434088 0.513981 0.431637 0.514380 0.430710 0.509992 0.419382 0.465802 0.399260
0 0.723771 0.133340 0.724021 0.134561 0.725320 0.137069 0.727470 0.140480 0.730143 0.144278 0.732936 0.147890 0.735429 0.150770 0.737243 0.152483 0.748330 0.156139 0.786956 0.127642 0.790273 0.123337 0.766251 0.090777 0.727179 0.119604 0.724583 0.123951
0 0.466247 0.256537 0.466632 0.259319 0.471878 0.268341 0.472798 0.268894 0.475342 0.269857 0.479118 0.271083 0.483555 0.272386 0.487983 0.273570 0.491735 0.274457 0.494242 0.274911 0.495118 0.274862 0.505145 0.270126 0.518113 0.223911 0.518322 0.220719 0.479364 0.209787
0 0.555518 0.161690 0.592720 0.192021 0.604963 0.189417 0.605404 0.189116 0.606936 0.187440 0.609323 0.184648 0.612203 0.181163 0.615141 0.177511 0.617695 0.174244 0.619478 0.171855 0.620216 0.170710 0.619361 0.157101 0.581729 0.126418 0.556160 0.157779
0 0.928638 0.791400 0.936352 0.838777 0.941396 0.842693 0.948175 0.847869 0.949675 0.848180 0.952768 0.848149 0.956984 0.847779 0.961679 0.847126 0.966131 0.846290 0.969655 0.845400 0.971715 0.844592 0.981333 0.836191 0.973530 0.788267 0.968119 0.784973
0 0.198146 0.351756 0.201596 0.353450 0.281310 0.360208 0.281985 0.352236 0.245507 0.309000 0.236750 0.298705 0.235485 0.298361 0.232575 0.297913 0.228461 0.297430 0.223771 0.296985 0.219227 0.296647 0.215527 0.296468 0.213235 0.296475 0.212698 0.296666 0.202247 0.303374
0 0.461475 0.113554 0.492910 0.138395 0.496447 0.134515 0.531522 0.090098 0.549370 0.064482 0.517726 0.039476 0.496363 0.062208
0 0.434906 0.164795 0.437217 0.245686 0.437935 0.248593 0.445932 0.248364 0.484773 0.207238 0.493001 0.197269 0.492966 0.195950 0.492883 0.192987 0.492765 0.188831 0.492631 0.184116 0.492501 0.179567 0.492394 0.175884 0.492328 0.173628 0.492312 0.173141 0.483442 0.163408
0 0.659065 0.502325 0.659079 0.506224 0.659193 0.510823 0.659391 0.515427 0.659643 0.519342 0.659910 0.521975 0.660152 0.522922 0.668004 0.530498 0.669946 0.530851 0.718473 0.529202 0.715725 0.448324 0.707638 0.448599 0.705265 0.449186 0.666646 0.490521 0.659333 0.498798 0.659154 0.499716
0 0.130664 0.656801 0.182633 0.718833 0.186260 0.716332 0.192392 0.711195 0.197367 0.654845 0.197014 0.644078 0.196824 0.643185 0.195486 0.641024 0.193207 0.637927 0.190331 0.634363 0.187293 0.630869 0.184552 0.627973 0.182521 0.626112 0.181512 0.625575 0.171679 0.624184 0.167884 0.625619
