0 0.604551 0.741808 0.605760 0.744604 0.638430 0.753876 0.640516 0.740808 0.638473 0.736527 0.638106 0.736162 0.637425 0.735749 0.636535 0.735350 0.635570 0.735025 0.619384 0.730431 0.611291 0.728134 0.610391 0.727930 0.609685 0.727876 0.609280 0.727981 0.606613 0.728889 0.605238 0.737501
0 0.499152 0.410268 0.499175 0.412729 0.501337 0.434554 0.514432 0.432248 0.517705 0.431671 0.518205 0.429744 0.515982 0.407304 0.502518 0.409675
0 0.588795 0.637633 0.588827 0.638059 0.588993 0.638694 0.589268 0.639443 0.589610 0.640191 0.589967 0.640823 0.590283 0.641243 0.590511 0.641386 0.605585 0.645491 0.605815 0.645478 0.606502 0.644749 0.607377 0.643460 0.608709 0.641102 0.609742 0.638878 0.610129 0.637488 0.610213 0.636243 0.604538 0.630708 0.603937 0.630161 0.596242 0.623752 0.593966 0.624232 0.593702 0.624431 0.593272 0.625020 0.592741 0.625909 0.592191 0.626963 0.591704 0.628024 0.591353 0.628930
0 0.496350 0.290679 0.496367 0.291636 0.512420 0.296778 0.516277 0.275374 0.516352 0.274342 0.500225 0.269176
0 0.571471 0.777014 0.571799 0.778286 0.588262 0.780974 0.589270 0.769998 0.588862 0.768764 0.572474 0.766089
0 0.313822 0.576922 0.314919 0.580982 0.316357 0.583089 0.317097 0.584172 0.318091 0.584796 0.320025 0.586009 0.323257 0.586211 0.326302 0.584749 0.326997 0.584410 0.328571 0.582500 0.329087 0.581657 0.329846 0.580197 0.330752 0.577629 0.330904 0.573337 0.329811 0.569294 0.328379 0.567195 0.326651 0.565495 0.324726 0.564287 0.321506 0.564085 0.320789 0.564343 0.317745 0.565805 0.316164 0.567722 0.315352 0.568709 0.314884 0.570034 0.313974 0.572613
0 0.485474 0.611654 0.485602 0.612940 0.486089 0.614063 0.486862 0.614852 0.490341 0.617754 0.494323 0.619741 0.495263 0.620076 0.496228 0.619905 0.497070 0.619255 0.497661 0.618224 0.500055 0.613340 0.501329 0.608277 0.501580 0.607023 0.501576 0.606762 0.501448 0.605479 0.500961 0.604359 0.500190 0.603572 0.496751 0.600159 0.492748 0.598694 0.491810 0.598360 0.490848 0.598531 0.490008 0.599180 0.489418 0.600208 0.487060 0.604563 0.485759 0.610131 0.485509 0.611381
0 0.688468 0.222893 0.703137 0.233025 0.703953 0.231952 0.711583 0.212316 0.696856 0.202143 0.696068 0.203335
0 0.406841 0.718031 0.407659 0.731379 0.441028 0.727740 0.441703 0.725134 0.441434 0.720736 0.441029 0.714138 0.440894 0.711939 0.438643 0.710731 0.438173 0.710555 0.437415 0.710485 0.436482 0.710534 0.419951 0.712336 0.411686 0.713238 0.410714 0.713397 0.409842 0.713644 0.409202 0.713942 0.408892 0.714245 0.407908 0.715536
0 0.613258 0.536404 0.614831 0.547209 0.615358 0.547426 0.631641 0.543213 0.630061 0.532358 0.629466 0.532210
0 0.500654 0.516766 0.501007 0.517452 0.501037 0.517447 0.501159 0.517255 0.500805 0.516570 0.500776 0.516574
0 0.534929 0.800099 0.536088 0.804822 0.545271 0.810172 0.548614 0.799969 0.548059 0.796541 0.538981 0.791252 0.536799 0.793857 0.536542 0.794187 0.536193 0.794952 0.535803 0.796035 0.535432 0.797274 0.535136 0.798480 0.534959 0.799473
0 0.623791 0.546941 0.627242 0.590835 0.627828 0.591253 0.636096 0.590098 0.632629 0.546001 0.632021 0.545791
0 0.380753 0.723155 0.382446 0.726035 0.383080 0.726722 0.383902 0.727391 0.384786 0.727939 0.385596 0.728282 0.386208 0.728367 0.388202 0.728470 0.390757 0.723247 0.395431 0.711602 0.388153 0.706408 0.385536 0.711237
0 0.329314 0.327707 0.331225 0.349662 0.331900 0.350263 0.338461 0.349248 0.340101 0.348994 0.338197 0.327127 0.337547 0.326433
0 0.671584 0.382817 0.671780 0.383110 0.672177 0.383477 0.672717 0.383862 0.692069 0.396240 0.692672 0.396586 0.693251 0.396844 0.693718 0.396974 0.694001 0.396956 0.701159 0.377063 0.701221 0.376882 0.701047 0.376583 0.700662 0.376212 0.700125 0.375824 0.680684 0.363389 0.680081 0.363047 0.679506 0.362805 0.679049 0.362700 0.678778 0.362748 0.671621 0.382641
0 0.274047 0.544444 0.274077 0.544725 0.274962 0.547733 0.276125 0.548437 0.278440 0.548605 0.278718 0.548374 0.279188 0.547566 0.279776 0.546302 0.280392 0.544777 0.280943 0.543226 0.281342 0.541887 0.281530 0.540965 0.281478 0.540598 0.279930 0.538420 0.278772 0.537711 0.276367 0.538707 0.276161 0.538892 0.275813 0.539505 0.275375 0.540452 0.274915 0.541590 0.274501 0.542747 0.274196 0.543750
