0 0.244804 0.032999 0.247720 0.038337 0.294638 0.048472 0.303965 0.039528 0.304735 0.037490 0.305705 0.034020 0.306728 0.029643 0.307649 0.025019 0.308331 0.020848 0.308668 0.017758 0.308610 0.016224 0.300808 0.003702 0.281286 0.000008 0.275317 0.000000 0.253348 0.000000 0.252212 0.002510
0 0.651704 0.767744 0.653458 0.770840 0.674254 0.805549 0.715905 0.780594 0.717862 0.767685 0.717677 0.767250 0.716573 0.765300 0.714717 0.762130 0.712391 0.758223 0.709954 0.754180 0.707780 0.750623 0.706200 0.748095 0.705456 0.746980 0.692879 0.743074
0 0.370067 0.470327 0.381160 0.484308 0.410094 0.516786 0.424332 0.509108 0.428084 0.506398 0.431308 0.503039 0.440580 0.490263 0.428957 0.476311 0.400439 0.443904
0 0.459148 0.351991 0.461837 0.362575 0.462273 0.364145 0.502803 0.389861 0.524233 0.356086 0.524513 0.354422 0.483515 0.328409 0.472080 0.331609 0.471551 0.332163 0.470113 0.334190 0.467987 0.337382 0.465495 0.341252 0.463022 0.345207 0.460947 0.348637 0.459587 0.351018
0 0.420127 0.335185 0.421173 0.342951 0.421309 0.343221 0.425241 0.349984 0.431461 0.354728 0.439023 0.356729 0.446776 0.355685 0.453539 0.351753 0.458283 0.345533 0.460284 0.337970 0.459240 0.330217 0.459170 0.329925 0.455231 0.323151 0.449000 0.318399 0.441425 0.316394 0.433658 0.317440 0.426884 0.321379 0.422132 0.327610
0 0.372696 0.727469 0.373147 0.735296 0.376559 0.742353 0.382412 0.747569 0.389815 0.750147 0.397642 0.749697 0.404700 0.746284 0.409916 0.740432 0.410070 0.740019 0.412644 0.732628 0.412194 0.724815 0.408788 0.717769 0.402946 0.712562 0.395555 0.709989 0.387741 0.710438 0.380696 0.713845 0.375489 0.719687 0.375275 0.720065
0 0.022547 0.260690 0.025531 0.267936 0.031060 0.273489 0.031866 0.273878 0.039087 0.276887 0.046909 0.276904 0.054143 0.273925 0.059687 0.268406 0.062695 0.261185 0.062712 0.253362 0.059733 0.246129 0.054214 0.240585 0.053447 0.240138 0.046213 0.237125 0.038377 0.237108 0.031131 0.240091 0.025578 0.245620 0.022565 0.252854
0 0.760032 0.896248 0.761487 0.903934 0.761938 0.904629 0.766232 0.911184 0.772708 0.915597 0.780380 0.917195 0.788079 0.915736 0.794633 0.911441 0.799046 0.904966 0.800644 0.897294 0.799185 0.889595 0.794891 0.883041 0.794384 0.882382 0.787919 0.877977 0.780261 0.876382 0.772575 0.877838 0.766032 0.882125 0.761627 0.888590
0 0.259976 0.092138 0.261260 0.099872 0.261671 0.100560 0.265809 0.107202 0.272175 0.111755 0.279798 0.113525 0.287518 0.112243 0.294160 0.108105 0.298713 0.101739 0.300483 0.094115 0.299201 0.086395 0.298855 0.085683 0.294710 0.079029 0.288333 0.074469 0.280697 0.072695 0.272963 0.073980 0.266310 0.078125 0.261749 0.084502
0 0.271741 0.586470 0.279970 0.599350 0.295588 0.623667 0.297557 0.626568 0.316738 0.653511 0.317718 0.653133 0.323812 0.649203 0.332866 0.643133 0.339456 0.638613 0.345378 0.634449 0.347961 0.632561 0.349934 0.630835 0.337576 0.559279 0.336544 0.557889 0.334657 0.556155 0.332201 0.554342 0.329554 0.552728 0.327120 0.551559 0.325271 0.551015 0.324288 0.551177 0.293206 0.561663 0.291638 0.562448 0.288811 0.564145 0.285157 0.566499 0.281234 0.569149 0.277646 0.571686 0.274944 0.573722 0.273538 0.574947
0 0.106909 0.086166 0.107782 0.086718 0.125835 0.094586 0.137838 0.099773 0.141112 0.101069 0.182527 0.115560 0.193116 0.111376 0.193905 0.110449 0.195224 0.107950 0.196873 0.104260 0.198602 0.099940 0.200152 0.095639 0.201287 0.092008 0.201835 0.089597 0.206098 0.058480 0.205802 0.056967 0.204668 0.054859 0.202868 0.052479 0.200676 0.050189 0.198429 0.048342 0.196470 0.047219 0.195099 0.046991 0.121487 0.048402 0.120764 0.048621 0.118599 0.051841 0.115845 0.057276 0.111650 0.067015 0.108396 0.076039 0.107175 0.081484
0 0.260735 0.393193 0.260974 0.394970 0.289603 0.460764 0.293575 0.461284 0.297235 0.461454 0.304937 0.461618 0.313041 0.461644 0.323595 0.461489 0.330055 0.461171 0.330760 0.441338 0.331234 0.427791 0.331234 0.424288 0.329468 0.380669 0.328862 0.379962 0.321751 0.371840 0.321159 0.371510 0.318818 0.371218 0.315078 0.371008 0.310512 0.370914 0.305819 0.370948 0.301722 0.371107 0.298848 0.371366 0.297633 0.371684 0.266341 0.381183 0.264845 0.382634 0.263322 0.384946 0.262006 0.387766 0.261097 0.390664
0 0.492560 0.132874 0.493415 0.134554 0.495014 0.137544 0.497114 0.141391 0.499397 0.145513 0.501520 0.149286 0.503160 0.152143 0.504070 0.153648 0.526568 0.177638 0.527506 0.178059 0.529512 0.178268 0.532280 0.178233 0.535388 0.177959 0.538359 0.177488 0.540738 0.176892 0.542164 0.176262 0.585966 0.117113 0.585509 0.115853 0.583346 0.111340 0.580178 0.105211 0.574898 0.095452 0.570344 0.087454 0.567996 0.083857 0.566397 0.082058 0.536931 0.097796 0.533864 0.099510 0.509243 0.113909 0.496266 0.121524 0.492583 0.132766
0 0.661134 0.305487 0.675799 0.346603 0.677109 0.349852 0.682566 0.362261 0.690611 0.380401 0.696631 0.378325 0.706441 0.374546 0.713961 0.371490 0.721100 0.368439 0.724484 0.366892 0.728134 0.364858 0.729947 0.293212 0.729541 0.291459 0.728286 0.289237 0.726372 0.286884 0.724093 0.284760 0.721797 0.283193 0.719835 0.282419 0.687396 0.285231 0.686210 0.285363 0.683496 0.286175 0.679665 0.287545 0.675303 0.289263 0.671083 0.291064 0.667650 0.292673 0.665530 0.293842 0.665040 0.294397
0 0.044640 0.548517 0.052013 0.581649 0.078522 0.633307 0.116186 0.619645 0.114864 0.614107 0.095540 0.560935 0.082554 0.534765 0.064917 0.541110
0 0.676914 0.713544 0.700888 0.745564 0.701348 0.746126 0.736146 0.724670 0.768610 0.700363 0.744303 0.667898 0.740952 0.665596
0 0.374309 0.422707 0.395494 0.456712 0.400488 0.453775 0.448497 0.423857 0.472154 0.408233 0.461973 0.391261 0.450828 0.374001 0.420861 0.391132
0 0.198391 0.619948 0.231319 0.655633 0.234321 0.653917 0.263725 0.626788 0.271267 0.619536 0.290806 0.600748 0.257879 0.565064 0.244659 0.564575 0.243641 0.565285 0.241407 0.567152 0.238294 0.569894 0.234779 0.573091 0.231403 0.576252 0.228683 0.578891 0.202094 0.605396 0.200495 0.607061 0.200207 0.607550
0 0.278796 0.516566 0.290279 0.531095 0.290842 0.531513 0.293007 0.532623 0.296445 0.534256 0.300631 0.536163 0.352863 0.559547 0.357141 0.561429 0.360839 0.562990 0.363393 0.563993 0.364414 0.564284 0.382899 0.563171 0.402672 0.519004 0.377643 0.507293 0.340510 0.490669 0.326012 0.484179 0.298569 0.472399
0 0.186931 0.124416 0.209045 0.155630 0.228436 0.162275 0.258266 0.136894 0.266102 0.080522 0.244067 0.049831 0.224881 0.041704 0.194829 0.067606
0 0.116757 0.586810 0.152896 0.618991 0.170214 0.612430 0.171261 0.611595 0.173368 0.609516 0.176214 0.606512 0.179367 0.603039 0.217163 0.560595 0.220158 0.557165 0.222553 0.554284 0.223984 0.552388 0.224231 0.551770 0.228749 0.533811 0.192610 0.501629 0.170966 0.523113 0.132728 0.566053
0 0.405786 0.957739 0.421911 1.000000 0.459619 1.000000 0.505441 0.984612 0.509818 0.982936 0.513520 0.981262 0.515981 0.979847 0.529451 0.965355 0.513325 0.919730 0.486550 0.925764 0.448191 0.939321 0.433215 0.944614
0 0.549731 0.811704 0.550306 0.815307 0.558371 0.829340 0.569271 0.830850 0.570160 0.830829 0.572513 0.829893 0.575972 0.828183 0.580011 0.825960 0.584007 0.823565 0.587347 0.821367 0.589521 0.819702 0.590199 0.818822 0.593452 0.809178 0.592384 0.805644 0.584412 0.791772
0 0.471402 0.289140 0.471533 0.290107 0.511480 0.293583 0.514956 0.253637 0.515025 0.252503 0.474895 0.249010
0 0.767954 0.381505 0.806334 0.393115 0.807745 0.392623 0.819408 0.354066 0.780851 0.342403 0.779564 0.343125
0 0.356437 0.561270 0.363828 0.600768 0.403326 0.593376 0.403768 0.592949 0.396411 0.553632 0.357093 0.560989
