0 0.450626 0.497903 0.450846 0.499318 0.451021 0.499877 0.451845 0.501493 0.453070 0.502567 0.454510 0.502933 0.454953 0.502905 0.455030 0.502900 0.456449 0.502508 0.457648 0.501422 0.458444 0.499807 0.458716 0.497909 0.458422 0.496017 0.457608 0.494419 0.456396 0.493358 0.454973 0.492995 0.454896 0.492983 0.454452 0.492914 0.453017 0.493310 0.451804 0.494409 0.450999 0.496042 0.450829 0.496484
0 0.511736 0.655425 0.514129 0.658669 0.516248 0.660399 0.520486 0.663858 0.522605 0.665587 0.525864 0.666955 0.525946 0.666972 0.526149 0.666699 0.526440 0.666180 0.528970 0.660991 0.533316 0.651571 0.533194 0.650809 0.519078 0.639288 0.512588 0.653163 0.512259 0.653909 0.511981 0.654600 0.511798 0.655133
0 0.535647 0.514491 0.536167 0.514842 0.543084 0.519354 0.544408 0.520208 0.544753 0.520077 0.545108 0.519447 0.551639 0.501650 0.551797 0.500879 0.551671 0.500413 0.549571 0.498839 0.542912 0.494690
0 0.404254 0.494742 0.417873 0.507337 0.418014 0.507325 0.418201 0.507308 0.420083 0.503691 0.422906 0.498265 0.409341 0.485720 0.408977 0.485663
0 0.561042 0.456871 0.561068 0.457137 0.561304 0.457777 0.561714 0.458694 0.562235 0.459749 0.562788 0.460784 0.563290 0.461641 0.563666 0.462191 0.563857 0.462350 0.565872 0.463059 0.566634 0.462631 0.582743 0.448186 0.584137 0.446913 0.579362 0.437623 0.577546 0.439049 0.561206 0.453981
0 0.505242 0.527988 0.505355 0.529048 0.506305 0.537782 0.506393 0.538309 0.507344 0.539255 0.510665 0.538613 0.512325 0.538292 0.520628 0.536686 0.522288 0.536364 0.522998 0.535097 0.522034 0.526241 0.521888 0.525105 0.521838 0.525046 0.521637 0.524817
0 0.451560 0.572273 0.466758 0.581121 0.466891 0.580796 0.473500 0.560613 0.458363 0.551801 0.458196 0.552009
0 0.419640 0.600465 0.419655 0.602244 0.420179 0.603879 0.421133 0.605122 0.422371 0.605784 0.423705 0.605764 0.424932 0.605065 0.425864 0.603793 0.425952 0.603670 0.426448 0.602021 0.427263 0.598235 0.427256 0.597376 0.427002 0.596587 0.426542 0.595986 0.425944 0.595667 0.425300 0.595677 0.422387 0.596729 0.421162 0.597427 0.421069 0.597542 0.420136 0.598814
0 0.405827 0.434987 0.406144 0.437102 0.407043 0.438895 0.408389 0.440091 0.408546 0.440194 0.410130 0.440613 0.411714 0.440192 0.413056 0.438994 0.413952 0.437203 0.414267 0.435091 0.413950 0.432980 0.413052 0.431190 0.411709 0.429995 0.411557 0.429875 0.409970 0.429455 0.408384 0.429877 0.407039 0.431077 0.406141 0.432871
0 0.549524 0.403852 0.549817 0.405969 0.550696 0.407774 0.552026 0.408994 0.553605 0.409442 0.555192 0.409050 0.556546 0.407879 0.556644 0.407720 0.557560 0.405944 0.557897 0.403835 0.557602 0.401715 0.556722 0.399907 0.555390 0.398685 0.553809 0.398236 0.552219 0.398628 0.550862 0.399802 0.549946 0.401578 0.549860 0.401747
0 0.466103 0.597000 0.466708 0.608157 0.475075 0.607350 0.475418 0.605875 0.474821 0.594871 0.466569 0.595667
