0 0.523124 0.617192 0.523392 0.618547 0.539962 0.621306 0.541203 0.608050 0.540732 0.606815 0.539538 0.604821 0.539298 0.604651 0.538719 0.604446 0.537891 0.604235 0.536939 0.604051 0.528730 0.602684 0.527795 0.602554 0.527016 0.602497 0.526511 0.602522 0.526358 0.602626 0.524352 0.604088
0 0.465872 0.574132 0.481810 0.612915 0.489082 0.607602 0.489132 0.607110 0.473267 0.568504 0.466028 0.573793
0 0.538601 0.409409 0.538962 0.411508 0.539898 0.413262 0.541266 0.414406 0.542859 0.414764 0.544433 0.414282 0.545749 0.413034 0.545827 0.412884 0.546687 0.411056 0.546955 0.408929 0.546594 0.406827 0.545656 0.405070 0.544285 0.403924 0.542690 0.403566 0.541113 0.404048 0.539795 0.405299 0.538936 0.407126 0.538869 0.407286
0 0.431458 0.577555 0.432055 0.579014 0.433781 0.580906 0.434107 0.580723 0.434830 0.580238 0.435841 0.579525 0.436983 0.578694 0.438081 0.577872 0.438966 0.577187 0.439503 0.576742 0.439611 0.576604 0.439345 0.573642 0.438749 0.572186 0.436449 0.571195 0.436202 0.571344 0.435661 0.571714 0.434909 0.572249 0.434059 0.572867 0.433239 0.573477 0.432574 0.573984 0.432164 0.574314 0.432073 0.574414
0 0.542254 0.506940 0.542622 0.510149 0.542715 0.510291 0.543106 0.510697 0.543735 0.511303 0.544506 0.512017 0.545303 0.512733 0.546006 0.513342 0.546508 0.513752 0.546733 0.513899 0.549106 0.513191 0.556829 0.498417 0.558478 0.494868 0.558085 0.494352 0.557192 0.493407 0.556417 0.492652 0.554324 0.490743 0.553471 0.490013 0.552364 0.489132 0.551711 0.488695 0.551530 0.488763 0.548980 0.493682 0.548139 0.495320 0.546135 0.499236
0 0.491810 0.627641 0.498646 0.633946 0.508104 0.615718 0.508067 0.615187 0.501262 0.608911 0.491848 0.627056
0 0.555480 0.458520 0.557376 0.460733 0.557489 0.460797 0.557963 0.460874 0.558724 0.460953 0.559658 0.461021 0.567922 0.461532 0.568888 0.461580 0.569745 0.461601 0.570361 0.461591 0.570644 0.461553 0.572802 0.459070 0.572957 0.454622 0.556276 0.453592 0.555632 0.454123
0 0.500612 0.415920 0.510051 0.433977 0.523594 0.421392 0.523689 0.421077 0.514212 0.402946 0.500615 0.415582
0 0.449753 0.375838 0.450902 0.378676 0.455654 0.387673 0.463752 0.380069 0.464030 0.376216 0.463612 0.374776 0.463453 0.374400 0.463096 0.373660 0.462596 0.372671 0.462029 0.371582 0.461482 0.370562 0.461040 0.369767 0.460769 0.369318 0.460711 0.369283 0.458041 0.368056
0 0.406911 0.197027 0.407007 0.197286 0.408384 0.198481 0.415282 0.203045 0.415729 0.202986 0.423078 0.183241 0.416236 0.177138 0.414354 0.177547 0.414037 0.177883 0.413691 0.178597 0.407085 0.196345
0 0.521635 0.436776 0.534084 0.451318 0.534280 0.451034 0.539750 0.442710 0.542834 0.438011 0.543162 0.437510 0.543360 0.437206 0.543397 0.437146 0.541451 0.433407 0.535844 0.426858 0.533975 0.424675 0.530938 0.422593 0.530890 0.422640 0.530683 0.422933 0.530348 0.423427 0.529936 0.424047 0.527246 0.428104 0.521774 0.436426
0 0.498925 0.491208 0.498937 0.491309 0.508668 0.509089 0.508768 0.509194 0.524955 0.493446 0.525258 0.490309 0.525179 0.490091 0.524889 0.489497 0.524430 0.488616 0.523872 0.487583 0.523302 0.486557 0.522808 0.485695 0.522463 0.485128 0.522322 0.484944 0.520033 0.484453 0.500274 0.489896
0 0.630949 0.482497 0.631159 0.482696 0.646023 0.492385 0.655772 0.468452 0.655979 0.467930 0.656176 0.467408 0.656359 0.466888 0.656528 0.466381 0.656677 0.465896 0.644708 0.458093 0.641715 0.456142 0.641073 0.455763 0.640903 0.455663 0.640698 0.456110 0.640490 0.456588 0.640284 0.457088 0.640082 0.457601 0.639886 0.458125
0 0.587629 0.590116 0.587703 0.592315 0.589945 0.595096 0.590254 0.595210 0.590896 0.595284 0.591774 0.595307 0.592753 0.595275 0.601075 0.594775 0.602003 0.594692 0.602736 0.594573 0.603161 0.594434 0.605399 0.592380 0.604046 0.552344 0.602857 0.551745 0.594611 0.552241
0 0.522910 0.285907 0.535458 0.416403 0.552004 0.413650 0.552222 0.413001 0.539487 0.281932 0.522993 0.284676
