0 0.241509 0.292083 0.243183 0.299738 0.247660 0.306170 0.248093 0.306503 0.254679 0.310726 0.262378 0.312105 0.270021 0.310435 0.276441 0.305966 0.280664 0.299380 0.282043 0.291681 0.280373 0.284038 0.275904 0.277618 0.275518 0.277235 0.268921 0.273005 0.261208 0.271623 0.253553 0.273296 0.247121 0.277773 0.242892 0.284370
0 0.833689 0.570382 0.833983 0.578202 0.837246 0.585315 0.842984 0.590637 0.850322 0.593359 0.850925 0.593520 0.858759 0.593226 0.865884 0.589957 0.871216 0.584209 0.873942 0.576859 0.873648 0.569025 0.870379 0.561899 0.864631 0.556568 0.857280 0.553841 0.856667 0.553749 0.848846 0.554043 0.841733 0.557306 0.836411 0.563044
0 0.698816 0.918488 0.699546 0.926277 0.699890 0.927011 0.703550 0.933939 0.709584 0.938939 0.717072 0.941250 0.724874 0.940519 0.731803 0.936858 0.736802 0.930824 0.739113 0.923337 0.738382 0.915535 0.734722 0.908606 0.734318 0.907904 0.728295 0.902913 0.720820 0.900606 0.713031 0.901336 0.706114 0.904990 0.701124 0.911014
0 0.086455 0.246488 0.086987 0.248146 0.088715 0.251670 0.091378 0.256526 0.094568 0.261967 0.097792 0.267154 0.100553 0.271289 0.102432 0.273742 0.103144 0.274146 0.113891 0.272517 0.119091 0.269469 0.122302 0.258243 0.121861 0.256991 0.120540 0.254357 0.118542 0.250743 0.116169 0.246694 0.113778 0.242822 0.111731 0.239711 0.110339 0.237835 0.109814 0.237483 0.098262 0.234878 0.093051 0.237933
0 0.300517 0.324873 0.300672 0.340232 0.300753 0.342917 0.300888 0.344774 0.301058 0.345520 0.381240 0.346093 0.381348 0.345618 0.381448 0.343998 0.381526 0.341479 0.381568 0.338445 0.382312 0.234448 0.382313 0.231340 0.382273 0.228610 0.382198 0.226671 0.382100 0.225822 0.301918 0.225248 0.301740 0.225618 0.301580 0.227155 0.301463 0.229625 0.301092 0.244415
0 0.267500 0.834449 0.267736 0.835149 0.317126 0.896394 0.318253 0.896247 0.320138 0.895326 0.322494 0.893772 0.334977 0.884316 0.396048 0.832063 0.406668 0.821751 0.408321 0.819874 0.409155 0.818469 0.409038 0.817752 0.359117 0.756961 0.358031 0.756988 0.356179 0.757807 0.353844 0.759292 0.351383 0.761218 0.272010 0.829132 0.269812 0.831192 0.268228 0.833060
0 0.832610 0.848466 0.833474 0.849719 0.835261 0.851343 0.846880 0.860125 0.914255 0.903955 0.928125 0.911753 0.930761 0.913007 0.932896 0.913705 0.934204 0.913739 0.974000 0.846316 0.974313 0.845627 0.973554 0.844375 0.971837 0.842751 0.969423 0.841003 0.881856 0.784039 0.879130 0.782444 0.876524 0.781256 0.874437 0.780656 0.873186 0.780734 0.832804 0.847776
0 0.399287 0.411096 0.399748 0.411504 0.439353 0.417769 0.445619 0.378165 0.445368 0.377604 0.405581 0.371309
0 0.146834 0.785165 0.157863 0.823907 0.196606 0.812878 0.197996 0.811444 0.187018 0.772879 0.148453 0.783858
0 0.120461 0.246331 0.136891 0.283110 0.138555 0.284104 0.175166 0.267750 0.158811 0.231139 0.157240 0.229901
0 0.160040 0.647085 0.167543 0.686662 0.207120 0.679159 0.208462 0.678338 0.200994 0.638943 0.161598 0.646411
0 0.732254 0.622881 0.765903 0.644688 0.767127 0.645354 0.789035 0.611551 0.755232 0.589643 0.754062 0.589232
0 0.277432 0.688022 0.354261 0.712266 0.354928 0.711293 0.427330 0.481862 0.350852 0.457728 0.350167 0.457534
0 0.000000 0.599819 0.018581 0.676648 0.025283 0.677286 0.242377 0.604335 0.221069 0.526811 0.215151 0.525494
0 0.068443 0.358192 0.070420 0.358843 0.299325 0.432893 0.324009 0.356592 0.323199 0.355931 0.093241 0.281539
0 0.614043 0.362065 0.620027 0.367374 0.676495 0.364002 0.689244 0.362876 0.690104 0.362007 0.692059 0.359890 0.694809 0.356847 0.697937 0.353342 0.700960 0.349915 0.703414 0.347092 0.704925 0.345303 0.705264 0.344820 0.705390 0.332164 0.669071 0.299938 0.615362 0.360470
0 0.880566 0.318827 0.882740 0.366778 0.893364 0.374188 0.893762 0.374312 0.895930 0.374334 0.899534 0.374251 0.904028 0.374075 0.908733 0.373834 0.912939 0.373563 0.916011 0.373303 0.917477 0.373095 0.927585 0.363405 0.925386 0.314900 0.884965 0.316732
0 0.037232 0.241820 0.059153 0.285144 0.064192 0.287600 0.072726 0.290375 0.074107 0.290237 0.076912 0.289292 0.080709 0.287687 0.084926 0.285665 0.088926 0.283530 0.092104 0.281605 0.093980 0.280181 0.099883 0.269541 0.078212 0.226711 0.073335 0.223552
0 0.153008 0.607371 0.191841 0.618740 0.195363 0.617383 0.208849 0.571316 0.201856 0.561261 0.201369 0.560923 0.199197 0.560121 0.195676 0.558980 0.191338 0.557671 0.186838 0.556393 0.182856 0.555337 0.179994 0.554665 0.178691 0.554479 0.166651 0.560772
0 0.381514 0.918208 0.426469 0.936557 0.437847 0.929830 0.438112 0.929546 0.439034 0.927599 0.440473 0.924284 0.442208 0.920104 0.443975 0.915704 0.445500 0.911759 0.446551 0.908872 0.446969 0.907482 0.442425 0.894534 0.397985 0.876395 0.382868 0.913429
