0 0.583859 0.381965 0.583938 0.382599 0.584146 0.383629 0.584451 0.384895 0.584805 0.386207 0.585016 0.386902 0.585276 0.387704 0.585453 0.388204 0.585648 0.388584 0.601665 0.382252 0.609524 0.378428 0.609660 0.378223 0.609598 0.377330 0.609344 0.375885 0.608937 0.374106 0.608441 0.372268 0.607931 0.370656 0.607486 0.369515 0.607174 0.369022 0.605992 0.369598 0.599301 0.372859 0.583920 0.381822
0 0.465249 0.522179 0.475247 0.539888 0.490630 0.536122 0.492157 0.535748 0.493153 0.534748 0.493184 0.534589 0.474026 0.500655 0.473907 0.500658 0.472911 0.501657 0.472219 0.503510 0.468470 0.513551
0 0.483286 0.608522 0.485463 0.619190 0.493464 0.616288 0.493494 0.615756 0.491327 0.605137 0.483363 0.608026
0 0.588316 0.387876 0.592968 0.409051 0.608848 0.402848 0.609350 0.402401 0.604676 0.381129 0.588722 0.387360
0 0.490541 0.506631 0.503886 0.519758 0.513731 0.501965 0.500386 0.488838
0 0.570440 0.462566 0.579975 0.504712 0.580343 0.504733 0.596220 0.498347 0.586641 0.456008 0.570764 0.462394
0 0.722053 0.327019 0.735152 0.329263 0.738427 0.329824 0.739522 0.329043 0.742868 0.326655 0.744004 0.325844 0.746588 0.299034 0.744556 0.296987 0.731182 0.294695 0.726945 0.298458 0.724579 0.300821
0 0.379777 0.443113 0.385927 0.453639 0.386971 0.454064 0.388845 0.454348 0.389141 0.454253 0.389690 0.453862 0.390407 0.453237 0.391185 0.452471 0.397711 0.445692 0.398434 0.444900 0.398994 0.444198 0.399307 0.443694 0.400009 0.440522 0.399616 0.439722 0.396573 0.434513 0.394544 0.431040 0.393915 0.430092 0.392935 0.429446 0.392153 0.430048 0.386883 0.435521 0.380296 0.442363
0 0.448542 0.594952 0.456651 0.614225 0.471106 0.603412 0.471222 0.602998 0.463145 0.583803 0.448748 0.594572
0 0.559785 0.590038 0.559787 0.590093 0.560875 0.594164 0.562328 0.596560 0.563069 0.597657 0.564067 0.598297 0.565980 0.599264 0.569223 0.599517 0.572284 0.598102 0.573928 0.596477 0.574750 0.595500 0.575225 0.594177 0.576091 0.591348 0.576255 0.587038 0.576242 0.586985 0.575151 0.582912 0.572972 0.579693 0.570039 0.577819 0.566798 0.577575 0.563742 0.578994 0.561338 0.581862 0.559948 0.585739
0 0.547962 0.494137 0.555938 0.513466 0.573786 0.500744 0.574174 0.500466 0.574557 0.500186 0.574935 0.499907 0.575299 0.499632 0.575644 0.499368 0.575646 0.499275 0.575651 0.499032 0.575653 0.498931 0.574060 0.495070 0.567688 0.479628 0.567349 0.479867 0.566990 0.480123 0.566618 0.480390 0.566239 0.480665 0.565855 0.480946 0.548028 0.494023
0 0.448088 0.397645 0.448154 0.397861 0.448359 0.398320 0.448671 0.398950 0.449043 0.399656 0.449417 0.400330 0.449737 0.400868 0.449953 0.401188 0.450033 0.401243 0.470512 0.384461 0.471186 0.383818 0.472137 0.381549 0.472008 0.381244 0.471679 0.380574 0.471200 0.379640 0.470644 0.378584 0.470095 0.377565 0.469635 0.376737 0.469335 0.376226 0.469240 0.376111 0.467322 0.376571 0.466646 0.377215
0 0.460357 0.468379 0.460594 0.469631 0.461172 0.470667 0.463742 0.474922 0.467311 0.478064 0.468142 0.478726 0.468220 0.478778 0.469176 0.478965 0.470113 0.478650 0.470888 0.477881 0.474051 0.474289 0.476422 0.469716 0.476917 0.468610 0.477058 0.467335 0.476822 0.466086 0.476245 0.465053 0.473534 0.460655 0.473473 0.460565 0.470048 0.457571 0.469217 0.456909 0.468258 0.456721 0.467319 0.457037 0.466542 0.457808 0.463224 0.461257 0.460995 0.465993 0.460498 0.467101
0 0.455467 0.583603 0.457131 0.583990 0.458795 0.584377 0.463788 0.585537 0.464616 0.583582 0.465112 0.579787 0.464756 0.579196 0.457434 0.577494 0.456981 0.577897 0.455974 0.579719
0 0.661174 0.480193 0.672730 0.516024 0.673783 0.517718 0.677186 0.518218 0.677566 0.518081 0.678182 0.517640 0.678940 0.516964 0.679723 0.516155 0.686136 0.509066 0.686823 0.508250 0.687307 0.507555 0.687513 0.507086 0.688648 0.503714 0.669465 0.472859 0.667529 0.473170
