0 0.436545 0.407415 0.436591 0.407609 0.436932 0.408081 0.437516 0.408758 0.438253 0.409537 0.439033 0.410301 0.439737 0.410935 0.440260 0.411342 0.440521 0.411460 0.442232 0.410261 0.442726 0.409380 0.455704 0.382534 0.455690 0.382383 0.455478 0.382047 0.455100 0.381578 0.454613 0.381048 0.454091 0.380537 0.453616 0.380124 0.453258 0.379872 0.453074 0.379819 0.437429 0.403982 0.436934 0.404865
0 0.580085 0.535048 0.580117 0.538428 0.580124 0.538580 0.580355 0.539114 0.580775 0.539948 0.581319 0.540955 0.586245 0.549817 0.586833 0.550848 0.587378 0.551749 0.587797 0.552384 0.588025 0.552656 0.590954 0.553341 0.599003 0.545387 0.589060 0.527499 0.588043 0.527184
0 0.448210 0.333870 0.448447 0.334629 0.461519 0.348071 0.522008 0.243496 0.522109 0.242318 0.508977 0.228814
0 0.564674 0.406417 0.564845 0.409098 0.564886 0.409405 0.565174 0.410040 0.565664 0.410905 0.566282 0.411870 0.566935 0.412788 0.567524 0.413522 0.567960 0.413960 0.568176 0.414034 0.570195 0.414597 0.577557 0.405763 0.578454 0.404674 0.567284 0.388123 0.566043 0.389613 0.565288 0.390874
0 0.421131 0.616916 0.426164 0.625737 0.439395 0.612316 0.439672 0.611801 0.434663 0.603021 0.421492 0.616380
0 0.498933 0.445028 0.498937 0.445248 0.512048 0.458643 0.522094 0.441162 0.522183 0.440926 0.509020 0.427477
0 0.466284 0.179411 0.466418 0.180694 0.473045 0.200853 0.488165 0.192017 0.488117 0.190780 0.481464 0.170540
0 0.405122 0.537988 0.424807 0.542989 0.425581 0.542546 0.427282 0.541007 0.427414 0.540705 0.427595 0.539955 0.427800 0.538870 0.427997 0.537616 0.429545 0.526780 0.429705 0.525543 0.429803 0.524506 0.429826 0.523828 0.429769 0.523611 0.428674 0.520900 0.412540 0.516756 0.409296 0.515932 0.408248 0.516116
0 0.614758 0.502315 0.615285 0.502325 0.627869 0.502448 0.628956 0.502457 0.629220 0.502459 0.629232 0.502458 0.630084 0.498049 0.630156 0.484798 0.629352 0.480372 0.629339 0.480354 0.629076 0.480336 0.628602 0.480321 0.627989 0.480311 0.615405 0.480214 0.614877 0.480304
0 0.485236 0.446936 0.496444 0.463260 0.497443 0.462213 0.508678 0.448118 0.497413 0.431710 0.496404 0.432638
0 0.428685 0.550258 0.438789 0.567860 0.451991 0.554388 0.452211 0.554139 0.442153 0.536617 0.441887 0.536786
0 0.342385 0.425113 0.343107 0.425456 0.351282 0.427161 0.353841 0.405363 0.353168 0.404927 0.344956 0.403213
