0 0.104587 0.777803 0.105374 0.781070 0.106959 0.785098 0.109104 0.789280 0.111484 0.792983 0.113740 0.795647 0.115530 0.796868 0.126197 0.800128 0.127969 0.799443 0.133205 0.796690 0.139936 0.788670 0.140170 0.786007 0.139159 0.781644 0.137056 0.776248 0.134183 0.770646 0.130982 0.765703 0.127946 0.762177 0.125540 0.760603 0.115186 0.761562 0.113442 0.762325 0.108205 0.765051 0.104721 0.775794
0 0.543376 0.711105 0.544393 0.718862 0.544470 0.719238 0.548383 0.726027 0.554598 0.730800 0.562166 0.732834 0.569935 0.731815 0.576724 0.727901 0.581497 0.721686 0.583530 0.714119 0.582512 0.706349 0.582370 0.705994 0.578463 0.699217 0.572259 0.694452 0.564704 0.692422 0.556948 0.693440 0.550170 0.697347 0.545405 0.703551
0 0.469153 0.369297 0.470568 0.377004 0.470618 0.377216 0.474868 0.383783 0.481307 0.388226 0.488956 0.389865 0.496650 0.388453 0.503218 0.384203 0.507660 0.377765 0.509299 0.370116 0.509315 0.369892 0.507901 0.362184 0.503644 0.355606 0.497194 0.351155 0.489532 0.349513 0.481824 0.350928 0.475246 0.355185 0.470796 0.361634
0 0.176424 0.416626 0.177147 0.420211 0.178697 0.424412 0.180841 0.428594 0.183255 0.432126 0.185574 0.434473 0.187447 0.435278 0.198019 0.439011 0.203200 0.436490 0.205132 0.435050 0.211774 0.427484 0.212120 0.424267 0.211195 0.419479 0.209140 0.413850 0.206267 0.408248 0.203021 0.403535 0.199900 0.400434 0.197383 0.399415 0.187120 0.399919 0.181918 0.402423 0.180033 0.403931 0.176642 0.414202
0 0.172245 0.656174 0.172540 0.656861 0.175299 0.659903 0.179792 0.664285 0.187704 0.671518 0.194919 0.677693 0.199134 0.680799 0.202615 0.682815 0.225660 0.658469 0.227991 0.655837 0.255682 0.621894 0.255583 0.610471 0.254693 0.609470 0.252566 0.607421 0.249527 0.604637 0.246036 0.601538 0.242619 0.598593 0.239792 0.596245 0.237984 0.594851 0.209662 0.580311 0.208326 0.580034 0.206111 0.580348 0.203354 0.581206 0.200477 0.582478 0.197920 0.583968 0.196076 0.585449 0.195223 0.586693
0 0.393629 0.653424 0.411049 0.689744 0.447369 0.672324 0.447611 0.671534 0.430270 0.635380 0.394116 0.652721
0 0.032774 0.896241 0.051168 0.932078 0.087005 0.913684 0.088898 0.911788 0.070588 0.876115 0.034915 0.894425
0 0.337966 0.473063 0.357204 0.508454 0.357858 0.508415 0.393087 0.489266 0.373938 0.454037 0.373358 0.453825
0 0.715349 0.435801 0.722126 0.456785 0.759465 0.467491 0.811128 0.443423 0.825065 0.408830 0.819559 0.387253 0.781675 0.376760 0.767099 0.383550 0.729766 0.400942
0 0.381388 0.937593 0.381439 0.937929 0.388062 0.955222 0.436132 0.960790 0.439902 0.928970 0.446411 0.872777 0.449255 0.847489 0.401185 0.841921 0.390784 0.857243 0.390533 0.858632 0.390108 0.861647 0.389572 0.865830 0.389008 0.870541 0.382424 0.927389 0.381921 0.931889 0.381557 0.935473
0 0.291329 0.876372 0.306322 0.914055 0.381688 0.884071 0.383311 0.878803 0.368524 0.841637 0.294191 0.871210
0 0.307590 0.739643 0.326782 0.775801 0.370171 0.752770 0.373139 0.746993 0.376188 0.737297 0.375922 0.736175 0.374836 0.733605 0.373100 0.729984 0.370975 0.725858 0.368783 0.721851 0.366854 0.718566 0.365480 0.716502 0.364872 0.715977 0.354385 0.711661 0.311988 0.734165
0 0.142732 0.506080 0.329141 0.659919 0.329924 0.659187 0.380969 0.597335 0.195413 0.444201 0.194012 0.443943
