0 0.373475 0.523482 0.375340 0.526314 0.375722 0.526539 0.376409 0.526851 0.377297 0.527204 0.385316 0.530211 0.386266 0.530549 0.387131 0.530818 0.387778 0.530979 0.388108 0.531006 0.390812 0.529174 0.398858 0.491035 0.390913 0.488055 0.389652 0.487917 0.373927 0.521339
0 0.346782 0.713752 0.361535 0.723850 0.362168 0.722826 0.369707 0.703245 0.355021 0.693193 0.354355 0.694081
0 0.500465 0.570017 0.500471 0.570993 0.501283 0.572147 0.506314 0.572363 0.516376 0.572794 0.517242 0.571712 0.517457 0.562767 0.517464 0.561578 0.517343 0.561152 0.517263 0.560872 0.500705 0.560162 0.500678 0.561196
0 0.528581 0.611805 0.528675 0.612238 0.529988 0.614803 0.530453 0.615066 0.531208 0.615341 0.532135 0.615585 0.533094 0.615761 0.533936 0.615843 0.534533 0.615816 0.541479 0.614181 0.541828 0.613897 0.542209 0.613361 0.542564 0.612656 0.542839 0.611888 0.542993 0.611177 0.543001 0.610629 0.539181 0.591832 0.538395 0.591284 0.537656 0.591005 0.536093 0.590561 0.534441 0.590201 0.532281 0.589870 0.530948 0.589831 0.530191 0.595217 0.529674 0.598945 0.529566 0.599895
0 0.406563 0.530868 0.406648 0.531459 0.406959 0.531843 0.407642 0.532393 0.412574 0.535318 0.415792 0.537195 0.416196 0.537183 0.416508 0.536771 0.418778 0.530161 0.418802 0.529594 0.418532 0.529218 0.417437 0.528294 0.414136 0.526645 0.409524 0.524414 0.409088 0.524393 0.408687 0.524720 0.406816 0.527354
0 0.585763 0.530582 0.594683 0.549103 0.595064 0.549300 0.609010 0.537358 0.600053 0.518763 0.599653 0.518688
0 0.550676 0.439560 0.553379 0.442087 0.556084 0.441291 0.556736 0.440609 0.556922 0.440320 0.557301 0.439654 0.557815 0.438713 0.558385 0.437640 0.558925 0.436601 0.562989 0.428525 0.563386 0.427324 0.563408 0.426013 0.563052 0.424789 0.562371 0.423841 0.561471 0.423312 0.560487 0.423283 0.559569 0.423758 0.558858 0.424665 0.558653 0.424927 0.558047 0.425703 0.555413 0.430548
0 0.538924 0.546388 0.541229 0.550710 0.543949 0.555234 0.550095 0.550007 0.558552 0.539831 0.553560 0.531043 0.552539 0.531938 0.543237 0.541337
0 0.427860 0.484281 0.427867 0.484406 0.428014 0.484792 0.428278 0.485380 0.429925 0.488821 0.439179 0.507201 0.440999 0.510647 0.441328 0.511237 0.441572 0.511626 0.441693 0.511755 0.455431 0.499459 0.455399 0.499321 0.455233 0.498925 0.454957 0.498332 0.454612 0.497633 0.442651 0.473876 0.442289 0.473172 0.441962 0.472566 0.441719 0.472148 0.441597 0.471985
0 0.482372 0.483117 0.482546 0.484425 0.482907 0.485212 0.484570 0.486734 0.485181 0.486916 0.486309 0.487201 0.486988 0.486560 0.488505 0.485054 0.488892 0.484235 0.489201 0.483105 0.489386 0.481836 0.489419 0.480619 0.489294 0.479638 0.489031 0.479041 0.487861 0.476555 0.487255 0.476351 0.486124 0.476072 0.484149 0.476694 0.483601 0.477192 0.483077 0.478279 0.482659 0.479788 0.482411 0.481488
0 0.472583 0.342928 0.472708 0.343647 0.489254 0.343975 0.489991 0.277790 0.489945 0.276767 0.473323 0.276438
0 0.469777 0.500887 0.470638 0.505044 0.472626 0.508445 0.475438 0.510572 0.478645 0.511101 0.478764 0.511068 0.479824 0.510678 0.481780 0.509948 0.484326 0.507298 0.485917 0.503552 0.486297 0.500672 0.486432 0.499217 0.486139 0.497803 0.485452 0.495126 0.483468 0.491727 0.480659 0.489597 0.478639 0.489152 0.477547 0.488969 0.476486 0.489358 0.474338 0.490201 0.474319 0.490220 0.471787 0.492846 0.471770 0.492864 0.470175 0.496610
0 0.404590 0.542399 0.407060 0.553089 0.417547 0.560486 0.425565 0.557192 0.426589 0.556407 0.424153 0.545864 0.413809 0.538569 0.405902 0.541817
