0 0.521172 0.293944 0.523623 0.302848 0.524056 0.304419 0.530775 0.324816 0.531089 0.324789 0.531734 0.324566 0.532614 0.324180 0.533594 0.323691 0.534528 0.323172 0.535273 0.322701 0.535539 0.322491 0.535748 0.322278 0.535792 0.322172 0.531001 0.300711 0.530569 0.299137 0.528549 0.291788 0.528116 0.290213 0.527674 0.290186 0.526766 0.290448 0.525531 0.290961 0.524159 0.291646 0.522862 0.292396 0.521839 0.293097 0.521246 0.293640
0 0.510257 0.461467 0.517711 0.466257 0.517793 0.466101 0.521401 0.456117 0.513913 0.451306 0.510305 0.461290
0 0.498897 0.402231 0.498916 0.403913 0.498918 0.404023 0.500407 0.407963 0.503386 0.415842 0.504876 0.419782 0.507082 0.420940 0.524771 0.409051 0.524885 0.408634 0.525350 0.406924 0.523830 0.402901 0.517746 0.386809 0.499643 0.398977
0 0.526961 0.511676 0.527250 0.511946 0.527563 0.512238 0.527896 0.512546 0.528601 0.513195 0.545356 0.528586 0.545623 0.528802 0.555010 0.510635 0.538966 0.495626 0.538613 0.495298 0.538256 0.494968 0.537897 0.494640 0.537541 0.494318 0.537195 0.494008 0.537012 0.493907 0.536335 0.493534 0.528835 0.508048
0 0.564195 0.493198 0.564296 0.494484 0.565318 0.499215 0.569216 0.513375 0.569831 0.514275 0.571819 0.516491 0.572306 0.516820 0.572917 0.516926 0.573557 0.516793 0.574131 0.516439 0.574548 0.515920 0.576028 0.513473 0.576760 0.511493 0.577238 0.510154 0.575015 0.501215 0.573471 0.495383 0.572050 0.490045 0.571050 0.489443 0.569348 0.489792 0.566714 0.490850 0.565058 0.491849
0 0.514012 0.605522 0.514207 0.606990 0.519214 0.615931 0.525920 0.609255 0.532252 0.601405 0.532178 0.601173 0.527240 0.592354
0 0.409126 0.421320 0.412241 0.487525 0.412642 0.487582 0.429117 0.486204 0.426017 0.420301 0.425677 0.419935
0 0.590201 0.544891 0.593897 0.566424 0.594113 0.566577 0.594986 0.567195 0.595914 0.567023 0.602457 0.565026 0.603087 0.563687 0.602713 0.561506 0.602339 0.559325 0.600093 0.546240 0.599718 0.544059 0.598713 0.543219 0.597356 0.542625 0.590904 0.544594
0 0.500090 0.416963 0.501271 0.438917 0.504153 0.438641 0.504537 0.438018 0.504584 0.437373 0.503451 0.416288 0.503006 0.415724 0.501757 0.415843 0.500091 0.416003
0 0.522458 0.436414 0.522478 0.437646 0.522550 0.438625 0.522660 0.439202 0.522793 0.439290 0.532226 0.441774 0.534293 0.440739 0.534454 0.440185 0.534595 0.439051 0.534695 0.437507 0.534739 0.435787 0.534719 0.434151 0.534640 0.432843 0.534512 0.432064 0.534355 0.431934 0.532300 0.430772 0.522825 0.432703 0.522689 0.433109 0.522572 0.433957 0.522490 0.435118
0 0.444602 0.540257 0.444988 0.543433 0.445977 0.544444 0.448134 0.545255 0.448227 0.545172 0.448613 0.544573 0.449232 0.543550 0.449992 0.542258 0.450776 0.540893 0.451467 0.539660 0.451962 0.538744 0.452183 0.538285 0.451043 0.535735 0.450056 0.534727 0.447645 0.535036 0.447574 0.535084 0.447283 0.535523 0.446813 0.536287 0.446238 0.537260 0.445645 0.538292 0.445126 0.539224 0.444760 0.539914
0 0.457648 0.504033 0.459897 0.525268 0.460081 0.525431 0.460487 0.525518 0.461052 0.525514 0.464224 0.525153 0.480609 0.521727 0.483635 0.520792 0.484146 0.520571 0.484469 0.520332 0.484556 0.520112 0.482165 0.498906 0.482001 0.498721 0.481612 0.498616 0.481058 0.498607 0.480423 0.498696 0.459127 0.503148 0.458512 0.503321 0.458015 0.503550 0.457712 0.503800
0 0.441455 0.456108 0.444514 0.466607 0.445782 0.467370 0.464247 0.457806 0.465085 0.454648 0.465062 0.454473 0.464906 0.453854 0.464641 0.452887 0.464306 0.451719 0.463953 0.450526 0.463634 0.449487 0.463398 0.448761 0.463281 0.448458 0.462854 0.447858 0.460398 0.446383 0.444605 0.454477
0 0.563621 0.578395 0.565690 0.581331 0.566477 0.582108 0.567314 0.582668 0.570717 0.584239 0.581224 0.564303 0.583125 0.555206 0.576095 0.549418 0.575234 0.551076 0.564753 0.573705
0 0.475925 0.464288 0.483151 0.484135 0.483180 0.484162 0.490610 0.479353 0.483396 0.459541 0.483275 0.459247 0.481779 0.460216
0 0.515943 0.538265 0.521474 0.559060 0.521572 0.559332 0.537241 0.551924 0.531685 0.531033 0.531540 0.530891
0 0.408882 0.541251 0.409075 0.545533 0.410491 0.549397 0.411906 0.551636 0.412731 0.552609 0.413775 0.553093 0.415979 0.553676 0.419215 0.553443 0.422132 0.551592 0.423402 0.549832 0.424136 0.548746 0.424320 0.548330 0.425385 0.544292 0.425198 0.540016 0.423788 0.536150 0.421366 0.533286 0.418303 0.531860 0.415064 0.532091 0.412144 0.533944 0.409988 0.537136 0.409753 0.537514 0.409390 0.538892
0 0.413665 0.407690 0.414061 0.408113 0.430537 0.410160 0.431305 0.399176 0.430989 0.398712 0.414436 0.396655
