0 0.673815 0.723573 0.674508 0.724053 0.676181 0.725027 0.678577 0.726348 0.692233 0.733676 0.763510 0.771004 0.776563 0.777664 0.778734 0.778734 0.780068 0.779334 0.780363 0.779373 0.817562 0.708340 0.816744 0.707875 0.814971 0.706916 0.812516 0.705609 0.809749 0.704153 0.717618 0.655904 0.714944 0.654511 0.712750 0.653382 0.711369 0.652690 0.711014 0.652541
0 0.047286 0.742315 0.047508 0.742688 0.124343 0.765617 0.124846 0.764801 0.125621 0.762941 0.126549 0.760323 0.127490 0.757344 0.157230 0.657687 0.158046 0.654781 0.158619 0.652369 0.158862 0.650818 0.158737 0.650365 0.081903 0.627435 0.081361 0.628132 0.080552 0.629896 0.079597 0.632459 0.078644 0.635429 0.048767 0.735544 0.047967 0.738449 0.047447 0.740827
0 0.302847 0.305853 0.303130 0.306996 0.357157 0.361069 0.358262 0.361304 0.360064 0.360635 0.362289 0.359168 0.373993 0.349476 0.430837 0.292655 0.440639 0.280851 0.442146 0.278587 0.442874 0.276727 0.442709 0.275552 0.388188 0.221973 0.387114 0.221621 0.385337 0.222187 0.383128 0.223585 0.380825 0.225604 0.306943 0.299454 0.304910 0.301771 0.303472 0.304018
0 0.860407 0.532542 0.860897 0.534959 0.861963 0.538600 0.863442 0.542915 0.865112 0.547253 0.866720 0.550959 0.868023 0.553471 0.868823 0.554405 0.877438 0.558705 0.881802 0.559384 0.927429 0.542780 0.899757 0.466734 0.895189 0.467114 0.887671 0.469850 0.863760 0.521116 0.860569 0.531722
0 0.783388 0.888200 0.820698 0.903514 0.837038 0.875342 0.852956 0.817092 0.815893 0.801878 0.813226 0.806653 0.791770 0.859014
0 0.566190 0.475952 0.586546 0.494995 0.628542 0.532885 0.632978 0.536753 0.659814 0.507004 0.619913 0.468742 0.593204 0.446005 0.579121 0.460830
0 0.630584 0.488132 0.747757 0.701318 0.756623 0.697752 0.811982 0.663014 0.695853 0.451725 0.687331 0.456183
0 0.115668 0.130130 0.117575 0.210475 0.119323 0.211798 0.359256 0.206104 0.357358 0.126126 0.356703 0.124410
0 0.609649 0.300766 0.628372 0.344964 0.665204 0.329361 0.667114 0.327388 0.648174 0.282679 0.636579 0.279195 0.635913 0.279262 0.633650 0.280038 0.630134 0.281405 0.625900 0.283155 0.621601 0.285020 0.617896 0.286712 0.615351 0.287973 0.614353 0.288611
0 0.573197 0.075011 0.612943 0.079509 0.614514 0.073662 0.619074 0.033363 0.578775 0.028803 0.577695 0.035265
0 0.788495 0.121479 0.788496 0.122812 0.789258 0.125607 0.790664 0.129436 0.792500 0.133720 0.794489 0.137813 0.796331 0.141095 0.797747 0.143071 0.807871 0.149219 0.851534 0.129280 0.855598 0.124994 0.838789 0.088188 0.794622 0.108358 0.791255 0.112834
0 0.703784 0.446319 0.703816 0.447136 0.708798 0.457361 0.755170 0.469753 0.758120 0.469404 0.768567 0.430313 0.721658 0.417777 0.719124 0.418717 0.710048 0.423816 0.709534 0.424802 0.708626 0.427408 0.707463 0.431233 0.706221 0.435697 0.705086 0.440129 0.704230 0.443857
0 0.706937 0.362660 0.731241 0.374959 0.783196 0.397337 0.811692 0.407781 0.830834 0.363337 0.818723 0.348408 0.816666 0.347197 0.813288 0.345525 0.809104 0.343646 0.756545 0.321008 0.752211 0.319218 0.748409 0.317797 0.745718 0.316963 0.744547 0.316841 0.726079 0.318217
0 0.210081 0.401619 0.218154 0.424637 0.250134 0.443292 0.305937 0.431696 0.329340 0.401531 0.322641 0.378227 0.290114 0.359659 0.234047 0.371310
0 0.182441 0.643132 0.228175 0.659440 0.240492 0.653817 0.241142 0.652750 0.242307 0.650121 0.243810 0.646333 0.245423 0.641959 0.258889 0.604197 0.260372 0.599887 0.261505 0.596283 0.262116 0.593929 0.262111 0.593188 0.258151 0.582265 0.212939 0.566144 0.209621 0.566908
0 0.267406 0.102467 0.279936 0.109605 0.284100 0.111888 0.321489 0.127224 0.341941 0.133039 0.358729 0.097355 0.365119 0.074352 0.290367 0.043691 0.272927 0.079352
0 0.118556 0.376216 0.150321 0.412939 0.154317 0.413934 0.164009 0.414641 0.165145 0.414153 0.167493 0.412542 0.170692 0.410054 0.174260 0.407066 0.204582 0.380838 0.207987 0.377795 0.210723 0.375148 0.212376 0.373300 0.212691 0.372531 0.214823 0.361598 0.183421 0.325294 0.179761 0.323274
