0 0.482535 0.439803 0.483030 0.448606 0.483278 0.453008 0.516190 0.449848 0.516862 0.449221 0.516113 0.435899 0.513989 0.433964 0.513874 0.433889 0.513398 0.433861 0.512634 0.433885 0.511697 0.433957 0.486784 0.436315 0.485821 0.436424 0.484991 0.436551 0.484421 0.436678 0.484196 0.436785 0.482820 0.439058
0 0.471615 0.594530 0.472445 0.597244 0.472581 0.597492 0.473042 0.597935 0.473758 0.598507 0.474620 0.599121 0.475496 0.599681 0.476251 0.600102 0.476770 0.600319 0.476973 0.600301 0.479557 0.598754 0.481863 0.592681 0.483400 0.588633 0.483782 0.586593 0.483415 0.585104 0.477483 0.581099 0.476714 0.580691 0.472204 0.592570 0.472139 0.592784
0 0.486159 0.541499 0.486188 0.544985 0.493375 0.554293 0.499192 0.546307 0.499201 0.545778 0.492097 0.536576 0.489629 0.536736 0.489511 0.536868 0.489147 0.537342 0.488594 0.538085 0.487936 0.538983 0.487270 0.539902 0.486699 0.540702 0.486309 0.541264
0 0.464045 0.594028 0.482872 0.630567 0.496574 0.618015 0.496590 0.617474 0.477849 0.581103 0.464209 0.593597
0 0.469564 0.542353 0.469599 0.548045 0.471934 0.548204 0.477844 0.547818 0.477881 0.525739 0.475546 0.525651 0.469636 0.525849 0.469582 0.531293
0 0.416485 0.451652 0.416671 0.463156 0.420104 0.475661 0.420287 0.475718 0.428559 0.475479 0.428202 0.453421 0.425113 0.451404
0 0.519077 0.540730 0.521133 0.561471 0.521353 0.562111 0.521834 0.562625 0.523076 0.562407 0.524731 0.562115 0.522543 0.540042 0.522440 0.539857 0.522286 0.539584 0.519422 0.540089
0 0.502248 0.372839 0.510184 0.392200 0.524705 0.381619 0.524819 0.381074 0.516846 0.361623 0.502258 0.372253
0 0.467289 0.458797 0.467528 0.459653 0.467559 0.459691 0.468119 0.460078 0.482926 0.461702 0.483526 0.461442 0.483816 0.460696 0.484243 0.453786 0.484061 0.453252 0.483688 0.452679 0.467887 0.450945 0.467418 0.451426 0.467315 0.453090
0 0.452759 0.491949 0.453124 0.493142 0.453806 0.494069 0.455839 0.495458 0.458437 0.496968 0.461253 0.497062 0.463767 0.497021 0.464661 0.496562 0.465345 0.495683 0.465566 0.495276 0.465939 0.494108 0.467137 0.489392 0.467570 0.483484 0.467573 0.482212 0.467206 0.481024 0.466527 0.480100 0.465637 0.479580 0.461509 0.478023 0.457550 0.477156 0.456583 0.477119 0.455686 0.477573 0.454997 0.478447 0.454801 0.478894 0.454426 0.480054 0.452809 0.485581 0.452765 0.490672
0 0.438563 0.440745 0.445306 0.460946 0.445556 0.461125 0.520965 0.416378 0.521062 0.415994 0.514319 0.395792
0 0.541680 0.606081 0.541872 0.606569 0.550083 0.608296 0.552672 0.586401 0.552431 0.586005 0.544257 0.584286
0 0.471301 0.491448 0.485108 0.505012 0.486334 0.505295 0.486396 0.505271 0.491815 0.463521 0.491777 0.463354 0.490552 0.463071 0.474128 0.469660
0 0.467935 0.387560 0.468063 0.388010 0.481095 0.401521 0.491228 0.384146 0.491193 0.383681 0.478110 0.370115
0 0.444319 0.506211 0.451239 0.526306 0.451434 0.526200 0.466445 0.517011 0.459553 0.496997 0.459390 0.496985
0 0.558951 0.519259 0.559834 0.519478 0.560105 0.519545 0.560954 0.519712 0.561387 0.519796 0.561815 0.519879 0.581414 0.523620 0.583793 0.501788 0.564631 0.497979 0.564210 0.497896 0.563781 0.497813 0.563348 0.497730 0.562918 0.497648 0.562499 0.497570 0.562224 0.497543 0.561598 0.497483 0.561326 0.497457 0.560851 0.501817
