0 0.555229 0.744652 0.555257 0.745643 0.555326 0.746220 0.556960 0.748611 0.564187 0.749877 0.570543 0.750849 0.573565 0.750524 0.573796 0.750213 0.574043 0.749039 0.574178 0.747887 0.574388 0.744518 0.574415 0.743048 0.574368 0.741002 0.574241 0.739629 0.573975 0.738863 0.569749 0.738405 0.564502 0.737890 0.557644 0.737580 0.557407 0.737633 0.555636 0.739536 0.555519 0.739983 0.555404 0.740874 0.555309 0.742072 0.555247 0.743399
0 0.501591 0.389883 0.502781 0.393873 0.505027 0.396951 0.507985 0.398649 0.511205 0.398709 0.514197 0.397121 0.516506 0.394127 0.517780 0.390183 0.517820 0.389931 0.517866 0.388278 0.517896 0.385431 0.516700 0.381425 0.514446 0.378335 0.512485 0.377209 0.511456 0.376842 0.510378 0.376609 0.508243 0.376570 0.505239 0.378164 0.502921 0.381170 0.502076 0.383785 0.501639 0.385327 0.501635 0.385589 0.501620 0.387047
0 0.512221 0.602876 0.512362 0.604065 0.512391 0.604307 0.516377 0.614118 0.545810 0.592856 0.541824 0.583045 0.541440 0.582283 0.541250 0.581906 0.539327 0.581673 0.539108 0.581686 0.538590 0.581937 0.537851 0.582389 0.537004 0.582972 0.515132 0.598771 0.514299 0.599402 0.513600 0.599989 0.513140 0.600444 0.512990 0.600698
0 0.481719 0.585672 0.482755 0.586595 0.484295 0.586854 0.489348 0.587703 0.499813 0.589461 0.509048 0.571030 0.509007 0.570705 0.500531 0.550882 0.499499 0.549962 0.481803 0.585279
0 0.586179 0.593292 0.586848 0.596060 0.587095 0.596518 0.587527 0.596801 0.593137 0.599149 0.597024 0.600428 0.597444 0.600394 0.597659 0.600051 0.598203 0.597669 0.598790 0.592367 0.598662 0.591925 0.598278 0.591647 0.594386 0.590547 0.588564 0.589401 0.588099 0.589408 0.587763 0.589684 0.586489 0.591844
0 0.232036 0.211526 0.233261 0.212845 0.261258 0.236178 0.265633 0.226846 0.264556 0.225591 0.236431 0.202151
0 0.496939 0.521784 0.500984 0.522991 0.505073 0.524128 0.506637 0.515024 0.508986 0.499621 0.500906 0.497293 0.500656 0.498826 0.498190 0.514040
0 0.584045 0.547640 0.593133 0.566278 0.597358 0.573873 0.598104 0.575214 0.598249 0.575270 0.598835 0.574879 0.599772 0.574100 0.600920 0.573051 0.602100 0.571893 0.603130 0.570806 0.603853 0.569956 0.604157 0.569474 0.603409 0.568130 0.599172 0.560523 0.588386 0.543464 0.588296 0.543470 0.588053 0.543664 0.587624 0.544030 0.587229 0.544382 0.586417 0.545148 0.585574 0.545975 0.584827 0.546739 0.584291 0.547324
0 0.397884 0.407358 0.397885 0.407423 0.398041 0.407939 0.398329 0.408830 0.398705 0.409958 0.399112 0.411150 0.399487 0.412224 0.399772 0.413015 0.399924 0.413403 0.401884 0.413463 0.402646 0.413017 0.424016 0.398108 0.423936 0.397837 0.423764 0.397300 0.423527 0.396579 0.423261 0.395784 0.423007 0.395038 0.422803 0.394453 0.422681 0.394120 0.422659 0.394088 0.399927 0.404959 0.399164 0.405405
0 0.576821 0.612198 0.576998 0.612456 0.586169 0.625256 0.592205 0.633479 0.598372 0.625430 0.592336 0.617207 0.582924 0.604721 0.582734 0.604481
0 0.511000 0.442184 0.523286 0.456885 0.534312 0.440504 0.534469 0.440230 0.522127 0.425462 0.511051 0.441919
0 0.408418 0.393485 0.408555 0.393929 0.408708 0.394407 0.408874 0.394911 0.409050 0.395433 0.409235 0.395970 0.417930 0.420901 0.418162 0.421222 0.433191 0.411993 0.425323 0.387779 0.425147 0.387246 0.424965 0.386711 0.424777 0.386176 0.424587 0.385651 0.424399 0.385145 0.424199 0.384946 0.423546 0.384298 0.411451 0.391643
