0 0.585160 0.422858 0.585871 0.423592 0.602180 0.423110 0.603170 0.378878 0.602376 0.378337 0.585955 0.378722
0 0.516518 0.552884 0.517073 0.555674 0.517271 0.556318 0.525852 0.563213 0.534472 0.544144 0.534078 0.543639 0.532664 0.542503 0.521334 0.546248 0.519089 0.547196 0.518966 0.547350 0.518667 0.547912 0.518237 0.548796 0.517742 0.549868 0.517256 0.550966 0.516853 0.551924 0.516594 0.552598
0 0.527592 0.466370 0.531265 0.487829 0.550578 0.481952 0.551163 0.481744 0.552219 0.479167 0.552246 0.478893 0.552184 0.478166 0.552043 0.477096 0.551844 0.475846 0.551617 0.474610 0.551399 0.473576 0.551221 0.472903 0.551111 0.472692 0.549305 0.470890 0.529539 0.465486 0.527911 0.465981
0 0.558775 0.505903 0.558784 0.506822 0.558834 0.507323 0.568208 0.510441 0.568329 0.510445 0.570449 0.509571 0.570572 0.508918 0.570705 0.507709 0.570829 0.506127 0.570925 0.504412 0.570979 0.502820 0.570983 0.501593 0.570935 0.500916 0.568935 0.499633 0.568816 0.499605 0.559198 0.500839 0.559092 0.501319 0.558981 0.502222 0.558882 0.503412 0.558809 0.504705
0 0.522732 0.496048 0.523746 0.496999 0.528475 0.501434 0.529488 0.502384 0.543576 0.513936 0.543646 0.513978 0.543829 0.513855 0.544032 0.513630 0.544542 0.512866 0.545146 0.511829 0.545752 0.510678 0.546265 0.509590 0.546608 0.508733 0.546727 0.508237 0.533830 0.494456 0.532816 0.493503 0.527064 0.488101 0.526936 0.488057 0.526499 0.488624 0.525821 0.489712 0.525004 0.491157 0.524171 0.492740 0.523447 0.494224 0.522942 0.495385
0 0.396836 0.416780 0.400538 0.427030 0.401984 0.431032 0.403331 0.431982 0.411141 0.435625 0.413874 0.425213 0.408797 0.411156 0.407526 0.409916 0.399607 0.406222
0 0.560893 0.469432 0.561672 0.491418 0.578162 0.490379 0.578476 0.490341 0.577693 0.468266 0.561137 0.469310
0 0.443719 0.455407 0.443776 0.456026 0.443955 0.457298 0.444017 0.457535 0.444742 0.459424 0.445780 0.460783 0.446974 0.461406 0.448138 0.461201 0.448976 0.460932 0.449935 0.459933 0.450878 0.458635 0.451366 0.457323 0.451501 0.455696 0.451264 0.454001 0.450689 0.452493 0.449865 0.451401 0.448913 0.450890 0.447483 0.450274 0.446316 0.450461 0.445480 0.450742 0.444512 0.451729 0.443893 0.453367
0 0.451848 0.610922 0.453763 0.613040 0.454252 0.613204 0.455027 0.613346 0.455970 0.613442 0.464289 0.614024 0.465253 0.614061 0.466088 0.614032 0.466666 0.613942 0.466899 0.613805 0.468504 0.612087 0.468793 0.611061 0.468872 0.609835 0.469218 0.601043 0.469304 0.598845 0.469312 0.597858 0.452808 0.596704 0.452372 0.597597
0 0.552831 0.469642 0.553058 0.479027 0.553277 0.485749 0.553491 0.491747 0.553653 0.491758 0.554405 0.491728 0.555714 0.491663 0.556735 0.491607 0.559269 0.491457 0.560219 0.491396 0.561333 0.491319 0.561847 0.491274 0.561880 0.486958 0.561128 0.469150 0.559392 0.466877 0.559277 0.466860 0.558800 0.466868 0.558032 0.466900 0.557090 0.466952 0.556121 0.467014 0.555271 0.467078 0.554672 0.467133 0.554414 0.467172
0 0.542076 0.620943 0.542661 0.622625 0.551028 0.622864 0.551207 0.611708 0.550505 0.610176 0.542253 0.609941
0 0.646772 0.686282 0.647108 0.686709 0.647362 0.687031 0.655544 0.688783 0.658173 0.666964 0.657540 0.666296 0.649391 0.664550
0 0.549460 0.378490 0.550740 0.382635 0.555182 0.397011 0.557072 0.403127 0.558353 0.407271 0.573592 0.415732 0.576701 0.414025 0.595178 0.403875 0.595615 0.403433 0.598803 0.393227 0.552874 0.367726 0.552633 0.368331
0 0.427688 0.439370 0.428024 0.439652 0.429340 0.440756 0.442546 0.440880 0.445848 0.440911 0.445988 0.414499 0.445740 0.414106 0.444982 0.412906 0.444724 0.412499 0.443180 0.410440 0.442337 0.410432 0.429696 0.410313 0.427830 0.412340
