0 0.455693 0.430012 0.455833 0.452177 0.456036 0.452396 0.555321 0.451282 0.555576 0.451058 0.555436 0.428893
0 0.453551 0.561816 0.455020 0.572670 0.457027 0.572634 0.463488 0.570197 0.462030 0.559384 0.460020 0.559466
0 0.422131 0.586500 0.422154 0.587074 0.424546 0.593557 0.424877 0.593942 0.425311 0.593909 0.428772 0.591639 0.433942 0.588163 0.434278 0.587738 0.434600 0.587264 0.434695 0.586653 0.434447 0.583101 0.432458 0.580624 0.432030 0.580336 0.431562 0.580406 0.426468 0.583247 0.422917 0.585295 0.422624 0.585710
0 0.459536 0.520885 0.461551 0.531036 0.471478 0.539445 0.479315 0.537640 0.481556 0.532867 0.479448 0.522623 0.472275 0.516546 0.469474 0.514174 0.461532 0.515905
0 0.531872 0.677080 0.531943 0.677239 0.532345 0.677603 0.533015 0.678117 0.533853 0.678701 0.534729 0.679268 0.535510 0.679729 0.536075 0.680014 0.536338 0.680079 0.537845 0.678439 0.538203 0.677432 0.547075 0.647306 0.547014 0.647227 0.546736 0.647011 0.546283 0.646690 0.545724 0.646314 0.545145 0.645939 0.544632 0.645623 0.544263 0.645413 0.544095 0.645340 0.532248 0.673440 0.531890 0.674445
0 0.428704 0.517242 0.439644 0.582119 0.455863 0.577257 0.456066 0.576903 0.445176 0.512323 0.444923 0.512380
0 0.464722 0.510743 0.473965 0.529032 0.474129 0.529050 0.474480 0.528875 0.474965 0.528533 0.492216 0.515140 0.492749 0.514692 0.493267 0.514194 0.493690 0.513723 0.493954 0.513348 0.494019 0.513128 0.484817 0.495132 0.484665 0.495085 0.484327 0.495232 0.483853 0.495552 0.466491 0.508701 0.465944 0.509154 0.465424 0.509658 0.465008 0.510138 0.464762 0.510519
0 0.414212 0.389279 0.415719 0.390017 0.434645 0.398417 0.437232 0.398803 0.438401 0.397093 0.438826 0.396445 0.439252 0.395445 0.439614 0.394246 0.439855 0.393031 0.439939 0.391987 0.439867 0.388251 0.421678 0.379191 0.416822 0.378827
0 0.415775 0.569377 0.416272 0.573094 0.416677 0.576021 0.417199 0.577109 0.417993 0.577848 0.418939 0.578125 0.422886 0.579243 0.427211 0.578344 0.428165 0.578117 0.428981 0.577421 0.429153 0.577233 0.429706 0.576177 0.429913 0.574918 0.430445 0.569602 0.430077 0.563915 0.429908 0.562647 0.429387 0.561562 0.428594 0.560825 0.427651 0.560549 0.423351 0.559759 0.419398 0.560330 0.418447 0.560556 0.418249 0.560703 0.417433 0.561399 0.416879 0.562459 0.416671 0.563720
0 0.573866 0.538453 0.583380 0.556441 0.583763 0.556700 0.590539 0.550329 0.580982 0.532258 0.580612 0.532111
0 0.555807 0.594808 0.556017 0.599205 0.556858 0.616794 0.557733 0.617458 0.558002 0.617661 0.558424 0.617650 0.558857 0.617628 0.559293 0.617597 0.559725 0.617556 0.560151 0.617506 0.579508 0.615034 0.578456 0.593018 0.578079 0.592824 0.557774 0.594550 0.557340 0.594590 0.556923 0.594636 0.556524 0.594689 0.556150 0.594746
0 0.447564 0.588220 0.455234 0.607824 0.469938 0.597596 0.470058 0.597206 0.462418 0.577680 0.447774 0.587867
0 0.583573 0.423198 0.587880 0.432620 0.589105 0.431680 0.617765 0.408392 0.613398 0.398839 0.584738 0.422127 0.584346 0.422487
0 0.487732 0.558191 0.498690 0.574696 0.504021 0.568837 0.506002 0.566044 0.506061 0.565490 0.505767 0.564780 0.495917 0.549944 0.495436 0.549488 0.495047 0.549544 0.493993 0.550737 0.488227 0.557543
0 0.537602 0.590847 0.556206 0.622697 0.558678 0.621122 0.564796 0.614398 0.553317 0.577777 0.552289 0.576037 0.548716 0.576094 0.548283 0.576375 0.547637 0.576928 0.546878 0.577668 0.546121 0.578483 0.540064 0.585335 0.539431 0.586091 0.539017 0.586677 0.538884 0.587004
0 0.478629 0.647090 0.479885 0.649488 0.492118 0.653734 0.492934 0.654017 0.494978 0.652765 0.500085 0.626607 0.500085 0.626017 0.500084 0.624281 0.500083 0.623713 0.496888 0.622604 0.484108 0.618168 0.479117 0.643728 0.479021 0.644388 0.478728 0.646405
0 0.408022 0.406774 0.443050 0.454012 0.443910 0.453428 0.449442 0.445770 0.448876 0.414503 0.437148 0.398689 0.414466 0.398604 0.413473 0.398945
