0 0.447069 0.580132 0.448120 0.581862 0.451274 0.587052 0.453377 0.590511 0.479324 0.562475 0.479560 0.561760 0.473324 0.551500 0.470770 0.551363 0.470662 0.551454 0.470276 0.551848 0.469672 0.552486 0.468942 0.553269 0.449660 0.574104 0.448909 0.574921 0.448245 0.575653 0.447768 0.576191 0.447552 0.576450
0 0.432604 0.466543 0.432758 0.466620 0.432874 0.466677 0.440893 0.469307 0.444839 0.447921 0.444617 0.447712 0.438176 0.445599 0.436565 0.445071
0 0.498691 0.488205 0.498796 0.488335 0.499075 0.488665 0.499486 0.489143 0.499966 0.489699 0.509341 0.500498 0.520169 0.483808 0.520217 0.483682 0.513928 0.476436 0.510303 0.472311 0.509895 0.471861 0.509623 0.471577 0.509528 0.471502 0.506734 0.474121 0.500232 0.484142
0 0.499612 0.265334 0.499619 0.269644 0.499621 0.270697 0.505681 0.295844 0.518255 0.290457 0.521398 0.289110 0.521898 0.284177 0.515696 0.258442 0.513539 0.257554 0.500702 0.263054
0 0.411556 0.573361 0.411618 0.574132 0.411792 0.575220 0.412052 0.576457 0.412359 0.577654 0.412665 0.578627 0.412924 0.579228 0.414782 0.581247 0.424350 0.577283 0.425215 0.576399 0.422765 0.565890 0.413307 0.569809 0.412304 0.570616 0.411617 0.573023
0 0.501343 0.697567 0.501390 0.698074 0.501519 0.698997 0.501712 0.700196 0.501938 0.701488 0.502163 0.702674 0.502353 0.703571 0.502478 0.704044 0.504652 0.706805 0.524124 0.700497 0.523848 0.698205 0.519951 0.676817 0.518347 0.677336 0.502650 0.693747
0 0.406749 0.427917 0.406840 0.430070 0.407542 0.432013 0.408749 0.433450 0.408906 0.433565 0.410430 0.434276 0.412042 0.434155 0.413497 0.433220 0.414573 0.431614 0.415106 0.429582 0.415016 0.427432 0.414315 0.425492 0.413110 0.424058 0.412961 0.423927 0.411434 0.423215 0.409819 0.423336 0.408361 0.424272 0.407283 0.425881
0 0.280647 0.439798 0.296517 0.446400 0.297449 0.446645 0.299914 0.436114 0.284117 0.429542 0.283123 0.429218
0 0.459743 0.523382 0.478348 0.558099 0.479362 0.557132 0.484023 0.545390 0.487404 0.536871 0.487462 0.536702 0.477841 0.518750 0.460937 0.522312 0.460757 0.522415
0 0.603332 0.453382 0.603373 0.457784 0.603455 0.466587 0.605733 0.468858 0.605783 0.468896 0.606203 0.468922 0.606929 0.468931 0.607851 0.468924 0.632668 0.468513 0.633652 0.468489 0.634558 0.468452 0.635247 0.468408 0.635615 0.468363 0.638046 0.465648 0.637921 0.452290 0.604526 0.452843
0 0.493396 0.583588 0.493426 0.586643 0.493673 0.586984 0.494256 0.587129 0.509116 0.587206 0.509702 0.587067 0.509953 0.586729 0.510026 0.583674 0.509994 0.573731 0.493462 0.573645
0 0.454079 0.384365 0.458218 0.405777 0.458385 0.406154 0.474380 0.400658 0.470257 0.379332 0.470138 0.378847
0 0.562951 0.461588 0.563009 0.462073 0.563174 0.462270 0.577965 0.469366 0.578223 0.469249 0.578524 0.468832 0.578821 0.468177 0.579068 0.467385 0.586014 0.440176 0.586174 0.439372 0.586220 0.438684 0.586145 0.438217 0.585962 0.438042 0.571216 0.430764 0.570963 0.430913 0.570667 0.431360 0.570373 0.432034 0.569049 0.435959 0.563705 0.456893 0.563008 0.460887
0 0.463958 0.484294 0.464026 0.485588 0.464170 0.486784 0.464367 0.487699 0.464587 0.488194 0.473948 0.489455 0.474277 0.489454 0.476214 0.488175 0.476419 0.487518 0.476538 0.486305 0.476553 0.484721 0.476462 0.483005 0.476280 0.481415 0.476033 0.480190 0.475758 0.479517 0.473708 0.478638 0.473377 0.478616 0.464245 0.481708 0.464077 0.482194 0.463976 0.483102
