0 0.469948 0.692759 0.470514 0.694853 0.472213 0.701137 0.473346 0.705326 0.504764 0.690225 0.504709 0.688050 0.501351 0.675627 0.499022 0.675029 0.498516 0.675077 0.497759 0.675311 0.496866 0.675695 0.489084 0.679435 0.473518 0.686916 0.472618 0.687395 0.471839 0.687899 0.471300 0.688353 0.471084 0.688687 0.470291 0.690555
0 0.535528 0.438781 0.535821 0.440898 0.536700 0.442703 0.538030 0.443922 0.539609 0.444370 0.541197 0.443979 0.542550 0.442807 0.542624 0.442708 0.543540 0.440932 0.543876 0.438823 0.543582 0.436703 0.542702 0.434895 0.541369 0.433673 0.539788 0.433224 0.538198 0.433617 0.536842 0.434791 0.536778 0.434903 0.535864 0.436676
0 0.442077 0.599818 0.443605 0.600717 0.445133 0.601615 0.447730 0.599954 0.447874 0.599591 0.448149 0.598823 0.448513 0.597766 0.448910 0.596582 0.465612 0.546126 0.465986 0.544979 0.466287 0.544030 0.466467 0.543421 0.466500 0.543248 0.465751 0.540041 0.462730 0.538264 0.462305 0.538710 0.461206 0.541783 0.455661 0.557296 0.454522 0.560484 0.447620 0.581335 0.446808 0.584041
0 0.414991 0.551289 0.420609 0.559457 0.420973 0.559185 0.433169 0.544272 0.427577 0.536141 0.427244 0.536308
0 0.525160 0.414002 0.528169 0.435644 0.544400 0.431633 0.544604 0.431319 0.541582 0.409578 0.525276 0.413608
0 0.561166 0.568799 0.561446 0.569116 0.574405 0.582913 0.595102 0.548356 0.582143 0.534558 0.581767 0.534400
0 0.724560 0.774106 0.727156 0.777275 0.754941 0.790847 0.756607 0.790992 0.757922 0.786130 0.758053 0.784933 0.758595 0.773850 0.758589 0.772505 0.758448 0.771224 0.758193 0.770200 0.757694 0.768774 0.754749 0.765703 0.725097 0.763124
0 0.519030 0.532424 0.528837 0.550196 0.528970 0.550427 0.569142 0.511021 0.559290 0.493166 0.559019 0.493198
0 0.543085 0.435328 0.543650 0.438550 0.545344 0.448199 0.546894 0.452208 0.547116 0.452238 0.547548 0.452181 0.548124 0.452046 0.552893 0.450592 0.560890 0.447887 0.557168 0.426371 0.556596 0.426117 0.544476 0.430081 0.543883 0.430297 0.543420 0.430501 0.543155 0.430662 0.543131 0.430756
0 0.483749 0.527601 0.491379 0.539631 0.499191 0.541292 0.502712 0.536829 0.502906 0.526492 0.495311 0.514519 0.487580 0.512972 0.483872 0.517141
0 0.502921 0.743246 0.502935 0.744364 0.506153 0.754553 0.536720 0.737388 0.536552 0.736303 0.533349 0.726161
0 0.458813 0.588275 0.464137 0.609203 0.479832 0.602104 0.479913 0.601696 0.474611 0.580852 0.458977 0.587922
0 0.467224 0.548460 0.473584 0.569692 0.474471 0.570831 0.475683 0.569948 0.494976 0.539761 0.494074 0.538618 0.481984 0.533478 0.478363 0.531939 0.477155 0.532664
0 0.467930 0.463409 0.468333 0.474412 0.469864 0.474338 0.489787 0.473040 0.493127 0.472532 0.493655 0.469417 0.493834 0.468305 0.493865 0.467021 0.493741 0.465763 0.492720 0.461424 0.474223 0.462176
0 0.464836 0.429271 0.464997 0.429595 0.540815 0.473769 0.541003 0.473648 0.547660 0.453337 0.471493 0.408959
0 0.581334 0.611963 0.581545 0.612390 0.587002 0.617475 0.587602 0.618003 0.592843 0.622302 0.595637 0.624576 0.597930 0.623994 0.598314 0.623676 0.598825 0.622979 0.599386 0.622008 0.599910 0.620912 0.600316 0.619860 0.600543 0.619013 0.602332 0.609459 0.602291 0.608994 0.602090 0.608355 0.601761 0.607640 0.601354 0.606957 0.600931 0.606412 0.600557 0.606088 0.600288 0.606033 0.586192 0.603205 0.585463 0.603548 0.584954 0.604197 0.583984 0.605773 0.583040 0.607587 0.581909 0.610153
0 0.525926 0.389420 0.531433 0.410170 0.546996 0.402827 0.547211 0.402380 0.541679 0.381536 0.526045 0.388912
0 0.590595 0.684400 0.591643 0.686532 0.607134 0.703479 0.609199 0.702162 0.609665 0.701831 0.610261 0.701147 0.610897 0.700214 0.616181 0.691627 0.616757 0.690591 0.617183 0.689614 0.617395 0.688844 0.617726 0.686267 0.616514 0.684348 0.603619 0.670176 0.601066 0.667384
