0 0.439694 0.652823 0.440363 0.656704 0.449656 0.661780 0.450234 0.659928 0.462777 0.619097 0.455121 0.614916 0.453590 0.614080 0.451055 0.615896 0.450918 0.616284 0.450657 0.617084 0.450312 0.618175 0.449935 0.619389 0.443606 0.639992 0.440442 0.650294 0.440094 0.651437 0.439832 0.652325
0 0.487911 0.407117 0.488611 0.410748 0.497052 0.417658 0.505690 0.398900 0.505755 0.397732 0.504332 0.396567 0.492848 0.400229 0.490517 0.401458 0.490406 0.401543 0.490112 0.402048 0.489680 0.402895 0.489177 0.403956 0.488680 0.405068 0.488264 0.406060 0.487995 0.406779
0 0.421562 0.482838 0.421601 0.483001 0.424583 0.485224 0.426980 0.486092 0.434174 0.488695 0.437586 0.488786 0.437677 0.488619 0.437819 0.488154 0.437991 0.487461 0.438167 0.486647 0.441325 0.470676 0.425352 0.464896 0.424992 0.464811 0.422831 0.475512 0.421844 0.480863 0.421694 0.481681 0.421594 0.482375
0 0.439085 0.536741 0.439416 0.538852 0.440328 0.540634 0.441681 0.541816 0.443271 0.542216 0.444854 0.541775 0.444949 0.541703 0.446283 0.540490 0.447167 0.538689 0.447468 0.536573 0.447137 0.534465 0.446228 0.532686 0.444876 0.531507 0.443290 0.531107 0.441709 0.531547 0.441608 0.531602 0.440272 0.532817 0.439386 0.534622
0 0.469213 0.547364 0.470781 0.548085 0.477052 0.550967 0.477105 0.550850 0.477144 0.550763 0.482527 0.529942 0.474719 0.526354 0.474675 0.526399 0.474617 0.526460
0 0.467012 0.629664 0.471665 0.638901 0.495539 0.618866 0.499506 0.612793 0.499017 0.609831 0.498694 0.608747 0.498209 0.607627 0.497633 0.606641 0.497055 0.605937 0.494900 0.603652 0.493589 0.604762 0.469307 0.626511
0 0.569201 0.438986 0.582041 0.452904 0.582419 0.452687 0.587662 0.444087 0.574763 0.430105 0.574420 0.430426
0 0.493365 0.422034 0.493457 0.422364 0.493700 0.423096 0.494058 0.424118 0.494476 0.425276 0.494891 0.426395 0.495240 0.427306 0.495472 0.427871 0.495549 0.428003 0.497874 0.429367 0.500842 0.427438 0.500851 0.426599 0.497191 0.416593 0.494189 0.418545
0 0.547347 0.776217 0.547565 0.777488 0.586605 0.875332 0.601282 0.864921 0.600817 0.863249 0.561956 0.765854
0 0.461017 0.429684 0.461140 0.430080 0.461477 0.430866 0.461777 0.431499 0.462214 0.432394 0.462566 0.433092 0.463149 0.434189 0.463640 0.435047 0.463962 0.435535 0.464068 0.435581 0.478342 0.424334 0.484171 0.419062 0.485200 0.418131 0.484986 0.417606 0.484488 0.416540 0.483781 0.415096 0.482973 0.413490 0.482185 0.411964 0.481534 0.410748 0.481121 0.410026 0.481009 0.409910 0.475169 0.415199 0.474139 0.416132
0 0.496761 0.435898 0.497275 0.440109 0.498960 0.443702 0.499017 0.443796 0.501616 0.446228 0.504732 0.447133 0.507098 0.447069 0.508173 0.446811 0.509102 0.446026 0.510618 0.444074 0.512499 0.440573 0.513250 0.436402 0.513218 0.434023 0.513049 0.432588 0.512480 0.431360 0.511081 0.428584 0.511017 0.428500 0.508422 0.426046 0.505299 0.425123 0.502124 0.425876 0.499385 0.428190 0.497502 0.431711
0 0.538340 0.442778 0.554599 0.446663 0.554818 0.446449 0.557744 0.424684 0.541420 0.420783 0.541254 0.421100
0 0.517191 0.210304 0.521745 0.231460 0.531265 0.227817 0.532683 0.223476 0.532674 0.222868 0.532561 0.221863 0.532362 0.220616 0.532107 0.219317 0.529809 0.208641 0.529537 0.207492 0.529291 0.206674 0.529109 0.206309 0.527021 0.203270 0.517390 0.206955
0 0.593183 0.464406 0.593299 0.466554 0.594022 0.468479 0.595243 0.469888 0.596776 0.470567 0.598387 0.470412 0.598556 0.470361 0.600002 0.469395 0.601061 0.467764 0.601571 0.465717 0.601455 0.463566 0.600730 0.461638 0.599507 0.460226 0.597972 0.459546 0.596359 0.459701 0.596193 0.459770 0.594749 0.460735 0.593692 0.462363
