0 0.506875 0.514241 0.510714 0.526415 0.511227 0.527681 0.519201 0.523211 0.519339 0.517957 0.519289 0.517740 0.519094 0.517072 0.518784 0.516053 0.518405 0.514840 0.518016 0.513618 0.517677 0.512577 0.517439 0.511874 0.517339 0.511616 0.516936 0.511346 0.516741 0.511216 0.512353 0.508723 0.512162 0.508809 0.511652 0.509078 0.510901 0.509487 0.510023 0.509975 0.509150 0.510469 0.508414 0.510893 0.507926 0.511184 0.507762 0.511297
0 0.438580 0.589966 0.441452 0.598323 0.443396 0.603634 0.445191 0.608537 0.446267 0.609188 0.447944 0.608667 0.450480 0.607248 0.452037 0.605959 0.452755 0.604304 0.452507 0.602785 0.451114 0.598192 0.446305 0.585644 0.445580 0.584601 0.443269 0.581796 0.442768 0.581585 0.442159 0.581598 0.441534 0.581832 0.440990 0.582252 0.440609 0.582793 0.438907 0.588335
0 0.495774 0.628644 0.511853 0.633846 0.511893 0.633800 0.511986 0.633435 0.512119 0.632804 0.512872 0.628930 0.516787 0.607417 0.517501 0.603230 0.517619 0.602482 0.517691 0.601941 0.517705 0.601688 0.501626 0.596486 0.501595 0.596564 0.501509 0.596957 0.501382 0.597602 0.501233 0.598404 0.496173 0.626211 0.496023 0.627052 0.495895 0.627809 0.495807 0.628368
0 0.479216 0.593878 0.480286 0.594724 0.497393 0.596356 0.505849 0.577335 0.505822 0.576982 0.501937 0.568935 0.497415 0.559570 0.496580 0.557843 0.495515 0.557001 0.479311 0.593449
0 0.403459 0.530947 0.406767 0.532009 0.416691 0.535195 0.420000 0.536257 0.422199 0.535261 0.426072 0.513813 0.422855 0.512780 0.409986 0.508648 0.407441 0.508893 0.404255 0.526536
0 0.358880 0.616773 0.359133 0.617298 0.359841 0.618133 0.360894 0.619152 0.362132 0.620197 0.363363 0.621107 0.364397 0.621743 0.365077 0.622007 0.365300 0.621861 0.365979 0.620450 0.369821 0.612458 0.377959 0.592981 0.377835 0.592775 0.377541 0.592406 0.377227 0.592064 0.376465 0.591351 0.375581 0.590604 0.374707 0.589936 0.373977 0.589449 0.373501 0.589215 0.373352 0.589273 0.363414 0.607355 0.362734 0.608767 0.359560 0.615360
0 0.414771 0.357773 0.415700 0.361902 0.416037 0.362455 0.417743 0.365243 0.418073 0.365782 0.419945 0.367127 0.420908 0.367818 0.421996 0.367966 0.424112 0.368252 0.427197 0.367018 0.429693 0.364304 0.430701 0.361807 0.431219 0.360523 0.431330 0.359073 0.431545 0.356251 0.430620 0.352138 0.430341 0.351545 0.428297 0.348204 0.426417 0.346854 0.425578 0.346424 0.424358 0.346012 0.422233 0.345724 0.419136 0.346963 0.416631 0.349688 0.415618 0.352194 0.415243 0.353735 0.414986 0.354940
0 0.430237 0.446374 0.431831 0.447599 0.434978 0.448934 0.450652 0.455557 0.452610 0.453957 0.452729 0.453777 0.452945 0.453144 0.453225 0.452156 0.453525 0.450961 0.453801 0.449741 0.454011 0.448680 0.454123 0.447938 0.454120 0.447628 0.453211 0.445121 0.452117 0.443837 0.432798 0.435641
0 0.580261 0.389460 0.580398 0.394795 0.580433 0.396089 0.580836 0.397265 0.581547 0.398147 0.583605 0.399213 0.586252 0.400528 0.590642 0.400363 0.591612 0.400317 0.592495 0.399779 0.592721 0.399534 0.593384 0.398584 0.593724 0.397368 0.594770 0.392294 0.595050 0.386427 0.595015 0.385131 0.594611 0.383951 0.593898 0.383067 0.592986 0.382614 0.588766 0.381200 0.584781 0.380846 0.583808 0.380892 0.582924 0.381432 0.582721 0.381721 0.582060 0.382668 0.581721 0.383881
0 0.490045 0.451379 0.490565 0.455633 0.490571 0.455662 0.492271 0.459325 0.494021 0.461100 0.494909 0.461952 0.495973 0.462286 0.498038 0.462827 0.501227 0.462134 0.503974 0.459867 0.505204 0.457682 0.505843 0.456498 0.506094 0.455079 0.506600 0.452178 0.506605 0.452147 0.506084 0.447893 0.504383 0.444228 0.501759 0.441711 0.498613 0.440723 0.495422 0.441417 0.492673 0.443686 0.490785 0.447184
0 0.393306 0.463155 0.472878 0.495197 0.473002 0.495219 0.477786 0.474097 0.477684 0.473978 0.398112 0.441936
0 0.461728 0.623700 0.471720 0.624682 0.473867 0.621941 0.473916 0.621529 0.473984 0.620677 0.474063 0.619516 0.474140 0.618222 0.475357 0.596221 0.475965 0.585220 0.476029 0.583979 0.476070 0.582970 0.476083 0.582346 0.476065 0.582202 0.474471 0.579356 0.471179 0.579032 0.467886 0.578708 0.464593 0.578384 0.464184 0.579290
0 0.466776 0.419963 0.467450 0.422538 0.467821 0.423422 0.470790 0.425348 0.478009 0.405553 0.477756 0.404462 0.474752 0.402514 0.472584 0.404037 0.472465 0.404137 0.472198 0.404679 0.471822 0.405579 0.471397 0.406701 0.467754 0.416690 0.467344 0.417858 0.467015 0.418891 0.466815 0.419630
0 0.527448 0.497842 0.535083 0.502040 0.535337 0.502054 0.535460 0.501753 0.535695 0.501030 0.541410 0.482552 0.541620 0.481834 0.541680 0.481546 0.540142 0.480701 0.533803 0.477443 0.533745 0.477482
0 0.491380 0.475571 0.492285 0.478700 0.492471 0.478824 0.492977 0.479120 0.493728 0.479544 0.494608 0.480030 0.502261 0.484219 0.503140 0.484696 0.503888 0.485093 0.504391 0.485349 0.504572 0.485426 0.506747 0.484164 0.506810 0.484018 0.510611 0.471674 0.509851 0.471218 0.495948 0.463607 0.495181 0.463227
