0 0.579139 0.382775 0.579282 0.383305 0.579694 0.384059 0.580313 0.384925 0.581044 0.385769 0.581777 0.386466 0.582403 0.386910 0.582825 0.387033 0.584550 0.386028 0.584758 0.385735 0.585294 0.384910 0.599505 0.359695 0.599427 0.359323 0.599164 0.358803 0.598757 0.358216 0.598268 0.357651 0.597772 0.357195 0.597345 0.356917 0.597052 0.356860 0.580373 0.379225 0.580172 0.379529 0.579637 0.380352
0 0.474968 0.475502 0.474986 0.476354 0.475091 0.477088 0.475269 0.477592 0.475492 0.477791 0.491032 0.478559 0.491255 0.478420 0.491454 0.477965 0.491601 0.477264 0.492066 0.473145 0.492807 0.451014 0.492623 0.446761 0.492525 0.446010 0.492358 0.445480 0.492148 0.445254 0.476599 0.444737 0.476366 0.444846 0.476157 0.445275 0.476004 0.445959 0.475930 0.446793
0 0.481790 0.178837 0.482263 0.186717 0.483919 0.213220 0.484028 0.214947 0.492262 0.214033 0.491517 0.198671 0.490102 0.177914 0.485914 0.178152
0 0.463291 0.443526 0.463672 0.445622 0.464625 0.447364 0.464686 0.447455 0.466065 0.448576 0.467660 0.448909 0.469230 0.448402 0.470534 0.447133 0.471375 0.445295 0.471625 0.443167 0.471245 0.441075 0.471195 0.440973 0.470242 0.439231 0.468861 0.438107 0.467262 0.437774 0.465690 0.438282 0.464383 0.439553 0.463541 0.441395
0 0.566839 0.475607 0.582315 0.483420 0.582694 0.483344 0.588581 0.462615 0.573034 0.454765 0.572699 0.454972
0 0.475923 0.412681 0.480179 0.429487 0.481463 0.434554 0.481548 0.434856 0.498055 0.437912 0.507810 0.418968 0.507982 0.417317 0.508019 0.416933 0.476096 0.411023
0 0.411187 0.548746 0.411211 0.548776 0.413139 0.551183 0.413580 0.551315 0.414321 0.551465 0.415250 0.551610 0.423535 0.552756 0.424507 0.552873 0.425369 0.552945 0.425990 0.552960 0.426276 0.552916 0.428520 0.550515 0.430564 0.524243 0.414144 0.521973 0.413151 0.522226 0.412807 0.526656
0 0.413726 0.605477 0.414443 0.609684 0.416313 0.613203 0.417243 0.613984 0.419051 0.615502 0.422240 0.616227 0.425395 0.615271 0.427139 0.613624 0.428035 0.612777 0.428200 0.612519 0.428906 0.611091 0.430040 0.608690 0.430582 0.604455 0.429868 0.600265 0.428638 0.597950 0.427881 0.596926 0.427079 0.595982 0.425278 0.594470 0.422101 0.593747 0.418959 0.594700 0.417223 0.596340 0.416186 0.597351 0.415994 0.597574 0.415408 0.598814 0.414270 0.601225
0 0.435879 0.442644 0.442704 0.449056 0.443359 0.449638 0.449064 0.438843 0.448430 0.435293 0.448207 0.435062 0.447706 0.434574 0.447004 0.433902 0.446209 0.433150 0.445441 0.432433 0.444820 0.431862 0.444440 0.431523 0.444358 0.431468 0.441650 0.431723
0 0.423925 0.648248 0.424478 0.651951 0.424910 0.654691 0.425448 0.655765 0.426253 0.656482 0.428405 0.657186 0.431182 0.657922 0.433959 0.657185 0.436427 0.656480 0.437232 0.655762 0.437770 0.654689 0.437779 0.654667 0.437921 0.654313 0.438110 0.653049 0.438579 0.647906 0.438109 0.642044 0.437920 0.640781 0.437383 0.639710 0.436580 0.638994 0.435632 0.638743 0.431338 0.638254 0.427378 0.638745 0.426430 0.638996 0.425627 0.639712 0.425446 0.640052 0.424908 0.641126 0.424719 0.642392
0 0.506826 0.610932 0.507019 0.614068 0.508571 0.618105 0.513229 0.630216 0.514782 0.634253 0.526893 0.625973 0.529921 0.623902 0.529098 0.620496 0.521549 0.600865 0.509770 0.608918
0 0.474728 0.374293 0.474844 0.374870 0.500115 0.479919 0.515872 0.473180 0.515945 0.473057 0.490558 0.367524
0 0.499719 0.586249 0.516286 0.586889 0.516767 0.564800 0.516700 0.564540 0.500199 0.563902 0.499720 0.585904
0 0.473573 0.553170 0.474588 0.555882 0.474730 0.556052 0.475202 0.556390 0.475933 0.556843 0.476811 0.557344 0.484514 0.561573 0.485402 0.562042 0.486162 0.562407 0.486677 0.562611 0.486870 0.562625 0.489014 0.561647 0.500459 0.524589 0.500453 0.524308 0.492821 0.520117 0.474504 0.550527 0.474209 0.551111
0 0.343825 0.357799 0.344539 0.358449 0.377121 0.365561 0.379788 0.343839 0.379236 0.343122 0.346504 0.335978
0 0.412554 0.430334 0.412580 0.432490 0.413224 0.434468 0.414386 0.435967 0.414533 0.436077 0.416035 0.436867 0.417649 0.436831 0.419130 0.435974 0.420252 0.434427 0.420845 0.432426 0.420818 0.430274 0.420175 0.428299 0.419015 0.426803 0.418876 0.426677 0.417372 0.425885 0.415755 0.425921 0.414272 0.426779 0.413147 0.428329
0 0.359327 0.173729 0.360508 0.184666 0.361066 0.185927 0.377406 0.182790 0.377171 0.180612 0.376465 0.174076 0.376229 0.171897 0.375946 0.171146 0.375732 0.170580
0 0.507341 0.385412 0.508108 0.389092 0.516924 0.395111 0.520686 0.385315 0.521170 0.382632 0.512147 0.376473 0.509723 0.378100 0.509648 0.378164 0.509410 0.378676 0.509043 0.379557 0.508604 0.380673 0.508161 0.381853 0.507782 0.382915 0.507524 0.383697 0.507426 0.384080
