0 0.491285 0.509716 0.500340 0.515400 0.502642 0.514328 0.502726 0.514118 0.502959 0.513481 0.503307 0.512513 0.503715 0.511363 0.507263 0.501314 0.507669 0.500160 0.508008 0.499183 0.508229 0.498532 0.508299 0.498305 0.507445 0.495279 0.498390 0.489595 0.498033 0.490590 0.497321 0.492605 0.495187 0.498648 0.492342 0.506706 0.491631 0.508720
0 0.507649 0.393411 0.507666 0.393458 0.507890 0.393677 0.508285 0.394035 0.508794 0.394479 0.509337 0.394940 0.509833 0.395349 0.510208 0.395644 0.510403 0.395780 0.524675 0.369773 0.525120 0.368834 0.525382 0.366237 0.525381 0.366131 0.525066 0.365766 0.524484 0.365198 0.523724 0.364513 0.522902 0.363815 0.522145 0.363213 0.521569 0.362798 0.521261 0.362634 0.519625 0.364035 0.519179 0.364977
0 0.570098 0.616795 0.570120 0.618093 0.570176 0.619255 0.570256 0.620107 0.570350 0.620519 0.572538 0.623432 0.592576 0.623319 0.592506 0.601055 0.591449 0.599900 0.589798 0.599909 0.571674 0.611016 0.570237 0.613980 0.570161 0.614571 0.570112 0.615559
0 0.466808 0.562155 0.499549 0.569872 0.500996 0.558959 0.500992 0.558689 0.468401 0.551007 0.468255 0.551241
0 0.474189 0.505078 0.474191 0.505333 0.474265 0.506047 0.474401 0.507112 0.474577 0.508366 0.474766 0.509615 0.474939 0.510668 0.475071 0.511364 0.475140 0.511597 0.477057 0.513398 0.486846 0.522200 0.488485 0.521775 0.488617 0.521526 0.485466 0.499920 0.485298 0.499919 0.475463 0.502470
0 0.405385 0.477473 0.405409 0.477573 0.406867 0.479856 0.416094 0.483963 0.416301 0.483604 0.416653 0.482858 0.417096 0.481837 0.417561 0.480698 0.417977 0.479617 0.418281 0.478758 0.418427 0.478253 0.418391 0.478177 0.410723 0.470206 0.408499 0.469851 0.408235 0.470351 0.407778 0.471359 0.407197 0.472721 0.406580 0.474232 0.406019 0.475664 0.405600 0.476802
0 0.415456 0.455430 0.415560 0.455986 0.416238 0.456573 0.416608 0.456851 0.420435 0.457389 0.425898 0.458059 0.426358 0.457940 0.426702 0.457495 0.428052 0.454344 0.427509 0.450861 0.427285 0.450317 0.426852 0.449975 0.426440 0.449704 0.420751 0.448446 0.416960 0.447662 0.416540 0.447803 0.416309 0.448302
0 0.577052 0.571797 0.577056 0.571911 0.577271 0.572427 0.577663 0.573264 0.578173 0.574296 0.578723 0.575366 0.579232 0.576314 0.579621 0.576996 0.579832 0.577307 0.580761 0.578206 0.583665 0.579197 0.592076 0.571653 0.587361 0.562308 0.585364 0.560884 0.577146 0.568255
0 0.471757 0.448796 0.474785 0.457320 0.475319 0.458823 0.483346 0.478248 0.483713 0.478061 0.484117 0.477826 0.484744 0.477453 0.485272 0.477131 0.486225 0.476530 0.487102 0.475959 0.487769 0.475504 0.488125 0.475236 0.488115 0.475195 0.481945 0.454630 0.478927 0.446122 0.478394 0.444620 0.478389 0.444616 0.477877 0.444931 0.476937 0.445519 0.475710 0.446289 0.474385 0.447124 0.473168 0.447894 0.472245 0.448481
0 0.448948 0.614438 0.465405 0.617165 0.465543 0.616696 0.467580 0.594841 0.451189 0.592125 0.450993 0.592495
0 0.562699 0.384247 0.566860 0.393752 0.573988 0.388205 0.575017 0.386650 0.570799 0.377013 0.563571 0.382638
0 0.473611 0.594329 0.473667 0.594676 0.473898 0.595417 0.474268 0.596440 0.474722 0.597586 0.482737 0.617122 0.486745 0.626890 0.487209 0.627978 0.487608 0.628831 0.487882 0.629321 0.490169 0.631313 0.497529 0.625944 0.497563 0.624213 0.481678 0.585499 0.474420 0.590794 0.474361 0.591002 0.474063 0.592059
0 0.490499 0.606802 0.490732 0.608061 0.491306 0.609100 0.491317 0.609111 0.491489 0.609282 0.492320 0.609944 0.495807 0.612380 0.500100 0.613616 0.501055 0.613798 0.501993 0.613472 0.502770 0.612688 0.503268 0.611567 0.505029 0.606421 0.506058 0.601078 0.506201 0.599791 0.505968 0.598532 0.505395 0.597493 0.504568 0.596831 0.500691 0.594058 0.500498 0.593923 0.496607 0.593003 0.495653 0.592819 0.494716 0.593141 0.493940 0.593920 0.492739 0.596593 0.491288 0.599848 0.490643 0.605514
