0 0.542712 0.819937 0.565008 0.862885 0.584456 0.862983 0.586884 0.862179 0.590444 0.860637 0.594591 0.858592 0.645382 0.832225 0.649466 0.829997 0.652845 0.827937 0.655005 0.826359 0.655617 0.825503 0.666239 0.810333 0.643943 0.767385 0.617677 0.778256 0.567470 0.804319
0 0.595192 0.940898 0.639016 0.960621 0.653106 0.948892 0.654384 0.947805 0.656170 0.945178 0.658192 0.941417 0.660145 0.937089 0.681961 0.884304 0.683557 0.880046 0.684559 0.876491 0.684814 0.874177 0.682761 0.854759 0.638751 0.835388 0.621922 0.862540 0.615756 0.877475 0.599971 0.915715
0 0.346112 0.797376 0.353773 0.845322 0.433685 0.832554 0.434442 0.828753 0.426869 0.781355 0.417155 0.775799 0.416358 0.775581 0.413874 0.775685 0.410084 0.776095 0.405562 0.776749 0.365973 0.783075 0.361391 0.783876 0.357431 0.784703 0.354692 0.785434 0.353593 0.785955 0.347871 0.793977
0 0.715041 0.341865 0.740716 0.372663 0.744068 0.370884 0.806525 0.318818 0.780491 0.287590 0.776638 0.290514
0 0.432490 0.891270 0.454708 0.934444 0.526664 0.897414 0.526359 0.892872 0.504395 0.850192 0.493354 0.848285 0.492547 0.848246 0.490235 0.849051 0.486772 0.850577 0.482682 0.852592 0.447034 0.870937 0.442927 0.873141 0.439411 0.875206 0.437020 0.876821 0.436120 0.877739 0.433261 0.886799
0 0.838378 0.414428 0.881787 0.481627 0.886201 0.481414 0.926986 0.455067 0.927413 0.443082 0.926469 0.440815 0.924657 0.437471 0.922254 0.433561 0.900349 0.399652 0.897730 0.395787 0.895302 0.392568 0.893437 0.390488 0.892420 0.389861 0.883075 0.387092 0.878697 0.388383
0 0.821110 0.146131 0.858169 0.161185 0.866547 0.153259 0.869628 0.145674 0.880583 0.112283 0.873801 0.102693 0.871790 0.101260 0.868430 0.099483 0.864233 0.097633 0.859844 0.095995 0.855938 0.094821 0.853112 0.094289 0.851795 0.094478 0.843095 0.097055 0.839174 0.101660
0 0.290057 0.621843 0.314178 0.663983 0.326476 0.666462 0.327045 0.666225 0.329127 0.665109 0.332408 0.663281 0.336386 0.661022 0.340450 0.658678 0.343976 0.656609 0.346425 0.655132 0.347425 0.654471 0.351017 0.642237 0.365861 0.587651 0.361886 0.580708 0.292456 0.620450
0 0.761967 0.179949 0.773870 0.255436 0.774348 0.256333 0.775967 0.256929 0.778480 0.257135 0.793276 0.256590 0.872936 0.245897 0.888275 0.242398 0.890993 0.241490 0.892919 0.240417 0.893759 0.239343 0.881164 0.163949 0.880779 0.162978 0.879240 0.162316 0.876782 0.162065 0.873777 0.162264 0.770243 0.176162 0.767171 0.176778 0.764519 0.177715 0.762691 0.178829
0 0.057389 0.390222 0.057788 0.391305 0.059105 0.392960 0.061137 0.394935 0.073077 0.405114 0.137245 0.453513 0.149580 0.461644 0.151761 0.462847 0.153300 0.463346 0.153963 0.463064 0.202683 0.401333 0.202409 0.400263 0.201200 0.398619 0.199240 0.396650 0.196827 0.394658 0.113428 0.331753 0.110946 0.330053 0.108789 0.328917 0.107286 0.328516 0.106667 0.328912
0 0.618117 0.949221 0.618151 0.950753 0.618612 0.951180 0.693927 0.976625 0.694684 0.975860 0.695684 0.974040 0.696774 0.971443 0.702064 0.956710 0.725572 0.879851 0.729175 0.865507 0.729629 0.863057 0.729675 0.861456 0.729307 0.860951 0.653787 0.836173 0.652999 0.836816 0.651972 0.838532 0.650863 0.841059 0.649842 0.844012 0.619289 0.943906 0.618516 0.946816
0 0.353077 0.485627 0.353372 0.487487 0.354089 0.488285 0.428687 0.508170 0.429656 0.507769 0.430789 0.506244 0.431915 0.503829 0.437000 0.489494 0.457549 0.411791 0.460239 0.396731 0.460462 0.394044 0.460243 0.392110 0.459614 0.391226 0.384838 0.372016 0.383835 0.372300 0.382672 0.373723 0.381525 0.376070 0.380569 0.378983 0.353861 0.479973 0.353248 0.482988
0 0.559245 0.197217 0.561898 0.204579 0.567168 0.210365 0.574251 0.213695 0.582068 0.214060 0.589431 0.211406 0.595216 0.206136 0.598546 0.199053 0.598716 0.198535 0.599081 0.190705 0.596423 0.183330 0.591144 0.177534 0.584049 0.174198 0.576218 0.173833 0.568843 0.176491 0.563048 0.181770 0.559712 0.188865 0.559609 0.189400
0 0.182981 0.589584 0.183244 0.597416 0.186483 0.604551 0.192207 0.609903 0.199543 0.612659 0.207374 0.612396 0.207877 0.612202 0.215000 0.608969 0.220343 0.603255 0.223094 0.595932 0.222831 0.588114 0.219598 0.580991 0.213884 0.575648 0.206561 0.572897 0.198743 0.573160 0.198224 0.573286 0.191089 0.576524 0.185737 0.582248
0 0.246885 0.058715 0.249539 0.066089 0.249969 0.066834 0.255233 0.072622 0.262310 0.075953 0.270124 0.076324 0.277485 0.073675 0.283272 0.068412 0.286604 0.061334 0.286974 0.053521 0.284326 0.046160 0.283954 0.045379 0.278682 0.039581 0.271592 0.036244 0.263765 0.035872 0.256392 0.038526 0.250594 0.043798 0.247257 0.050888
0 0.301551 0.814711 0.303737 0.822240 0.308637 0.828360 0.315506 0.832138 0.323298 0.833000 0.330827 0.830814 0.336947 0.825915 0.340724 0.819045 0.340998 0.818497 0.341860 0.810719 0.339677 0.803203 0.334786 0.797094 0.327929 0.793323 0.320150 0.792461 0.312634 0.794643 0.306525 0.799535 0.306192 0.800050 0.302414 0.806919
0 0.734502 0.636806 0.734716 0.641025 0.735223 0.646664 0.735945 0.652872 0.736774 0.658716 0.737585 0.663316 0.738256 0.665971 0.738684 0.666271 0.749194 0.669068 0.755194 0.668370 0.762663 0.659463 0.762782 0.657869 0.762647 0.654704 0.762278 0.650448 0.761733 0.645755 0.761093 0.641346 0.760459 0.637897 0.759927 0.635934 0.750631 0.629138 0.750069 0.628847 0.744083 0.629543 0.734613 0.634649
0 0.799817 0.310060 0.825631 0.340742 0.827130 0.340009 0.857954 0.314076 0.832021 0.283252 0.830499 0.284245
0 0.526420 0.598358 0.526541 0.598811 0.566331 0.605092 0.572611 0.565302 0.572278 0.565003 0.532671 0.558751
0 0.553493 0.783488 0.553738 0.784790 0.593168 0.792537 0.600915 0.753107 0.600454 0.751950 0.561204 0.744239
0 0.149445 0.119193 0.176124 0.149373 0.177608 0.150980 0.207650 0.124423 0.206304 0.122694 0.179625 0.092514
