0 0.238402 0.930193 0.255806 0.966412 0.292025 0.949007 0.292976 0.946955 0.275651 0.910901 0.239598 0.928226
0 0.712745 0.344224 0.727138 0.381649 0.764563 0.367256 0.765781 0.366645 0.751322 0.329048 0.713725 0.343507
0 0.180582 0.212288 0.189900 0.225522 0.193444 0.228659 0.203182 0.229458 0.204324 0.229286 0.206788 0.228086 0.210197 0.226041 0.214037 0.223463 0.217727 0.220740 0.220710 0.218284 0.222535 0.216465 0.222919 0.215562 0.226151 0.205632 0.216940 0.192549 0.213668 0.188994
0 0.876020 0.273382 0.894282 0.309079 0.896097 0.308200 0.931959 0.289854 0.913613 0.253992 0.877751 0.272338
0 0.330629 0.496896 0.330843 0.497817 0.398642 0.537260 0.399533 0.537159 0.400911 0.536020 0.402566 0.534016 0.404245 0.531452 0.457332 0.441485 0.458769 0.438768 0.459735 0.436331 0.460083 0.434545 0.459761 0.433682 0.392317 0.393638 0.391427 0.393861 0.390052 0.395107 0.388399 0.397182 0.379847 0.409753 0.339001 0.478975 0.332101 0.492591 0.331072 0.495060
0 0.754183 0.741997 0.754400 0.742681 0.755781 0.743521 0.758115 0.744389 0.772320 0.748440 0.850849 0.765565 0.866351 0.767992 0.869173 0.768248 0.871287 0.768171 0.872370 0.767771 0.886752 0.690417 0.886648 0.689692 0.885366 0.688816 0.883098 0.687923 0.880191 0.687149 0.778128 0.664892 0.775044 0.664359 0.772273 0.664154 0.770237 0.664306 0.769247 0.664792
0 0.638709 0.130431 0.639146 0.131000 0.640633 0.131970 0.642941 0.133193 0.645721 0.134485 0.740989 0.176197 0.743836 0.177368 0.746336 0.178250 0.748110 0.178707 0.748887 0.178670 0.781046 0.105219 0.780733 0.104628 0.779347 0.103635 0.777099 0.102392 0.774330 0.101089 0.678623 0.059186 0.675775 0.058030 0.673301 0.057204 0.671578 0.056836 0.670869 0.056980
0 0.575592 0.533600 0.576466 0.533989 0.657060 0.541303 0.657791 0.533244 0.621151 0.489290 0.613215 0.480110 0.612448 0.480001 0.609962 0.479741 0.606133 0.479371 0.601545 0.478947 0.596904 0.478533 0.592923 0.478195 0.590209 0.477982 0.589176 0.477928 0.579930 0.485797
0 0.329538 0.069874 0.345492 0.106625 0.350956 0.104994 0.402838 0.082434 0.428065 0.067717 0.420685 0.050563 0.412006 0.030721 0.379277 0.039944
0 0.715532 0.330011 0.717459 0.337775 0.795104 0.318509 0.798516 0.316411 0.786822 0.269285 0.775306 0.264251 0.774777 0.264161 0.772539 0.264528 0.768931 0.265298 0.764504 0.266352 0.759937 0.267530 0.755933 0.268649 0.753103 0.269539 0.751878 0.270064 0.744721 0.281555
0 0.116036 0.740634 0.118434 0.743103 0.346222 0.812450 0.371742 0.736109 0.368269 0.733716 0.141915 0.663217
0 0.057195 0.738027 0.084995 0.767693 0.090701 0.764013 0.149218 0.709177 0.121800 0.679919 0.116528 0.682427
0 0.808529 0.324617 0.841254 0.359732 0.854929 0.359695 0.859056 0.358064 0.860217 0.357240 0.862567 0.355269 0.865749 0.352450 0.869277 0.349214 0.872608 0.346058 0.875230 0.343468 0.876744 0.341838 0.876921 0.341416 0.879184 0.328543 0.845694 0.292606 0.837792 0.297346
0 0.092505 0.910533 0.122046 0.949068 0.186270 0.899833 0.189856 0.895264 0.160653 0.857169 0.147116 0.857332 0.146853 0.857420 0.145176 0.858609 0.142343 0.860716 0.138783 0.863422 0.106965 0.887814 0.103208 0.890716 0.099813 0.893384 0.097292 0.895413 0.096031 0.896494
0 0.332186 0.264448 0.332511 0.266756 0.333155 0.270433 0.334019 0.274918 0.334970 0.279521 0.335862 0.283535 0.336559 0.286347 0.336955 0.287529 0.347788 0.294924 0.394859 0.285524 0.387026 0.246298 0.385719 0.243365 0.338105 0.252874 0.332228 0.263859
0 0.266083 0.282618 0.290856 0.324378 0.293246 0.326385 0.327648 0.305976 0.303158 0.264694 0.300882 0.261974 0.290745 0.260094 0.289678 0.260247 0.287186 0.261316 0.283648 0.263141 0.279605 0.265443 0.275678 0.267869 0.272471 0.270046 0.270472 0.271640 0.269985 0.272410
0 0.201273 0.646660 0.201315 0.647663 0.202226 0.650137 0.203869 0.653706 0.205992 0.657824 0.208270 0.661860 0.210353 0.665193 0.211922 0.667313 0.212739 0.667901 0.222488 0.671908 0.265216 0.648845 0.267899 0.647144 0.248899 0.611944 0.245997 0.613239 0.203269 0.636302
0 0.289236 0.109967 0.291645 0.114424 0.325817 0.148132 0.336553 0.146385 0.337412 0.146198 0.339427 0.144735 0.342287 0.142221 0.345561 0.139038 0.348754 0.135665 0.351383 0.132613 0.353052 0.130342 0.353504 0.129201 0.353907 0.119655 0.352218 0.115258 0.317651 0.081160
