0 0.458875 0.379108 0.459345 0.380490 0.464904 0.390014 0.465842 0.390377 0.468416 0.391117 0.472231 0.392122 0.476710 0.393241 0.515661 0.402735 0.520139 0.403800 0.523948 0.404653 0.526514 0.405165 0.527441 0.405257 0.537070 0.399435 0.537498 0.398273 0.548997 0.351099 0.470374 0.331935
0 0.223899 0.699020 0.226430 0.709578 0.226787 0.710430 0.228529 0.712304 0.231392 0.714916 0.234941 0.717868 0.266467 0.743083 0.270147 0.745913 0.273384 0.748180 0.275684 0.749539 0.276697 0.749783 0.287097 0.749567 0.289530 0.746715 0.319511 0.709229 0.257036 0.659261 0.254227 0.661102
0 0.134717 0.316826 0.149516 0.354586 0.154322 0.356580 0.191564 0.341985 0.214211 0.290147 0.199615 0.252905 0.195438 0.249469 0.157678 0.264268
0 0.373080 0.800058 0.382014 0.829485 0.396364 0.868268 0.401967 0.883410 0.412661 0.907029 0.458045 0.890236 0.460384 0.871865 0.460118 0.870512 0.459254 0.867644 0.457927 0.863700 0.456337 0.859278 0.436615 0.805976 0.434997 0.801729 0.433590 0.798282 0.432606 0.796160 0.432198 0.795688 0.418464 0.783265
0 0.389626 0.472754 0.392770 0.491005 0.438848 0.505787 0.447982 0.478808 0.465263 0.424944 0.473691 0.397181 0.427613 0.382398 0.414439 0.395413 0.414044 0.396152 0.413144 0.398538 0.411876 0.402211 0.410433 0.406609 0.392951 0.461101 0.391561 0.465533 0.390440 0.469306 0.389761 0.471841
0 0.420843 0.174203 0.435115 0.220442 0.453329 0.223788 0.454269 0.223882 0.456820 0.223419 0.460591 0.222472 0.465009 0.221184 0.519315 0.204423 0.523729 0.202984 0.527488 0.201608 0.530022 0.200501 0.530941 0.199834 0.544101 0.186804 0.529829 0.140565 0.502604 0.146091 0.447663 0.163048
0 0.890321 0.418277 0.965786 0.444829 0.967926 0.444576 0.994894 0.346770 1.000000 0.316080 1.000000 0.216696 0.996501 0.210169 0.993673 0.206397 0.972135 0.190467 0.969976 0.191881
0 0.487256 0.936888 0.533832 0.950607 0.544111 0.942715 0.544430 0.942417 0.545220 0.940397 0.546364 0.936960 0.547686 0.932629 0.548983 0.928071 0.550055 0.923985 0.550739 0.920997 0.550932 0.919560 0.544747 0.907087 0.517679 0.857415 0.510005 0.855154 0.487401 0.931895
0 0.206137 0.107961 0.209495 0.112442 0.276630 0.155949 0.280981 0.149235 0.269167 0.093914 0.265737 0.080031 0.264656 0.078975 0.262191 0.077077 0.258717 0.074624 0.254764 0.071991 0.250940 0.069584 0.247833 0.067772 0.245917 0.066831 0.232543 0.067215
0 0.308788 0.696161 0.333772 0.727517 0.363564 0.704880 0.395283 0.679607 0.396719 0.677144 0.371793 0.645860 0.309225 0.695713
0 0.584447 0.977157 0.585423 0.982674 0.666233 0.986983 0.666664 0.978902 0.664760 0.973429 0.626946 0.931355 0.620097 0.924869 0.619022 0.924260 0.616283 0.923648 0.612299 0.923125 0.607674 0.922769 0.603104 0.922634 0.599281 0.922741 0.596782 0.923074 0.587003 0.929225
0 0.077977 0.973548 0.117671 0.979802 0.119418 0.977609 0.125644 0.938096 0.086132 0.931870 0.084231 0.933854
0 0.799241 0.272337 0.822225 0.305194 0.823708 0.304297 0.856716 0.281207 0.833626 0.248199 0.800618 0.271289
0 0.482912 0.758950 0.516286 0.781506 0.538843 0.748132 0.538665 0.746994 0.505443 0.724542 0.482990 0.757763
0 0.630714 0.464326 0.633007 0.480161 0.672594 0.474429 0.674589 0.474133 0.672270 0.458115 0.662092 0.451048 0.661396 0.451115 0.658981 0.451436 0.655213 0.451963 0.650667 0.452614 0.646042 0.453291 0.642048 0.453888 0.639296 0.454315 0.638203 0.454507
0 0.139940 0.740248 0.142723 0.747574 0.148098 0.753276 0.155245 0.756489 0.163078 0.756720 0.170403 0.753938 0.170970 0.753502 0.176662 0.748136 0.179869 0.741001 0.180100 0.733182 0.177323 0.725869 0.171957 0.720176 0.164822 0.716969 0.157003 0.716738 0.149690 0.719515 0.149087 0.719893 0.143384 0.725268 0.140172 0.732416
0 0.916729 0.857686 0.918848 0.865216 0.923688 0.871361 0.924418 0.872001 0.931253 0.875833 0.939034 0.876758 0.946577 0.874635 0.952733 0.869786 0.956566 0.862951 0.957490 0.855170 0.955368 0.847627 0.950519 0.841471 0.949745 0.840884 0.942921 0.837058 0.935153 0.836135 0.927623 0.838254 0.921478 0.843094 0.917652 0.849918
0 0.253173 0.341783 0.253383 0.349617 0.256575 0.356773 0.262262 0.362164 0.262671 0.362401 0.269976 0.365199 0.277796 0.364990 0.284940 0.361803 0.290322 0.356126 0.293120 0.348820 0.292911 0.341000 0.289724 0.333856 0.284046 0.328475 0.283675 0.328180 0.276357 0.325376 0.268523 0.325586 0.261367 0.328779 0.255976 0.334466
0 0.143867 0.170539 0.144230 0.178370 0.147561 0.185467 0.153355 0.190748 0.153951 0.191280 0.161312 0.193938 0.169130 0.193576 0.176214 0.190251 0.181486 0.184467 0.184144 0.177106 0.183782 0.169288 0.180457 0.162204 0.179906 0.161622 0.174113 0.156341 0.166739 0.153678 0.158908 0.154041 0.151811 0.157372 0.146530 0.163166
