0 0.416376 0.438258 0.416377 0.438549 0.416463 0.441482 0.430108 0.454515 0.432856 0.457135 0.434391 0.458115 0.439192 0.449163 0.423077 0.433800 0.421278 0.432252 0.419307 0.433084 0.419088 0.433202 0.418677 0.433720 0.418139 0.434559 0.417554 0.435591 0.417014 0.436658 0.416600 0.437594
0 0.418394 0.566712 0.434362 0.572881 0.434662 0.572547 0.448481 0.508971 0.432586 0.502829 0.432276 0.502842
0 0.493265 0.480083 0.497450 0.499146 0.498116 0.499375 0.498815 0.499537 0.500340 0.499846 0.501986 0.500147 0.504182 0.500510 0.505587 0.500695 0.505696 0.500630 0.506797 0.491658 0.506893 0.490702 0.507454 0.482772 0.507737 0.478575 0.506427 0.476062 0.506368 0.475974 0.505944 0.475829 0.505220 0.475649 0.504306 0.475462 0.503341 0.475296 0.502475 0.475178 0.501840 0.475124 0.501532 0.475144 0.494988 0.476457 0.494756 0.476527 0.494437 0.476879 0.494078 0.477461 0.493735 0.478183 0.493460 0.478935 0.493295 0.479602
0 0.549000 0.532954 0.549650 0.534357 0.553330 0.542300 0.562859 0.560268 0.562984 0.560429 0.563442 0.560294 0.564164 0.559884 0.564688 0.559511 0.565401 0.558962 0.565936 0.558518 0.566713 0.557773 0.567253 0.557138 0.567473 0.556711 0.559711 0.537329 0.559062 0.535925 0.555377 0.527961 0.555218 0.527804 0.554600 0.528050 0.553618 0.528661 0.552421 0.529544 0.551189 0.530564 0.550107 0.531569 0.549338 0.532409
0 0.471024 0.438576 0.471071 0.439026 0.471126 0.439519 0.471186 0.440046 0.471250 0.440599 0.471319 0.441174 0.474596 0.468164 0.474694 0.468559 0.491113 0.464996 0.488095 0.439963 0.487964 0.438880 0.487826 0.437747 0.487688 0.436628 0.487502 0.435355 0.487451 0.435011 0.474309 0.437863
0 0.484018 0.462403 0.485655 0.473241 0.485721 0.473363 0.501904 0.469016 0.501912 0.468873 0.500275 0.458035
0 0.431787 0.601056 0.431791 0.601148 0.432218 0.604791 0.438950 0.611136 0.440454 0.612159 0.441815 0.609596 0.445567 0.599793 0.436744 0.593790 0.434055 0.595232 0.433881 0.595584 0.433561 0.596334 0.433143 0.597368 0.432691 0.598530 0.432274 0.599639 0.431957 0.600527
0 0.553007 0.450922 0.553320 0.453033 0.554215 0.454824 0.555557 0.456022 0.557140 0.456444 0.558723 0.456026 0.558824 0.455951 0.560170 0.454755 0.561069 0.452963 0.561387 0.450849 0.561073 0.448734 0.560176 0.446940 0.558833 0.445741 0.557247 0.445318 0.555661 0.445736 0.554315 0.446932 0.554222 0.447023 0.553324 0.448811
0 0.445644 0.612654 0.459225 0.625344 0.468742 0.607237 0.468868 0.606807 0.455341 0.594168 0.445862 0.612203
0 0.583389 0.539943 0.583979 0.541947 0.585099 0.543498 0.586580 0.544359 0.586729 0.544435 0.588346 0.544475 0.589852 0.543687 0.591017 0.542190 0.591664 0.540213 0.591694 0.538057 0.591102 0.536049 0.589980 0.534496 0.588497 0.533634 0.588345 0.533576 0.586730 0.533536 0.585227 0.534323 0.584064 0.535817 0.583419 0.537790
0 0.508564 0.578993 0.508609 0.579577 0.511069 0.585871 0.511388 0.586219 0.512536 0.586319 0.512932 0.586227 0.516013 0.583444 0.520292 0.579356 0.520583 0.578877 0.520646 0.578241 0.520281 0.574645 0.518365 0.572373 0.517962 0.572135 0.517258 0.572104 0.516833 0.572237 0.511977 0.575972 0.508815 0.578531
0 0.550720 0.505835 0.551190 0.527887 0.551361 0.527907 0.551758 0.527914 0.552322 0.527907 0.552965 0.527888 0.574515 0.527072 0.575137 0.527043 0.575637 0.527009 0.575939 0.526975 0.575999 0.526947 0.575529 0.504895 0.575337 0.504895 0.574923 0.504905 0.574350 0.504923 0.573706 0.504946 0.552254 0.505759 0.551632 0.505784 0.551122 0.505807 0.550801 0.505825
0 0.509138 0.457232 0.517272 0.459255 0.517352 0.459068 0.518876 0.448173 0.510705 0.446141 0.510655 0.446387
0 0.456126 0.448331 0.466358 0.466029 0.466590 0.466264 0.466744 0.466418 0.467437 0.465783 0.472679 0.460395 0.472830 0.458848 0.469799 0.453605 0.463737 0.443120 0.463231 0.442328 0.462055 0.442125 0.456739 0.447588
0 0.469218 0.421217 0.469359 0.421578 0.470230 0.422757 0.486425 0.430134 0.498213 0.414649 0.498205 0.414256 0.495971 0.405091 0.493370 0.394424 0.492890 0.392456 0.492015 0.391272
0 0.437893 0.541387 0.438250 0.541896 0.450323 0.552142 0.450915 0.552439 0.451403 0.552363 0.454026 0.550187 0.456695 0.541364 0.443325 0.529897 0.442711 0.530445 0.438538 0.539201 0.437979 0.540967
