0 0.778791 0.694173 0.781369 0.701558 0.786578 0.707394 0.787071 0.707751 0.794128 0.711157 0.801952 0.711602 0.809351 0.709019 0.815197 0.703801 0.818602 0.696744 0.819047 0.688920 0.816464 0.681522 0.811247 0.675676 0.810712 0.675374 0.803667 0.671974 0.795856 0.671530 0.788471 0.674108 0.782634 0.679317 0.779235 0.686362
0 0.904925 0.366895 0.907726 0.374203 0.913110 0.379882 0.920258 0.383069 0.928081 0.383278 0.928819 0.383077 0.936139 0.380271 0.941828 0.374878 0.945020 0.367717 0.945230 0.359880 0.942423 0.352560 0.937030 0.346871 0.929870 0.343679 0.922033 0.343469 0.921307 0.343738 0.914000 0.346540 0.908320 0.351924 0.905134 0.359072
0 0.120236 0.453931 0.122374 0.461470 0.127235 0.467616 0.134078 0.471435 0.141861 0.472344 0.142475 0.472391 0.150001 0.470257 0.156137 0.465404 0.159949 0.458574 0.160857 0.450804 0.158722 0.443278 0.153869 0.437142 0.147038 0.433330 0.146433 0.433215 0.138649 0.432306 0.131110 0.434444 0.124964 0.439305 0.121144 0.446147
0 0.148982 0.807447 0.149017 0.808820 0.155436 0.818570 0.161324 0.819919 0.172093 0.818246 0.172681 0.817675 0.173758 0.814811 0.175158 0.810102 0.176670 0.804261 0.178066 0.798169 0.179136 0.792742 0.179718 0.788797 0.179723 0.786938 0.170884 0.780789 0.165009 0.779443 0.154772 0.785346 0.154307 0.785732 0.153473 0.787849 0.152396 0.791379 0.151242 0.795785 0.150187 0.800390 0.149393 0.804486
0 0.741358 0.516018 0.788568 0.524691 0.791904 0.524977 0.800088 0.518464 0.800651 0.517584 0.801462 0.515024 0.802398 0.511172 0.803315 0.506617 0.804072 0.502058 0.804554 0.498196 0.804686 0.495621 0.804450 0.494723 0.799215 0.485180 0.751459 0.476407 0.748585 0.476677
0 0.744318 0.297753 0.749108 0.307831 0.749601 0.308494 0.751658 0.309872 0.754964 0.311755 0.759016 0.313858 0.763205 0.315864 0.766896 0.317469 0.769533 0.318431 0.770711 0.318601 0.780116 0.315600 0.783354 0.313468 0.805018 0.270014 0.768806 0.251961 0.765734 0.254796
0 0.729847 0.149207 0.769312 0.156300 0.773066 0.151509 0.780258 0.111494 0.740243 0.104302 0.736940 0.109742
0 0.447066 0.940033 0.469325 0.983185 0.481363 0.984536 0.483673 0.983877 0.487152 0.982439 0.491267 0.980441 0.495388 0.978191 0.498879 0.976033 0.501209 0.974299 0.502024 0.973252 0.505286 0.964636 0.505225 0.959326 0.483221 0.916667 0.447671 0.935004
0 0.282059 0.318301 0.284550 0.320378 0.328397 0.339909 0.338493 0.335118 0.339080 0.334497 0.340321 0.332297 0.342028 0.328857 0.343942 0.324697 0.345775 0.320446 0.347249 0.316744 0.348142 0.314152 0.348315 0.313068 0.344673 0.303370 0.342877 0.301097 0.298523 0.281340
0 0.359800 0.303929 0.360443 0.304827 0.561155 0.437474 0.561436 0.437187 0.605855 0.369974 0.404219 0.236717
0 0.418133 0.767346 0.498212 0.774145 0.518609 0.533907 0.518524 0.533752 0.438811 0.526984 0.438529 0.527108
0 0.091052 0.458955 0.321832 0.532407 0.323250 0.532667 0.347682 0.455926 0.116271 0.381483 0.115790 0.381913
0 0.762051 0.437031 0.762154 0.437573 0.840590 0.454219 0.841016 0.453582 0.841631 0.451844 0.842342 0.449270 0.845940 0.434385 0.862644 0.355678 0.865305 0.341070 0.865665 0.338601 0.865754 0.337019 0.865560 0.336565 0.787124 0.319919 0.786746 0.320673 0.786173 0.322504 0.785492 0.325131 0.784807 0.328156 0.763216 0.429890 0.762626 0.432873 0.762217 0.435380
0 0.788717 0.623008 0.788884 0.623342 0.789866 0.624507 0.791512 0.626326 0.793572 0.628522 0.865263 0.703863 0.867438 0.706117 0.869410 0.708101 0.870881 0.709513 0.871627 0.710139 0.929715 0.654866 0.929671 0.654559 0.928791 0.653413 0.927207 0.651601 0.917331 0.640828 0.861866 0.582540 0.850959 0.571471 0.848989 0.569548 0.847530 0.568236 0.846805 0.567734
0 0.195504 0.881360 0.195514 0.882705 0.196567 0.887554 0.198445 0.894151 0.201890 0.904669 0.205151 0.913303 0.207200 0.917202 0.209047 0.919174 0.240943 0.908542 0.244258 0.907362 0.270689 0.897297 0.284599 0.891970 0.290463 0.881359 0.290098 0.879536 0.289177 0.876302 0.287841 0.872148 0.286292 0.867702 0.284764 0.863636 0.283487 0.860561 0.282655 0.858948 0.264842 0.831500 0.263858 0.830944 0.261809 0.830416 0.259008 0.829996 0.255881 0.829751 0.252909 0.829716 0.250546 0.829898 0.249152 0.830267
0 0.652143 0.346223 0.652149 0.349131 0.652178 0.350409 0.660692 0.358162 0.704409 0.360256 0.707921 0.360282 0.741302 0.359370 0.741787 0.355280 0.742098 0.349980 0.742269 0.340458 0.742263 0.329775 0.742145 0.323565 0.741925 0.319567 0.741750 0.318950 0.675087 0.289730 0.673521 0.289501 0.671137 0.289860 0.668298 0.290755 0.665438 0.292048 0.662996 0.293541 0.661345 0.295006 0.660735 0.296219 0.652431 0.326315 0.652381 0.326901 0.652321 0.329226 0.652257 0.332935 0.652201 0.337463 0.652161 0.342127
0 0.511850 0.254166 0.512146 0.257237 0.512707 0.259821 0.513447 0.261524 0.567604 0.308856 0.570516 0.308513 0.573612 0.307440 0.580391 0.304705 0.587717 0.301472 0.597512 0.296798 0.603806 0.293391 0.604329 0.292419 0.591503 0.262192 0.590057 0.259005 0.577250 0.232795 0.570424 0.218929 0.559739 0.214549 0.557815 0.214953 0.554561 0.216082 0.550474 0.217766 0.546181 0.219747 0.542342 0.221719 0.539545 0.223381 0.538214 0.224478 0.512770 0.246676 0.512188 0.248448 0.511865 0.251079
0 0.351861 0.887153 0.352297 0.888352 0.354716 0.892599 0.358377 0.898346 0.364590 0.907476 0.370051 0.914938 0.372996 0.918266 0.375161 0.919891 0.402902 0.901068 0.405769 0.899033 0.428527 0.882056 0.440503 0.873081 0.443174 0.861403 0.442275 0.859829 0.440468 0.857031 0.438028 0.853435 0.435323 0.849585 0.432763 0.846061 0.430732 0.843396 0.429541 0.841995 0.404833 0.820581 0.403769 0.820261 0.401681 0.820268 0.398889 0.820600 0.395818 0.821208 0.392939 0.821998 0.390693 0.822849 0.389422 0.823631
0 0.690618 0.774119 0.693268 0.777931 0.722930 0.805589 0.750589 0.775928 0.775060 0.743445 0.745738 0.716104 0.745176 0.715610
0 0.802526 0.272553 0.806220 0.276773 0.847839 0.315101 0.871545 0.332816 0.898883 0.303164 0.877261 0.277685 0.829682 0.243097
0 0.650087 0.363764 0.650299 0.403828 0.655744 0.403952 0.712328 0.403644 0.742437 0.402704 0.742223 0.362374 0.709865 0.361206
0 0.123556 0.163914 0.148871 0.183862 0.193643 0.218502 0.197655 0.221533 0.222169 0.189844 0.172255 0.149655 0.148234 0.132014
