0 0.233913 0.402615 0.238155 0.409506 0.241147 0.410541 0.306341 0.426260 0.307377 0.425876 0.309815 0.424591 0.313280 0.422601 0.317249 0.420209 0.321122 0.417774 0.324315 0.415666 0.326344 0.414202 0.326897 0.413607 0.330243 0.402669 0.305081 0.361792 0.302828 0.360194
0 0.827817 0.212301 0.903524 0.238156 0.908189 0.235129 0.910804 0.227471 0.885590 0.176103 0.878153 0.166537 0.876095 0.165315 0.872660 0.163795 0.868372 0.162208 0.863890 0.160800 0.859903 0.159786 0.857021 0.159320 0.855680 0.159473 0.847299 0.163026 0.843330 0.166877
0 0.499757 0.602005 0.499895 0.603049 0.500290 0.605757 0.500882 0.609720 0.501580 0.614330 0.502278 0.618881 0.502868 0.622672 0.503259 0.625125 0.503393 0.625867 0.513132 0.633300 0.561133 0.625985 0.548941 0.545983 0.548382 0.545458 0.540473 0.546663
0 0.647646 0.186841 0.682903 0.258653 0.718809 0.241025 0.719310 0.240432 0.703978 0.201019 0.686105 0.164613 0.649699 0.182487
0 0.146573 0.652246 0.146654 0.655059 0.147231 0.658127 0.148214 0.660982 0.149454 0.663186 0.150760 0.664403 0.212153 0.701356 0.215993 0.699081 0.219165 0.696950 0.225609 0.692443 0.232216 0.687685 0.240597 0.681466 0.245462 0.677634 0.234383 0.661182 0.226747 0.650022 0.224697 0.647180 0.197738 0.612829 0.186224 0.610300 0.185425 0.610527 0.183243 0.611795 0.180007 0.613914 0.176211 0.616560 0.172439 0.619327 0.169270 0.621790 0.167190 0.623572 0.166512 0.624402 0.146999 0.650119
0 0.619648 0.657325 0.619828 0.659462 0.620491 0.662219 0.621536 0.665173 0.622804 0.667873 0.624099 0.669904 0.625225 0.670958 0.692901 0.698849 0.693704 0.698402 0.697088 0.695598 0.701905 0.691266 0.709800 0.683834 0.716487 0.677227 0.719782 0.673571 0.721837 0.670776 0.699313 0.646065 0.696872 0.643537 0.676296 0.623801 0.665393 0.613441 0.665215 0.613289 0.653878 0.612349 0.652729 0.613335 0.650454 0.615434 0.647399 0.618326 0.644026 0.621574 0.640844 0.624687 0.638334 0.627196 0.636876 0.628720 0.619977 0.656131
0 0.508625 0.720322 0.508846 0.722951 0.509492 0.725963 0.510466 0.728896 0.511617 0.731300 0.512769 0.732810 0.543588 0.746078 0.545093 0.746707 0.548186 0.747422 0.552399 0.748113 0.557086 0.748675 0.561525 0.749020 0.565037 0.749096 0.567086 0.748892 0.575848 0.741431 0.578148 0.726141 0.582381 0.697268 0.582772 0.693790 0.585554 0.661076 0.584954 0.660323 0.578067 0.659028 0.567374 0.657602 0.559387 0.656782 0.552007 0.656263 0.548644 0.656192 0.545507 0.656747 0.508863 0.718477
0 0.284090 0.082817 0.288550 0.096505 0.289643 0.097458 0.292196 0.099106 0.295818 0.101198 0.299959 0.103417 0.303996 0.105429 0.307319 0.106929 0.309425 0.107690 0.322086 0.105963 0.344139 0.063328 0.342337 0.058280 0.306398 0.039690
0 0.270422 0.558685 0.277776 0.568418 0.278381 0.568705 0.280695 0.569342 0.284367 0.570233 0.288838 0.571241 0.293421 0.572212 0.297410 0.572996 0.300196 0.573474 0.301357 0.573573 0.312123 0.566557 0.322373 0.519664 0.283296 0.511122 0.280791 0.511251
0 0.107173 0.706941 0.142159 0.727120 0.156421 0.706172 0.174161 0.672500 0.157004 0.660501 0.139252 0.652365 0.124715 0.672946
0 0.266040 0.681280 0.275238 0.688965 0.275860 0.689235 0.278231 0.689505 0.281992 0.689735 0.286568 0.689889 0.291257 0.689942 0.295337 0.689887 0.298185 0.689733 0.299370 0.689503 0.308704 0.680101 0.309775 0.632113 0.269785 0.631220 0.267124 0.632737
0 0.622731 0.113649 0.666487 0.133381 0.678545 0.127454 0.679159 0.126124 0.680438 0.123313 0.682188 0.119450 0.684141 0.115125 0.685998 0.111003 0.687472 0.107716 0.688339 0.105767 0.688468 0.105450 0.685046 0.092258 0.640784 0.072297 0.624150 0.109182
0 0.745230 0.883840 0.745876 0.884610 0.747288 0.886130 0.749250 0.888169 0.751464 0.890417 0.825186 0.964448 0.827299 0.966546 0.828974 0.968160 0.829957 0.969045 0.830099 0.969066 0.886916 0.912487 0.886147 0.911694 0.884636 0.910159 0.882614 0.908116 0.880387 0.905876 0.807002 0.832182 0.804895 0.830070 0.803214 0.828394 0.802213 0.827407 0.802048 0.827262
0 0.062294 0.756714 0.062874 0.759360 0.064058 0.762214 0.111446 0.855309 0.113044 0.857919 0.114803 0.859870 0.116454 0.860863 0.117746 0.860750 0.185073 0.827443 0.185756 0.826265 0.185778 0.824175 0.185137 0.821493 0.179716 0.807066 0.143255 0.735438 0.134883 0.722767 0.133129 0.720747 0.131485 0.719648 0.130199 0.719642 0.063188 0.753571 0.062404 0.754682
0 0.274108 0.953021 0.274520 0.953437 0.276092 0.953826 0.278587 0.954129 0.281622 0.954299 0.386054 0.957388 0.389148 0.957399 0.391807 0.957249 0.393627 0.956960 0.394330 0.956577 0.396701 0.876430 0.396182 0.876082 0.394524 0.875751 0.391982 0.875488 0.388940 0.875332 0.284986 0.872257 0.281887 0.872232 0.279184 0.872340 0.277283 0.872565 0.276478 0.872873
0 0.863210 0.944063 0.863813 0.951862 0.867354 0.958838 0.867986 0.959628 0.873938 0.964725 0.881386 0.967158 0.889199 0.966554 0.896187 0.963007 0.901284 0.957056 0.903717 0.949607 0.903113 0.941794 0.899566 0.934806 0.898880 0.934059 0.892938 0.928970 0.885503 0.926542 0.877703 0.927144 0.870727 0.930685 0.865639 0.936627
0 0.455078 0.286978 0.455180 0.287454 0.456879 0.293237 0.466832 0.299118 0.468599 0.298860 0.471815 0.298115 0.475990 0.296997 0.480492 0.295675 0.484644 0.294347 0.487817 0.293216 0.489529 0.292452 0.494691 0.282131 0.494677 0.281642 0.492975 0.275847 0.486351 0.267352 0.484017 0.267645 0.479720 0.268605 0.474115 0.270088 0.468064 0.271865 0.462500 0.273663 0.458278 0.275205 0.456041 0.276255
0 0.068783 0.279953 0.068875 0.287788 0.071961 0.294992 0.077568 0.300467 0.078294 0.300810 0.085556 0.303716 0.093378 0.303623 0.100569 0.300543 0.106035 0.294946 0.108941 0.287683 0.108848 0.279861 0.105768 0.272670 0.100171 0.267205 0.099483 0.266804 0.092207 0.263893 0.084372 0.263986 0.077169 0.267071 0.071694 0.272678
0 0.154730 0.388327 0.155544 0.391686 0.160082 0.400115 0.164396 0.403387 0.167402 0.405285 0.171945 0.404619 0.180316 0.402788 0.183548 0.400916 0.186802 0.397856 0.189588 0.394073 0.191486 0.390135 0.192207 0.386639 0.191723 0.377760 0.190776 0.373541 0.186454 0.370294 0.183489 0.368325 0.174247 0.366286 0.170610 0.366761 0.166273 0.369223 0.161902 0.373302 0.158169 0.378371 0.155650 0.383651
0 0.234868 0.334637 0.272755 0.365519 0.281028 0.371099 0.290679 0.368863 0.291712 0.368469 0.293744 0.366712 0.296464 0.363864 0.299461 0.360356 0.302283 0.356718 0.304503 0.353498 0.305785 0.351184 0.305931 0.350130 0.306300 0.340059 0.298618 0.333753 0.260713 0.302893
0 0.057566 0.450498 0.067679 0.451629 0.107532 0.455057 0.111646 0.407234 0.102130 0.397494 0.097504 0.396302 0.096039 0.396083 0.092937 0.395738 0.088669 0.395318 0.083888 0.394889 0.079328 0.394515 0.075691 0.394255 0.073531 0.394147 0.073175 0.394209 0.061776 0.401556
0 0.084597 0.547782 0.085151 0.560048 0.086301 0.562217 0.088414 0.565410 0.091169 0.569140 0.094141 0.572833 0.096874 0.575921 0.098950 0.577934 0.100053 0.578565 0.109602 0.580194 0.118525 0.578361 0.156530 0.549041 0.132096 0.517370 0.123491 0.517777
