0 0.445172 0.139011 0.445799 0.143137 0.464590 0.220899 0.511247 0.209624 0.517731 0.198126 0.517539 0.196833 0.516942 0.193944 0.516033 0.189896 0.514948 0.185310 0.513856 0.180889 0.512924 0.177313 0.512294 0.175128 0.512062 0.174663 0.501873 0.166936 0.453038 0.137110
0 0.329580 0.539589 0.351997 0.565005 0.393494 0.604555 0.422359 0.576770 0.418540 0.572550 0.379300 0.531798 0.358637 0.511619 0.344342 0.525219
0 0.128525 0.529108 0.137480 0.542542 0.151462 0.563516 0.160417 0.576949 0.200284 0.584924 0.204403 0.583761 0.212268 0.544443 0.180815 0.497259 0.141497 0.489394 0.136500 0.489242
0 0.695833 0.384430 0.696000 0.388416 0.696319 0.393044 0.700878 0.449694 0.701301 0.454281 0.701766 0.458149 0.702202 0.460713 0.702543 0.461579 0.712402 0.477255 0.760637 0.473373 0.760472 0.444498 0.755859 0.387186 0.751487 0.359682 0.703252 0.363564 0.696027 0.380616 0.695842 0.381690
0 0.847410 0.507162 0.847747 0.563994 0.847865 0.568625 0.848149 0.572592 0.848554 0.575292 0.849021 0.576312 0.857687 0.592678 0.906077 0.592391 0.909242 0.564402 0.909147 0.548257 0.908901 0.506905 0.905401 0.478335 0.857011 0.478622 0.848539 0.495089 0.848084 0.496015 0.847710 0.498636 0.847474 0.502549
0 0.876550 0.672669 0.992756 0.883327 0.995023 0.885092 1.000000 0.867991 1.000000 0.754909 0.988097 0.725549 0.948826 0.634551 0.946770 0.633934
0 0.616768 0.355582 0.695231 0.371189 0.696127 0.370597 0.743162 0.134127 0.664339 0.118449 0.663588 0.120194
0 0.834189 0.950396 0.835170 0.959131 0.839045 0.964439 0.880041 0.990456 0.901722 0.956293 0.897131 0.951078 0.856603 0.925358 0.846174 0.930223 0.844389 0.931947 0.842042 0.934920 0.839486 0.938693 0.837108 0.942695 0.835266 0.946323 0.834240 0.949028
0 0.697712 0.881023 0.708747 0.928654 0.710402 0.933233 0.749780 0.924209 0.738722 0.877099 0.737391 0.871902 0.728209 0.867975 0.727142 0.867577 0.724429 0.867654 0.720482 0.868196 0.715905 0.869120 0.711400 0.870285 0.707660 0.871511 0.705255 0.872610
0 0.569844 0.862749 0.570059 0.864187 0.571204 0.866146 0.573104 0.868329 0.575470 0.870400 0.577940 0.872044 0.580135 0.873006 0.581720 0.873144 0.653862 0.864735 0.654168 0.864375 0.655471 0.860865 0.657328 0.855125 0.660374 0.844997 0.662957 0.835744 0.664235 0.830317 0.665037 0.825812 0.664789 0.825470 0.646013 0.819293 0.633355 0.815197 0.629983 0.814210 0.587511 0.803634 0.577109 0.808734 0.576747 0.809794 0.575933 0.812455 0.574792 0.816311 0.573496 0.820778 0.572241 0.825183 0.571215 0.828860 0.570576 0.831252 0.570421 0.831991
0 0.378635 0.744500 0.378677 0.747639 0.379073 0.750588 0.379761 0.752895 0.380636 0.754211 0.435375 0.802195 0.436002 0.802102 0.439709 0.800617 0.445377 0.798098 0.455050 0.793575 0.463601 0.789374 0.468276 0.786830 0.471785 0.784630 0.458448 0.754009 0.456933 0.750840 0.436484 0.712142 0.425848 0.707730 0.424682 0.708237 0.422050 0.709459 0.418350 0.711210 0.414145 0.713226 0.410068 0.715201 0.406733 0.716838 0.404649 0.717888 0.404135 0.718190 0.380422 0.738458 0.379580 0.739531 0.378952 0.741652
0 0.487304 0.665376 0.501321 0.695079 0.502901 0.698202 0.516969 0.723754 0.524475 0.737264 0.535284 0.741205 0.537287 0.740663 0.540562 0.739352 0.544606 0.737472 0.548800 0.735310 0.552500 0.733201 0.555137 0.731466 0.556313 0.730370 0.580525 0.707218 0.581086 0.705390 0.581329 0.702729 0.581218 0.699639 0.580770 0.696595 0.580052 0.694062 0.579177 0.692427 0.523325 0.647325 0.520154 0.647950 0.517015 0.649208 0.510268 0.652289 0.503067 0.655851 0.493555 0.660909 0.487575 0.664498
0 0.311162 0.151208 0.311313 0.151850 0.377202 0.196534 0.378080 0.196192 0.379498 0.194880 0.381240 0.192798 0.383040 0.190263 0.440494 0.103019 0.442066 0.100434 0.443160 0.098209 0.443610 0.096684 0.443347 0.096092 0.377843 0.050825 0.376960 0.051292 0.375539 0.052712 0.373796 0.054866 0.364661 0.067432 0.320455 0.134558 0.312868 0.147386 0.311708 0.149639
0 0.656752 0.887712 0.688221 0.961771 0.688929 0.961852 0.690657 0.961441 0.693139 0.960601 0.707273 0.955159 0.781229 0.923686 0.795073 0.917221 0.797446 0.915995 0.799011 0.915005 0.799526 0.914403 0.767414 0.840618 0.766776 0.840434 0.765109 0.840757 0.762667 0.841537 0.759821 0.842657 0.663701 0.883563 0.660905 0.884844 0.658602 0.886082 0.657144 0.887090
0 0.632411 0.551891 0.632647 0.552773 0.634016 0.553891 0.636306 0.555075 0.650200 0.560700 0.726799 0.585041 0.741883 0.588626 0.744623 0.589040 0.746664 0.589006 0.747695 0.588526 0.769763 0.514070 0.769644 0.513159 0.768378 0.512016 0.766157 0.510814 0.763318 0.509737 0.663761 0.478100 0.660757 0.477320 0.658064 0.476960 0.656093 0.477075 0.655145 0.477646
0 0.741566 0.250658 0.767390 0.324755 0.768461 0.325117 0.770515 0.324995 0.773240 0.324408 0.776220 0.323443 0.874043 0.286797 0.876805 0.285610 0.878909 0.284388 0.880035 0.283319 0.880013 0.282564 0.854843 0.208222 0.853693 0.207958 0.851572 0.208165 0.848804 0.208810 0.833777 0.213398 0.758511 0.241594 0.745064 0.247673 0.742891 0.248879 0.741662 0.249927
