0 0.701307 0.472950 0.717183 0.478991 0.718181 0.478894 0.720457 0.468261 0.704507 0.462192 0.703572 0.462365
0 0.485161 0.482957 0.509860 0.512939 0.516607 0.503059 0.516541 0.499710 0.516422 0.499539 0.516040 0.499052 0.515453 0.498324 0.514750 0.497465 0.502429 0.482508 0.496268 0.475030 0.495562 0.474178 0.494966 0.473471 0.494572 0.473015 0.494439 0.472880 0.491907 0.473077
0 0.512537 0.436457 0.512880 0.438562 0.513802 0.440330 0.515161 0.441494 0.516751 0.441875 0.518329 0.441417 0.519655 0.440188 0.520528 0.438376 0.520563 0.438270 0.520850 0.436147 0.520506 0.434039 0.519582 0.432268 0.518221 0.431102 0.516629 0.430720 0.515048 0.431179 0.513719 0.432410 0.512845 0.434225 0.512823 0.434338
0 0.549912 0.304562 0.556066 0.311909 0.567086 0.295499 0.567355 0.294678 0.566120 0.293202 0.561177 0.287301 0.550113 0.303777 0.549998 0.304226
0 0.600701 0.514883 0.600752 0.515637 0.600844 0.516390 0.600954 0.516939 0.601051 0.517138 0.603254 0.520927 0.604021 0.520926 0.606747 0.520477 0.608149 0.515969 0.608213 0.515763 0.608222 0.515206 0.608173 0.514449 0.608079 0.513695 0.607965 0.513147 0.604295 0.504555 0.602650 0.504826 0.600706 0.514327
0 0.320281 0.666243 0.320313 0.666909 0.321504 0.687809 0.321534 0.688226 0.327587 0.688620 0.331324 0.687184 0.331721 0.686700 0.331851 0.685859 0.330725 0.666100 0.330506 0.665387 0.330072 0.665207 0.328860 0.665156 0.321180 0.665934
0 0.307326 0.552168 0.307429 0.552265 0.321511 0.563854 0.321733 0.563655 0.322054 0.563202 0.322423 0.562563 0.322786 0.561835 0.334059 0.537483 0.334362 0.536772 0.334562 0.536182 0.334627 0.535802 0.334548 0.535691 0.320467 0.524102 0.320243 0.524266 0.319920 0.524692 0.319548 0.525314 0.319183 0.526039 0.307858 0.550503 0.307558 0.551214 0.307372 0.551799
0 0.669109 0.586230 0.688151 0.622331 0.689017 0.622894 0.695817 0.616518 0.676687 0.580251 0.675878 0.579883
0 0.589317 0.293328 0.598915 0.297004 0.601550 0.293313 0.601737 0.292795 0.602002 0.291867 0.602303 0.290669 0.602594 0.289385 0.605855 0.274249 0.606091 0.273081 0.606236 0.272210 0.606266 0.271772 0.605413 0.266837 0.595814 0.263162 0.593429 0.272556 0.590206 0.287518
0 0.343713 0.425340 0.348778 0.450134 0.348895 0.450678 0.349023 0.451229 0.349164 0.451783 0.349313 0.452330 0.349470 0.452861 0.349767 0.453126 0.350866 0.454106 0.363447 0.448690 0.366592 0.447336 0.366525 0.446894 0.366439 0.446413 0.366338 0.445903 0.366223 0.445370 0.366093 0.444819 0.359840 0.418998 0.359461 0.418561
