0 0.585509 0.584176 0.587024 0.595000 0.587174 0.595164 0.587374 0.595382 0.603676 0.591325 0.603372 0.589151 0.603068 0.586978 0.602155 0.580457 0.601921 0.580272 0.601746 0.580135
0 0.570704 0.576461 0.570723 0.577445 0.570785 0.578036 0.572396 0.580330 0.572558 0.580510 0.573801 0.580627 0.575914 0.579721 0.576075 0.579192 0.576237 0.578069 0.576375 0.576524 0.576466 0.574793 0.576499 0.573144 0.576466 0.571829 0.576374 0.571050 0.576237 0.570924 0.574210 0.569631 0.572969 0.569514 0.571129 0.571543 0.571015 0.571948 0.570899 0.572791 0.570799 0.573944 0.570731 0.575232
0 0.409282 0.442236 0.409573 0.453312 0.409987 0.453526 0.418256 0.453140 0.417967 0.442115 0.417589 0.441848
0 0.561967 0.628817 0.562529 0.632776 0.562761 0.633108 0.563255 0.633705 0.563938 0.634476 0.564705 0.635303 0.571235 0.642199 0.571966 0.642953 0.572547 0.643516 0.572890 0.643802 0.575774 0.644128 0.594434 0.612709 0.593355 0.611421 0.586884 0.604589 0.562991 0.627091
0 0.539412 0.529005 0.539868 0.529340 0.549416 0.533387 0.551415 0.531839 0.551541 0.531640 0.551763 0.530988 0.552047 0.529981 0.552350 0.528774 0.554874 0.518189 0.557397 0.507604 0.559920 0.497019 0.560194 0.495805 0.560394 0.494779 0.560490 0.494098 0.560468 0.493865 0.559533 0.490949 0.549985 0.486902 0.549413 0.487052
0 0.360132 0.574881 0.387566 0.599926 0.388081 0.599468 0.397430 0.581262 0.370122 0.556332 0.369524 0.556591
0 0.491116 0.464460 0.496797 0.466806 0.508071 0.470846 0.509219 0.471195 0.511363 0.460552 0.500131 0.455709 0.493275 0.453746 0.492139 0.459231
0 0.574653 0.614208 0.575437 0.615789 0.591868 0.614377 0.591846 0.593537 0.591128 0.591875 0.574814 0.593438
0 0.559935 0.533295 0.564895 0.554465 0.567862 0.564830 0.567967 0.564849 0.568588 0.564604 0.569632 0.564131 0.570940 0.563501 0.572311 0.562811 0.573532 0.562169 0.574417 0.561672 0.574831 0.561397 0.571853 0.551014 0.564944 0.530776 0.564873 0.530811 0.563315 0.531594 0.562758 0.531874 0.560899 0.532809 0.560252 0.533135
0 0.370207 0.657777 0.375444 0.678757 0.422650 0.657810 0.423003 0.657088 0.417790 0.636204 0.370800 0.657056
0 0.506760 0.539284 0.507595 0.543291 0.509502 0.546448 0.509644 0.546573 0.510295 0.547142 0.511210 0.547766 0.512328 0.548404 0.515378 0.548633 0.518330 0.547233 0.520599 0.545937 0.521419 0.544979 0.521932 0.543685 0.522060 0.542642 0.522246 0.540617 0.522620 0.536401 0.521804 0.532405 0.521239 0.530836 0.520597 0.529756 0.519770 0.529122 0.517098 0.527263 0.514044 0.527004 0.511073 0.528390 0.508643 0.531213 0.507127 0.535040
0 0.452277 0.427002 0.452667 0.428580 0.454102 0.430886 0.454184 0.431010 0.454730 0.430918 0.455654 0.430624 0.456816 0.430174 0.458041 0.429636 0.459144 0.429091 0.459960 0.428620 0.460364 0.428295 0.460497 0.425347 0.460108 0.423772 0.460018 0.423601 0.457936 0.422080 0.457530 0.422138 0.456835 0.422351 0.455957 0.422687 0.455031 0.423094 0.454199 0.423509 0.453589 0.423869 0.453294 0.424119
0 0.493989 0.501225 0.493991 0.501369 0.500020 0.505638 0.500668 0.506065 0.506118 0.509302 0.508906 0.510945 0.509007 0.510996 0.511219 0.510157 0.511295 0.510103 0.511529 0.509608 0.511885 0.508746 0.512309 0.507648 0.512736 0.506483 0.513099 0.505430 0.513345 0.504651 0.513434 0.504263 0.514608 0.495596 0.514629 0.495277 0.514479 0.494757 0.514179 0.494115 0.513775 0.493450 0.513329 0.492863 0.512910 0.492444 0.512581 0.492257 0.497682 0.491424 0.497318 0.492210 0.496984 0.493047 0.496281 0.494882 0.495541 0.496866 0.494578 0.499519
0 0.406254 0.526259 0.407562 0.527643 0.427140 0.534150 0.429972 0.533682 0.430182 0.533440 0.430595 0.532840 0.431147 0.531975 0.431756 0.530974 0.432329 0.529990 0.432779 0.529171 0.433039 0.528640 0.433069 0.528480 0.433104 0.525140 0.417588 0.508719 0.416635 0.508820
