0 0.576077 0.915864 0.576493 0.955861 0.576844 0.957955 0.617025 0.957537 0.616607 0.917356 0.616074 0.915448
0 0.481315 0.892949 0.509963 0.921128 0.538142 0.892480 0.537968 0.890686 0.509451 0.862636 0.481401 0.891153
0 0.054980 0.716520 0.094795 0.722636 0.096652 0.721616 0.102739 0.681983 0.063107 0.675896 0.061095 0.676705
0 0.141560 0.929738 0.164185 0.943924 0.176108 0.946998 0.185506 0.927189 0.191478 0.909706 0.168696 0.895849 0.156850 0.892640
0 0.059845 0.506729 0.063863 0.546810 0.103944 0.542792 0.105759 0.542596 0.101759 0.502698 0.099926 0.502711
0 0.420429 0.517524 0.464427 0.538060 0.475781 0.534166 0.476201 0.533290 0.477331 0.530887 0.478999 0.527328 0.480951 0.523150 0.497908 0.486820 0.499854 0.482645 0.501506 0.479093 0.502613 0.476701 0.503005 0.475839 0.498653 0.464729 0.454655 0.444193
0 0.156193 0.299301 0.175682 0.343773 0.179388 0.345558 0.252662 0.313449 0.233396 0.269485 0.230314 0.266820 0.221063 0.263559 0.219852 0.263616 0.217136 0.264404 0.213326 0.265804 0.209005 0.267602 0.172031 0.283805 0.167873 0.285722 0.164527 0.287458 0.162503 0.288747 0.162107 0.289395
0 0.108330 0.527335 0.150124 0.765386 0.229474 0.751455 0.230714 0.750302 0.189112 0.513342 0.187680 0.513404
0 0.652490 0.066695 0.658847 0.074587 0.659521 0.075392 0.661859 0.076560 0.665501 0.077915 0.669894 0.079250 0.674377 0.080366 0.678272 0.081093 0.680990 0.081320 0.682114 0.081012 0.691047 0.077343 0.693256 0.072456 0.706180 0.025653 0.667178 0.014883 0.665267 0.020427
0 0.000000 0.046242 0.000051 0.048274 0.001482 0.051428 0.046015 0.069341 0.060942 0.032231 0.055866 0.026823 0.010819 0.008703 0.001696 0.016014 0.000159 0.017905 0.000000 0.020941
0 0.905025 0.583964 0.906011 0.596109 0.906067 0.596683 0.907298 0.598570 0.909512 0.601479 0.912375 0.604969 0.915453 0.608515 0.918282 0.611580 0.920435 0.613701 0.921583 0.614553 0.935810 0.615852 0.972910 0.584528 0.946807 0.553611 0.941701 0.552999
0 0.750722 0.665321 0.752610 0.675567 0.767049 0.730261 0.770137 0.732923 0.777130 0.736995 0.817850 0.667062 0.775890 0.642630 0.772737 0.641000 0.762868 0.644462 0.762060 0.645064 0.760454 0.647158 0.758296 0.650421 0.755913 0.654359 0.753663 0.658378 0.751887 0.661871 0.750853 0.664310
0 0.779845 0.739118 0.808795 0.813696 0.812364 0.817323 0.857629 0.799752 0.860775 0.786957 0.860230 0.784834 0.859079 0.781386 0.857496 0.777140 0.855726 0.772747 0.854039 0.768884 0.852694 0.766140 0.851896 0.764933 0.839067 0.759037 0.787303 0.736223
0 0.262684 0.655480 0.266483 0.666477 0.279886 0.673971 0.305242 0.688076 0.308343 0.689705 0.337861 0.704392 0.338732 0.703641 0.342394 0.697336 0.347576 0.687728 0.351235 0.680629 0.354411 0.674144 0.355716 0.671242 0.356397 0.668731 0.312034 0.611528 0.310414 0.610776 0.307893 0.610128 0.304856 0.609683 0.301768 0.609510 0.299102 0.609635 0.297264 0.610039 0.296535 0.610659 0.273799 0.634500 0.272693 0.635909 0.270927 0.638722 0.268770 0.642511 0.266553 0.646695 0.264617 0.650632 0.263258 0.653717
