0 0.562299 0.417483 0.562361 0.418077 0.570349 0.420777 0.586568 0.424836 0.586757 0.424747 0.587027 0.424143 0.587340 0.423115 0.587646 0.421819 0.587899 0.420454 0.587994 0.419722 0.588076 0.418870 0.588102 0.418335 0.588023 0.417906 0.572333 0.411157 0.571133 0.410750 0.564331 0.408444 0.564115 0.408601 0.563783 0.409465 0.563386 0.410902 0.562983 0.412694 0.562636 0.414571 0.562396 0.416252
0 0.541315 0.587346 0.543053 0.603549 0.543152 0.604403 0.543252 0.605169 0.543337 0.605732 0.543395 0.606006 0.546792 0.606454 0.554166 0.605011 0.556625 0.604529 0.559783 0.602797 0.559819 0.602737 0.559813 0.602352 0.559767 0.601703 0.559160 0.595552 0.557964 0.584606 0.557690 0.584140
0 0.573568 0.503808 0.573764 0.506705 0.574051 0.507154 0.574778 0.507719 0.575834 0.508315 0.577060 0.508851 0.578271 0.509248 0.579286 0.509445 0.579949 0.509412 0.580159 0.509152 0.581559 0.506860 0.582710 0.494334 0.582505 0.493981 0.581966 0.493543 0.581173 0.493087 0.580249 0.492683 0.579336 0.492392 0.578573 0.492260 0.578077 0.492306 0.577923 0.492522
0 0.578802 0.523649 0.579120 0.524579 0.580751 0.528406 0.583198 0.534147 0.585645 0.539887 0.586461 0.541801 0.586968 0.542807 0.587772 0.543202 0.588599 0.542702 0.592955 0.539402 0.595858 0.537201 0.596472 0.536609 0.596776 0.533178 0.596617 0.532588 0.596289 0.531673 0.595842 0.530572 0.591726 0.520916 0.591229 0.519802 0.590761 0.518849 0.590392 0.518201 0.590179 0.517957 0.588231 0.517274 0.587423 0.517116
0 0.500233 0.600095 0.500234 0.600556 0.502875 0.611065 0.518638 0.604022 0.518553 0.603546 0.515924 0.593085
0 0.458642 0.440441 0.458875 0.441507 0.467187 0.471708 0.467409 0.471645 0.467836 0.471497 0.468404 0.471288 0.469025 0.471048 0.469605 0.470816 0.470055 0.470625 0.470306 0.470506 0.470321 0.470477 0.465169 0.439093 0.464937 0.438030 0.463657 0.436070 0.463626 0.436068 0.463240 0.436204 0.462557 0.436458 0.461680 0.436791 0.460744 0.437151 0.459894 0.437484 0.459258 0.437739 0.458935 0.437876
0 0.532058 0.507604 0.536123 0.519647 0.536541 0.519875 0.566996 0.501598 0.563569 0.491446 0.562883 0.489416 0.560284 0.488240 0.560032 0.488359 0.559473 0.488666 0.558695 0.489116 0.557813 0.489638 0.542726 0.498693 0.535182 0.503221 0.534324 0.503741 0.533615 0.504185 0.533161 0.504485 0.533032 0.504595
0 0.508791 0.452226 0.509030 0.452652 0.509482 0.453373 0.510078 0.454280 0.510729 0.455236 0.511336 0.456097 0.511808 0.456732 0.512072 0.457045 0.514465 0.457091 0.515386 0.455977 0.516377 0.453306 0.516407 0.453222 0.516100 0.452654 0.515503 0.451686 0.514705 0.450466 0.513831 0.449181 0.513014 0.448030 0.512380 0.447189 0.512025 0.446787 0.509942 0.447832 0.509019 0.448949 0.508999 0.449063
0 0.511225 0.505406 0.525167 0.517290 0.525283 0.517370 0.534237 0.498695 0.520231 0.486755 0.520138 0.486816
0 0.563741 0.547959 0.569511 0.555865 0.569831 0.556123 0.575789 0.548394 0.569992 0.540451 0.569671 0.540265
0 0.533853 0.548252 0.533871 0.548427 0.534010 0.549051 0.534249 0.550028 0.534552 0.551211 0.537271 0.561629 0.537593 0.562841 0.537886 0.563903 0.538106 0.564654 0.538219 0.564978 0.540617 0.566601 0.556435 0.559360 0.559589 0.557897 0.554101 0.536869 0.553482 0.536447 0.534773 0.545129
0 0.476038 0.547661 0.476242 0.548187 0.476578 0.548899 0.480541 0.554174 0.483174 0.557620 0.483566 0.557818 0.483970 0.557586 0.487812 0.552464 0.487978 0.551938 0.487811 0.551440 0.487294 0.550269 0.484523 0.546995 0.480574 0.542438 0.480159 0.542193 0.479690 0.542297 0.477227 0.543840 0.476104 0.547055
0 0.451237 0.546857 0.464834 0.559517 0.464974 0.559279 0.474431 0.541223 0.460889 0.528614 0.460732 0.528728
