0 0.638035 0.265660 0.799083 0.442669 0.806346 0.438419 0.855569 0.387067 0.692371 0.209062 0.684669 0.212455
0 0.719921 0.787885 0.860202 0.983337 0.861860 0.985563 0.927311 0.938588 0.786384 0.742235 0.785072 0.741125
0 0.043923 0.627663 0.279470 0.681818 0.280480 0.680985 0.298449 0.602829 0.063982 0.548923 0.061975 0.549147
0 0.669366 0.536196 0.669420 0.536831 0.748642 0.549210 0.748955 0.548650 0.749409 0.546966 0.749936 0.544414 0.750454 0.541383 0.766585 0.438158 0.767013 0.435131 0.767282 0.432589 0.767352 0.430920 0.767212 0.430378 0.687990 0.417998 0.687731 0.418672 0.687324 0.420447 0.686830 0.423051 0.686325 0.426089 0.670268 0.528842 0.669825 0.531873 0.669508 0.534454
0 0.703415 0.569842 0.729650 0.642025 0.730690 0.642654 0.732716 0.642756 0.735422 0.642315 0.738393 0.641397 0.836120 0.604494 0.838885 0.603246 0.841004 0.601866 0.842154 0.600564 0.842161 0.599540 0.816580 0.527110 0.815462 0.526577 0.813369 0.526558 0.810620 0.527056 0.795653 0.531275 0.720461 0.559668 0.706982 0.566191 0.704794 0.567557 0.703541 0.568839
0 0.019759 0.874090 0.020019 0.874747 0.055873 0.944725 0.057169 0.944717 0.059331 0.944104 0.062030 0.942979 0.076315 0.935933 0.146145 0.896136 0.158276 0.888127 0.160163 0.886638 0.161109 0.885480 0.160968 0.884830 0.124507 0.815198 0.123275 0.815095 0.121166 0.815614 0.118502 0.816675 0.115689 0.818117 0.024931 0.869841 0.022417 0.871435 0.020601 0.872927
0 0.747038 0.656772 0.763933 0.701701 0.766984 0.704033 0.775990 0.708030 0.777215 0.707981 0.779981 0.707291 0.783868 0.706064 0.788281 0.704487 0.792542 0.702803 0.795996 0.701269 0.798117 0.700122 0.798583 0.699534 0.804858 0.689791 0.787768 0.644343 0.784479 0.642694
0 0.590239 0.613325 0.598511 0.660607 0.599650 0.662464 0.639507 0.655490 0.631139 0.607662 0.629641 0.606432 0.620987 0.600009 0.619924 0.600035 0.617219 0.600373 0.613287 0.600971 0.608724 0.601738 0.604217 0.602558 0.600447 0.603308 0.597985 0.603873 0.597210 0.604169
0 0.893129 0.887939 0.921391 0.916246 0.926263 0.921058 0.960623 0.886751 0.958341 0.872795 0.958297 0.872637 0.956958 0.871198 0.954525 0.868697 0.951370 0.865514 0.947978 0.862139 0.944869 0.859090 0.942519 0.856834 0.941287 0.855713 0.927097 0.854025
0 0.677729 0.245361 0.690226 0.283426 0.695323 0.282001 0.749089 0.264336 0.778084 0.253556 0.765503 0.215238 0.735107 0.223276
0 0.766528 0.477502 0.846362 0.482652 0.850366 0.482451 0.853492 0.433997 0.843981 0.425327 0.843518 0.425169 0.841286 0.424917 0.837622 0.424607 0.833086 0.424289 0.828374 0.424011 0.824212 0.423815 0.821234 0.423732 0.819893 0.423773 0.809535 0.432176 0.767043 0.469518
0 0.779443 0.395066 0.791423 0.410821 0.805990 0.425428 0.835147 0.401830 0.872125 0.366327 0.845753 0.336165 0.840917 0.340172 0.798357 0.377396
0 0.723903 0.089378 0.771086 0.153983 0.777546 0.149264 0.780755 0.145210 0.789567 0.088670 0.790061 0.079494 0.789902 0.078196 0.788680 0.075605 0.786580 0.072114 0.783922 0.068259 0.781115 0.064631 0.778589 0.061787 0.776732 0.060163 0.765703 0.055994 0.726492 0.084631
0 0.599183 0.099041 0.617994 0.105306 0.630855 0.109411 0.634212 0.110418 0.676518 0.121268 0.687194 0.116158 0.687696 0.115350 0.688661 0.112888 0.689940 0.109144 0.691339 0.104689 0.692643 0.100207 0.693651 0.096387 0.694209 0.093814 0.694234 0.092878 0.694017 0.060901 0.693062 0.058884 0.691286 0.056659 0.688959 0.054566 0.686439 0.052926 0.684110 0.051990 0.682329 0.051900 0.611155 0.059607 0.609477 0.064104 0.608255 0.067846 0.605886 0.075465 0.603545 0.083293 0.600695 0.093242
0 0.582716 0.457309 0.608867 0.524884 0.611741 0.525371 0.615027 0.525658 0.622349 0.526164 0.630352 0.526620 0.641166 0.527116 0.648246 0.527303 0.649059 0.527095 0.651636 0.494126 0.651821 0.490626 0.652449 0.461721 0.652731 0.446432 0.645287 0.437511 0.643346 0.437181 0.639903 0.436830 0.635483 0.436514 0.630764 0.436280 0.626471 0.436165 0.623264 0.436186 0.621627 0.436339 0.589933 0.443501 0.588937 0.443864 0.587578 0.445281 0.586063 0.447537 0.584625 0.450288 0.583484 0.453113 0.582814 0.455578
0 0.902984 0.610940 0.908470 0.630063 0.912380 0.643209 0.913448 0.646539 0.928442 0.687454 0.938711 0.693602 0.939684 0.693904 0.942279 0.693614 0.946104 0.692776 0.950576 0.691516 0.955007 0.690028 0.958717 0.688541 0.961137 0.687283 0.988094 0.667422 0.989228 0.665668 0.990064 0.663053 0.990474 0.659978 0.990396 0.656912 0.989841 0.654327 0.988895 0.652614 0.942321 0.599291 0.937609 0.599591 0.933815 0.600411 0.926173 0.602479 0.918390 0.604909 0.908589 0.608407
0 0.342942 0.629920 0.343241 0.633101 0.343868 0.637338 0.344726 0.641982 0.345683 0.646319 0.346593 0.649684 0.347316 0.651563 0.357082 0.657733 0.372304 0.655389 0.401033 0.650862 0.404473 0.650206 0.436635 0.643198 0.437013 0.642366 0.436085 0.635378 0.434226 0.624730 0.432663 0.616862 0.431047 0.609675 0.430193 0.606457 0.428951 0.603673 0.358889 0.586893 0.357105 0.587223 0.354694 0.588220 0.352024 0.589732 0.349504 0.591529 0.347520 0.593334 0.346375 0.594872 0.346242 0.595909 0.343014 0.628279
0 0.254733 0.815375 0.255377 0.818609 0.256880 0.822623 0.259014 0.826809 0.261457 0.830537 0.263840 0.833243 0.265803 0.834513 0.276262 0.837748 0.278353 0.837152 0.283500 0.834387 0.290062 0.826334 0.290535 0.823733 0.289716 0.819415 0.287724 0.814039 0.284865 0.808430 0.281579 0.803453 0.278373 0.799872 0.275737 0.798232 0.265572 0.799214 0.263509 0.799889 0.258360 0.802627 0.255047 0.813412
0 0.335979 0.558653 0.337101 0.566409 0.341106 0.573144 0.347383 0.577835 0.354978 0.579765 0.362733 0.578643 0.362969 0.578508 0.369693 0.574510 0.374375 0.568244 0.376303 0.560662 0.375183 0.552920 0.371184 0.546196 0.364918 0.541513 0.357336 0.539586 0.349594 0.540706 0.349335 0.540776 0.342600 0.544781 0.337909 0.551058
0 0.263775 0.380784 0.264672 0.388569 0.268478 0.395418 0.274616 0.400289 0.275004 0.400461 0.282526 0.402609 0.290297 0.401714 0.297135 0.397915 0.301997 0.391787 0.304146 0.384265 0.303251 0.376494 0.299452 0.369656 0.293324 0.364793 0.292968 0.364560 0.285433 0.362408 0.277648 0.363305 0.270799 0.367110 0.265928 0.373249
0 0.531104 0.229964 0.532307 0.237694 0.536377 0.244374 0.542694 0.248989 0.550296 0.250835 0.558025 0.249632 0.564706 0.245561 0.569321 0.239245 0.569440 0.238796 0.571288 0.231181 0.570083 0.223438 0.566006 0.216746 0.559678 0.212123 0.552064 0.210275 0.544321 0.211480 0.537629 0.215557 0.533006 0.221885 0.531158 0.229500
0 0.270836 0.715549 0.271850 0.717072 0.274035 0.719599 0.277058 0.722744 0.280457 0.726026 0.283708 0.728940 0.286314 0.731038 0.287876 0.732003 0.299408 0.731438 0.303604 0.727093 0.304043 0.726583 0.308143 0.716668 0.306736 0.714645 0.303798 0.711301 0.299778 0.707146 0.295282 0.702804 0.290985 0.698930 0.287536 0.696106 0.285458 0.694764 0.275693 0.699209 0.275191 0.699657 0.270995 0.704003
