0 0.484532 0.534885 0.485815 0.537770 0.505383 0.543525 0.508980 0.521782 0.508878 0.521533 0.505654 0.520585 0.489521 0.515863 0.487393 0.517591 0.487335 0.517861 0.487204 0.518586 0.487020 0.519655 0.486811 0.520905 0.485017 0.531751 0.484815 0.532988 0.484652 0.534018 0.484552 0.534684
0 0.519831 0.505241 0.519881 0.505465 0.520075 0.506117 0.520383 0.507095 0.520759 0.508253 0.524080 0.518356 0.524468 0.519521 0.524810 0.520520 0.525054 0.521201 0.525163 0.521461 0.527604 0.522675 0.529133 0.521781 0.551782 0.496391 0.548430 0.486194 0.547877 0.486352 0.520662 0.502256
0 0.452571 0.620650 0.466024 0.633579 0.475721 0.615642 0.475832 0.615113 0.462440 0.602243 0.452788 0.620098
0 0.427269 0.538424 0.440374 0.552062 0.440648 0.551824 0.445739 0.543127 0.432693 0.529551 0.432384 0.529687
0 0.565690 0.555376 0.582971 0.593012 0.583353 0.593440 0.597531 0.581867 0.580171 0.544058 0.579803 0.543856
0 0.560722 0.390045 0.562305 0.403082 0.578601 0.399564 0.579510 0.398403 0.577908 0.385215 0.575452 0.383794 0.575002 0.383779 0.574259 0.383865 0.573334 0.384038 0.565111 0.385813 0.564150 0.386047 0.563303 0.386305 0.562698 0.386547 0.562428 0.386738
0 0.545931 0.429611 0.548596 0.432459 0.555370 0.436607 0.557628 0.437989 0.560984 0.438829 0.561090 0.438623 0.561286 0.438141 0.561541 0.437458 0.561817 0.436677 0.566937 0.421679 0.551867 0.412451 0.551630 0.412851 0.548185 0.422852 0.546260 0.428524 0.546059 0.429138 0.545943 0.429520
0 0.542106 0.467106 0.544752 0.477559 0.552592 0.474031 0.553324 0.473670 0.554803 0.469689 0.558590 0.459494 0.555907 0.448896 0.547958 0.452473 0.547300 0.453126
0 0.534351 0.547535 0.534930 0.550312 0.535333 0.550894 0.544197 0.557187 0.559929 0.517789 0.551064 0.511496 0.550481 0.511366 0.548428 0.512281 0.548275 0.512488 0.547967 0.513110 0.547552 0.514050 0.547093 0.515167 0.539299 0.534685 0.535403 0.544444 0.534964 0.545576 0.534611 0.546561 0.534395 0.547249
0 0.491595 0.490903 0.491676 0.491150 0.491906 0.491815 0.492250 0.492796 0.492656 0.493945 0.493062 0.495087 0.493408 0.496051 0.493640 0.496691 0.493724 0.496908 0.496042 0.497895 0.505587 0.491885 0.506935 0.491018 0.510982 0.488411 0.511044 0.488357 0.510811 0.487546 0.510324 0.486047 0.509914 0.484843 0.508830 0.481788 0.508397 0.480612 0.507848 0.479190 0.507539 0.478474 0.504637 0.480226 0.492494 0.487888
0 0.442542 0.599445 0.443682 0.603479 0.445892 0.606623 0.448837 0.608401 0.452068 0.608540 0.455093 0.607020 0.457451 0.604072 0.457479 0.604005 0.457604 0.603701 0.458055 0.602372 0.458811 0.600082 0.458916 0.595776 0.457776 0.591746 0.456445 0.589408 0.455697 0.588344 0.454701 0.587742 0.452624 0.586827 0.449395 0.586688 0.446372 0.588206 0.444978 0.589888 0.444180 0.590885 0.444015 0.591152 0.443979 0.591211 0.442646 0.595138
0 0.427659 0.583172 0.428329 0.586271 0.429114 0.589899 0.430879 0.592850 0.432331 0.595222 0.433179 0.595847 0.434141 0.595991 0.435072 0.595633 0.438892 0.594051 0.442422 0.590567 0.443179 0.589762 0.443317 0.589544 0.443784 0.588416 0.443892 0.587136 0.443625 0.585898 0.442139 0.580828 0.439835 0.576122 0.439232 0.575115 0.438386 0.574492 0.437426 0.574348 0.436498 0.574705 0.432383 0.576685 0.429166 0.579758 0.428410 0.580562 0.428246 0.580746 0.428236 0.580758 0.427768 0.581888
0 0.516455 0.395146 0.516810 0.396317 0.517679 0.398377 0.518217 0.399101 0.519000 0.399738 0.519907 0.400192 0.520804 0.400395 0.521553 0.400316 0.523254 0.399542 0.524071 0.398957 0.524462 0.397576 0.524722 0.396624 0.524586 0.394036 0.524314 0.393094 0.523601 0.392119 0.522556 0.391261 0.521340 0.390653 0.520140 0.390387 0.519140 0.390505 0.518492 0.390987 0.517095 0.392807 0.516698 0.394188
0 0.446525 0.534299 0.466846 0.540356 0.467287 0.540454 0.467729 0.540473 0.468168 0.540416 0.468599 0.540284 0.469013 0.540076 0.469157 0.539890 0.469582 0.539340 0.469721 0.539160 0.469841 0.537557 0.470156 0.533343 0.470288 0.531574 0.469922 0.531269 0.469528 0.531031 0.469115 0.530863 0.468689 0.530768 0.468253 0.530748 0.447911 0.531325 0.446692 0.532058
0 0.494142 0.472712 0.494258 0.472907 0.494608 0.473084 0.495140 0.473215 0.495772 0.473281 0.517317 0.474217 0.517949 0.474206 0.518480 0.474121 0.518830 0.473975 0.518945 0.473790 0.519580 0.452178 0.519442 0.452000 0.519072 0.451838 0.518528 0.451717 0.515391 0.451322 0.498815 0.450602 0.495680 0.450724 0.495137 0.450798 0.494769 0.450927 0.494632 0.451094
