0 0.533110 0.471130 0.533570 0.474388 0.536397 0.476662 0.537249 0.476116 0.541612 0.466472 0.538719 0.464145 0.536098 0.465042 0.535683 0.465444 0.535538 0.465705 0.535220 0.466359 0.534778 0.467303 0.534278 0.468396 0.533797 0.469473 0.533406 0.470370 0.533164 0.470952
0 0.416500 0.392961 0.417824 0.396712 0.418108 0.396942 0.418700 0.397325 0.419507 0.397802 0.420410 0.398301 0.435763 0.406526 0.443439 0.410638 0.444306 0.411087 0.445012 0.411421 0.445451 0.411590 0.445555 0.411568 0.448090 0.410596 0.451783 0.398342 0.451225 0.397167 0.420236 0.380565
0 0.547049 0.455411 0.547163 0.455912 0.547488 0.456724 0.547975 0.457724 0.548550 0.458762 0.549126 0.459680 0.549617 0.460340 0.549948 0.460641 0.551815 0.460144 0.551978 0.460004 0.552640 0.459351 0.570774 0.438759 0.570717 0.438412 0.570515 0.437858 0.570198 0.437183 0.569813 0.436489 0.569421 0.435883 0.569080 0.435458 0.568844 0.435278 0.548770 0.452369 0.548613 0.452523 0.547952 0.453174
0 0.413051 0.610593 0.413064 0.611265 0.413181 0.611691 0.413382 0.611807 0.428598 0.617135 0.428843 0.616917 0.429105 0.616403 0.429345 0.615672 0.430351 0.611531 0.433965 0.589949 0.434327 0.585926 0.434324 0.585240 0.434223 0.584793 0.434038 0.584654 0.418791 0.579513 0.418539 0.579698 0.418270 0.580184 0.418025 0.580896 0.417842 0.581726 0.413144 0.609776
0 0.438470 0.247537 0.444687 0.250625 0.445778 0.250261 0.445804 0.249830 0.445459 0.249523 0.445401 0.249483 0.441680 0.247627 0.441056 0.247316 0.439805 0.246693 0.439721 0.246661 0.439624 0.246643 0.439531 0.246641 0.439454 0.246655 0.438909 0.246842 0.438861 0.246870 0.438497 0.247103
0 0.497580 0.457727 0.497636 0.458693 0.499828 0.461202 0.500410 0.461120 0.510630 0.445244 0.510866 0.444028 0.510827 0.443202 0.508583 0.440634
0 0.417321 0.563844 0.431324 0.575792 0.444756 0.565107 0.446088 0.564047 0.446335 0.563754 0.447004 0.562360 0.420172 0.539467 0.419805 0.539648 0.419133 0.541049 0.418969 0.543106
0 0.530896 0.575990 0.533096 0.596581 0.533992 0.598004 0.546089 0.594802 0.546656 0.594568 0.547064 0.594262 0.547251 0.593931 0.547650 0.589743 0.546383 0.577369 0.546290 0.576931 0.545074 0.573024 0.544772 0.572807 0.544276 0.572694 0.543660 0.572702 0.543019 0.572829 0.538830 0.573661
0 0.509606 0.352290 0.510112 0.356640 0.512138 0.374040 0.531713 0.369988 0.533167 0.367172 0.533320 0.366560 0.533786 0.364692 0.533657 0.363582 0.531718 0.346926 0.529864 0.344688 0.509831 0.348835 0.509785 0.349539 0.509650 0.351611
0 0.519173 0.567239 0.519261 0.567549 0.534959 0.574844 0.551375 0.512053 0.535677 0.504757 0.535513 0.504735
0 0.389265 0.440112 0.390531 0.440797 0.400292 0.443035 0.401901 0.440754 0.402102 0.440112 0.402311 0.439099 0.402498 0.437867 0.402633 0.436602 0.402697 0.435496 0.402680 0.434715 0.402583 0.434380 0.401691 0.432189 0.394956 0.419478 0.393741 0.418547 0.392096 0.418170
0 0.452406 0.430731 0.455065 0.438320 0.455795 0.440313 0.456113 0.440744 0.470954 0.431076 0.467329 0.421182 0.467273 0.421047
0 0.451421 0.398375 0.451530 0.398765 0.549709 0.418406 0.550051 0.418109 0.552478 0.396205 0.453832 0.376354
0 0.483996 0.435638 0.496395 0.450199 0.496636 0.449853 0.496894 0.449476 0.497166 0.449075 0.497447 0.448656 0.497735 0.448222 0.511183 0.427863 0.511340 0.427500 0.498924 0.412919 0.485739 0.432276 0.485451 0.432702 0.485163 0.433135 0.484876 0.433573 0.484596 0.434008 0.484328 0.434433 0.484257 0.434689 0.484073 0.435358
0 0.563985 0.518267 0.564002 0.518990 0.564336 0.520496 0.564949 0.520949 0.566749 0.522208 0.567417 0.522279 0.568286 0.522140 0.569224 0.521811 0.570089 0.521344 0.570752 0.520807 0.571110 0.520282 0.572204 0.517741 0.572204 0.517015 0.571864 0.515508 0.570512 0.513350 0.570029 0.512975 0.569139 0.512869 0.567976 0.513050 0.566719 0.513490 0.565563 0.514121 0.564684 0.514847 0.564216 0.515555
0 0.453336 0.396379 0.453416 0.396557 0.453523 0.396793 0.454995 0.397788 0.460885 0.401769 0.468348 0.382135 0.468221 0.381662 0.460829 0.376667
