0 0.491372 0.414420 0.494369 0.453671 0.494433 0.454201 0.502547 0.456221 0.508001 0.417275 0.508094 0.416319 0.506739 0.414081 0.506561 0.413921 0.506037 0.413692 0.505244 0.413429 0.504306 0.413172 0.496117 0.411133 0.495178 0.410923 0.494386 0.410791 0.493861 0.410759 0.493682 0.410830 0.491679 0.412232
0 0.462957 0.506863 0.467786 0.518721 0.468856 0.519108 0.476102 0.513837 0.475314 0.511905 0.470879 0.501866 0.470368 0.501471 0.468301 0.500656 0.468071 0.500731 0.467538 0.501041 0.466783 0.501538 0.465922 0.502147 0.465086 0.502773 0.464405 0.503321 0.463982 0.503707 0.463881 0.503872
0 0.438679 0.563358 0.440690 0.574112 0.447874 0.579868 0.457940 0.587933 0.460842 0.590258 0.476973 0.584896 0.481290 0.575317 0.489082 0.558026 0.489132 0.557761 0.487130 0.547056 0.438960 0.563068
0 0.567299 0.555908 0.567372 0.556536 0.567543 0.557527 0.567785 0.558730 0.568064 0.559963 0.568335 0.561041 0.568559 0.561801 0.568702 0.562126 0.571263 0.563977 0.580898 0.560315 0.578610 0.549609 0.577711 0.549042 0.568186 0.552662 0.567336 0.555739
0 0.584675 0.442147 0.588596 0.468768 0.588683 0.469337 0.588775 0.469889 0.588870 0.470420 0.588969 0.470922 0.589067 0.471386 0.592310 0.470537 0.605281 0.467140 0.605982 0.465972 0.605924 0.465427 0.605855 0.464864 0.605776 0.464294 0.605688 0.463726 0.605593 0.463163 0.601064 0.437503 0.584829 0.441755
0 0.490199 0.483638 0.499453 0.501987 0.513215 0.489648 0.503961 0.471299
0 0.569934 0.538429 0.583998 0.550365 0.590200 0.554946 0.591296 0.555755 0.591401 0.555810 0.591771 0.555208 0.592349 0.554040 0.593047 0.552481 0.593758 0.550773 0.594371 0.549179 0.594793 0.547944 0.594960 0.547257 0.593862 0.546447 0.587645 0.541863 0.572543 0.532282 0.572494 0.532276 0.572255 0.532739 0.571861 0.533598 0.571570 0.534271 0.571170 0.535213 0.570866 0.535943 0.570414 0.537075 0.570087 0.537948
0 0.517534 0.379948 0.525707 0.381673 0.525825 0.381128 0.527124 0.370181 0.518914 0.368449 0.518827 0.369052
0 0.517534 0.474418 0.529969 0.488975 0.530107 0.488925 0.535591 0.480596 0.523099 0.465972 0.522993 0.466128
0 0.448603 0.495361 0.448629 0.495575 0.448839 0.496197 0.449203 0.497132 0.449663 0.498239 0.453790 0.507887 0.454276 0.508992 0.454711 0.509924 0.455030 0.510539 0.455183 0.510744 0.457342 0.511555 0.457781 0.511436 0.474988 0.498351 0.466809 0.479231 0.466426 0.478991 0.463525 0.481197 0.449078 0.492237
0 0.475955 0.506631 0.476005 0.506868 0.476209 0.507528 0.476538 0.508511 0.476941 0.509665 0.480506 0.519704 0.480920 0.520851 0.481281 0.521811 0.481534 0.522438 0.481639 0.522637 0.483851 0.523768 0.492907 0.518051 0.492988 0.517845 0.485923 0.497952 0.485761 0.497928 0.476705 0.503645
0 0.461037 0.465887 0.461482 0.466277 0.471384 0.466611 0.473025 0.464265 0.473065 0.464060 0.473109 0.463382 0.473150 0.462336 0.473181 0.461080 0.473390 0.450053 0.473407 0.448774 0.473407 0.447661 0.473391 0.446884 0.473361 0.446561 0.471476 0.443967 0.461460 0.443629
0 0.476115 0.439451 0.476132 0.440424 0.476914 0.442849 0.477394 0.443506 0.478225 0.444525 0.479087 0.444526 0.480938 0.444256 0.481607 0.443866 0.482327 0.443143 0.482989 0.442199 0.483494 0.441176 0.483766 0.440227 0.483790 0.437824 0.483782 0.436605 0.483316 0.435933 0.482479 0.434917 0.480579 0.434086 0.479890 0.434069 0.478994 0.434580 0.478028 0.435542 0.477141 0.436806 0.476469 0.438180
0 0.557176 0.519317 0.557286 0.520283 0.568830 0.532400 0.569219 0.532551 0.569776 0.532600 0.570415 0.532539 0.571038 0.532376 0.571551 0.532138 0.571875 0.531859 0.575693 0.523657 0.575947 0.522866 0.576217 0.521759 0.576461 0.520503 0.576642 0.519293 0.576731 0.518314 0.576716 0.517716 0.575443 0.515076 0.572354 0.513870 0.566524 0.511632 0.565824 0.511401 0.559241 0.509500 0.559009 0.509568 0.558512 0.511348 0.557910 0.514190 0.557533 0.516347 0.557255 0.518372
0 0.429305 0.537790 0.429727 0.541692 0.430246 0.542144 0.446122 0.539094 0.447292 0.538245 0.447672 0.537600 0.447260 0.533788 0.430921 0.536926
