0 0.807082 0.622968 0.809917 0.671276 0.841162 0.670999 0.882444 0.668576 0.898561 0.667630 0.923780 0.664594 0.920945 0.616286 0.904054 0.608693 0.902602 0.608603 0.899540 0.608635 0.895336 0.608783 0.890627 0.609025 0.833891 0.612355 0.829372 0.612655 0.825710 0.612968 0.823460 0.613248 0.822968 0.613452
0 0.185538 0.720839 0.196550 0.801200 0.236731 0.795694 0.240341 0.791639 0.229480 0.712379 0.189851 0.717810
0 0.335579 0.937312 0.416370 0.941978 0.417325 0.936927 0.420093 0.889007 0.412094 0.882244 0.411294 0.881687 0.408787 0.881111 0.404959 0.880602 0.400389 0.880237 0.360364 0.877925 0.355731 0.877759 0.351724 0.877815 0.348950 0.878086 0.347833 0.878532 0.340226 0.884394 0.338379 0.888838
0 0.045738 0.062207 0.054892 0.109891 0.059979 0.114349 0.066963 0.119012 0.068435 0.119341 0.071479 0.119273 0.075632 0.118821 0.080263 0.118053 0.119636 0.110495 0.124058 0.109525 0.127613 0.108497 0.129763 0.107567 0.138544 0.099267 0.129495 0.052128 0.125211 0.046950
0 0.532220 0.544763 0.532397 0.551655 0.532773 0.552212 0.565737 0.553720 0.569240 0.553779 0.598235 0.553196 0.613579 0.552822 0.622182 0.545125 0.622507 0.543056 0.622779 0.539516 0.622957 0.535046 0.623013 0.530332 0.622938 0.526097 0.622744 0.522993 0.622461 0.521488 0.613942 0.490441 0.613588 0.489378 0.612160 0.488005 0.609873 0.486533 0.607077 0.485186 0.604199 0.484171 0.601682 0.483644 0.599908 0.483683 0.533544 0.511909 0.532981 0.515128 0.532752 0.518533 0.532453 0.525979 0.532274 0.534020
0 0.098568 0.618076 0.133080 0.663720 0.141983 0.672353 0.142421 0.672707 0.144618 0.673262 0.148241 0.673932 0.152740 0.674615 0.157421 0.675207 0.161565 0.675615 0.164539 0.675779 0.165891 0.675673 0.176894 0.667351 0.183496 0.619807 0.104256 0.608803 0.099681 0.610061
0 0.329937 0.265266 0.329995 0.268146 0.330173 0.269369 0.339227 0.279107 0.387166 0.281537 0.391216 0.201640 0.389959 0.198191 0.381877 0.197781 0.339417 0.236143 0.331395 0.245262 0.331126 0.245844 0.330803 0.248178 0.330478 0.251912 0.330198 0.256476 0.330008 0.261167
0 0.432258 0.526521 0.466315 0.561129 0.478240 0.561227 0.478867 0.560663 0.480713 0.558891 0.483498 0.556181 0.486797 0.552945 0.490103 0.549681 0.492908 0.546890 0.494783 0.545000 0.495445 0.544297 0.495664 0.475807 0.495614 0.475527 0.489937 0.469759
0 0.241516 0.369935 0.246422 0.409698 0.252473 0.409147 0.308599 0.402212 0.335187 0.397938 0.333692 0.378282 0.330249 0.357910 0.294106 0.360768
0 0.052721 0.756934 0.053019 0.758873 0.054150 0.761272 0.055940 0.763766 0.123313 0.843599 0.125477 0.845791 0.127673 0.847332 0.129564 0.847989 0.130863 0.847661 0.188359 0.799349 0.188823 0.798124 0.188425 0.796150 0.187228 0.793728 0.178761 0.781035 0.126923 0.719611 0.115780 0.709067 0.113574 0.707456 0.111665 0.706696 0.110343 0.706905 0.053298 0.755751
0 0.203924 0.317500 0.204097 0.319194 0.204521 0.319764 0.282923 0.332543 0.283596 0.331915 0.284352 0.330172 0.285077 0.327580 0.285658 0.324535 0.301462 0.221275 0.301809 0.218259 0.301864 0.215754 0.301622 0.214139 0.301118 0.213662 0.222822 0.200192 0.222197 0.200936 0.221483 0.202778 0.220787 0.205436 0.217702 0.220594 0.205542 0.300043 0.204027 0.314940
