0 0.476195 0.553896 0.481415 0.574465 0.481603 0.574546 0.482001 0.574502 0.482548 0.574340 0.485595 0.573161 0.501235 0.565807 0.504106 0.564204 0.504586 0.563883 0.504885 0.563599 0.504955 0.563397 0.499600 0.542891 0.499428 0.542784 0.499044 0.542805 0.498506 0.542951 0.497897 0.543200 0.477568 0.552759 0.476984 0.553071 0.476518 0.553397 0.476241 0.553686
0 0.477270 0.639454 0.485125 0.643230 0.488523 0.630663 0.488654 0.629169 0.487625 0.626948 0.487464 0.626695 0.486971 0.626310 0.486223 0.625852 0.485333 0.625390 0.484436 0.624993 0.483666 0.624722 0.483140 0.624617 0.480889 0.625437 0.477530 0.637860
0 0.510413 0.483980 0.510775 0.485355 0.511481 0.488031 0.513630 0.491228 0.516534 0.493086 0.518658 0.493241 0.519750 0.493320 0.519795 0.493305 0.520865 0.492808 0.522879 0.491863 0.525287 0.488986 0.526686 0.485099 0.526802 0.482256 0.526816 0.480827 0.526498 0.479413 0.525790 0.476727 0.523632 0.473516 0.520716 0.471651 0.518584 0.471496 0.517458 0.471465 0.516452 0.471902 0.514437 0.472846 0.512029 0.475723 0.511981 0.475821 0.510588 0.479692 0.510472 0.482524
0 0.421163 0.703367 0.470696 0.709576 0.470830 0.708618 0.472375 0.686704 0.423068 0.680524 0.422715 0.681353
0 0.498487 0.600932 0.499033 0.603502 0.499196 0.603767 0.499661 0.604249 0.500360 0.604874 0.501184 0.605548 0.508366 0.611177 0.509188 0.611794 0.509879 0.612257 0.510334 0.612497 0.512883 0.612215 0.517960 0.600699 0.517755 0.599548 0.503524 0.588394 0.498505 0.599779
0 0.491680 0.506658 0.492108 0.508810 0.507460 0.542538 0.515530 0.539683 0.507820 0.500947 0.505718 0.499236 0.505527 0.499301 0.505001 0.499486 0.504218 0.499762 0.503299 0.500087 0.496220 0.502592 0.494384 0.503242 0.493601 0.503520 0.493072 0.503709 0.492880 0.503778
0 0.531334 0.404197 0.531345 0.404300 0.531455 0.404646 0.531659 0.405266 0.531855 0.405843 0.532275 0.407045 0.532725 0.408305 0.533138 0.409432 0.533450 0.410257 0.533615 0.410652 0.549036 0.402281 0.556543 0.397465 0.556578 0.397308 0.556370 0.396488 0.555949 0.395130 0.555380 0.393438 0.554750 0.391675 0.554156 0.390112 0.553690 0.388990 0.553422 0.388479 0.547030 0.392586 0.545903 0.393311
0 0.535448 0.504205 0.535755 0.508588 0.536168 0.508688 0.544482 0.507654 0.544172 0.503221 0.542101 0.501066 0.541857 0.501088 0.541274 0.501153 0.540441 0.501252 0.539485 0.501369 0.538549 0.501487 0.537776 0.501588 0.537281 0.501656 0.537142 0.501682
0 0.498615 0.372991 0.498617 0.373162 0.499554 0.376162 0.500687 0.376844 0.502912 0.376966 0.503110 0.376569 0.503482 0.375616 0.503969 0.374254 0.504500 0.372686 0.504994 0.371150 0.505376 0.369877 0.505589 0.369059 0.505599 0.368823 0.504043 0.366663 0.502907 0.365980 0.500626 0.367051 0.500474 0.367338 0.500191 0.368048 0.499820 0.369075 0.499419 0.370259 0.499049 0.371420 0.498767 0.372380
0 0.515643 0.398470 0.517949 0.420323 0.530180 0.418139 0.530813 0.418008 0.531366 0.417868 0.531754 0.417739 0.531917 0.417642 0.532275 0.413116 0.531929 0.409835 0.531237 0.403274 0.530891 0.399994 0.529610 0.395772 0.529522 0.395701 0.529198 0.395688 0.528686 0.395733 0.524000 0.396469 0.515774 0.397992
0 0.600379 0.691878 0.600841 0.692761 0.617383 0.694968 0.622350 0.628801 0.621789 0.628211 0.605323 0.626014
0 0.421011 0.159945 0.421911 0.163830 0.424811 0.165936 0.439296 0.176165 0.439404 0.176076 0.441795 0.173731 0.442223 0.173031 0.442692 0.172004 0.446649 0.162317 0.447090 0.161117 0.447436 0.159920 0.447636 0.158909 0.447658 0.158238 0.446597 0.153176 0.428999 0.140392
0 0.467537 0.583844 0.470495 0.594216 0.476905 0.591745 0.488152 0.584740 0.485214 0.574437 0.484141 0.574873 0.473228 0.580411
0 0.446384 0.733778 0.462937 0.736713 0.463360 0.734008 0.464666 0.720917 0.462911 0.719241 0.462419 0.718901 0.461648 0.718597 0.460717 0.718372 0.452516 0.716918 0.451562 0.716808 0.450727 0.716828 0.450138 0.716975 0.448303 0.718015 0.447705 0.720535
0 0.445764 0.501960 0.458660 0.515948 0.458849 0.515875 0.469292 0.498759 0.456456 0.484835 0.456255 0.484765
0 0.533080 0.472357 0.533192 0.472943 0.533636 0.473524 0.533978 0.473902 0.539188 0.476774 0.542650 0.478607 0.543076 0.478592 0.543389 0.478178 0.545531 0.471576 0.545536 0.471012 0.544842 0.470040 0.544542 0.469667 0.540998 0.468060 0.535953 0.465901 0.535493 0.465885 0.535082 0.466214 0.533211 0.468857
