0 0.547520 0.455430 0.554368 0.474773 0.554503 0.474921 0.554848 0.474908 0.555350 0.474738 0.558228 0.473364 0.573369 0.464339 0.576219 0.462299 0.576711 0.461877 0.577040 0.461488 0.577156 0.461191 0.570176 0.441926 0.570056 0.441751 0.569723 0.441740 0.569228 0.441894 0.568648 0.442191 0.548969 0.453920 0.548394 0.454312 0.547917 0.454736 0.547610 0.455129
0 0.499051 0.448629 0.499052 0.448718 0.499060 0.449129 0.499062 0.449217 0.499472 0.451070 0.500383 0.452573 0.501656 0.453496 0.503097 0.453700 0.504487 0.453153 0.505614 0.451939 0.506307 0.450241 0.506318 0.450156 0.506369 0.449753 0.506380 0.449666 0.506535 0.447722 0.506119 0.445848 0.505198 0.444327 0.503910 0.443393 0.502452 0.443187 0.501046 0.443740 0.499906 0.444969 0.499206 0.446686
0 0.316969 0.556958 0.333727 0.571606 0.335628 0.570788 0.344678 0.552380 0.341917 0.549966 0.327914 0.537943 0.326123 0.538337 0.324737 0.538679 0.324401 0.538942 0.323908 0.539589 0.323331 0.540522 0.322761 0.541600 0.318194 0.550889 0.317717 0.551941 0.317410 0.552806 0.317318 0.553349
0 0.407903 0.458462 0.423411 0.466936 0.423588 0.467013 0.423940 0.467165 0.424289 0.467315 0.424690 0.466332 0.427200 0.458166 0.426748 0.456727 0.425727 0.456123 0.411754 0.448487 0.410660 0.449098 0.408114 0.457378
0 0.581163 0.594429 0.581362 0.594930 0.581734 0.595765 0.582223 0.596808 0.582754 0.597901 0.583249 0.598881 0.583632 0.599598 0.583844 0.599942 0.586722 0.601127 0.589539 0.598735 0.585054 0.589345 0.584082 0.588324 0.581297 0.590689
0 0.569246 0.369482 0.574305 0.390433 0.582162 0.387061 0.586189 0.385244 0.586806 0.384965 0.587360 0.384689 0.587766 0.384457 0.587963 0.384304 0.587736 0.379761 0.586975 0.376607 0.584691 0.367146 0.582887 0.363280 0.582840 0.363211 0.582559 0.363256 0.582088 0.363408 0.581497 0.363644 0.569565 0.368882
0 0.477993 0.585690 0.478032 0.586503 0.478110 0.587641 0.478217 0.588930 0.478335 0.590173 0.478446 0.591178 0.478534 0.591791 0.478585 0.591921 0.480419 0.594386 0.490369 0.592816 0.490479 0.591756 0.488540 0.569897 0.486900 0.570156 0.479673 0.582378 0.478000 0.585326
0 0.700740 0.479903 0.700978 0.481157 0.701557 0.482195 0.703191 0.483595 0.705617 0.485524 0.710204 0.486561 0.711164 0.486748 0.711681 0.486716 0.712624 0.486398 0.713404 0.485623 0.713903 0.484509 0.715355 0.479616 0.716687 0.474066 0.716827 0.472782 0.716589 0.471525 0.716008 0.470484 0.715172 0.469820 0.710949 0.467261 0.707340 0.466108 0.706377 0.465920 0.705903 0.465998 0.705874 0.466003 0.704933 0.466320 0.704154 0.467093 0.702667 0.469963 0.701221 0.473197 0.700812 0.476924
0 0.561952 0.604597 0.562102 0.608880 0.562108 0.608971 0.563486 0.612867 0.565109 0.615223 0.565926 0.616215 0.566965 0.616723 0.568934 0.617270 0.572177 0.617107 0.575118 0.615315 0.576640 0.613662 0.577386 0.612589 0.577763 0.611217 0.578416 0.608136 0.578268 0.603843 0.578251 0.603756 0.576872 0.599855 0.574471 0.596941 0.571417 0.595455 0.568174 0.595626 0.565237 0.597424 0.563053 0.600574
0 0.534699 0.498438 0.541898 0.518305 0.563997 0.528574 0.564291 0.528705 0.571776 0.523884 0.550080 0.464008 0.542596 0.468830 0.542498 0.468901 0.542400 0.468973
0 0.522882 0.398724 0.538490 0.405890 0.538579 0.405674 0.538645 0.405512 0.541343 0.395065 0.525672 0.387869 0.522974 0.398317 0.522934 0.398492
0 0.482897 0.472238 0.488754 0.483269 0.489011 0.483651 0.495748 0.477292 0.495648 0.476761 0.489791 0.465730 0.487448 0.465282 0.487275 0.465383 0.486814 0.465766 0.486134 0.466372 0.485341 0.467108 0.484556 0.467862 0.483899 0.468518 0.483470 0.468975 0.483336 0.469164
0 0.710738 0.495598 0.712952 0.506200 0.713930 0.506229 0.729906 0.500297 0.727682 0.489646 0.726641 0.489694
0 0.470456 0.555376 0.484907 0.566332 0.493124 0.547064 0.493156 0.546848 0.478771 0.535941 0.478673 0.536107
0 0.514656 0.407214 0.527809 0.420603 0.532830 0.411835 0.532981 0.411429 0.519767 0.397978 0.514723 0.406787
