0 0.558651 0.419956 0.558697 0.420475 0.559039 0.420817 0.564291 0.422783 0.564726 0.422732 0.564988 0.422328 0.565938 0.417835 0.567384 0.410919 0.567555 0.409868 0.567530 0.409302 0.567243 0.408833 0.565055 0.406814 0.562351 0.407013 0.561909 0.407210 0.561645 0.407668 0.560037 0.413812 0.558903 0.418244
0 0.570666 0.448102 0.576754 0.461518 0.583943 0.464760 0.588963 0.461113 0.590050 0.450904 0.585650 0.441209 0.583932 0.437424 0.576682 0.434050 0.571812 0.438028
0 0.463522 0.441205 0.463541 0.442375 0.463650 0.443664 0.463830 0.444873 0.464055 0.445817 0.464290 0.446352 0.464499 0.446399 0.474012 0.447055 0.475908 0.445640 0.476091 0.445042 0.476172 0.443878 0.476137 0.442324 0.475994 0.440614 0.475762 0.439006 0.475477 0.437742 0.475182 0.437014 0.473106 0.436280 0.472775 0.436180 0.463747 0.439891 0.463594 0.440332
0 0.434295 0.409290 0.437353 0.419596 0.437640 0.419964 0.445334 0.415906 0.442290 0.405647 0.442024 0.405213
0 0.482066 0.468095 0.489914 0.487635 0.489960 0.487692 0.504548 0.477276 0.504570 0.477171 0.496722 0.457631
0 0.371123 0.704466 0.412272 0.741752 0.416932 0.732608 0.417123 0.732075 0.417312 0.731544 0.414497 0.711868 0.412937 0.700968 0.399284 0.688596 0.395993 0.689433 0.379642 0.693592 0.376352 0.694429 0.376068 0.694875 0.375784 0.695322
0 0.496156 0.603247 0.496370 0.603921 0.510864 0.612490 0.511421 0.612272 0.511929 0.610745 0.513429 0.604891 0.513425 0.603908 0.513412 0.603810 0.512979 0.603199 0.499397 0.595169 0.498766 0.595151 0.498308 0.595728 0.496200 0.602067
0 0.444093 0.456450 0.444212 0.457090 0.444499 0.457499 0.455868 0.466068 0.456275 0.466180 0.456745 0.465980 0.457207 0.465497 0.457590 0.464807 0.468295 0.439580 0.468543 0.438782 0.468621 0.437993 0.468516 0.437334 0.468243 0.436905 0.456715 0.428709 0.456314 0.428571 0.455848 0.428747 0.455391 0.429209 0.455011 0.429888 0.444403 0.454887 0.444160 0.455676
0 0.455644 0.450400 0.456023 0.451779 0.456545 0.453397 0.457474 0.454568 0.458143 0.455099 0.459387 0.455541 0.460757 0.455184 0.462044 0.454081 0.463050 0.452400 0.463621 0.450398 0.463668 0.448383 0.463186 0.446664 0.462250 0.445503 0.461587 0.444959 0.460341 0.444530 0.459068 0.444666 0.457972 0.444961 0.456945 0.445847 0.456143 0.447191 0.455686 0.448789
0 0.451665 0.219712 0.452108 0.222278 0.458421 0.232473 0.459105 0.232078 0.460378 0.230677 0.464197 0.226473 0.468016 0.222269 0.470562 0.219466 0.471165 0.218443 0.470899 0.215842 0.470334 0.214655 0.465018 0.206071 0.464527 0.205553 0.461631 0.206406 0.460977 0.206873 0.460229 0.207608 0.453806 0.214680 0.453081 0.215566 0.452491 0.216467 0.452127 0.217244
0 0.321596 0.739157 0.349526 0.763573 0.351246 0.760561 0.356676 0.749517 0.355231 0.746520 0.354666 0.745747 0.353910 0.744989 0.333154 0.726844 0.332316 0.726209 0.331517 0.725789 0.330878 0.725647 0.329066 0.725380 0.327090 0.727985
0 0.474782 0.531366 0.478285 0.543882 0.486108 0.539990 0.486267 0.539533 0.482804 0.527160 0.480533 0.525886 0.480381 0.525941 0.479898 0.526163 0.479159 0.526519 0.478274 0.526954 0.477378 0.527404 0.476607 0.527801 0.476075 0.528083 0.475866 0.528208
0 0.440086 0.533236 0.440134 0.536242 0.440226 0.538808 0.440338 0.540097 0.440492 0.540932 0.447396 0.540835 0.448120 0.540800 0.453984 0.540266 0.457075 0.539970 0.458837 0.537760 0.458848 0.537309 0.458843 0.536430 0.458822 0.535257 0.458790 0.533966 0.458750 0.532754 0.458710 0.531802 0.458674 0.531256 0.456808 0.522691 0.456668 0.522426 0.456313 0.522088 0.455798 0.521728 0.455200 0.521401 0.454612 0.521157 0.454123 0.521034 0.453808 0.521050 0.440178 0.529863 0.440132 0.530150 0.440090 0.531415
0 0.476757 0.364105 0.476864 0.364726 0.489601 0.405339 0.504831 0.396848 0.504853 0.396374 0.492057 0.355574
0 0.556060 0.563201 0.562972 0.569249 0.570500 0.557215 0.573708 0.548745 0.570041 0.545453 0.566751 0.542657 0.563023 0.548784 0.556613 0.561792
