0 0.561329 0.398928 0.561651 0.399949 0.572481 0.428612 0.572563 0.428602 0.572865 0.428462 0.573344 0.428214 0.573925 0.427895 0.574519 0.427555 0.575036 0.427245 0.575397 0.427013 0.575546 0.426893 0.567778 0.396451 0.567457 0.395428 0.566006 0.393694 0.565892 0.393756 0.565446 0.394008 0.564737 0.394412 0.563873 0.394906 0.562984 0.395415 0.562204 0.395862 0.561652 0.396181 0.561411 0.396322
0 0.484036 0.407567 0.484165 0.429680 0.484410 0.433756 0.484497 0.434442 0.484625 0.434874 0.484773 0.434985 0.500871 0.435195 0.501030 0.434971 0.501164 0.434444 0.501251 0.433694 0.501278 0.432836 0.501111 0.404096 0.501074 0.403267 0.500979 0.402598 0.500840 0.402191 0.500679 0.402107 0.484580 0.401705 0.484434 0.401959 0.484312 0.402512 0.484233 0.403278
0 0.523833 0.582460 0.523942 0.582839 0.540248 0.587161 0.549971 0.521940 0.549743 0.521839 0.533512 0.517537
0 0.449126 0.431886 0.450330 0.436095 0.451465 0.437556 0.453367 0.438605 0.453605 0.438596 0.454160 0.438409 0.454946 0.438072 0.455846 0.437637 0.456722 0.437169 0.463455 0.433424 0.464277 0.432736 0.464838 0.431680 0.465055 0.430419 0.464892 0.429143 0.464376 0.428047 0.464253 0.427798 0.464004 0.427295 0.463878 0.427041 0.463076 0.426282 0.462116 0.425990 0.461146 0.426209 0.457018 0.427871
0 0.452537 0.569221 0.452899 0.570812 0.453965 0.572316 0.461975 0.583609 0.464712 0.587467 0.480624 0.581047 0.480712 0.580675 0.483604 0.558185 0.483244 0.556601 0.452755 0.568904
0 0.445619 0.515298 0.445755 0.517446 0.446497 0.519361 0.447732 0.520753 0.449273 0.521408 0.450884 0.521227 0.450968 0.521190 0.452402 0.520202 0.453444 0.518558 0.453934 0.516508 0.453799 0.514363 0.453058 0.512451 0.451825 0.511062 0.450287 0.510408 0.448678 0.510589 0.448590 0.510607 0.447153 0.511597 0.446110 0.513243
0 0.449241 0.617314 0.482626 0.620591 0.482825 0.619212 0.483554 0.606011 0.481929 0.604106 0.481764 0.603950 0.481246 0.603781 0.480455 0.603625 0.479511 0.603505 0.462972 0.601881 0.454702 0.601069 0.453741 0.601003 0.452901 0.600999 0.452309 0.601059 0.452056 0.601174 0.450552 0.602771 0.449979 0.603959
0 0.457374 0.416494 0.457861 0.417449 0.458184 0.418027 0.473703 0.421122 0.474187 0.420705 0.474957 0.413848 0.474802 0.413032 0.474778 0.412950 0.474253 0.412563 0.459553 0.409631 0.458919 0.409787 0.458536 0.410387 0.457559 0.414843
0 0.428694 0.470790 0.428998 0.471078 0.429336 0.471356 0.429703 0.471618 0.430093 0.471861 0.430502 0.472082 0.449731 0.481827 0.450139 0.481106 0.455655 0.461976 0.437606 0.450161 0.437211 0.449916 0.436807 0.449697 0.436394 0.449505 0.435980 0.449341 0.435572 0.449210 0.434397 0.450958 0.434037 0.451494 0.429755 0.466958
0 0.446445 0.458186 0.446948 0.470929 0.447231 0.471159 0.447847 0.471407 0.448703 0.471636 0.449667 0.471809 0.450591 0.471901 0.451333 0.471897 0.451781 0.471799 0.451867 0.471621 0.454658 0.459370 0.454089 0.456531 0.453701 0.456248 0.452875 0.455937 0.451736 0.455644 0.450458 0.455414 0.449231 0.455280 0.448241 0.455265 0.447638 0.455369 0.447516 0.455578
0 0.516953 0.622817 0.517349 0.625690 0.518931 0.629671 0.533860 0.619128 0.533086 0.616405 0.531541 0.612515 0.529429 0.612119 0.529223 0.612089 0.528714 0.612300 0.527981 0.612719 0.527135 0.613283 0.519824 0.618446 0.518990 0.619069 0.518292 0.619661 0.517836 0.620131 0.517692 0.620408
0 0.550015 0.377614 0.556360 0.384696 0.561671 0.376236 0.561955 0.375666 0.555581 0.368552 0.550245 0.377051
