0 0.531343 0.561376 0.531408 0.563581 0.531603 0.570194 0.531734 0.574603 0.532102 0.575465 0.565551 0.573706 0.565154 0.560326 0.563047 0.557711 0.562774 0.557645 0.562164 0.557610 0.561311 0.557609 0.560344 0.557644 0.543773 0.558515 0.535488 0.558951 0.534545 0.559017 0.533764 0.559103 0.533262 0.559197 0.533116 0.559285
0 0.439071 0.414232 0.444041 0.435327 0.444297 0.435623 0.460046 0.429026 0.455099 0.408027 0.454893 0.407605
0 0.439618 0.623081 0.448620 0.641652 0.462548 0.629648 0.462719 0.629056 0.453758 0.610570 0.439894 0.622519
0 0.383229 0.595392 0.399529 0.599392 0.399931 0.598994 0.402919 0.577347 0.386684 0.573364 0.386229 0.573658
0 0.577585 0.703221 0.578070 0.707619 0.578314 0.708064 0.578802 0.708783 0.579460 0.709667 0.580188 0.710581 0.586344 0.718063 0.587028 0.718864 0.587562 0.719428 0.587863 0.719667 0.590713 0.720354 0.602073 0.704112 0.604322 0.700820 0.603130 0.698526 0.590929 0.683699
0 0.462904 0.515333 0.463495 0.517341 0.464617 0.518894 0.466100 0.519757 0.467717 0.519797 0.469223 0.519010 0.469276 0.518977 0.470439 0.517483 0.471085 0.515510 0.471116 0.513357 0.470526 0.511353 0.469406 0.509802 0.467926 0.508940 0.466311 0.508900 0.466253 0.508915 0.464747 0.509703 0.463582 0.511199 0.462935 0.513176
0 0.556685 0.528588 0.557965 0.541683 0.558635 0.542165 0.566915 0.540726 0.565619 0.527479 0.563368 0.525275 0.563097 0.525275 0.562492 0.525339 0.561647 0.525459 0.560689 0.525616 0.559763 0.525787 0.559008 0.525945 0.558540 0.526067 0.558429 0.526134
0 0.567799 0.527155 0.568214 0.549159 0.568488 0.549356 0.576773 0.549078 0.576356 0.526986 0.576050 0.526878 0.571099 0.527044
0 0.511100 0.512735 0.511103 0.514936 0.519409 0.552333 0.519634 0.552938 0.527983 0.552918 0.527927 0.512841 0.526103 0.510419 0.525880 0.510406 0.525312 0.510395 0.524488 0.510390 0.523532 0.510389 0.515259 0.510410 0.514313 0.510415 0.513517 0.510424 0.512993 0.510437 0.512821 0.510452
0 0.418722 0.610483 0.418990 0.613309 0.419128 0.614763 0.419672 0.616035 0.420731 0.618509 0.423287 0.621153 0.426408 0.622291 0.428528 0.621934 0.429618 0.621750 0.432428 0.619612 0.434411 0.616204 0.434673 0.615738 0.435523 0.611594 0.435256 0.608779 0.435008 0.607516 0.434577 0.606064 0.433522 0.603600 0.430976 0.600966 0.427868 0.599833 0.425756 0.600189 0.424541 0.600545 0.423720 0.601095 0.421872 0.602501 0.421558 0.602913 0.419575 0.606322
0 0.409730 0.410782 0.410020 0.412014 0.410641 0.413005 0.413277 0.416917 0.413475 0.417107 0.417289 0.420116 0.418145 0.420712 0.419107 0.420826 0.420029 0.420440 0.420770 0.419613 0.423655 0.415639 0.425945 0.411040 0.426392 0.409898 0.426478 0.408615 0.426188 0.407386 0.425568 0.406398 0.422553 0.402067 0.422375 0.401842 0.418941 0.399253 0.418083 0.398655 0.417118 0.398541 0.416194 0.398928 0.414344 0.400891 0.412173 0.403314 0.410862 0.406660 0.409815 0.409496
0 0.583939 0.469540 0.599965 0.474822 0.601120 0.474531 0.603525 0.461563 0.601692 0.458854 0.601280 0.458635 0.600569 0.458344 0.599667 0.458027 0.591581 0.455362 0.590628 0.455068 0.589774 0.454842 0.589149 0.454720 0.588847 0.454719 0.586316 0.456720
0 0.438035 0.580344 0.438525 0.581739 0.439620 0.583925 0.439927 0.584202 0.440374 0.584200 0.446122 0.582866 0.449926 0.581650 0.450308 0.581356 0.450447 0.580900 0.450072 0.575549 0.449294 0.573234 0.449100 0.572896 0.448698 0.572874 0.444662 0.574319 0.439527 0.576754 0.439100 0.577051 0.438838 0.577519
