0 0.424804 0.525695 0.450466 0.582524 0.464673 0.571119 0.464835 0.570794 0.439291 0.514224 0.439012 0.514289
0 0.486447 0.561641 0.486919 0.564419 0.487162 0.565847 0.489031 0.569369 0.491768 0.571669 0.494957 0.572398 0.498112 0.571443 0.499009 0.570597 0.500753 0.568952 0.502478 0.565303 0.503025 0.561051 0.503012 0.560806 0.502542 0.558039 0.502304 0.556714 0.501668 0.555425 0.500439 0.553109 0.497713 0.550818 0.494537 0.550093 0.492461 0.550720 0.491379 0.551131 0.490501 0.551885 0.488763 0.553524 0.487045 0.557159 0.486993 0.557389
0 0.572857 0.583036 0.578659 0.603699 0.579021 0.604177 0.594590 0.596405 0.588761 0.575646 0.588355 0.575300
0 0.403717 0.455466 0.405223 0.456486 0.406353 0.457250 0.408494 0.458228 0.408996 0.457962 0.412361 0.449125 0.412230 0.448415 0.411126 0.447667 0.409655 0.446671 0.407541 0.445423 0.406011 0.449440
0 0.546972 0.583367 0.546974 0.583413 0.555538 0.602488 0.555745 0.602346 0.556134 0.602055 0.556644 0.601659 0.559427 0.599461 0.573478 0.588176 0.576010 0.586105 0.576422 0.585760 0.576658 0.585549 0.576683 0.585504 0.567991 0.566371 0.567793 0.566484 0.567410 0.566754 0.566900 0.567140 0.566342 0.567583 0.548088 0.582385 0.547575 0.582811 0.547183 0.583155
0 0.528927 0.580439 0.536899 0.583422 0.538756 0.576778 0.539289 0.573423 0.535204 0.571495 0.531275 0.570424 0.529486 0.577101
0 0.402297 0.384106 0.404981 0.394647 0.406067 0.395851 0.434204 0.383113 0.434987 0.379509 0.434886 0.378963 0.434676 0.378036 0.434387 0.376869 0.431728 0.366424 0.431404 0.365190 0.431094 0.364072 0.430844 0.363239 0.430691 0.362820 0.428074 0.360679 0.426493 0.361395
0 0.479020 0.394743 0.479046 0.395427 0.479102 0.395525 0.495323 0.400185 0.503500 0.401801 0.503660 0.401267 0.503874 0.400067 0.504109 0.398385 0.504330 0.396474 0.504505 0.394620 0.504606 0.393104 0.504618 0.392155 0.504539 0.391919 0.503310 0.391677 0.496345 0.390307 0.479891 0.388533 0.479794 0.388611 0.479706 0.388832 0.479526 0.389690 0.479341 0.390907 0.479180 0.392296 0.479068 0.393644
0 0.524982 0.396647 0.533848 0.409719 0.536065 0.412987 0.536321 0.412692 0.536601 0.412366 0.536899 0.412015 0.537209 0.411645 0.537531 0.411258 0.552622 0.393061 0.552890 0.392640 0.541792 0.376278 0.527288 0.393269 0.526970 0.393644 0.526648 0.394030 0.526325 0.394423 0.526005 0.394818 0.525695 0.395206 0.525543 0.395513 0.525147 0.396313
0 0.471154 0.644790 0.471179 0.645147 0.479041 0.652504 0.481264 0.652651 0.481497 0.652497 0.481909 0.651750 0.482436 0.650527 0.482999 0.649012 0.483513 0.647434 0.483902 0.646031 0.484105 0.645013 0.484092 0.644537 0.482579 0.642369 0.473308 0.639087 0.473123 0.639184 0.472804 0.639728 0.472399 0.640638 0.471969 0.641775 0.471581 0.642965 0.471295 0.644024
0 0.253837 0.629127 0.264023 0.646577 0.265101 0.645907 0.291156 0.618869 0.281016 0.601499 0.280011 0.601965
