0 0.183766 0.486836 0.212723 0.532598 0.236042 0.559886 0.253303 0.548027 0.268407 0.535821 0.253499 0.512949 0.219767 0.467553 0.215917 0.462931
0 0.073891 0.324851 0.086922 0.404720 0.091643 0.405809 0.099539 0.404521 0.132575 0.358601 0.137605 0.348471 0.137935 0.347766 0.137919 0.345359 0.137560 0.341623 0.136914 0.337121 0.136077 0.332535 0.135177 0.328555 0.134349 0.325785 0.133718 0.324648 0.126134 0.319123 0.121812 0.317032
0 0.821028 0.294670 0.846113 0.335593 0.850114 0.333692 0.919109 0.291400 0.914879 0.284501 0.859236 0.271150 0.845844 0.269381 0.845517 0.269557 0.843668 0.270670 0.840577 0.272550 0.836715 0.274913 0.832676 0.277394 0.829081 0.279611 0.826479 0.281228 0.825265 0.281996
0 0.735310 0.582799 0.779693 0.649593 0.780980 0.650281 0.982283 0.516521 0.937696 0.449419 0.935691 0.449652
0 0.336426 0.351816 0.337176 0.352496 0.575966 0.381822 0.576316 0.381277 0.586136 0.301314 0.346247 0.271853
0 0.552042 0.671475 0.619623 0.902373 0.620174 0.904225 0.697494 0.881593 0.629602 0.649633 0.629008 0.648948
0 0.069693 0.763967 0.075810 0.803683 0.115525 0.797566 0.117283 0.796206 0.111194 0.756672 0.071660 0.762761
0 0.208426 0.246845 0.215757 0.286454 0.217060 0.287433 0.256488 0.280135 0.249190 0.240708 0.248036 0.239514
0 0.290141 0.270463 0.291103 0.271515 0.327657 0.287995 0.344137 0.251441 0.343419 0.250297 0.306697 0.233741
0 0.376530 0.924459 0.393482 0.961000 0.430023 0.944048 0.430344 0.942013 0.413470 0.905640 0.377096 0.922514
0 0.259433 0.717703 0.297014 0.732204 0.297945 0.731140 0.312379 0.693730 0.274970 0.679296 0.273934 0.680122
0 0.306020 0.198915 0.306277 0.208902 0.308491 0.212229 0.345244 0.243103 0.370972 0.212475 0.369481 0.209152 0.332303 0.177920 0.321546 0.180433 0.320718 0.180715 0.318830 0.182365 0.316168 0.185135 0.313138 0.188601 0.310207 0.192230 0.307825 0.195466 0.306355 0.197813
0 0.613135 0.514279 0.613330 0.516853 0.613728 0.520713 0.614266 0.525276 0.614864 0.529851 0.615431 0.533749 0.615882 0.536380 0.616149 0.537340 0.624907 0.544017 0.626351 0.544525 0.674535 0.538535 0.669543 0.498382 0.667606 0.498401 0.619972 0.504322 0.613171 0.513386
0 0.119063 0.213030 0.123416 0.216309 0.171375 0.218310 0.178825 0.208475 0.179292 0.206192 0.179693 0.202512 0.179969 0.197991 0.180077 0.193312 0.180001 0.189181 0.179753 0.186223 0.179368 0.184891 0.173041 0.178344 0.169262 0.174626 0.120749 0.172602
0 0.910255 0.856251 0.914998 0.860369 0.953047 0.890532 0.978183 0.858825 0.940134 0.828661 0.935104 0.824905 0.924775 0.828054 0.922680 0.829733 0.919941 0.832546 0.916971 0.836066 0.914220 0.839762 0.912103 0.843076 0.910940 0.845507
0 0.061366 0.454487 0.062624 0.462225 0.066746 0.468893 0.073107 0.473475 0.080738 0.475275 0.081458 0.475318 0.089183 0.474062 0.095839 0.469947 0.100414 0.463597 0.102211 0.455980 0.100955 0.448255 0.096840 0.441599 0.090490 0.437024 0.082873 0.435227 0.082155 0.435116 0.074417 0.436374 0.067749 0.440496 0.063167 0.446857
0 0.513863 0.761549 0.513887 0.761999 0.515252 0.769715 0.519465 0.776323 0.525887 0.780814 0.533538 0.782507 0.541254 0.781142 0.547861 0.776929 0.552352 0.770507 0.554045 0.762856 0.552680 0.755140 0.552590 0.754701 0.548384 0.748105 0.541973 0.743622 0.534335 0.741932 0.526632 0.743295 0.520037 0.747500 0.515553 0.753911
0 0.246735 0.419149 0.247813 0.426914 0.251780 0.433676 0.258033 0.438404 0.265619 0.440381 0.266022 0.440483 0.273774 0.439407 0.280524 0.435447 0.285244 0.429205 0.287217 0.421631 0.286141 0.413880 0.282181 0.407130 0.275938 0.402409 0.275553 0.402241 0.267966 0.400264 0.260201 0.401343 0.253440 0.405309 0.248711 0.411563
0 0.345651 0.176091 0.347295 0.183757 0.347557 0.184300 0.352000 0.190743 0.358571 0.194993 0.366268 0.196407 0.373921 0.194767 0.380363 0.190324 0.384614 0.183753 0.386028 0.176056 0.384387 0.168403 0.384188 0.167833 0.379738 0.161379 0.373155 0.157121 0.365445 0.155704 0.357779 0.157348 0.351326 0.161798 0.347068 0.168381
0 0.710500 0.287092 0.711330 0.294874 0.715073 0.301747 0.721162 0.306663 0.728669 0.308876 0.736451 0.308046 0.743323 0.304303 0.743743 0.303966 0.748667 0.297867 0.750884 0.290347 0.750053 0.282552 0.746303 0.275667 0.740204 0.270742 0.732684 0.268526 0.724889 0.269356 0.718004 0.273106 0.717629 0.273496 0.712713 0.279585
0 0.798996 0.224162 0.799585 0.239004 0.800003 0.241512 0.800767 0.243111 0.801761 0.243553 0.877452 0.249951 0.878583 0.249178 0.879622 0.247301 0.880408 0.244606 0.880821 0.241504 0.887440 0.137252 0.887416 0.134235 0.886956 0.131783 0.886133 0.130271 0.885073 0.129926 0.809426 0.122832 0.808348 0.123716 0.807358 0.125688 0.806605 0.128447 0.804089 0.143950
0 0.323454 0.093938 0.373763 0.156204 0.374619 0.156121 0.376291 0.155275 0.378523 0.153792 0.380975 0.151899 0.461650 0.085537 0.463933 0.083535 0.465683 0.081742 0.466635 0.080431 0.466643 0.079802 0.416873 0.017093 0.415976 0.017294 0.414271 0.018243 0.412017 0.019794 0.399701 0.029121 0.337630 0.080180 0.326463 0.090170 0.324641 0.091971 0.323584 0.093295
0 0.100770 0.627871 0.101392 0.629586 0.102912 0.631662 0.105099 0.633781 0.185045 0.701021 0.187550 0.702848 0.189977 0.704091 0.191953 0.704562 0.193179 0.704189 0.241629 0.645651 0.241881 0.644538 0.241155 0.642806 0.239565 0.640720 0.229069 0.629907 0.167558 0.578172 0.154785 0.569414 0.152336 0.568103 0.150324 0.567532 0.149055 0.567790 0.101140 0.626777
