0 0.502066 0.474672 0.502657 0.487854 0.504440 0.490139 0.504624 0.490137 0.505156 0.490105 0.505956 0.490048 0.506903 0.489975 0.523419 0.488661 0.531677 0.488003 0.532634 0.487925 0.533463 0.487852 0.534038 0.487795 0.534272 0.487764 0.536025 0.485060 0.535826 0.480615 0.535428 0.471725 0.502090 0.474379
0 0.389228 0.434156 0.400159 0.476024 0.400616 0.476134 0.416245 0.468880 0.405364 0.427205 0.404929 0.426870
0 0.532056 0.451597 0.532132 0.451857 0.532435 0.452469 0.532917 0.453340 0.533505 0.454337 0.538703 0.462918 0.539311 0.463894 0.539846 0.464703 0.540230 0.465223 0.540402 0.465373 0.542573 0.465814 0.543065 0.465419 0.550859 0.457024 0.540366 0.439704 0.532572 0.448098 0.532200 0.448691
0 0.434332 0.547701 0.441945 0.552580 0.443272 0.551376 0.451854 0.527571 0.450845 0.524651 0.450739 0.524509 0.450309 0.524170 0.449620 0.523687 0.448777 0.523132 0.447907 0.522590 0.447142 0.522141 0.446597 0.521854 0.446356 0.521774 0.443772 0.523068 0.435064 0.545671
0 0.478056 0.614239 0.478831 0.614691 0.482029 0.615973 0.490025 0.619177 0.493224 0.620458 0.494030 0.620639 0.496910 0.607860 0.496939 0.606873 0.495842 0.604474 0.495666 0.604264 0.495155 0.603941 0.494388 0.603555 0.493480 0.603163 0.485557 0.599988 0.484643 0.599650 0.483860 0.599415 0.483325 0.599319 0.483122 0.599378 0.481111 0.600531 0.480895 0.601470 0.478520 0.612010 0.478257 0.613193
0 0.529260 0.426671 0.529929 0.430871 0.530548 0.432073 0.531753 0.434410 0.534453 0.436750 0.537620 0.437534 0.539700 0.436945 0.540770 0.436642 0.543424 0.434210 0.543599 0.433946 0.545361 0.430331 0.545951 0.426092 0.545507 0.423307 0.545201 0.422009 0.544657 0.420668 0.543448 0.418321 0.540737 0.415972 0.537558 0.415186 0.535469 0.415777 0.534336 0.416225 0.533490 0.416910 0.531730 0.418522 0.529968 0.422137 0.529848 0.422448
0 0.474175 0.466146 0.474470 0.466533 0.482230 0.474741 0.484541 0.474324 0.484679 0.474160 0.485031 0.473626 0.485543 0.472804 0.486137 0.471819 0.486724 0.470820 0.487215 0.469956 0.487536 0.469359 0.487637 0.469121 0.486024 0.450658 0.485862 0.450088 0.484554 0.448704
0 0.514745 0.507456 0.514813 0.507490 0.545728 0.518516 0.546050 0.516910 0.542596 0.494454 0.526536 0.488726 0.526415 0.488778 0.515066 0.505857
0 0.594519 0.459768 0.600892 0.469449 0.603032 0.470322 0.603336 0.470037 0.603911 0.469272 0.604669 0.468146 0.605498 0.466826 0.606271 0.465513 0.606872 0.464404 0.607211 0.463667 0.607233 0.463416 0.606137 0.460816 0.597650 0.454589 0.597415 0.454784 0.596977 0.455345 0.596401 0.456188 0.595777 0.457182 0.595200 0.458175 0.594758 0.459016 0.594519 0.459575
0 0.415384 0.471598 0.417341 0.474554 0.419230 0.475135 0.431608 0.460572 0.429696 0.457684 0.428052 0.456694 0.427498 0.456670 0.415471 0.470820
0 0.486911 0.418513 0.488416 0.439407 0.488568 0.439655 0.488948 0.439831 0.489498 0.439910 0.492643 0.439898 0.509148 0.437726 0.512247 0.436917 0.512780 0.436696 0.513135 0.436422 0.513256 0.436139 0.511608 0.415263 0.511476 0.414996 0.511114 0.414802 0.510575 0.414711 0.509942 0.414738 0.488491 0.417560 0.487864 0.417699 0.487344 0.417929 0.487009 0.418215
0 0.487168 0.565787 0.487224 0.567447 0.488936 0.569671 0.489294 0.569736 0.489972 0.569761 0.490867 0.569744 0.491841 0.569686 0.492744 0.569596 0.493439 0.569489 0.493819 0.569381 0.495366 0.566963 0.495377 0.566813 0.495321 0.565156 0.494415 0.562458 0.493931 0.562384 0.493027 0.562359 0.491842 0.562387 0.490554 0.562464 0.489356 0.562577 0.488429 0.562711 0.487915 0.562844 0.487198 0.565639
