0 0.537331 0.507941 0.537420 0.507974 0.537740 0.508082 0.538242 0.508249 0.559688 0.515283 0.560312 0.515487 0.560862 0.515665 0.561255 0.515791 0.561431 0.515845 0.565383 0.494422 0.565318 0.494377 0.565018 0.494259 0.564528 0.494085 0.561578 0.493081 0.545456 0.487794 0.542364 0.486816 0.541821 0.486651 0.541442 0.486547 0.541283 0.486518
0 0.467187 0.524854 0.467330 0.525191 0.467767 0.526103 0.468431 0.527449 0.469221 0.529027 0.470018 0.530599 0.470703 0.531929 0.471173 0.532817 0.471354 0.533125 0.472389 0.532197 0.478247 0.526944 0.491424 0.513465 0.491355 0.513205 0.491067 0.512530 0.490604 0.511541 0.490264 0.510852 0.489801 0.509932 0.489451 0.509252 0.488938 0.508305 0.488577 0.507692 0.488421 0.507506 0.474083 0.518680
0 0.464710 0.389976 0.466220 0.403183 0.466606 0.404289 0.474766 0.402631 0.473273 0.389575 0.472964 0.388299 0.471212 0.386949 0.470987 0.386838 0.470419 0.386820 0.469596 0.386898 0.468642 0.387060 0.467705 0.387282 0.466929 0.387529 0.466431 0.387764
0 0.511900 0.420299 0.511945 0.421733 0.512690 0.425049 0.513986 0.428777 0.516254 0.431453 0.516397 0.431564 0.519294 0.432777 0.522383 0.432338 0.525191 0.430306 0.527286 0.426989 0.528343 0.422896 0.528201 0.418656 0.526883 0.414922 0.524595 0.412263 0.524457 0.412140 0.521903 0.410794 0.520914 0.410392 0.519865 0.410552 0.518470 0.411427 0.515683 0.413469 0.512752 0.418050 0.512258 0.418915
0 0.448441 0.582891 0.450426 0.593653 0.458498 0.591007 0.458688 0.590590 0.456712 0.579877 0.448677 0.582511
0 0.602875 0.445419 0.606306 0.455563 0.634156 0.439049 0.635460 0.437832 0.636094 0.435140 0.636089 0.434844 0.635929 0.434134 0.635639 0.433118 0.635262 0.431949 0.634857 0.430805 0.634483 0.429858 0.634197 0.429252 0.634044 0.429079 0.632065 0.427793 0.630536 0.428708 0.603870 0.444741
0 0.492121 0.426603 0.495712 0.434777 0.497499 0.438843 0.498274 0.440577 0.500596 0.445744 0.501426 0.445187 0.502920 0.444043 0.505266 0.442197 0.506771 0.440981 0.507635 0.440206 0.507669 0.440051 0.506067 0.436183 0.499271 0.420977 0.496937 0.420055 0.496773 0.420093 0.496307 0.420384 0.495608 0.420882 0.494784 0.421512 0.493961 0.422178 0.493266 0.422777 0.492804 0.423217 0.492647 0.423431
0 0.558439 0.410411 0.560401 0.412549 0.560871 0.412703 0.561629 0.412852 0.562559 0.412974 0.570807 0.413836 0.571773 0.413913 0.572630 0.413933 0.573248 0.413893 0.573534 0.413799 0.575762 0.411116 0.576546 0.397798 0.559898 0.396057 0.559213 0.397245
0 0.586705 0.481151 0.586731 0.482210 0.586802 0.482909 0.586908 0.483139 0.588084 0.485546 0.597977 0.486178 0.599110 0.486019 0.599910 0.463779 0.589902 0.463139 0.588875 0.463560 0.587544 0.465449 0.587420 0.465747 0.587296 0.466502 0.587193 0.467600 0.587124 0.468873 0.586728 0.479891
0 0.512895 0.550216 0.512992 0.550881 0.513243 0.552423 0.515174 0.554021 0.515589 0.554282 0.516298 0.554368 0.517195 0.554268 0.518143 0.553996 0.518999 0.553593 0.519635 0.553121 0.519952 0.552651 0.521196 0.550141 0.521116 0.549474 0.520859 0.547931 0.519643 0.545659 0.519096 0.545298 0.518151 0.545172 0.516951 0.545301 0.515681 0.545665 0.514537 0.546209 0.513694 0.546848 0.513280 0.547485
0 0.527387 0.422181 0.532666 0.465864 0.541576 0.464088 0.545086 0.463045 0.545367 0.458749 0.545295 0.457467 0.543972 0.446518 0.542649 0.435570 0.541326 0.424622 0.541094 0.423399 0.539777 0.419118 0.530761 0.420680
0 0.546300 0.464114 0.546388 0.464210 0.546698 0.464410 0.547183 0.464684 0.547769 0.464990 0.559427 0.470806 0.559645 0.470643 0.565547 0.449918 0.557764 0.445995 0.553224 0.443817 0.552700 0.443594 0.552333 0.443471 0.552180 0.443466 0.550228 0.447205 0.546701 0.459593
0 0.423274 0.461544 0.423457 0.467032 0.423589 0.468317 0.424079 0.469437 0.424854 0.470222 0.425026 0.470291 0.425037 0.470295 0.425976 0.470624 0.430237 0.471851 0.434253 0.471294 0.435214 0.471119 0.436052 0.470467 0.436640 0.469436 0.436886 0.468185 0.437901 0.462803 0.437389 0.457149 0.437258 0.455867 0.436769 0.454749 0.435996 0.453966 0.435839 0.453854 0.434898 0.453524 0.430956 0.452474 0.426601 0.452852 0.425637 0.453027 0.424797 0.453681 0.424208 0.454714 0.423961 0.455969
