0 0.072016 0.051081 0.097740 0.072152 0.110244 0.081948 0.142270 0.107038 0.161802 0.121422 0.191645 0.083329 0.184007 0.066459 0.182863 0.065316 0.180436 0.063206 0.177097 0.060449 0.173354 0.057468 0.128306 0.022176 0.124748 0.019437 0.121932 0.017372 0.120290 0.016294 0.101859 0.012988
0 0.738140 0.850588 0.775973 0.880760 0.793872 0.873041 0.795841 0.871405 0.798519 0.868606 0.801494 0.865071 0.837175 0.820330 0.839982 0.816614 0.842180 0.813300 0.843433 0.810895 0.847089 0.791586 0.809256 0.761414 0.789121 0.781415 0.753851 0.825642
0 0.707004 0.394890 0.763290 0.452013 0.764501 0.451792 0.936662 0.282158 0.880117 0.224771 0.878375 0.226033
0 0.368776 0.587118 0.448151 0.599707 0.448389 0.599251 0.485984 0.362214 0.485919 0.361581 0.406544 0.348992
0 0.319683 0.935437 0.322564 0.975797 0.370995 0.972339 0.379691 0.960990 0.379784 0.959468 0.379732 0.956352 0.379544 0.952119 0.379248 0.947409 0.378889 0.942934 0.378520 0.939368 0.378198 0.937253 0.377972 0.936914 0.369621 0.927043 0.321743 0.930460
0 0.191956 0.602684 0.193256 0.643219 0.233791 0.641919 0.237442 0.639973 0.236160 0.599994 0.196181 0.601275
0 0.108153 0.854648 0.111608 0.894963 0.159985 0.890817 0.169770 0.879824 0.170127 0.878409 0.170272 0.875386 0.170185 0.871218 0.169878 0.866535 0.169398 0.862044 0.168818 0.858422 0.168225 0.856219 0.160456 0.846496 0.112631 0.850595
0 0.861799 0.844305 0.865982 0.848286 0.896605 0.874733 0.928341 0.837985 0.925378 0.824313 0.925244 0.824141 0.923735 0.822790 0.921081 0.820465 0.917684 0.817520 0.914067 0.814408 0.910786 0.811607 0.908343 0.809545 0.907109 0.808537 0.893173 0.807978
0 0.476190 0.527537 0.501705 0.591143 0.502554 0.591623 0.504971 0.592750 0.508591 0.594354 0.512859 0.596190 0.517121 0.597975 0.520721 0.599436 0.523109 0.600348 0.523924 0.600574 0.534871 0.596403 0.553844 0.551708 0.553228 0.551117 0.479588 0.519858 0.479352 0.520088
0 0.173870 0.418567 0.228297 0.478454 0.231403 0.478700 0.237323 0.473320 0.240021 0.416816 0.239442 0.404634 0.239169 0.404081 0.237704 0.402256 0.235275 0.399441 0.232248 0.396061 0.229082 0.392626 0.226253 0.389656 0.224189 0.387599 0.223208 0.386771 0.209802 0.385911
0 0.797425 0.939790 0.800863 0.944874 0.839723 0.997657 0.841082 0.998449 0.844059 0.999393 0.848202 1.000000 0.863600 1.000000 0.874969 0.996782 0.882099 0.948753 0.877732 0.943625 0.798599 0.931877
0 0.358019 0.092111 0.358802 0.093346 0.360654 0.095785 0.363292 0.099055 0.366316 0.102660 0.369271 0.106058 0.371709 0.108735 0.373263 0.110285 0.373692 0.110469 0.386072 0.113261 0.422579 0.082095 0.421684 0.077264 0.369141 0.015717 0.362986 0.020971 0.358484 0.078016
0 0.154520 0.428856 0.156424 0.430348 0.159928 0.432943 0.167478 0.438405 0.176590 0.444942 0.182260 0.448980 0.186373 0.451874 0.187467 0.452614 0.251773 0.415954 0.252634 0.414530 0.253556 0.412162 0.254400 0.409213 0.255035 0.406132 0.255364 0.403394 0.255337 0.401414 0.254959 0.400496 0.233732 0.374747 0.232266 0.373589 0.229532 0.371538 0.225946 0.368906 0.222058 0.366096 0.218465 0.363541 0.215718 0.361632 0.214236 0.360660 0.202561 0.362967 0.193296 0.375193 0.175791 0.398366 0.173709 0.401241
0 0.185548 0.788986 0.187871 0.790964 0.191933 0.793199 0.200507 0.796812 0.210778 0.800663 0.217128 0.802782 0.221687 0.803998 0.222858 0.804039 0.275607 0.752420 0.276120 0.751053 0.276457 0.748707 0.276568 0.745739 0.276435 0.742604 0.276079 0.739782 0.275555 0.737704 0.274942 0.736686 0.248506 0.717824 0.246789 0.716911 0.243667 0.715499 0.239616 0.713803 0.235247 0.712079 0.231219 0.710587 0.228142 0.709552 0.226484 0.709134 0.216509 0.714253 0.215884 0.714598 0.209889 0.728270 0.198592 0.754254 0.197285 0.757520
0 0.924053 0.449929 0.963351 0.457894 0.965484 0.457700 0.973486 0.418221 0.934006 0.410219 0.932018 0.410630
0 0.897873 0.581543 0.902922 0.621322 0.904777 0.621880 0.944739 0.616808 0.939667 0.576847 0.937652 0.576495
0 0.527113 0.206173 0.539326 0.244263 0.577416 0.232049 0.577771 0.230819 0.565502 0.192554 0.527237 0.204823
0 0.318308 0.617705 0.346752 0.646229 0.347454 0.645558 0.375847 0.617246 0.347534 0.588852 0.346832 0.589261
0 0.310724 0.150234 0.325331 0.187774 0.326132 0.189205 0.363500 0.174664 0.348960 0.137296 0.348264 0.135626
