0 0.524724 0.594684 0.524763 0.594949 0.524908 0.595476 0.525135 0.596185 0.525410 0.596968 0.525691 0.597704 0.525935 0.598282 0.526104 0.598613 0.526174 0.598646 0.548525 0.586846 0.549272 0.586370 0.550498 0.584364 0.550404 0.583980 0.550160 0.583203 0.549802 0.582152 0.549384 0.580985 0.548970 0.579878 0.548622 0.579000 0.548393 0.578482 0.548318 0.578405 0.546366 0.578426 0.545619 0.578903
0 0.542732 0.593097 0.542929 0.593524 0.571378 0.612834 0.571943 0.611356 0.572066 0.588489 0.571737 0.588085 0.557025 0.578099 0.551252 0.583786 0.543294 0.591626
0 0.531542 0.553262 0.531907 0.553877 0.540427 0.560908 0.542568 0.559913 0.542724 0.559777 0.543057 0.559230 0.543516 0.558356 0.544030 0.557287 0.548414 0.547843 0.548905 0.546746 0.549294 0.545793 0.549523 0.545128 0.549558 0.544854 0.549214 0.541975 0.548652 0.541495 0.540230 0.534545
0 0.471736 0.578909 0.471875 0.580208 0.472376 0.581338 0.473163 0.582126 0.474116 0.582452 0.475091 0.582267 0.475938 0.581599 0.476529 0.580550 0.479251 0.573319 0.479464 0.572744 0.479803 0.571813 0.480217 0.570670 0.480641 0.569488 0.481010 0.568451 0.481268 0.567716 0.481376 0.567395 0.481591 0.566620 0.480829 0.563243 0.477853 0.561337 0.477335 0.562772 0.473678 0.572925 0.471981 0.577638
0 0.651986 0.659704 0.653543 0.665195 0.659143 0.678828 0.659964 0.680490 0.667213 0.675190 0.664294 0.664265 0.659283 0.654369 0.655942 0.655926 0.655072 0.656410 0.654273 0.657147
0 0.322386 0.551887 0.353534 0.567079 0.354204 0.566772 0.359875 0.546101 0.328869 0.530979 0.328083 0.531121
0 0.504696 0.513724 0.504982 0.514125 0.505569 0.514650 0.506369 0.515217 0.507258 0.515741 0.508102 0.516140 0.508769 0.516353 0.509158 0.516349 0.514455 0.505846 0.514532 0.505502 0.514612 0.502607 0.514216 0.502091 0.513425 0.501410 0.512359 0.500666 0.511178 0.499971 0.510061 0.499431 0.509176 0.499125 0.508657 0.499103 0.507093 0.501125 0.506999 0.501460
0 0.417154 0.414408 0.417168 0.414740 0.417393 0.417358 0.418337 0.418302 0.419767 0.419402 0.448202 0.428556 0.452324 0.419022 0.451773 0.418086 0.425733 0.398069 0.423607 0.399484 0.423251 0.399996 0.422788 0.400858 0.422290 0.401936 0.418130 0.411559 0.417674 0.412686 0.417331 0.413687
0 0.479229 0.579825 0.481861 0.590417 0.489805 0.586908 0.495117 0.572806 0.495184 0.571808 0.492588 0.561361 0.484753 0.564822 0.479514 0.578730
0 0.382948 0.580683 0.393839 0.597429 0.394326 0.596982 0.431832 0.553615 0.420990 0.536946 0.420626 0.537116
0 0.563731 0.561634 0.565171 0.583561 0.566078 0.584723 0.574414 0.583750 0.572954 0.561518 0.571954 0.560674
0 0.452691 0.518239 0.459056 0.538658 0.466713 0.534414 0.466865 0.534257 0.460529 0.513932 0.460348 0.513996
0 0.436716 0.363358 0.436882 0.363947 0.437027 0.364258 0.440775 0.369064 0.441325 0.368974 0.452202 0.353895 0.452218 0.353200 0.451665 0.351503 0.450763 0.350346 0.448352 0.348047 0.447833 0.347947 0.447283 0.348367 0.436980 0.362650
0 0.442581 0.565869 0.459089 0.567982 0.459253 0.567710 0.460832 0.545788 0.444390 0.543683 0.444166 0.543858
