0 0.618124 0.613000 0.618668 0.613520 0.652195 0.635849 0.674523 0.602322 0.640996 0.579993 0.640350 0.579627
0 0.084665 0.889878 0.117875 0.912677 0.119626 0.910786 0.142320 0.877729 0.109263 0.855034 0.107464 0.856669
0 0.365197 0.132588 0.365815 0.134270 0.597392 0.199486 0.597840 0.198103 0.619679 0.120555 0.387036 0.055040
0 0.001897 0.254241 0.062639 0.306867 0.064638 0.307749 0.221792 0.126359 0.220515 0.124643 0.159773 0.072018
0 0.363096 0.262721 0.364660 0.265433 0.397480 0.300460 0.426669 0.273110 0.425821 0.270487 0.392622 0.235055 0.381523 0.235841 0.380695 0.236121 0.378647 0.237618 0.375690 0.240107 0.372275 0.243208 0.368928 0.246443 0.366162 0.249317 0.364400 0.251389 0.363909 0.252345
0 0.598561 0.065340 0.601601 0.105224 0.649462 0.101576 0.658234 0.090614 0.658373 0.089156 0.658351 0.086080 0.658172 0.081853 0.657861 0.077121 0.657467 0.072613 0.657051 0.069019 0.656676 0.066890 0.656399 0.066546 0.648115 0.056624 0.599700 0.060315
0 0.427627 0.542409 0.440194 0.589310 0.518361 0.568366 0.516267 0.560549 0.516081 0.559857 0.456918 0.525579 0.456089 0.525782 0.453617 0.526429 0.449881 0.527419 0.445448 0.528604 0.440987 0.529803 0.437170 0.530836 0.434576 0.531546 0.433603 0.531826
0 0.521462 0.574655 0.570927 0.605405 0.599721 0.622101 0.620497 0.587532 0.595400 0.572326 0.546907 0.543180 0.542101 0.540316
0 0.062127 0.322859 0.062578 0.355530 0.077406 0.413715 0.117094 0.408234 0.116931 0.402749 0.109160 0.346700 0.102078 0.317341
0 0.621164 0.247877 0.621224 0.249062 0.679713 0.300055 0.680547 0.300294 0.682078 0.299588 0.684070 0.298047 0.694869 0.287885 0.748888 0.228371 0.758525 0.216018 0.760080 0.213652 0.760954 0.211708 0.761013 0.210485 0.702054 0.160010 0.701242 0.159653 0.699731 0.160256 0.697750 0.161727 0.695603 0.163843 0.625394 0.241193 0.623421 0.243617 0.621935 0.245965
0 0.290576 0.647174 0.318595 0.686627 0.340545 0.671514 0.387423 0.638221 0.411588 0.620584 0.383568 0.581130 0.365222 0.583650 0.364292 0.584294 0.361995 0.585911 0.358682 0.588256 0.354857 0.590969 0.308199 0.624105 0.304463 0.626762 0.301402 0.628945 0.299484 0.630321 0.298999 0.630681
0 0.852603 0.530606 0.855744 0.568171 0.878653 0.581888 0.914412 0.572562 0.947102 0.525544 0.944280 0.487495 0.920571 0.474930 0.885139 0.483810
