0 0.561252 0.594666 0.561441 0.595295 0.561837 0.596196 0.562380 0.597233 0.562987 0.598247 0.563564 0.599081 0.564023 0.599608 0.564295 0.599748 0.572801 0.593922 0.573934 0.591371 0.573974 0.591029 0.573702 0.590198 0.573160 0.589007 0.572432 0.587636 0.571627 0.586291 0.570866 0.585175 0.570264 0.584457 0.569912 0.584245 0.567780 0.585015 0.561298 0.594406
0 0.554312 0.584163 0.555524 0.585671 0.562247 0.581600 0.562563 0.581250 0.562964 0.580716 0.563343 0.580141 0.563599 0.579679 0.563662 0.579456 0.564393 0.574740 0.563992 0.574062 0.561999 0.571582 0.558433 0.572951 0.558291 0.573029 0.557979 0.573384 0.557580 0.573918 0.557201 0.574491 0.556942 0.574948 0.556874 0.575168
0 0.509656 0.387573 0.510707 0.400705 0.512606 0.402238 0.512778 0.402340 0.513299 0.402373 0.514090 0.402332 0.515031 0.402223 0.515979 0.402063 0.516793 0.401877 0.517348 0.401691 0.517559 0.401534 0.518914 0.399538 0.519357 0.397188 0.518282 0.383749 0.509882 0.384943
0 0.513848 0.565885 0.513911 0.566189 0.546830 0.572415 0.549166 0.550469 0.548940 0.550238 0.516172 0.544040
0 0.419149 0.483759 0.430639 0.504838 0.430893 0.505299 0.431154 0.505761 0.431419 0.506223 0.431685 0.506676 0.431947 0.507111 0.432170 0.507270 0.432898 0.507787 0.446069 0.494484 0.445868 0.494101 0.445647 0.493689 0.445409 0.493254 0.445159 0.492803 0.444898 0.492340 0.432611 0.470716 0.432337 0.470437
0 0.589211 0.394864 0.589366 0.396308 0.589931 0.398819 0.591577 0.402525 0.594163 0.405108 0.595948 0.406089 0.597007 0.406451 0.598090 0.406244 0.600490 0.405566 0.603269 0.403370 0.603336 0.403307 0.605275 0.399859 0.606076 0.395683 0.605618 0.391417 0.603970 0.387709 0.601384 0.385123 0.598252 0.384055 0.595052 0.384666 0.592271 0.386863 0.592211 0.386935 0.590274 0.390382 0.589482 0.393451
0 0.442197 0.468243 0.442502 0.469474 0.443138 0.470457 0.446162 0.474584 0.449690 0.477277 0.450559 0.477861 0.450679 0.477915 0.451647 0.478010 0.452569 0.477604 0.453304 0.476759 0.456445 0.472974 0.458407 0.468045 0.458843 0.466889 0.458915 0.465598 0.458610 0.464369 0.457977 0.463389 0.455194 0.459427 0.455091 0.459334 0.451322 0.456479 0.450453 0.455896 0.449483 0.455800 0.448559 0.456207 0.447822 0.457054 0.444908 0.461006 0.442707 0.465790 0.442269 0.466949
0 0.405457 0.440176 0.405516 0.440495 0.406849 0.443485 0.408978 0.444777 0.413620 0.447078 0.416715 0.448612 0.417776 0.447964 0.420077 0.439711 0.420274 0.438610 0.419907 0.438327 0.418976 0.437610 0.418597 0.437319 0.409107 0.432615 0.407081 0.434350 0.406785 0.434960 0.406428 0.435935 0.406066 0.437127 0.405754 0.438353 0.405540 0.439424
0 0.557930 0.317543 0.558591 0.339536 0.566838 0.339095 0.566992 0.338727 0.567432 0.325709 0.567097 0.314559 0.558735 0.315006
0 0.437207 0.491836 0.437259 0.513480 0.437533 0.514514 0.452903 0.523977 0.454142 0.523935 0.454208 0.482248 0.453859 0.481353 0.452612 0.481383 0.443688 0.487438 0.440779 0.489412
0 0.582152 0.345087 0.582356 0.349073 0.599376 0.362587 0.600525 0.360999 0.609070 0.341869 0.606200 0.339591 0.591755 0.328393 0.591747 0.328396 0.588960 0.329884 0.588745 0.330325 0.588371 0.331131 0.587893 0.332180 0.587384 0.333312 0.583151 0.342789 0.582687 0.343836 0.582336 0.344643
0 0.657034 0.653864 0.657276 0.656034 0.657731 0.656553 0.664288 0.657325 0.665003 0.657396 0.674538 0.658248 0.676301 0.656181 0.676576 0.655788 0.676811 0.654946 0.676968 0.653781 0.677024 0.652473 0.676970 0.651223 0.676815 0.650222 0.674721 0.640243 0.674547 0.639938 0.674160 0.639556 0.673617 0.639153 0.673002 0.638793 0.672410 0.638531 0.671930 0.638405 0.671637 0.638436 0.658490 0.645581 0.657824 0.645980 0.657562 0.646750 0.657234 0.648629 0.657053 0.650795
