0 0.574714 0.454280 0.574805 0.457781 0.582782 0.465609 0.583739 0.465212 0.603535 0.429347 0.600845 0.426707 0.595465 0.421429 0.592428 0.422187 0.592194 0.422493 0.591772 0.423158 0.591226 0.424080 0.590640 0.425120 0.580832 0.442887 0.575929 0.451771 0.575386 0.452779 0.574964 0.453609 0.574728 0.454137
0 0.498680 0.430157 0.498685 0.430437 0.499619 0.434549 0.501663 0.437871 0.503539 0.439209 0.504512 0.439794 0.505593 0.440041 0.507711 0.440320 0.510795 0.439075 0.513287 0.436350 0.514291 0.433848 0.514832 0.432446 0.514866 0.432291 0.515185 0.427998 0.514246 0.423869 0.512195 0.420534 0.510311 0.419190 0.509342 0.418499 0.508249 0.418355 0.506122 0.418075 0.503026 0.419325 0.500525 0.422061 0.498998 0.425864 0.498890 0.427322
0 0.428328 0.618354 0.428420 0.618904 0.428829 0.619902 0.429198 0.620180 0.434545 0.620927 0.434969 0.620758 0.435191 0.620254 0.435721 0.615158 0.436421 0.607496 0.436346 0.606894 0.436115 0.606265 0.435790 0.605834 0.433454 0.604228 0.430810 0.605150 0.430393 0.605478 0.430174 0.606041 0.429045 0.613273
0 0.540600 0.459484 0.549514 0.465242 0.552110 0.464075 0.552261 0.463800 0.552556 0.463110 0.552949 0.462110 0.553380 0.460952 0.553782 0.459815 0.554095 0.458873 0.554270 0.458271 0.554281 0.458098 0.553726 0.454821 0.544709 0.448997 0.544198 0.449580
0 0.554230 0.613092 0.554263 0.613196 0.565443 0.629852 0.566335 0.631029 0.570504 0.636526 0.571398 0.637704 0.571865 0.637352 0.572650 0.636505 0.573631 0.635293 0.574659 0.633901 0.575575 0.632545 0.576237 0.631433 0.576545 0.630735 0.576454 0.630556 0.575562 0.629381 0.571399 0.623899 0.570507 0.622725 0.557933 0.608079 0.557744 0.608254 0.557396 0.608627 0.557070 0.609007 0.556377 0.609888 0.555643 0.610882 0.554977 0.611840 0.554481 0.612616
0 0.612423 0.649270 0.619990 0.668892 0.620542 0.669670 0.635327 0.659535 0.627726 0.639822 0.627140 0.639181
0 0.445389 0.535903 0.457930 0.550454 0.458123 0.550223 0.463554 0.541900 0.451071 0.527416 0.450845 0.527543
0 0.530858 0.604677 0.531316 0.607625 0.534312 0.623745 0.583459 0.608882 0.583152 0.605885 0.579298 0.590030
0 0.523246 0.574478 0.523353 0.574821 0.535294 0.590244 0.546861 0.574323 0.546646 0.573982 0.534760 0.558631
0 0.502925 0.487368 0.502981 0.489520 0.503650 0.491480 0.504830 0.492950 0.506342 0.493705 0.507956 0.493631 0.509426 0.492739 0.509442 0.492727 0.510546 0.491150 0.511114 0.489130 0.511058 0.486975 0.510388 0.485012 0.509206 0.483540 0.507691 0.482783 0.506074 0.482857 0.504602 0.483750 0.503498 0.485327 0.502930 0.487347
0 0.521467 0.422554 0.525581 0.488519 0.542073 0.486690 0.542267 0.486629 0.538133 0.420361 0.521566 0.422198
0 0.487597 0.699912 0.504048 0.703733 0.505767 0.690572 0.505701 0.688394 0.504209 0.686490 0.503673 0.686159 0.502877 0.685836 0.501941 0.685570 0.493791 0.683677 0.492853 0.683507 0.492054 0.683460 0.491514 0.683541 0.489438 0.684616 0.487738 0.697627
0 0.568932 0.570834 0.571088 0.574168 0.571910 0.575025 0.578234 0.567758 0.576054 0.564385 0.575185 0.563649 0.573207 0.563678 0.572968 0.563759 0.572478 0.564157 0.571814 0.564810 0.571076 0.565620 0.570375 0.566464 0.569817 0.567215 0.569486 0.567759 0.569435 0.568014
0 0.577719 0.567165 0.586140 0.605255 0.587021 0.606746 0.588184 0.606198 0.589299 0.604768 0.600543 0.590338 0.596258 0.570459 0.595330 0.569117 0.578892 0.566617
