0 0.427212 0.418926 0.427541 0.419291 0.428885 0.420512 0.430306 0.421758 0.431035 0.422397 0.433662 0.424660 0.436379 0.426966 0.438784 0.428975 0.439929 0.429908 0.440520 0.430389 0.441322 0.430990 0.442887 0.427711 0.442760 0.426942 0.442514 0.426628 0.441279 0.425482 0.440480 0.424774 0.437695 0.422339 0.436698 0.421477 0.434060 0.419237 0.431736 0.417305 0.431088 0.416785 0.429647 0.415667 0.429364 0.415465 0.428785 0.415632
0 0.425683 0.527527 0.440261 0.538910 0.441627 0.538021 0.443086 0.534697 0.442906 0.533963 0.429366 0.523391 0.427797 0.523910 0.427177 0.524126
0 0.562361 0.529781 0.566974 0.541467 0.567748 0.541947 0.569650 0.542756 0.569910 0.542694 0.570467 0.542406 0.571237 0.541935 0.572102 0.541352 0.572929 0.540747 0.573591 0.540214 0.573987 0.539833 0.574057 0.539662 0.575137 0.536761 0.570470 0.524940 0.569665 0.524655
0 0.565034 0.558932 0.565106 0.559558 0.565274 0.560548 0.565511 0.561752 0.565783 0.562989 0.566048 0.564071 0.566267 0.564835 0.566405 0.565164 0.567177 0.565922 0.568777 0.567492 0.571527 0.569422 0.574860 0.568185 0.581526 0.565711 0.579207 0.554601 0.575586 0.552105 0.566044 0.555646 0.565069 0.558766
0 0.545554 0.466768 0.548989 0.488352 0.549215 0.488298 0.565477 0.483697 0.562025 0.462014 0.545763 0.466615
0 0.519912 0.614464 0.528254 0.629707 0.534923 0.628388 0.536614 0.623308 0.536682 0.622519 0.536472 0.621747 0.529032 0.607949 0.528657 0.607638 0.528104 0.607760 0.527000 0.608267 0.520335 0.613263
0 0.496166 0.443927 0.496209 0.444000 0.517653 0.458384 0.518415 0.458811 0.520347 0.458707 0.520523 0.458334 0.520813 0.457557 0.521174 0.456495 0.521552 0.455307 0.521889 0.454174 0.522135 0.453265 0.522252 0.452720 0.522221 0.452623 0.520910 0.450699 0.520147 0.450272 0.497434 0.439942 0.497298 0.440175 0.497089 0.440682 0.496839 0.441387 0.496587 0.442181 0.496370 0.442943 0.496222 0.443556
0 0.519208 0.590623 0.519221 0.590750 0.519311 0.591352 0.519462 0.592334 0.519653 0.593549 0.521357 0.604343 0.521558 0.605610 0.521740 0.606741 0.521876 0.607563 0.521944 0.607953 0.524123 0.610141 0.533916 0.607392 0.533783 0.606427 0.533095 0.602069 0.531719 0.593354 0.530687 0.586818 0.530480 0.585630 0.530201 0.584846 0.529359 0.584976 0.526128 0.585882 0.522897 0.586789 0.521282 0.587243 0.520498 0.587569
0 0.546591 0.436790 0.547149 0.437605 0.555516 0.449824 0.557721 0.450080 0.557986 0.449851 0.558796 0.449150 0.559071 0.448912 0.574043 0.430687 0.571765 0.427360 0.562652 0.414052 0.547680 0.432277 0.546591 0.433825
0 0.622697 0.399447 0.623154 0.401511 0.624169 0.403185 0.625587 0.404213 0.627193 0.404440 0.628741 0.403830 0.628962 0.403665 0.630220 0.402309 0.630993 0.400415 0.631163 0.398271 0.630705 0.396203 0.629688 0.394527 0.628268 0.393497 0.626660 0.393270 0.625109 0.393880 0.624894 0.394063 0.623639 0.395416 0.622867 0.397307
0 0.598154 0.374402 0.602114 0.395770 0.610127 0.393131 0.610633 0.392640 0.606655 0.371174 0.598605 0.373825
0 0.431198 0.402694 0.431212 0.403057 0.431754 0.405526 0.433314 0.407685 0.436325 0.409490 0.439709 0.399453 0.438299 0.397101 0.435217 0.395253 0.433110 0.397025 0.432809 0.397574 0.432422 0.398494 0.432007 0.399643 0.431629 0.400846 0.431345 0.401918
