0 0.534321 0.605064 0.534678 0.606157 0.535027 0.606872 0.536255 0.607196 0.537893 0.607628 0.541132 0.585785 0.540849 0.585194 0.540662 0.584805 0.537828 0.584058 0.537364 0.584539
0 0.316798 0.462817 0.317787 0.468967 0.317932 0.469564 0.318503 0.470478 0.319393 0.471224 0.320172 0.471678 0.328504 0.473919 0.329341 0.473900 0.330294 0.473651 0.330964 0.473073 0.332706 0.469778 0.333546 0.467349 0.333642 0.466873 0.333214 0.464081 0.331569 0.461352 0.328952 0.459106 0.325761 0.457698 0.322493 0.457349 0.319658 0.458115 0.317695 0.459872 0.316902 0.462342
0 0.580467 0.464556 0.593970 0.501930 0.601575 0.498643 0.602215 0.496630 0.588539 0.459291 0.581009 0.462436
0 0.580857 0.489223 0.585138 0.527806 0.586122 0.528127 0.594390 0.529672 0.598560 0.489982 0.596594 0.487403 0.596534 0.487352 0.596106 0.487237 0.595376 0.487078 0.594454 0.486898 0.586204 0.485357 0.585235 0.485184 0.584369 0.485045 0.583739 0.484962 0.583440 0.484947 0.581086 0.487043
0 0.628937 0.771955 0.629455 0.773048 0.643384 0.785049 0.652385 0.766478 0.651775 0.765412 0.637902 0.753458
0 0.421795 0.383999 0.422065 0.386856 0.422276 0.387445 0.422947 0.388127 0.423977 0.388796 0.425208 0.389350 0.426450 0.389703 0.427513 0.389801 0.428233 0.389630 0.428503 0.389218 0.429849 0.386960 0.430175 0.385425 0.429898 0.384694 0.428862 0.382218 0.428355 0.381713 0.427584 0.381217 0.426665 0.380804 0.425737 0.380536 0.424941 0.380454 0.424397 0.380572 0.422467 0.381958 0.422116 0.382459
0 0.317122 0.453859 0.317136 0.455145 0.317244 0.456258 0.317430 0.457027 0.318533 0.459446 0.320194 0.459817 0.321225 0.459903 0.329473 0.460295 0.330104 0.460288 0.330693 0.438267 0.329129 0.437696 0.319128 0.437221 0.317890 0.439811 0.317666 0.440465 0.317501 0.441500 0.317419 0.442759
0 0.558225 0.635441 0.558898 0.637008 0.588062 0.658708 0.592131 0.648987 0.592944 0.647042 0.591820 0.643064 0.591534 0.642753 0.590962 0.642243 0.590191 0.641614 0.589338 0.640960 0.582114 0.635584 0.567665 0.624834 0.566853 0.624249 0.566200 0.623818 0.565803 0.623606 0.563052 0.623909
0 0.441193 0.629266 0.457797 0.630364 0.457990 0.629766 0.462086 0.519581 0.445558 0.518488 0.445307 0.518574
0 0.408505 0.567262 0.408981 0.569323 0.410012 0.570984 0.411441 0.571992 0.413051 0.572195 0.414596 0.571561 0.414743 0.571438 0.415987 0.570065 0.416742 0.568163 0.416893 0.566020 0.416418 0.563963 0.415389 0.562305 0.413963 0.561298 0.412356 0.561096 0.410813 0.561729 0.410659 0.561836 0.409414 0.563210 0.408657 0.565116
0 0.463804 0.419546 0.475791 0.461345 0.476124 0.461876 0.483854 0.457935 0.472031 0.416712 0.471641 0.415551
0 0.452561 0.464754 0.453567 0.475832 0.454204 0.476163 0.470592 0.473516 0.469599 0.462590 0.469177 0.462070
