0 0.219739 0.198754 0.231730 0.211465 0.270995 0.211429 0.312705 0.172193 0.315468 0.132694 0.302455 0.120944 0.263642 0.120640 0.222128 0.159691
0 0.110253 0.589826 0.126387 0.627144 0.131528 0.625394 0.168333 0.609482 0.189225 0.556765 0.173313 0.519960 0.168754 0.520240 0.131437 0.536374
0 0.746040 0.867939 0.760837 0.905207 0.764468 0.910857 0.802255 0.895854 0.825039 0.843065 0.810036 0.805278 0.805778 0.801079 0.768510 0.815876
0 0.864216 0.372429 0.867879 0.391462 0.869103 0.393626 0.871273 0.396759 0.874060 0.400387 0.909588 0.444747 0.912580 0.448334 0.915336 0.451351 0.917439 0.453341 0.918566 0.453998 0.935517 0.461455 0.973288 0.431205 0.959204 0.408200 0.923260 0.363322 0.901987 0.342179
0 0.134150 1.000000 0.200511 1.000000 0.201856 0.998242 0.212547 0.979233 0.220256 0.965345 0.231816 0.944205 0.189506 0.920719 0.174046 0.930914 0.173167 0.932291 0.171523 0.935076
0 0.497628 0.762018 0.506251 0.801144 0.562308 0.793794 0.595295 0.783533 0.591057 0.762867 0.586615 0.744147 0.558432 0.748219 0.503185 0.760373
0 0.318121 0.263640 0.321248 0.300312 0.341945 0.300604 0.361547 0.298720 0.361561 0.272238 0.359340 0.215733 0.358888 0.209585 0.318855 0.211166
0 0.892315 0.808862 0.896613 0.856669 0.901198 0.860792 0.907672 0.866513 0.909127 0.866915 0.912198 0.867091 0.916419 0.867015 0.921145 0.866696 0.925649 0.866185 0.929239 0.865559 0.931367 0.864915 0.941498 0.857169 0.978175 0.813245 0.977450 0.805185 0.971993 0.801698
0 0.728805 0.210266 0.728997 0.211423 0.730242 0.213882 0.732348 0.217265 0.734995 0.221062 0.737785 0.224698 0.740295 0.227626 0.742147 0.229401 0.743057 0.229751 0.754755 0.231167 0.795576 0.201446 0.801300 0.197208 0.818643 0.184326 0.819776 0.183234 0.818706 0.179981 0.815848 0.174605 0.813249 0.170513 0.805996 0.160596 0.802950 0.156970 0.798873 0.152865 0.796318 0.151163 0.784420 0.159385 0.731004 0.198694
0 0.205839 0.695589 0.206837 0.702351 0.210071 0.711500 0.214431 0.720231 0.217391 0.724416 0.219829 0.726008 0.295548 0.726504 0.297424 0.725892 0.299624 0.724385 0.301810 0.722213 0.303647 0.719709 0.304855 0.717256 0.305250 0.715229 0.300223 0.684077 0.299190 0.679944 0.297685 0.675489 0.295933 0.671382 0.294201 0.668245 0.292749 0.666555 0.281326 0.661556 0.242316 0.673474 0.225011 0.679422 0.207166 0.686126 0.205987 0.688467
0 0.384383 0.665177 0.411930 0.683445 0.414896 0.685312 0.439789 0.700042 0.452979 0.707797 0.464410 0.705618 0.465623 0.704143 0.467592 0.701352 0.470017 0.697669 0.472526 0.693659 0.474733 0.689938 0.476299 0.687079 0.476988 0.685513 0.486274 0.654172 0.486427 0.653166 0.485841 0.651321 0.484602 0.648919 0.482901 0.646327 0.480996 0.643941 0.479181 0.642127 0.477733 0.641161 0.405913 0.631201 0.404150 0.633310 0.402318 0.635983 0.398325 0.642072 0.394028 0.648822 0.388302 0.658060 0.384647 0.664242
0 0.231639 0.536786 0.232566 0.538749 0.234840 0.542217 0.240226 0.549570 0.246937 0.558396 0.251226 0.563861 0.254469 0.567794 0.255446 0.568813 0.327196 0.552980 0.328342 0.551887 0.329850 0.549920 0.331490 0.547381 0.333011 0.544658 0.334179 0.542168 0.334817 0.540291 0.334829 0.539313 0.322160 0.508910 0.321179 0.507545 0.319263 0.504946 0.316705 0.501510 0.313889 0.497756 0.311242 0.494249 0.309164 0.491521 0.307969 0.489985 0.307844 0.489880 0.296116 0.488661 0.283912 0.497488 0.260799 0.514236 0.257989 0.516340
0 0.727870 0.581340 0.728454 0.582064 0.754547 0.601809 0.757403 0.603826 0.793989 0.627503 0.795207 0.628006 0.806487 0.626462 0.808196 0.624957 0.810614 0.622200 0.813371 0.618612 0.816043 0.614741 0.818221 0.611184 0.819569 0.608487 0.829924 0.575452 0.829671 0.573528 0.828705 0.571033 0.827173 0.568350 0.825311 0.565889 0.823403 0.564027 0.821741 0.563047 0.751877 0.549174 0.748827 0.551451 0.746463 0.554115 0.741769 0.560083 0.737039 0.566628 0.731151 0.575501
0 0.453620 0.734186 0.454173 0.735197 0.455875 0.737455 0.458469 0.740616 0.461558 0.744198 0.464668 0.747650 0.467320 0.750441 0.469109 0.752145 0.469765 0.752506 0.481527 0.754373 0.518381 0.721895 0.517961 0.716823 0.491514 0.686813 0.455502 0.718550 0.454462 0.723662
0 0.155155 0.176552 0.155394 0.177886 0.159870 0.186031 0.167644 0.193207 0.214254 0.204675 0.223810 0.165833 0.217350 0.158016 0.169649 0.146280 0.160552 0.154616 0.159533 0.156801 0.158326 0.160399 0.157115 0.164861 0.156086 0.169502 0.155398 0.173609
0 0.333082 0.788375 0.366559 0.824325 0.379185 0.823221 0.379704 0.823019 0.381510 0.821577 0.384328 0.819113 0.387728 0.816003 0.391189 0.812724 0.394177 0.809782 0.396237 0.807624 0.397055 0.806580 0.398238 0.803056 0.398882 0.789652 0.366171 0.754524 0.336897 0.781783
0 0.400932 0.432644 0.401752 0.444114 0.439376 0.475696 0.440762 0.476252 0.466479 0.445615 0.465695 0.444343 0.428070 0.412760 0.416632 0.413941 0.415922 0.414539 0.414121 0.416474 0.411501 0.419454 0.408463 0.423024 0.405473 0.426635 0.402992 0.429732 0.401398 0.431842
0 0.374244 0.340004 0.377118 0.343661 0.407973 0.380430 0.419102 0.381120 0.419912 0.380687 0.422001 0.379142 0.425048 0.376724 0.428594 0.373797 0.432102 0.370805 0.435043 0.368198 0.436973 0.366371 0.437593 0.365604 0.438614 0.354719 0.437178 0.351320 0.405602 0.313690
0 0.163563 0.304340 0.184639 0.541308 0.187040 0.543702 0.267160 0.534784 0.245224 0.298731 0.243111 0.295252
0 0.243616 0.597698 0.243658 0.600576 0.243975 0.604791 0.244518 0.609701 0.249868 0.652205 0.250551 0.657041 0.251270 0.661048 0.251913 0.663615 0.252382 0.664353 0.260990 0.672743 0.278033 0.670598 0.293254 0.658900 0.283263 0.579526 0.267388 0.581524 0.250263 0.587526 0.243853 0.596595
0 0.000000 0.243305 0.012913 0.274742 0.053509 0.368047 0.055550 0.368651 0.126451 0.331596 0.015287 0.118893 0.013061 0.117143 0.000000 0.132676
0 0.815036 0.676809 0.817224 0.684323 0.822121 0.690428 0.822675 0.690756 0.829548 0.694528 0.837340 0.695384 0.844867 0.693192 0.850983 0.688287 0.854755 0.681414 0.855611 0.673622 0.853418 0.666095 0.848513 0.659979 0.841641 0.656208 0.841054 0.655939 0.833275 0.655084 0.825761 0.657273 0.819655 0.662169 0.815890 0.669030
0 0.744484 0.454381 0.744706 0.462201 0.747905 0.469339 0.753591 0.474712 0.760901 0.477497 0.768721 0.477275 0.769183 0.477236 0.776334 0.474032 0.781716 0.468335 0.784506 0.461013 0.784284 0.453180 0.781079 0.446029 0.775383 0.440647 0.768060 0.437857 0.760228 0.438080 0.759780 0.438186 0.752641 0.441385 0.747269 0.447071
0 0.788096 0.388478 0.790483 0.395931 0.795538 0.401905 0.802496 0.405488 0.810295 0.406137 0.810830 0.405975 0.818296 0.403585 0.824280 0.398521 0.827869 0.391551 0.828519 0.383738 0.826129 0.376272 0.821064 0.370288 0.814095 0.366699 0.806282 0.366049 0.798816 0.368439 0.798302 0.368665 0.792328 0.373721 0.788745 0.380679
0 0.789554 0.690461 0.790373 0.693664 0.792373 0.697406 0.795251 0.701121 0.798572 0.704249 0.801835 0.706316 0.804545 0.707007 0.814807 0.708450 0.817735 0.707129 0.821978 0.703557 0.826328 0.694629 0.827036 0.691730 0.825985 0.687445 0.823328 0.682429 0.819473 0.677451 0.815013 0.673281 0.810636 0.670557 0.807012 0.669692 0.797803 0.672346 0.794918 0.673739 0.790667 0.677285 0.789854 0.680929
