0 0.589171 0.720872 0.589234 0.722225 0.590059 0.724278 0.590997 0.724590 0.601005 0.725218 0.604341 0.725427 0.606009 0.725531 0.606720 0.725323 0.607190 0.711994 0.606209 0.710054 0.605121 0.708566 0.604794 0.708279 0.604139 0.708013 0.603257 0.707808 0.602281 0.707694 0.594017 0.707176 0.593093 0.707170 0.592357 0.707274 0.591922 0.707472 0.589700 0.709019 0.589559 0.709879 0.589481 0.712078 0.589326 0.716475
0 0.494980 0.487598 0.494990 0.489004 0.495028 0.490308 0.495086 0.491310 0.495129 0.491638 0.495185 0.491862 0.495228 0.491869 0.511788 0.492985 0.520074 0.492865 0.520113 0.492135 0.520137 0.490778 0.520141 0.488998 0.520126 0.487064 0.520094 0.485267 0.520049 0.483876 0.519998 0.483104 0.519949 0.483071 0.518703 0.483090 0.511647 0.483198 0.495102 0.484811 0.495040 0.485329 0.494997 0.486307
0 0.499786 0.621130 0.505396 0.646780 0.521427 0.640546 0.521182 0.638940 0.520258 0.634714 0.515654 0.613714 0.513638 0.612598 0.513438 0.612521 0.512906 0.612596 0.512124 0.612813 0.511209 0.613138 0.503267 0.616226 0.502355 0.616611 0.501583 0.616999 0.501068 0.617331 0.500887 0.617557 0.499788 0.619883
0 0.500509 0.416391 0.500685 0.418531 0.501461 0.420418 0.502720 0.421765 0.504270 0.422367 0.505875 0.422133 0.507290 0.421098 0.508300 0.419419 0.508752 0.417353 0.508767 0.417211 0.508591 0.415067 0.507813 0.413177 0.506552 0.411828 0.505000 0.411224 0.503392 0.411459 0.501975 0.412496 0.500962 0.414177 0.500510 0.416247
0 0.525979 0.492439 0.526639 0.494095 0.530398 0.503056 0.530754 0.503803 0.545183 0.493046 0.541971 0.484707 0.540405 0.481684 0.540018 0.481507 0.539437 0.481745 0.526467 0.491415 0.526028 0.491937
0 0.550316 0.424191 0.555527 0.432760 0.568381 0.418863 0.568695 0.418489 0.563460 0.409881 0.550547 0.423842
0 0.385116 0.541209 0.412453 0.566789 0.413453 0.566026 0.415350 0.562423 0.417247 0.558819 0.419143 0.555216 0.418345 0.552010 0.417995 0.551539 0.417397 0.550884 0.416642 0.550143 0.409870 0.543806 0.396327 0.531133 0.395522 0.530414 0.394784 0.529819 0.394225 0.529439 0.393931 0.529333 0.390871 0.530274
0 0.523920 0.565143 0.524104 0.566581 0.524534 0.569580 0.524550 0.569625 0.526273 0.573272 0.528911 0.575763 0.532063 0.576717 0.535250 0.575991 0.537985 0.573694 0.539853 0.570176 0.540569 0.565973 0.540024 0.561725 0.538301 0.558078 0.538277 0.558040 0.535640 0.555551 0.533461 0.554761 0.532395 0.554438 0.531317 0.554683 0.529306 0.555323 0.526572 0.557619 0.524705 0.561134 0.524162 0.563721
0 0.508720 0.428999 0.516932 0.430106 0.517127 0.429298 0.518135 0.416007 0.516557 0.413926 0.516390 0.413787 0.515870 0.413618 0.515075 0.413445 0.514128 0.413293 0.513173 0.413188 0.512357 0.413144 0.511805 0.413169 0.511601 0.413258 0.509828 0.414887 0.509716 0.415859
0 0.509854 0.499496 0.511024 0.501531 0.511756 0.502039 0.511855 0.502097 0.533731 0.514842 0.533800 0.514882 0.533978 0.514627 0.534237 0.514114 0.534539 0.513422 0.534838 0.512657 0.535087 0.511935 0.535248 0.511368 0.535297 0.511041 0.514858 0.494394 0.514125 0.493884 0.514022 0.493841 0.512103 0.493727 0.511864 0.494135 0.511496 0.494922 0.511056 0.495967 0.510609 0.497111 0.510225 0.498183 0.509959 0.499021
0 0.514432 0.461425 0.514520 0.461684 0.514808 0.462320 0.515253 0.463233 0.515786 0.464288 0.516327 0.465323 0.516794 0.466184 0.517118 0.466739 0.517248 0.466904 0.519529 0.467586 0.527700 0.460121 0.528020 0.459660 0.518580 0.441294 0.517203 0.442552 0.517006 0.443209
0 0.588051 0.635423 0.598890 0.652101 0.599389 0.652749 0.605650 0.645462 0.608643 0.641669 0.609100 0.641089 0.609447 0.640553 0.609628 0.640142 0.609619 0.639918 0.608073 0.635854 0.606446 0.633350 0.603192 0.628343 0.601565 0.625840 0.598771 0.623227 0.598581 0.623239 0.598231 0.623470 0.597774 0.623884 0.597278 0.624419
0 0.470943 0.548899 0.486726 0.555861 0.491947 0.534817 0.491984 0.534657 0.476273 0.527727 0.476164 0.527855
0 0.554439 0.514534 0.555460 0.517054 0.555796 0.517319 0.563941 0.523397 0.564370 0.523165 0.564951 0.522570 0.565597 0.521701 0.566207 0.520691 0.566688 0.519695 0.566966 0.518867 0.566999 0.518333 0.560907 0.508857 0.560561 0.508610 0.558522 0.507774 0.557959 0.508107 0.557195 0.508917 0.556344 0.510079 0.555535 0.511419 0.554889 0.512735 0.554504 0.513828
0 0.495015 0.560938 0.498785 0.565989 0.522279 0.587504 0.527119 0.578439 0.524925 0.575778 0.501095 0.553158 0.499805 0.551966 0.497591 0.553973 0.497002 0.554693 0.496407 0.555671 0.495898 0.556759 0.495551 0.557794
