0 0.579760 0.653104 0.583372 0.700967 0.584336 0.703291 0.592517 0.710042 0.593557 0.710250 0.596277 0.710288 0.600266 0.710150 0.604914 0.709857 0.609507 0.709453 0.613338 0.709001 0.615824 0.708569 0.616587 0.708225 0.624683 0.700246 0.661986 0.656853 0.661377 0.648784 0.659533 0.647083
0 0.413723 0.416845 0.439635 0.430019 0.490322 0.455149 0.495409 0.457606 0.513204 0.421711 0.462088 0.394967 0.431636 0.380710 0.422566 0.398932
0 0.822494 0.158150 0.823877 0.165853 0.828104 0.172440 0.834529 0.176908 0.842175 0.178577 0.849878 0.177194 0.856465 0.172968 0.857078 0.172404 0.861555 0.165968 0.863226 0.158309 0.861841 0.150593 0.857607 0.143995 0.851171 0.139519 0.843512 0.137847 0.835796 0.139232 0.829198 0.143466 0.828632 0.144080 0.824163 0.150504
0 0.929257 0.318903 0.930693 0.326593 0.934964 0.333147 0.941417 0.337569 0.949071 0.339184 0.956761 0.337747 0.957547 0.337468 0.964112 0.333190 0.968542 0.326726 0.970159 0.319058 0.968720 0.311355 0.964442 0.304790 0.957978 0.300361 0.950311 0.298743 0.942608 0.300182 0.941847 0.300525 0.935293 0.304796 0.930871 0.311249
0 0.911733 0.609756 0.915199 0.614686 0.924296 0.620663 0.925059 0.620879 0.927737 0.619693 0.931928 0.617282 0.936993 0.614011 0.942151 0.610383 0.946609 0.606959 0.949681 0.604264 0.950900 0.602709 0.948441 0.592224 0.944967 0.587283 0.933388 0.584788 0.932805 0.584675 0.930795 0.585606 0.927670 0.587434 0.923904 0.589884 0.920065 0.592583 0.916733 0.595125 0.914411 0.597126 0.913454 0.598281
0 0.822480 0.572417 0.826980 0.573428 0.866736 0.581931 0.914997 0.550678 0.923500 0.510921 0.883744 0.502417 0.878463 0.502383 0.830866 0.533207
0 0.813419 0.809117 0.857991 0.827960 0.873128 0.815746 0.874572 0.813679 0.876386 0.810288 0.878295 0.806091 0.900579 0.753381 0.902282 0.749036 0.903512 0.745225 0.904081 0.742531 0.902405 0.722904 0.857834 0.704061 0.843928 0.728463 0.821900 0.780567
0 0.571209 0.314353 0.596341 0.342931 0.617455 0.345300 0.643761 0.316769 0.644974 0.259785 0.619871 0.231760 0.598786 0.227988 0.572427 0.257099 0.571551 0.298276
0 0.190496 0.613604 0.234394 0.633966 0.249076 0.622679 0.249794 0.621683 0.251175 0.619173 0.253007 0.615535 0.255013 0.611320 0.278928 0.559763 0.280812 0.555592 0.282295 0.552082 0.283154 0.549764 0.283254 0.548995 0.282389 0.530496 0.238490 0.510134 0.224245 0.536297 0.217451 0.550943 0.206844 0.573811 0.200051 0.588457
0 0.623890 0.233259 0.625062 0.246446 0.663540 0.276059 0.686088 0.246892 0.710485 0.215190 0.712899 0.211923 0.674420 0.182309 0.661745 0.185285 0.661396 0.185601 0.659975 0.187330 0.636936 0.216045 0.634615 0.218981 0.631791 0.222623 0.628897 0.226411 0.626379 0.229764 0.624621 0.232168
0 0.124036 0.365299 0.138067 0.402954 0.139722 0.403397 0.177204 0.389430 0.163236 0.351948 0.161690 0.351268
0 0.279385 0.170307 0.280396 0.171818 0.320154 0.177019 0.325356 0.137261 0.324552 0.135591 0.284610 0.130365
0 0.474497 0.535196 0.493939 0.570475 0.529218 0.551032 0.509776 0.515753 0.509731 0.515681 0.474613 0.535035
0 0.279490 0.393023 0.315171 0.411718 0.316018 0.412123 0.334627 0.376605 0.333866 0.376037 0.298185 0.357342
0 0.846820 0.472710 0.867163 0.507264 0.868853 0.507297 0.903566 0.486861 0.883130 0.452148 0.881374 0.452367
0 0.664837 0.339572 0.689866 0.380529 0.758129 0.338814 0.761113 0.336951 0.735794 0.295520 0.723116 0.293596 0.722626 0.293802 0.720638 0.294939 0.717452 0.296833 0.713554 0.299196 0.679108 0.320246 0.675107 0.322710 0.671627 0.324889 0.669199 0.326451 0.668192 0.327159
0 0.487286 0.776518 0.494485 0.787418 0.542479 0.794776 0.554743 0.714786 0.554117 0.712331 0.506671 0.705057 0.497040 0.712893 0.496905 0.713519 0.496513 0.715861 0.495924 0.719558 0.495228 0.724050 0.489152 0.763679 0.488452 0.768299 0.487851 0.772359 0.487442 0.775247
0 0.315374 0.602625 0.362749 0.613264 0.373642 0.606636 0.374010 0.605600 0.374722 0.602935 0.375671 0.599051 0.376712 0.594534 0.385496 0.555416 0.386475 0.550939 0.387246 0.547166 0.387693 0.544669 0.387746 0.543832 0.381847 0.533913 0.335013 0.523396 0.333106 0.523667
0 0.594586 0.589131 0.594892 0.589823 0.596010 0.592028 0.597770 0.595406 0.599904 0.599446 0.602091 0.603538 0.603999 0.607064 0.605342 0.609491 0.605911 0.610447 0.617914 0.614197 0.660792 0.591415 0.641807 0.555683 0.640186 0.555047 0.597798 0.577569
0 0.426646 0.289479 0.427484 0.291885 0.444485 0.336773 0.481892 0.322606 0.481682 0.320555 0.464485 0.275148 0.454137 0.271295 0.453216 0.271319 0.450711 0.271991 0.447001 0.273211 0.442653 0.274793 0.438334 0.276494 0.434710 0.278051 0.432333 0.279228 0.431564 0.279844
0 0.482458 0.217486 0.482658 0.220714 0.510718 0.249221 0.544926 0.215550 0.545446 0.212261 0.545633 0.202184 0.545048 0.201135 0.543258 0.198930 0.540536 0.195906 0.537295 0.192522 0.534035 0.189301 0.531256 0.186737 0.529383 0.185220 0.528700 0.184981 0.517062 0.183425
0 0.528168 0.529187 0.530686 0.577120 0.531041 0.578012 0.539346 0.585679 0.540316 0.585744 0.542981 0.585702 0.546935 0.585560 0.551576 0.585340 0.556189 0.585074 0.560067 0.584805 0.562616 0.584572 0.563450 0.584412 0.571447 0.575889 0.568900 0.527401 0.568113 0.527088
