0 0.000000 0.196954 0.000742 0.197475 0.007510 0.201398 0.015264 0.202434 0.022824 0.200422 0.029039 0.195671 0.032962 0.188903 0.033997 0.181149 0.031985 0.173590 0.027235 0.167375 0.026421 0.166802 0.019641 0.162873 0.011874 0.161835 0.004302 0.163851 0.000000 0.168609
0 0.902221 0.421330 0.903394 0.422998 0.906275 0.425933 0.910425 0.429689 0.915218 0.433700 0.919933 0.437363 0.923861 0.440126 0.926404 0.441568 0.927171 0.441464 0.936757 0.436265 0.940634 0.431632 0.939870 0.420036 0.939033 0.418778 0.936892 0.416558 0.933771 0.413713 0.930147 0.410681 0.926580 0.407928 0.923614 0.405874 0.921704 0.404833 0.910344 0.406284 0.909424 0.406493 0.905556 0.411115
0 0.303916 0.088243 0.304578 0.092058 0.309510 0.099985 0.312254 0.102458 0.316735 0.105424 0.320969 0.105242 0.329606 0.102566 0.332657 0.100888 0.335764 0.097898 0.338457 0.094047 0.340330 0.089917 0.341099 0.086131 0.340084 0.077908 0.339327 0.073119 0.336638 0.070583 0.332135 0.067632 0.322655 0.066209 0.319265 0.066294 0.315169 0.068496 0.310996 0.072482 0.307388 0.077641 0.304901 0.083179
0 0.248492 0.170462 0.248972 0.178283 0.252408 0.185326 0.252834 0.185867 0.258693 0.191049 0.266090 0.193596 0.273898 0.193116 0.280929 0.189686 0.286111 0.183827 0.288657 0.176430 0.288178 0.168622 0.284748 0.161591 0.284378 0.161008 0.278508 0.155818 0.271099 0.153267 0.263277 0.153747 0.256234 0.157183 0.251043 0.163053
0 0.022209 0.735349 0.026567 0.746121 0.027653 0.747100 0.030300 0.748578 0.034109 0.750332 0.038494 0.752091 0.042781 0.753585 0.046314 0.754585 0.048552 0.754940 0.058866 0.750053 0.059856 0.749493 0.062099 0.743900 0.062083 0.733162 0.060583 0.731884 0.057035 0.729945 0.051979 0.727638 0.046178 0.725312 0.040505 0.723315 0.035813 0.721948 0.032816 0.721422 0.031976 0.721819 0.024457 0.729742
0 0.108089 0.793268 0.147663 0.800246 0.149273 0.798873 0.156219 0.759481 0.116826 0.752535 0.115067 0.753695
0 0.522653 0.230573 0.554223 0.255294 0.578944 0.223724 0.579308 0.222452 0.547593 0.197617 0.522757 0.229332
0 0.324187 0.876292 0.358431 0.897503 0.379643 0.863259 0.380194 0.861594 0.346107 0.840479 0.324992 0.874567
0 0.086691 0.305546 0.087204 0.306683 0.142579 0.358024 0.143871 0.358214 0.145789 0.357467 0.148041 0.355898 0.159528 0.345665 0.213562 0.286165 0.222516 0.273888 0.223812 0.271550 0.224299 0.269649 0.223901 0.268475 0.168057 0.217650 0.166791 0.217342 0.164895 0.217986 0.162656 0.219485 0.160417 0.221610 0.090189 0.298943 0.088306 0.301357 0.087077 0.303676
0 0.428634 0.575964 0.457529 0.647697 0.458345 0.648318 0.460175 0.648396 0.462742 0.647920 0.465653 0.646959 0.562821 0.608611 0.565614 0.607321 0.567845 0.605905 0.569173 0.604580 0.569398 0.603548 0.541153 0.531558 0.540263 0.531033 0.538368 0.531039 0.535760 0.531574 0.521210 0.536003 0.446447 0.565508 0.432714 0.572241 0.430414 0.573644 0.428980 0.574951
0 0.000000 0.675193 0.052909 0.704568 0.054237 0.704105 0.055807 0.702571 0.057379 0.700200 0.064532 0.686271 0.093738 0.611391 0.097635 0.596993 0.097980 0.594447 0.097710 0.592648 0.096865 0.591873 0.026908 0.563148 0.025563 0.563489 0.023977 0.564919 0.022392 0.567218 0.021050 0.570039 0.020157 0.572947 0.000000 0.660254
0 0.482194 0.202768 0.482398 0.206165 0.483009 0.216194 0.483737 0.217155 0.485761 0.219141 0.488770 0.221848 0.492310 0.224866 0.495847 0.227740 0.498845 0.230036 0.500852 0.231407 0.501558 0.231640 0.513136 0.231761 0.543851 0.194874 0.544358 0.191347 0.513264 0.165455
0 0.535678 0.304677 0.536017 0.352676 0.544330 0.360321 0.545189 0.360499 0.547749 0.360636 0.551616 0.360713 0.556205 0.360717 0.560824 0.360648 0.564775 0.360516 0.567460 0.360342 0.568467 0.360151 0.576016 0.352394 0.576895 0.350688 0.576552 0.302134 0.536091 0.302419
0 0.131202 0.470804 0.177425 0.485672 0.181111 0.485836 0.189881 0.480713 0.190570 0.479865 0.191715 0.477403 0.193139 0.473704 0.194629 0.469329 0.195959 0.464938 0.196928 0.461194 0.197390 0.458663 0.197272 0.457734 0.193359 0.447757 0.147665 0.433059 0.143592 0.432286
0 0.899388 0.870145 0.904005 0.874425 0.942812 0.903607 0.967131 0.871269 0.961792 0.867026 0.923429 0.838176 0.913097 0.841695 0.911067 0.843400 0.908416 0.846264 0.905542 0.849852 0.902881 0.853623 0.900834 0.857008 0.899711 0.859496
0 0.251523 0.105107 0.257327 0.118270 0.258501 0.119108 0.261202 0.120484 0.265014 0.122189 0.269362 0.123966 0.273589 0.125545 0.277057 0.126689 0.279241 0.127225 0.291611 0.124199 0.309105 0.079500 0.306898 0.074639 0.269219 0.059892
0 0.486495 0.434337 0.486557 0.434637 0.535844 0.497898 0.536010 0.497889 0.726666 0.349346 0.677152 0.285793
0 0.063669 0.209954 0.105693 0.233947 0.122903 0.211534 0.130779 0.197740 0.143076 0.176203 0.150951 0.162409 0.162246 0.134896 0.120222 0.110902 0.103659 0.121209 0.101910 0.123066 0.099659 0.126202 0.097250 0.130138 0.068875 0.179835 0.066686 0.183953 0.065061 0.187607 0.064247 0.190239
0 0.564002 0.819210 0.564894 0.823664 0.599697 0.869431 0.639982 0.874913 0.645464 0.834628 0.643465 0.830023 0.609140 0.784885 0.569409 0.779479
0 0.059186 0.104988 0.091031 0.108544 0.147594 0.109271 0.173236 0.106455 0.173858 0.058068 0.157553 0.049288 0.156178 0.048679 0.153162 0.048138 0.148964 0.047748 0.144226 0.047569 0.087004 0.046832 0.082469 0.046892 0.078848 0.047182 0.076695 0.047657 0.059809 0.056601
