0 0.445578 0.259336 0.445583 0.261689 0.445641 0.265436 0.445744 0.270008 0.445875 0.274701 0.446014 0.278793 0.446141 0.281660 0.446235 0.282866 0.455241 0.291890 0.503226 0.290680 0.503263 0.288260 0.501223 0.207361 0.493133 0.207565 0.453704 0.249035 0.445627 0.258736
0 0.388439 0.623830 0.441542 0.642114 0.475101 0.650479 0.481278 0.630818 0.486528 0.611800 0.459652 0.602919 0.405406 0.586882 0.399792 0.585408
0 0.495263 0.919811 0.530846 0.992493 0.538114 0.988935 0.556664 0.934803 0.560479 0.921318 0.559996 0.919939 0.558781 0.917126 0.557021 0.913310 0.554982 0.909068 0.552972 0.905040 0.551294 0.901834 0.550203 0.899936 0.549865 0.899639 0.538428 0.893908 0.495317 0.915013
0 0.403460 0.761460 0.407207 0.768633 0.478935 0.731163 0.479176 0.728521 0.456950 0.685977 0.445613 0.683194 0.444872 0.683377 0.442620 0.684381 0.439204 0.686050 0.435140 0.688133 0.431042 0.690314 0.427529 0.692264 0.425132 0.693689 0.424219 0.694370
0 0.552750 0.141563 0.553289 0.142722 0.554961 0.145074 0.557508 0.148259 0.560546 0.151796 0.563616 0.155151 0.566254 0.157817 0.568061 0.159390 0.568760 0.159628 0.580034 0.161922 0.615957 0.130086 0.617298 0.125810 0.590461 0.095528 0.554123 0.127732 0.553504 0.131987
0 0.854313 0.828175 0.859818 0.875858 0.863978 0.880203 0.904173 0.875563 0.898605 0.827328 0.887341 0.817877 0.885919 0.817564 0.882896 0.817509 0.878733 0.817720 0.874062 0.818164 0.869586 0.818776 0.865982 0.819461 0.863795 0.820118
0 0.718702 0.390448 0.730763 0.428586 0.733431 0.427760 0.779726 0.413119 0.783844 0.403370 0.783941 0.402365 0.783469 0.399755 0.782497 0.395935 0.781174 0.391488 0.779703 0.387099 0.778310 0.383441 0.777208 0.381074 0.776565 0.380355 0.767526 0.374540 0.721231 0.389181
0 0.671240 0.572269 0.671245 0.573256 0.676595 0.582646 0.678636 0.583601 0.725768 0.595272 0.735493 0.555996 0.688362 0.544325 0.686209 0.543819 0.677047 0.549826 0.676593 0.550650 0.675769 0.553127 0.674700 0.556876 0.673548 0.561329 0.672487 0.565814 0.671676 0.569655
0 0.491610 0.436909 0.497155 0.447567 0.542636 0.462910 0.543129 0.462481 0.556063 0.424142 0.510055 0.408621 0.499325 0.414038 0.499031 0.414796 0.498191 0.417185 0.496934 0.420845 0.495452 0.425216 0.493972 0.429626 0.492722 0.433397 0.491893 0.435954
0 0.847215 0.649792 0.854157 0.666960 0.854389 0.667336 0.855984 0.668845 0.858697 0.671255 0.862115 0.674202 0.905383 0.711052 0.909003 0.714099 0.912289 0.716798 0.914745 0.718739 0.915994 0.719625 0.934049 0.723746 0.965425 0.686905 0.947361 0.669800 0.903587 0.632519 0.878591 0.612951
0 0.518997 0.517488 0.519775 0.557480 0.520050 0.558280 0.560599 0.557490 0.600358 0.516153 0.599569 0.475604 0.559020 0.476393 0.558211 0.476717
0 0.180578 0.236643 0.186263 0.254268 0.186504 0.254589 0.188025 0.256158 0.190596 0.258738 0.193824 0.261934 0.234599 0.302088 0.237978 0.305399 0.240979 0.308306 0.243141 0.310364 0.244136 0.311260 0.261846 0.316674 0.295800 0.282195 0.273639 0.260234 0.232671 0.219890 0.214532 0.202164
0 0.730153 0.685160 0.735000 0.689060 0.743300 0.695406 0.749827 0.700268 0.756175 0.704879 0.759288 0.707064 0.763020 0.709410 0.825067 0.673407 0.826375 0.672213 0.827638 0.670031 0.828661 0.667193 0.829287 0.664133 0.829422 0.661321 0.829044 0.659185 0.828213 0.658052 0.809872 0.633176 0.809180 0.632340 0.807105 0.630530 0.803962 0.628020 0.800232 0.625194 0.796487 0.622488 0.793304 0.620316 0.791168 0.619010 0.790401 0.618765 0.778869 0.621111 0.751368 0.655037 0.749273 0.657847 0.741482 0.668884
0 0.502567 0.252598 0.504175 0.327873 0.506994 0.329475 0.514388 0.332276 0.523267 0.334825 0.531094 0.336335 0.540519 0.337615 0.544726 0.337737 0.552522 0.307285 0.554047 0.300996 0.561804 0.258696 0.556499 0.249256 0.555807 0.248412 0.553433 0.247243 0.549738 0.245926 0.545285 0.244664 0.540758 0.243651 0.536854 0.243042 0.534168 0.242929 0.513265 0.242148 0.510773 0.242392 0.508072 0.243569 0.505569 0.245501 0.503645 0.247894 0.502590 0.250386
0 0.366368 0.570845 0.371168 0.576826 0.380524 0.582364 0.388309 0.584923 0.396275 0.585752 0.400441 0.585063 0.406338 0.580422 0.448714 0.546482 0.450180 0.544748 0.451357 0.542163 0.452067 0.539124 0.452201 0.536095 0.451737 0.533540 0.450749 0.531849 0.422666 0.501462 0.419284 0.498798 0.415017 0.496857 0.410518 0.495937 0.406476 0.496178 0.401316 0.497537 0.394279 0.500161 0.391740 0.505457 0.377187 0.538827 0.376143 0.541578 0.371943 0.554095
0 0.439766 0.783840 0.503223 0.833476 0.652132 0.643105 0.651436 0.642450 0.588270 0.593041 0.440043 0.782540
0 0.132404 0.277338 0.133220 0.279435 0.134788 0.282786 0.136869 0.286880 0.174820 0.359209 0.212771 0.431537 0.231747 0.467701 0.233996 0.471861 0.236043 0.475398 0.237573 0.477773 0.238355 0.478625 0.248332 0.481708 0.254085 0.482126 0.268253 0.474692 0.156741 0.262171 0.148712 0.256608 0.134212 0.264216 0.132463 0.276813
0 0.221707 0.189591 0.382177 0.350945 0.390374 0.351706 0.436484 0.290465 0.278236 0.127569 0.270271 0.127678
0 0.198853 0.778288 0.356037 0.961885 0.417236 0.909490 0.417616 0.907613 0.261152 0.724857 0.200234 0.777012
0 0.257019 0.223709 0.262573 0.230024 0.309877 0.238166 0.318574 0.230182 0.318969 0.229634 0.319614 0.227363 0.320410 0.223720 0.321238 0.219256 0.321972 0.214645 0.322502 0.210584 0.322747 0.207685 0.322669 0.206394 0.320607 0.202980 0.312374 0.191699 0.263963 0.183366
0 0.819490 0.470863 0.824143 0.550727 0.827891 0.551314 0.876363 0.548490 0.882267 0.539681 0.882719 0.538816 0.882995 0.536241 0.883054 0.532347 0.882885 0.527728 0.880537 0.487428 0.880168 0.482805 0.879654 0.478900 0.879077 0.476308 0.878523 0.475423 0.871657 0.467702 0.823184 0.470526
0 0.733633 0.572201 0.752301 0.577181 0.791654 0.585444 0.812603 0.588784 0.823027 0.553674 0.825703 0.527139 0.746695 0.510549 0.737051 0.545747
0 0.313640 0.620471 0.316293 0.632370 0.359037 0.655404 0.360648 0.653628 0.398598 0.583203 0.356343 0.560432 0.344175 0.563807 0.343533 0.564701 0.342113 0.567083 0.340131 0.570590 0.337891 0.574689 0.318740 0.610227 0.316590 0.614277 0.314865 0.617646 0.313830 0.619821
