0 0.445272 0.263175 0.454294 0.291899 0.471541 0.345792 0.473231 0.350968 0.511389 0.338756 0.494112 0.281519 0.483684 0.250881
0 0.543581 0.388674 0.547577 0.400183 0.590932 0.420783 0.591983 0.419867 0.626712 0.346773 0.619403 0.343300 0.565491 0.362482 0.553940 0.366871 0.553617 0.367526 0.552551 0.369747 0.550905 0.373197 0.548930 0.377349 0.546928 0.381567 0.545209 0.385201 0.544034 0.387696
0 0.134495 0.157447 0.138663 0.195173 0.159975 0.196253 0.178987 0.194455 0.181094 0.168803 0.180114 0.112272 0.179497 0.105953 0.139439 0.106666
0 0.184779 0.442721 0.224674 0.446407 0.225639 0.440831 0.230820 0.384493 0.231225 0.355298 0.212150 0.353519 0.191065 0.351588 0.184835 0.384720
0 0.517150 0.241081 0.517364 0.245781 0.518059 0.260519 0.541207 0.264346 0.580717 0.265140 0.586257 0.184684 0.563345 0.180074 0.523606 0.179961 0.519914 0.200935
0 0.190026 0.582855 0.224459 0.604472 0.228247 0.603036 0.270887 0.535116 0.236927 0.513796 0.233260 0.513988
0 0.219334 0.742161 0.243014 0.785199 0.255808 0.787194 0.256297 0.787130 0.258345 0.786176 0.261643 0.784478 0.265688 0.782294 0.269857 0.779959 0.273511 0.777832 0.276089 0.776240 0.277202 0.775423 0.279763 0.772257 0.283933 0.759398 0.260795 0.717343 0.225749 0.736626
0 0.109594 0.898185 0.126924 0.943542 0.202519 0.914659 0.205919 0.909920 0.188787 0.865081 0.176001 0.861916 0.173924 0.862443 0.170521 0.863566 0.166308 0.865114 0.128857 0.879423 0.124459 0.881166 0.120530 0.882844 0.117665 0.884204 0.116303 0.885039
0 0.813094 0.756919 0.835577 0.790003 0.837118 0.791335 0.870354 0.768749 0.847768 0.735513 0.846178 0.734437
0 0.680431 0.481242 0.711665 0.506386 0.712640 0.506416 0.737900 0.475038 0.706522 0.449778 0.705576 0.450008
0 0.971518 0.107082 1.000000 0.112241 1.000000 0.070612 0.978865 0.065430 0.976676 0.067416
0 0.566782 0.243696 0.606222 0.250363 0.606710 0.249217 0.613408 0.209595 0.573786 0.202898 0.573449 0.204256
0 0.131367 0.366625 0.133323 0.374213 0.138032 0.380476 0.144781 0.384459 0.145391 0.384658 0.153137 0.385754 0.160712 0.383801 0.166964 0.379100 0.170940 0.372363 0.172036 0.364617 0.170084 0.357042 0.165382 0.350790 0.158645 0.346814 0.158058 0.346550 0.150299 0.345452 0.142711 0.347408 0.136448 0.352118 0.132465 0.358866
0 0.773661 0.673360 0.775135 0.681042 0.779438 0.687575 0.785912 0.691966 0.786404 0.692296 0.794079 0.693877 0.801775 0.692400 0.808320 0.688091 0.812718 0.681605 0.814298 0.673930 0.812822 0.666234 0.808512 0.659690 0.802026 0.655291 0.801507 0.655025 0.793845 0.653447 0.786162 0.654921 0.779629 0.659223 0.775239 0.665697
0 0.578815 0.285155 0.579136 0.292971 0.582423 0.300070 0.588177 0.305369 0.595521 0.308065 0.603337 0.307744 0.610436 0.304457 0.615735 0.298703 0.615934 0.298357 0.618635 0.291001 0.618313 0.283171 0.615020 0.276060 0.609257 0.270751 0.601901 0.268051 0.594071 0.268373 0.586960 0.271665 0.581651 0.277429
0 0.476100 0.177951 0.476485 0.185781 0.476525 0.186322 0.479870 0.193397 0.485669 0.198653 0.493037 0.201290 0.500853 0.200906 0.507929 0.197561 0.513184 0.191763 0.515822 0.184395 0.515849 0.183851 0.515465 0.176021 0.512114 0.168933 0.506305 0.163669 0.498925 0.161027 0.491094 0.161411 0.484007 0.164762 0.478742 0.170571
0 0.217600 0.633219 0.217872 0.633659 0.219147 0.634679 0.221230 0.636125 0.223805 0.637775 0.312930 0.693011 0.315586 0.694603 0.317901 0.695884 0.319521 0.696657 0.320200 0.696807 0.362592 0.628407 0.362193 0.627972 0.360815 0.626959 0.358670 0.625523 0.356083 0.623883 0.267367 0.568900 0.264714 0.567293 0.262382 0.565953 0.260723 0.565084 0.259992 0.564819
0 0.519955 0.731314 0.567034 0.794984 0.567934 0.794984 0.569675 0.794246 0.571991 0.792884 0.584687 0.784335 0.648878 0.735967 0.660467 0.726218 0.662365 0.724404 0.663481 0.722989 0.663643 0.722189 0.616006 0.658939 0.615151 0.658823 0.613449 0.659461 0.611158 0.660756 0.608628 0.662510 0.525198 0.725374 0.522831 0.727310 0.521003 0.729118 0.519994 0.730524
0 0.553108 0.676554 0.602987 0.730958 0.603885 0.731897 0.605606 0.731936 0.607886 0.731073 0.620347 0.723737 0.682907 0.674529 0.694106 0.663270 0.695931 0.660912 0.696990 0.658696 0.697120 0.656959 0.696302 0.655966 0.645701 0.602674 0.644036 0.602540 0.641808 0.603319 0.639356 0.604893 0.558206 0.668139 0.555893 0.670281 0.554111 0.672633 0.553134 0.674836
0 0.121126 0.635495 0.139877 0.713472 0.140428 0.713448 0.142091 0.713136 0.153903 0.710621 0.226767 0.693978 0.242282 0.690250 0.245298 0.689492 0.247834 0.688809 0.249504 0.688306 0.250054 0.688059 0.231143 0.609417 0.230509 0.609531 0.228774 0.609917 0.226201 0.610517 0.132097 0.632751 0.129114 0.633465 0.126108 0.634198 0.123535 0.634842 0.121785 0.635298
