0 0.447332 0.426656 0.447574 0.426992 0.477530 0.445753 0.484565 0.425781 0.484494 0.425440 0.454400 0.406593
0 0.505938 0.431302 0.506640 0.434088 0.506800 0.434290 0.507272 0.434690 0.507983 0.435228 0.508827 0.435821 0.516192 0.440844 0.517042 0.441406 0.517773 0.441851 0.518273 0.442114 0.518465 0.442152 0.520652 0.441336 0.521004 0.440423 0.521756 0.438464 0.522508 0.436504 0.524763 0.430625 0.525167 0.429565 0.525400 0.428914 0.524686 0.428325 0.520226 0.425283 0.511305 0.419200 0.510550 0.418787 0.505993 0.430667
0 0.525919 0.523525 0.526244 0.526057 0.527807 0.534851 0.544073 0.530221 0.543811 0.527686 0.542131 0.518910
0 0.471448 0.542963 0.471777 0.544210 0.472677 0.546710 0.502620 0.530692 0.502258 0.529465 0.501464 0.526906 0.500412 0.525889 0.494752 0.520421 0.489948 0.515781 0.474567 0.524009 0.473266 0.531915 0.471733 0.541231
0 0.523273 0.462874 0.527091 0.484300 0.543161 0.479209 0.543334 0.479126 0.539501 0.457613 0.523366 0.462724
0 0.478682 0.400736 0.478779 0.401191 0.484724 0.421782 0.500167 0.413856 0.500168 0.413460 0.494196 0.392774
0 0.534631 0.562966 0.534975 0.564176 0.535061 0.564333 0.535728 0.565277 0.538658 0.568999 0.542500 0.571704 0.543387 0.572236 0.544360 0.572274 0.545269 0.571814 0.545978 0.570924 0.548776 0.566728 0.550798 0.561895 0.551197 0.560712 0.551226 0.559415 0.550880 0.558202 0.550213 0.557258 0.547073 0.553237 0.546966 0.553115 0.543335 0.550707 0.542450 0.550176 0.541480 0.550138 0.540572 0.550598 0.539866 0.551485 0.536870 0.555381 0.535057 0.560492 0.534659 0.561672
0 0.541718 0.528537 0.542263 0.531974 0.545381 0.544989 0.549422 0.544152 0.557559 0.541459 0.561710 0.539585 0.561206 0.536102 0.557782 0.523221
0 0.401188 0.645821 0.414820 0.672375 0.415336 0.673244 0.417091 0.674377 0.417238 0.674218 0.418555 0.672786 0.419986 0.671230 0.421023 0.670102 0.420580 0.667547 0.420064 0.666680 0.403818 0.643003 0.403704 0.643086 0.403407 0.643371 0.402972 0.643815 0.402465 0.644350 0.401964 0.644895 0.401545 0.645367 0.401272 0.645692
0 0.561473 0.560576 0.561513 0.561120 0.563245 0.565183 0.565998 0.571356 0.566310 0.571720 0.566983 0.572419 0.567416 0.572452 0.569902 0.571630 0.571562 0.568755 0.571748 0.568172 0.571680 0.567589 0.569592 0.561656 0.568013 0.557450 0.567710 0.557138 0.566593 0.556033 0.566190 0.556144 0.561731 0.560101
0 0.498481 0.474394 0.498503 0.474746 0.500630 0.485407 0.508626 0.482570 0.508745 0.482328 0.513025 0.472485 0.514695 0.468642 0.512538 0.457832 0.504431 0.460708
0 0.544303 0.547154 0.544701 0.549976 0.545218 0.550554 0.553800 0.557447 0.562416 0.538374 0.560986 0.537225 0.560289 0.536800 0.548960 0.540549 0.546873 0.541465 0.546714 0.541626 0.546384 0.542195 0.545934 0.543084 0.545432 0.544157 0.544953 0.545254 0.544571 0.546208 0.544343 0.546876
0 0.440219 0.387089 0.440902 0.388380 0.460278 0.393876 0.462210 0.391486 0.462364 0.390904 0.462559 0.389935 0.462767 0.388726 0.462955 0.387457 0.463095 0.386322 0.463166 0.385492 0.463157 0.385094 0.461556 0.381760 0.445326 0.365775 0.443693 0.365312
0 0.424051 0.500155 0.424309 0.500408 0.424918 0.500794 0.425787 0.501256 0.426782 0.501721 0.427750 0.502119 0.428542 0.502389 0.428838 0.502448 0.429087 0.502454 0.429162 0.502404 0.435523 0.482026 0.438219 0.471599 0.437836 0.471303 0.436977 0.470811 0.435772 0.470200 0.434403 0.469559 0.433077 0.468987 0.431991 0.468568 0.431311 0.468367 0.431143 0.468415 0.430738 0.469984 0.428447 0.478865
0 0.468627 0.555955 0.479111 0.573285 0.481710 0.570489 0.494714 0.556445 0.495069 0.552985 0.494957 0.552719 0.494624 0.552101 0.494123 0.551227 0.493528 0.550227 0.488334 0.541642 0.487734 0.540667 0.487219 0.539861 0.486866 0.539346 0.486730 0.539201 0.484404 0.538732 0.468986 0.555315
0 0.578501 0.468314 0.578764 0.469325 0.579824 0.471493 0.580324 0.472125 0.581093 0.472687 0.582013 0.473096 0.582945 0.473290 0.583749 0.473239 0.584303 0.472950 0.586218 0.471746 0.586586 0.470938 0.586898 0.469489 0.586609 0.466817 0.586410 0.466003 0.585748 0.465151 0.584722 0.464393 0.583490 0.463845 0.582241 0.463592 0.581168 0.463672 0.580434 0.464071 0.579170 0.466052 0.578818 0.466870
