0 0.930082 0.112463 0.930332 0.116288 0.931752 0.120550 0.934125 0.124606 0.937094 0.127843 0.940210 0.129772 0.948109 0.133113 0.952772 0.133659 0.957328 0.131057 0.960760 0.128838 0.966016 0.121321 0.967352 0.117590 0.967061 0.112477 0.965182 0.106764 0.962003 0.101330 0.958012 0.097013 0.953826 0.094474 0.950086 0.094097 0.940821 0.094764 0.936245 0.097349 0.932863 0.099635 0.931263 0.104324
0 0.131871 0.096211 0.134295 0.103666 0.139389 0.109626 0.140008 0.110297 0.146983 0.113849 0.154785 0.114460 0.162227 0.112040 0.168176 0.106955 0.171728 0.099981 0.172339 0.092179 0.169919 0.084737 0.169351 0.084022 0.164257 0.078062 0.157271 0.074504 0.149456 0.073892 0.142001 0.076316 0.136041 0.081410 0.132483 0.088396
0 0.208510 0.077808 0.208588 0.085647 0.211659 0.092860 0.212155 0.093560 0.217743 0.099039 0.225003 0.101963 0.232828 0.101885 0.240029 0.098820 0.245508 0.093231 0.248432 0.085972 0.248354 0.078146 0.245289 0.070946 0.244850 0.070207 0.239252 0.064718 0.231980 0.061789 0.224141 0.061867 0.216928 0.064938 0.211440 0.070536
0 0.820380 0.874798 0.820747 0.878680 0.821536 0.884107 0.822626 0.890261 0.823855 0.896217 0.825038 0.901078 0.825995 0.904105 0.826580 0.904829 0.837255 0.907052 0.843203 0.905998 0.850094 0.896549 0.850215 0.895264 0.849966 0.892353 0.849385 0.888257 0.848561 0.883605 0.847619 0.879111 0.846706 0.875466 0.845960 0.873224 0.845495 0.872723 0.835558 0.866286 0.829623 0.867337 0.820492 0.873054
0 0.417703 0.832154 0.418381 0.833120 0.476794 0.881145 0.478176 0.881097 0.480092 0.880074 0.482250 0.878234 0.484322 0.875855 0.547948 0.792062 0.549633 0.789492 0.550683 0.787107 0.550941 0.785268 0.550364 0.784255 0.491274 0.737122 0.489914 0.737054 0.488018 0.737972 0.485876 0.739738 0.483814 0.742082 0.420507 0.825455 0.418852 0.828006 0.417868 0.830358
0 0.252494 0.201759 0.293316 0.270325 0.294060 0.270487 0.295745 0.270004 0.298114 0.268948 0.300808 0.267480 0.390805 0.214443 0.393394 0.212798 0.395467 0.211235 0.396707 0.209994 0.396928 0.209264 0.356708 0.140343 0.355907 0.140292 0.354173 0.140870 0.351771 0.141990 0.338331 0.149126 0.269087 0.189933 0.256331 0.198235 0.254187 0.199795 0.252839 0.201032
0 0.628781 0.544503 0.628786 0.545143 0.707716 0.559264 0.708006 0.558715 0.708467 0.557045 0.709030 0.554507 0.709609 0.551489 0.728009 0.448645 0.728510 0.445627 0.728855 0.443089 0.728992 0.441419 0.728898 0.440869 0.649968 0.426748 0.649729 0.427412 0.649313 0.429174 0.648781 0.431764 0.648216 0.434790 0.629900 0.537165 0.629384 0.540185 0.628991 0.542762
0 0.430159 0.604867 0.430306 0.605759 0.483498 0.663096 0.484492 0.663101 0.486224 0.662263 0.488430 0.660711 0.500245 0.650961 0.558665 0.595761 0.568951 0.584629 0.570581 0.582556 0.571449 0.580937 0.571422 0.580019 0.517722 0.523161 0.516761 0.523037 0.515057 0.523773 0.512869 0.525255 0.510530 0.527259 0.434601 0.599003 0.432483 0.601210 0.430923 0.603269
0 0.323258 0.275328 0.325278 0.277896 0.367103 0.301447 0.377736 0.297489 0.378347 0.296957 0.379764 0.294909 0.381768 0.291661 0.384057 0.287705 0.386286 0.283638 0.388118 0.280073 0.389275 0.277550 0.389579 0.276457 0.386729 0.266593 0.385419 0.263894 0.343110 0.240071
0 0.506492 0.666484 0.506769 0.667583 0.507542 0.670280 0.508693 0.674165 0.510048 0.678644 0.511397 0.683029 0.512533 0.686646 0.513283 0.688943 0.513534 0.689572 0.524197 0.695900 0.570640 0.681736 0.558837 0.643034 0.558164 0.641399 0.512252 0.655401
0 0.459014 0.061864 0.459182 0.076122 0.459900 0.077313 0.461835 0.079584 0.464690 0.082589 0.468033 0.085872 0.471359 0.088939 0.474166 0.091325 0.476030 0.092670 0.476664 0.092766 0.488452 0.094454 0.521551 0.059691 0.521800 0.054600 0.492496 0.026699
0 0.810285 0.413408 0.950546 0.608156 0.952615 0.608652 0.998044 0.567068 1.000000 0.563619 1.000000 0.550199 0.876924 0.366042 0.875200 0.366654
0 0.418775 0.391418 0.420795 0.402333 0.421700 0.403449 0.461227 0.430681 0.506615 0.364803 0.506691 0.363240 0.466707 0.335692 0.455294 0.338412 0.454713 0.338956 0.453174 0.340935 0.450911 0.344051 0.448268 0.347826 0.425365 0.381069 0.422756 0.384916 0.420587 0.388234 0.419190 0.390517
0 0.022276 0.554435 0.102391 0.565862 0.106935 0.565110 0.113713 0.517591 0.104734 0.508092 0.104347 0.507952 0.102205 0.507575 0.098637 0.507018 0.094186 0.506366 0.054496 0.500705 0.049821 0.500055 0.045619 0.499504 0.042524 0.499134 0.041011 0.499003 0.029133 0.506367
0 0.703186 0.406154 0.703254 0.407131 0.703985 0.409663 0.705264 0.413361 0.706898 0.417666 0.708641 0.421928 0.710229 0.425503 0.711422 0.427851 0.712038 0.428610 0.721668 0.433344 0.773551 0.455887 0.776713 0.455377 0.784242 0.452409 0.754563 0.377123 0.709392 0.394930 0.706999 0.396131
0 0.481240 0.886897 0.482986 0.894799 0.562004 0.877335 0.561296 0.873023 0.550937 0.826154 0.541528 0.821417 0.540578 0.821191 0.537984 0.821396 0.534145 0.821999 0.529642 0.822908 0.525154 0.823986 0.521359 0.825071 0.518831 0.825998 0.517959 0.826626 0.511880 0.834786 0.481454 0.882476
0 0.847541 0.114412 0.861059 0.130275 0.932806 0.151993 0.948323 0.115168 0.945876 0.112537 0.898340 0.088621 0.862640 0.077626
