0 0.583149 0.365153 0.583556 0.387210 0.600099 0.386667 0.600560 0.386146 0.600151 0.363987 0.583532 0.364532
0 0.464762 0.562730 0.466450 0.564966 0.466597 0.565079 0.467103 0.565229 0.467894 0.565393 0.468847 0.565545 0.469818 0.565663 0.470655 0.565727 0.471233 0.565729 0.471462 0.565668 0.473163 0.563907 0.473776 0.562446 0.474811 0.549312 0.466602 0.548162 0.465821 0.549289
0 0.531074 0.596957 0.531560 0.599490 0.531925 0.600640 0.533360 0.601778 0.562027 0.611558 0.566295 0.601990 0.565537 0.600825 0.539998 0.580572 0.537863 0.581736 0.537717 0.581845 0.537399 0.582371 0.536960 0.583232 0.536465 0.584299 0.532236 0.593780 0.531758 0.594893 0.531370 0.595887 0.531130 0.596612
0 0.406282 0.561451 0.406419 0.561942 0.406877 0.562580 0.407585 0.563265 0.408436 0.563894 0.409298 0.564369 0.410039 0.564618 0.410547 0.564603 0.410744 0.564327 0.416591 0.554469 0.416799 0.551629 0.416599 0.550991 0.415978 0.550158 0.415033 0.549257 0.413904 0.548423 0.412762 0.547781 0.411780 0.547430 0.411105 0.547421 0.409479 0.549213 0.409147 0.549640
0 0.432530 0.440987 0.440655 0.448856 0.441334 0.449441 0.443405 0.448741 0.443591 0.448603 0.443971 0.448078 0.444487 0.447246 0.445061 0.446233 0.454807 0.428343 0.459680 0.419397 0.460229 0.418349 0.460674 0.417417 0.460948 0.416741 0.461008 0.416426 0.460781 0.413742 0.460328 0.412744 0.452202 0.404875
0 0.444166 0.538291 0.453983 0.556179 0.467399 0.543089 0.467548 0.542892 0.457776 0.525086 0.457582 0.525201
0 0.421915 0.578399 0.448075 0.635014 0.462229 0.623387 0.462402 0.622821 0.436361 0.566466 0.422273 0.578040
0 0.585001 0.425032 0.585141 0.425790 0.585495 0.426071 0.586810 0.426191 0.594509 0.426376 0.595286 0.426283 0.595583 0.404244 0.589020 0.403505 0.585792 0.404038 0.585429 0.404422 0.585268 0.405222
0 0.549031 0.482058 0.563376 0.521707 0.563667 0.521806 0.571136 0.517003 0.556724 0.477172 0.556465 0.477276
0 0.387483 0.399783 0.387577 0.401936 0.388282 0.403877 0.389491 0.405311 0.389681 0.405474 0.391206 0.406181 0.392818 0.406055 0.394272 0.405117 0.395345 0.403508 0.395875 0.401474 0.395781 0.399325 0.395078 0.397387 0.393871 0.395956 0.393688 0.395777 0.392160 0.395068 0.390545 0.395194 0.389089 0.396134 0.388014 0.397745
0 0.516552 0.605486 0.516743 0.606706 0.517905 0.608305 0.529898 0.592811 0.529556 0.591750 0.522664 0.582266 0.520374 0.582590 0.520212 0.582657 0.519802 0.583064 0.519209 0.583750 0.518522 0.584609 0.517844 0.585513 0.517279 0.586324 0.516911 0.586921 0.516797 0.587211 0.516736 0.589924
0 0.429601 0.540087 0.429637 0.540629 0.430027 0.541962 0.430362 0.542287 0.435558 0.543835 0.435993 0.543739 0.436261 0.543289 0.437292 0.538478 0.438730 0.531167 0.438716 0.530577 0.438499 0.529750 0.438221 0.529286 0.436078 0.527382 0.433381 0.527859 0.432937 0.528109 0.432665 0.528616 0.430814 0.535322
0 0.594551 0.533594 0.610102 0.540983 0.611374 0.541457 0.612495 0.537262 0.617964 0.516270 0.617957 0.516249 0.616425 0.513169 0.616046 0.512942 0.615370 0.512589 0.614499 0.512164 0.606652 0.508436 0.605724 0.508006 0.604881 0.507637 0.604255 0.507387 0.603939 0.507292 0.601201 0.508714
