0 0.721120 0.871668 0.726363 0.881820 0.726870 0.882679 0.732550 0.884737 0.743306 0.884368 0.744530 0.882744 0.746360 0.879043 0.748514 0.873828 0.750663 0.867899 0.752475 0.862170 0.753671 0.857524 0.754070 0.854668 0.753615 0.854031 0.745457 0.846824 0.739791 0.844771 0.729180 0.849429 0.728284 0.850684 0.726936 0.853472 0.725343 0.857366 0.723744 0.861777 0.722381 0.866042 0.721459 0.869515
0 0.383973 0.587223 0.385383 0.594931 0.389635 0.601513 0.396082 0.605968 0.403743 0.607615 0.411452 0.606206 0.418033 0.601953 0.418174 0.601778 0.422621 0.595342 0.424265 0.587694 0.422859 0.579999 0.418613 0.573428 0.412178 0.568982 0.404530 0.567337 0.396834 0.568744 0.390264 0.572989 0.390075 0.573115 0.385621 0.579562
0 0.929520 0.790555 0.930073 0.795921 0.931390 0.799376 0.936079 0.807394 0.939439 0.809613 0.944597 0.810935 0.950764 0.811152 0.956992 0.810230 0.962321 0.808310 0.965934 0.805689 0.967283 0.802772 0.970444 0.793592 0.969916 0.788213 0.968518 0.784780 0.960238 0.779001 0.957693 0.777372 0.953823 0.776413 0.949215 0.776267 0.944567 0.776955 0.940578 0.778374 0.937854 0.780310 0.931273 0.786946
0 0.090275 0.445211 0.092834 0.452621 0.098035 0.458487 0.105084 0.461917 0.105763 0.461983 0.113575 0.462453 0.120973 0.459898 0.126829 0.454706 0.130253 0.447669 0.130722 0.439857 0.128168 0.432459 0.122976 0.426604 0.115939 0.423179 0.115277 0.423047 0.107452 0.422577 0.100041 0.425136 0.094176 0.430337 0.090746 0.437386
0 0.248042 0.467916 0.266780 0.503463 0.267846 0.503448 0.303231 0.484795 0.284579 0.449410 0.283590 0.449178
0 0.362302 0.739120 0.375534 0.777167 0.413581 0.763935 0.413977 0.762725 0.400805 0.724853 0.362933 0.738025
0 0.048707 0.221426 0.068546 0.256484 0.070523 0.257600 0.105421 0.237852 0.085673 0.202955 0.083766 0.201587
0 0.870956 0.688665 0.871180 0.689793 0.874884 0.698824 0.879218 0.701123 0.894713 0.705800 0.906407 0.667065 0.901762 0.665155 0.886445 0.660531 0.878156 0.666686 0.877393 0.667344 0.876217 0.669656 0.874809 0.673266 0.873381 0.677627 0.872148 0.682081 0.871297 0.685956
0 0.852787 0.143940 0.876756 0.176085 0.908901 0.152116 0.910783 0.150514 0.886704 0.118221 0.854411 0.142301
0 0.642603 0.521406 0.642834 0.521819 0.643955 0.523753 0.645796 0.526918 0.648077 0.530831 0.650447 0.534891 0.652543 0.538474 0.654042 0.541031 0.654719 0.542175 0.677095 0.564313 0.678173 0.565036 0.680291 0.565467 0.683124 0.565538 0.686242 0.565239 0.689166 0.564615 0.691449 0.563763 0.692742 0.562811 0.735889 0.504248 0.735639 0.503576 0.733713 0.499926 0.730643 0.494427 0.725294 0.485119 0.720466 0.476958 0.717704 0.472580 0.715489 0.469391 0.686141 0.485202 0.683106 0.486968 0.646210 0.510482
0 0.311672 0.518037 0.311997 0.518737 0.314050 0.522415 0.317229 0.527921 0.322689 0.537208 0.327545 0.545319 0.330237 0.549632 0.332301 0.552730 0.361464 0.536673 0.364484 0.534884 0.401187 0.511090 0.404757 0.500159 0.404586 0.499775 0.403509 0.497874 0.401686 0.494740 0.399397 0.490853 0.396991 0.486809 0.394841 0.483229 0.393274 0.480662 0.392528 0.479497 0.369811 0.457448 0.368767 0.456750 0.366679 0.456349 0.363865 0.456307 0.360754 0.456631 0.357824 0.457272 0.355523 0.458131 0.354201 0.459076
0 0.795033 0.945091 0.795895 0.946317 0.797713 0.948477 0.802189 0.953679 0.807378 0.959636 0.814766 0.968027 0.820028 0.973906 0.821345 0.975231 0.846434 0.953590 0.849063 0.951269 0.881977 0.921995 0.883011 0.910194 0.882179 0.908993 0.880237 0.906589 0.877481 0.903349 0.874333 0.899769 0.871277 0.896399 0.868782 0.893758 0.867228 0.892245 0.839106 0.873224 0.838347 0.873052 0.836545 0.873304 0.833972 0.873941 0.831023 0.874867 0.828148 0.875938 0.825788 0.876992 0.824303 0.877868 0.823917 0.878431
0 0.348686 0.435414 0.349355 0.436008 0.355909 0.438767 0.365997 0.442729 0.373495 0.445552 0.380387 0.448029 0.383502 0.449067 0.386312 0.449692 0.437659 0.398662 0.438269 0.397019 0.438655 0.394478 0.438758 0.391426 0.438561 0.388331 0.438094 0.385667 0.437430 0.383840 0.436670 0.383129 0.410596 0.363609 0.409157 0.362767 0.406230 0.361416 0.402258 0.359761 0.397850 0.358056 0.393684 0.356564 0.390398 0.355512 0.388495 0.355062 0.378068 0.360172 0.372124 0.374288 0.360972 0.401006 0.359719 0.404279
0 0.193702 0.104231 0.194160 0.105538 0.195642 0.107198 0.197920 0.108958 0.211285 0.117327 0.283014 0.153589 0.296785 0.158937 0.299217 0.159558 0.300928 0.159513 0.301656 0.158805 0.337806 0.091531 0.337473 0.090218 0.336098 0.088551 0.333891 0.086786 0.331188 0.085191 0.237962 0.038062 0.235193 0.036890 0.232797 0.036330 0.231141 0.036464 0.230476 0.037272
0 0.435135 0.543758 0.435367 0.546375 0.437931 0.561287 0.457022 0.639357 0.461681 0.653981 0.462703 0.656489 0.463719 0.658146 0.464576 0.658695 0.540240 0.639342 0.540868 0.638686 0.541110 0.636942 0.540930 0.634373 0.540353 0.631373 0.515538 0.529894 0.514657 0.526938 0.513613 0.524496 0.512564 0.522942 0.511670 0.522510 0.435843 0.541197 0.435302 0.541939
0 0.334171 0.290320 0.334805 0.290869 0.336318 0.292062 0.338479 0.293719 0.340960 0.295586 0.424290 0.357813 0.426730 0.359620 0.428774 0.361104 0.430113 0.362040 0.430541 0.362285 0.478517 0.298038 0.478009 0.297495 0.476598 0.296303 0.474497 0.294642 0.472029 0.292765 0.388316 0.230253 0.385872 0.228460 0.383841 0.227037 0.382533 0.226199 0.382147 0.226074
0 0.828838 0.190162 0.845558 0.213071 0.884510 0.254087 0.889054 0.257818 0.918087 0.230209 0.885519 0.184226 0.858064 0.162370 0.842014 0.177049
0 0.640792 0.694604 0.642420 0.696853 0.715367 0.731889 0.718871 0.724595 0.699915 0.670603 0.695214 0.658433 0.694130 0.657827 0.691561 0.656521 0.687900 0.654714 0.683702 0.652681 0.679600 0.650728 0.676213 0.649149 0.674054 0.648185 0.673456 0.647982 0.661573 0.651335
0 0.611613 0.896876 0.645353 0.912651 0.695955 0.925207 0.709653 0.887557 0.703973 0.884990 0.650827 0.865680 0.625402 0.858976 0.617719 0.876518
0 0.475808 0.341284 0.476084 0.343098 0.477610 0.350951 0.556141 0.335690 0.556790 0.333791 0.547528 0.286127 0.537726 0.280500 0.536873 0.280385 0.534339 0.280639 0.530510 0.281224 0.525968 0.282050 0.521413 0.282992 0.517544 0.283903 0.514952 0.284645 0.514031 0.285104 0.507809 0.293846
