0 0.538475 0.570636 0.543853 0.581367 0.543944 0.581450 0.545955 0.582708 0.546377 0.582312 0.547086 0.581519 0.547974 0.580449 0.548909 0.579262 0.549749 0.578139 0.550367 0.577247 0.550670 0.576723 0.549834 0.573975 0.549756 0.573875 0.542007 0.566153 0.541685 0.566430 0.541147 0.567012 0.540474 0.567812 0.539770 0.568706 0.539142 0.569557 0.538687 0.570235
0 0.441332 0.557809 0.445368 0.565127 0.459782 0.580268 0.462647 0.577503 0.463322 0.576627 0.463895 0.575577 0.464279 0.574515 0.465236 0.571854 0.463013 0.568128 0.447922 0.550738 0.446734 0.549475
0 0.449797 0.545469 0.463651 0.564445 0.463955 0.564858 0.464263 0.565267 0.464574 0.565671 0.464883 0.566062 0.465182 0.566434 0.465362 0.566463 0.465769 0.566528 0.465946 0.566556 0.468267 0.563419 0.475229 0.554008 0.477549 0.550871 0.477299 0.550516 0.477028 0.550138 0.476740 0.549744 0.476440 0.549342 0.476131 0.548932 0.461645 0.529881 0.461416 0.529762
0 0.461494 0.389851 0.462022 0.391361 0.470265 0.391934 0.471124 0.369953 0.470722 0.368145 0.462365 0.367564
0 0.544509 0.621706 0.544783 0.625984 0.544963 0.626490 0.546451 0.630318 0.548084 0.632153 0.548840 0.632867 0.549970 0.633539 0.552006 0.634400 0.555227 0.634032 0.558098 0.632049 0.559474 0.629871 0.560078 0.628530 0.560514 0.627356 0.561159 0.624642 0.560884 0.620346 0.559396 0.616518 0.559159 0.616052 0.557532 0.614225 0.556695 0.613286 0.553626 0.611987 0.550417 0.612353 0.547557 0.614329 0.546187 0.616498 0.545483 0.617613 0.545152 0.619003
0 0.544270 0.567891 0.544473 0.568203 0.550924 0.575148 0.556133 0.566547 0.555877 0.566242 0.549455 0.559329
0 0.468424 0.454379 0.471147 0.476190 0.471279 0.476299 0.487563 0.472686 0.484852 0.450974 0.484783 0.450749
0 0.582139 0.490907 0.582216 0.491778 0.582386 0.492325 0.584047 0.494930 0.586741 0.495440 0.587221 0.495359 0.587588 0.494968 0.590789 0.489169 0.592956 0.485013 0.593035 0.484477 0.592869 0.483060 0.592615 0.482626 0.587944 0.479266 0.587506 0.479202 0.587153 0.479539 0.585152 0.483806 0.582249 0.490333
0 0.498894 0.441614 0.498920 0.442949 0.501794 0.443334 0.502247 0.442809 0.503817 0.421992 0.503902 0.420260 0.503526 0.419596 0.500585 0.419202
0 0.538729 0.611405 0.539635 0.614010 0.559900 0.614768 0.561470 0.611823 0.561556 0.611220 0.561625 0.610211 0.561669 0.608951 0.561679 0.607633 0.561656 0.606459 0.561601 0.605610 0.561524 0.605213 0.560817 0.604004 0.558830 0.601260 0.542261 0.600527 0.538961 0.600404
0 0.479649 0.701428 0.479714 0.701916 0.479951 0.702775 0.480327 0.703874 0.480782 0.705045 0.484794 0.714779 0.485258 0.715840 0.485659 0.716624 0.485936 0.717013 0.488324 0.719015 0.497105 0.712581 0.497138 0.710152 0.489188 0.690862 0.480508 0.697222
0 0.610732 0.695217 0.610889 0.718035 0.611399 0.719038 0.626336 0.728769 0.632079 0.722916 0.639995 0.714847 0.640542 0.713353 0.639898 0.712376 0.611277 0.693730
0 0.400481 0.529997 0.403557 0.536211 0.411344 0.548147 0.415927 0.553674 0.423462 0.544937 0.422550 0.539738 0.422283 0.539150 0.421811 0.538309 0.421206 0.537341 0.413510 0.525543 0.412862 0.524591 0.412267 0.523797 0.411814 0.523280 0.411573 0.523120 0.408015 0.521259
