0 0.540082 0.353605 0.540889 0.355400 0.552106 0.377392 0.554595 0.379908 0.556700 0.379279 0.557534 0.378837 0.558381 0.378179 0.559112 0.377406 0.559614 0.376636 0.561492 0.373654 0.551838 0.351864 0.546913 0.347410
0 0.450780 0.414356 0.454178 0.547637 0.454610 0.548111 0.471101 0.546982 0.467856 0.413675 0.451201 0.414225
0 0.532960 0.467978 0.544386 0.483951 0.553696 0.472779 0.555050 0.470939 0.543469 0.454749 0.534351 0.466181
0 0.592337 0.509399 0.594708 0.531235 0.595144 0.531379 0.611597 0.528204 0.609215 0.506267 0.608715 0.506238
0 0.490899 0.411459 0.492462 0.424609 0.498287 0.424001 0.509816 0.421565 0.515708 0.419699 0.514145 0.406549 0.510349 0.404841 0.509824 0.404847 0.509029 0.404945 0.508085 0.405120 0.496422 0.407583 0.495476 0.407808 0.494678 0.408046 0.494148 0.408263 0.493968 0.408424
0 0.438117 0.419333 0.438161 0.419780 0.439349 0.421036 0.445418 0.427356 0.445840 0.427773 0.456016 0.410400 0.450137 0.404018 0.448334 0.402413 0.447984 0.402490 0.447542 0.403027 0.438395 0.418642
0 0.478036 0.602178 0.478130 0.602719 0.478457 0.603759 0.478965 0.605140 0.479579 0.606653 0.480206 0.608072 0.480751 0.609181 0.481132 0.609812 0.481291 0.609868 0.483508 0.609479 0.490994 0.601358 0.490939 0.600950 0.490705 0.600165 0.490328 0.599122 0.489866 0.597982 0.489389 0.596918 0.488970 0.596096 0.488675 0.595638 0.488546 0.595615 0.479438 0.599873
0 0.500970 0.444559 0.509143 0.473798 0.516668 0.478383 0.516745 0.478284 0.537474 0.417803 0.529914 0.413196 0.507884 0.424143 0.500974 0.444304
0 0.555101 0.604927 0.556127 0.606882 0.556390 0.607382 0.570767 0.626439 0.572985 0.626135 0.575362 0.622948 0.582492 0.613385 0.582678 0.610465 0.580788 0.607940 0.566740 0.589318 0.564412 0.592440
0 0.463986 0.473554 0.464130 0.473660 0.469021 0.474699 0.470651 0.475045 0.472282 0.475391 0.474878 0.453655 0.474821 0.453548 0.474778 0.453468 0.466594 0.451730
0 0.531195 0.493333 0.531342 0.496164 0.531472 0.497615 0.531906 0.498925 0.532854 0.501465 0.535285 0.504286 0.538340 0.505651 0.538494 0.505674 0.540626 0.505477 0.541722 0.505375 0.542705 0.504723 0.544618 0.503453 0.546742 0.500199 0.547770 0.496109 0.547546 0.491805 0.547057 0.490494 0.546104 0.487944 0.543664 0.485112 0.540596 0.483741 0.537369 0.484039 0.537283 0.484076 0.536239 0.484754 0.534334 0.486018 0.532219 0.489259
0 0.439774 0.468162 0.441516 0.479007 0.442450 0.484426 0.442593 0.485254 0.442733 0.485955 0.442849 0.486422 0.442923 0.486583 0.446337 0.486744 0.453627 0.484675 0.456058 0.483985 0.459124 0.481985 0.459132 0.481822 0.459085 0.481355 0.458992 0.480657 0.458866 0.479832 0.456226 0.463637 0.456036 0.463547
0 0.439456 0.561134 0.439457 0.561444 0.439621 0.562164 0.439924 0.563187 0.440319 0.564355 0.443894 0.574387 0.444319 0.575519 0.444708 0.576438 0.445002 0.577003 0.445156 0.577130 0.447219 0.578481 0.447912 0.578094 0.450929 0.576183 0.455454 0.573316 0.456258 0.572754 0.456659 0.572088 0.456354 0.571012 0.455646 0.569024 0.452812 0.561071 0.449978 0.553119 0.449566 0.552185 0.440609 0.557859 0.440061 0.558394
0 0.469828 0.579318 0.469917 0.583640 0.469922 0.583659 0.471243 0.587605 0.472831 0.589664 0.473632 0.590673 0.474662 0.591194 0.476619 0.592098 0.479854 0.591960 0.482806 0.590177 0.484340 0.588191 0.485095 0.587117 0.485487 0.585739 0.486176 0.582978 0.486083 0.578658 0.484763 0.574719 0.483277 0.572819 0.482477 0.571811 0.482415 0.571761 0.482401 0.571750 0.479385 0.570221 0.476156 0.570354 0.473206 0.572128 0.470984 0.575275
0 0.508397 0.492811 0.508412 0.494099 0.508796 0.495281 0.510660 0.500277 0.513490 0.504334 0.514184 0.505230 0.515082 0.505704 0.515119 0.505718 0.516087 0.505698 0.516976 0.505185 0.520780 0.502735 0.523782 0.498911 0.524456 0.497984 0.524813 0.496783 0.524797 0.495492 0.524412 0.494307 0.522622 0.489274 0.519707 0.485232 0.519012 0.484333 0.518111 0.483858 0.517143 0.483879 0.516254 0.484392 0.512527 0.486818 0.512498 0.486848 0.509425 0.490688 0.508753 0.491613
0 0.569108 0.521662 0.570843 0.526463 0.575027 0.536013 0.583396 0.555113 0.585902 0.559990 0.588274 0.558545 0.592438 0.554239 0.575731 0.516110 0.573418 0.517676
0 0.551520 0.466257 0.551549 0.466937 0.551608 0.467146 0.552979 0.469652 0.554856 0.471803 0.554972 0.471853 0.555449 0.471922 0.556212 0.471999 0.557146 0.472071 0.558109 0.472130 0.558958 0.472164 0.559562 0.472170 0.559830 0.472147 0.561967 0.471152 0.565882 0.468914 0.566330 0.457397 0.555964 0.456682 0.553406 0.458662 0.551865 0.460513 0.551787 0.460817 0.551701 0.461578 0.551621 0.462679 0.551559 0.463954 0.551523 0.465209
0 0.518794 0.555528 0.525616 0.620931 0.525734 0.621486 0.542159 0.618440 0.535306 0.552737 0.535145 0.552496
