0 0.552745 0.093998 0.553005 0.095389 0.553885 0.098276 0.555249 0.102217 0.556890 0.106615 0.558562 0.110808 0.560010 0.114162 0.561018 0.116169 0.561428 0.116520 0.571886 0.123118 0.623599 0.146049 0.631063 0.143171 0.632578 0.139045 0.603464 0.063539 0.558161 0.081007
0 0.813503 0.882257 0.825871 0.920364 0.885759 0.909630 0.914726 0.895026 0.902276 0.856665 0.872243 0.862454 0.818407 0.879887
0 0.581447 0.362993 0.612192 0.387966 0.636127 0.371701 0.662419 0.342378 0.664353 0.327642 0.633545 0.302428 0.581941 0.360506
0 0.227573 0.164647 0.227741 0.165263 0.229069 0.166090 0.231355 0.167001 0.234250 0.167856 0.335449 0.193761 0.338494 0.194426 0.341204 0.194794 0.343167 0.194810 0.344083 0.194471 0.362529 0.117095 0.362245 0.116516 0.360817 0.115722 0.358464 0.114834 0.344275 0.110444 0.266412 0.090513 0.251144 0.087363 0.248385 0.086942 0.246347 0.086849 0.245343 0.087097
0 0.694370 0.236368 0.694379 0.238292 0.694511 0.241008 0.694746 0.244102 0.703900 0.347699 0.704205 0.350723 0.704535 0.353235 0.704840 0.354856 0.705073 0.355337 0.784945 0.348280 0.785142 0.347538 0.785201 0.345690 0.785113 0.343017 0.784892 0.339926 0.775697 0.235854 0.775378 0.232837 0.775011 0.230374 0.774654 0.228842 0.774359 0.228472 0.694487 0.235529
0 0.484141 0.322293 0.484805 0.323500 0.550712 0.358874 0.551924 0.358987 0.553549 0.358008 0.555338 0.356090 0.564090 0.343820 0.603324 0.273453 0.609412 0.259107 0.610198 0.256407 0.610318 0.254256 0.609753 0.252982 0.543368 0.218466 0.542158 0.218239 0.540534 0.219115 0.538746 0.220960 0.537066 0.223495 0.486203 0.314720 0.484897 0.317540 0.484173 0.320200
0 0.593302 0.314309 0.671309 0.332914 0.672099 0.332145 0.728168 0.097047 0.649802 0.078356 0.649115 0.080288
0 0.048855 0.097961 0.139708 0.321927 0.141360 0.322743 0.215672 0.292597 0.125236 0.069657 0.123510 0.067676
0 0.530305 0.508239 0.593028 0.558770 0.745488 0.370469 0.682466 0.319674 0.682310 0.319577 0.530846 0.507280
0 0.450810 0.819686 0.451233 0.829588 0.451846 0.830646 0.453723 0.832791 0.456581 0.835698 0.459982 0.838923 0.489707 0.866237 0.493122 0.869276 0.496017 0.871655 0.497951 0.873011 0.498630 0.873140 0.510398 0.874441 0.543251 0.838688 0.542757 0.834818 0.483850 0.780689 0.451372 0.816033
0 0.587652 0.718724 0.588873 0.721766 0.628093 0.732089 0.648739 0.653648 0.646698 0.651541 0.608016 0.641359
0 0.033848 0.452769 0.062148 0.492224 0.076185 0.494526 0.077489 0.493998 0.080081 0.492484 0.083565 0.490215 0.087415 0.487535 0.119993 0.464168 0.123634 0.461475 0.126527 0.459170 0.128234 0.457601 0.128489 0.457010 0.132159 0.445686 0.104183 0.406682 0.099607 0.405603
0 0.761824 0.191036 0.762419 0.204285 0.801047 0.232779 0.804527 0.229689 0.852565 0.164565 0.813491 0.135742 0.800034 0.139236 0.799094 0.140449 0.797210 0.142951 0.794672 0.146358 0.791863 0.150155 0.768064 0.182418 0.765401 0.186040 0.763280 0.188949 0.762023 0.190705
0 0.339511 0.347932 0.369186 0.387079 0.372176 0.389660 0.404053 0.365496 0.401808 0.362350 0.372133 0.323203 0.361166 0.322256 0.360239 0.322581 0.357966 0.323982 0.354692 0.326249 0.350916 0.329036 0.347220 0.331913 0.344172 0.334439 0.342236 0.336228 0.341706 0.337007
0 0.367366 0.216018 0.367438 0.220625 0.367631 0.224448 0.367916 0.226904 0.368248 0.227623 0.377039 0.235474 0.420646 0.237443 0.424149 0.237459 0.437703 0.237139 0.457540 0.236569 0.457903 0.230292 0.458120 0.219817 0.458136 0.211688 0.458010 0.203878 0.457855 0.200112 0.457341 0.195823 0.391723 0.167195 0.389944 0.166876 0.387410 0.167174 0.384507 0.168046 0.381679 0.169356 0.379361 0.170906 0.377905 0.172457 0.368221 0.203426 0.367891 0.204520 0.367612 0.207296 0.367427 0.211336
0 0.458817 0.947687 0.458966 0.949277 0.491757 0.953197 0.495242 0.953559 0.524062 0.956218 0.539309 0.957622 0.548621 0.950456 0.549048 0.948899 0.549578 0.945746 0.550130 0.941477 0.550617 0.936747 0.550967 0.932283 0.551124 0.928769 0.551066 0.926741 0.545641 0.893580 0.545327 0.892816 0.543982 0.891588 0.541808 0.890083 0.539137 0.888531 0.536379 0.887170 0.533957 0.886207 0.532238 0.885791 0.531485 0.885982 0.463332 0.909437 0.462710 0.911268 0.462253 0.914191 0.461361 0.921132 0.460477 0.929016 0.459395 0.940043
0 0.381219 0.024986 0.381402 0.026008 0.387006 0.036582 0.427186 0.053487 0.430463 0.054711 0.443363 0.059262 0.462190 0.065656 0.464881 0.060229 0.468794 0.050627 0.471606 0.042960 0.474094 0.035395 0.475154 0.031614 0.475859 0.026832 0.425069 0.000000 0.400175 0.000000 0.389696 0.003160 0.388891 0.003850 0.387575 0.006180 0.385946 0.009800 0.384256 0.014153 0.382763 0.018571 0.381696 0.022376
0 0.910020 0.255197 0.910058 0.262414 0.911281 0.273205 0.912684 0.281091 0.914456 0.288207 0.915594 0.291332 0.917897 0.293804 0.984887 0.312920 0.986053 0.313246 0.988105 0.312895 0.990729 0.311922 0.993526 0.310472 0.996066 0.308769 0.997961 0.307073 0.998923 0.305644 1.000000 0.272060 1.000000 0.248596 0.991665 0.242039 0.976034 0.243994 0.946631 0.247755 0.943184 0.248295 0.911296 0.254112
0 0.899404 0.948960 0.904021 0.954150 0.940435 0.986268 0.967201 0.955923 0.961861 0.950712 0.925863 0.918961 0.915421 0.921880 0.913231 0.923367 0.910341 0.925979 0.907189 0.929319 0.904250 0.932885 0.901968 0.936136 0.900689 0.938583
0 0.367425 0.533076 0.389484 0.576331 0.425530 0.557948 0.426381 0.557286 0.404574 0.514526 0.392974 0.510649 0.392014 0.511081 0.389556 0.512285 0.385974 0.514078 0.381815 0.516188 0.377718 0.518288 0.374314 0.520058 0.372120 0.521225 0.371471 0.521615
0 0.882723 0.130422 0.922676 0.132376 0.928553 0.127264 0.930534 0.086756 0.890026 0.084775 0.884677 0.090470
