0 0.575491 0.691000 0.576151 0.703383 0.576237 0.703869 0.576688 0.704363 0.577434 0.704788 0.578363 0.705080 0.579332 0.705193 0.580192 0.705110 0.580811 0.704845 0.581095 0.704437 0.583753 0.692734 0.583592 0.691947 0.583016 0.689308 0.582406 0.688675 0.581407 0.688129 0.580172 0.687753 0.578887 0.687603 0.577744 0.687701 0.576917 0.688033 0.576531 0.688550
0 0.586810 0.456142 0.594840 0.458804 0.595276 0.458615 0.599287 0.437104 0.591221 0.434430 0.590803 0.434730
0 0.601470 0.410999 0.607498 0.418525 0.607683 0.418385 0.607930 0.418198 0.619265 0.402058 0.616845 0.399035 0.613213 0.394501 0.612760 0.394924
0 0.526770 0.502385 0.554672 0.606243 0.554923 0.606733 0.570574 0.599258 0.542543 0.494921 0.542349 0.494944
0 0.543546 0.710316 0.543721 0.711161 0.552971 0.729498 0.566724 0.717164 0.566457 0.716295 0.557243 0.698032
0 0.411832 0.470602 0.412226 0.476241 0.412316 0.477527 0.412769 0.478669 0.413514 0.479493 0.414440 0.479874 0.418304 0.481221 0.418491 0.481264 0.422858 0.481054 0.423820 0.480934 0.424674 0.480332 0.425290 0.479341 0.425575 0.478110 0.426437 0.472655 0.426424 0.467163 0.426334 0.465880 0.425883 0.464741 0.425139 0.463919 0.424957 0.463831 0.424031 0.463450 0.419796 0.461973 0.415801 0.462316 0.414837 0.462436 0.413980 0.463040 0.413362 0.464034 0.412667 0.466995
0 0.503653 0.411357 0.503727 0.411937 0.504061 0.412286 0.507617 0.413548 0.513041 0.415328 0.513476 0.415294 0.514152 0.415086 0.514493 0.414702 0.515883 0.411782 0.515513 0.408176 0.515326 0.407587 0.514950 0.407235 0.510011 0.404954 0.506486 0.403445 0.506087 0.403507 0.504995 0.403893 0.504757 0.404350
0 0.499961 0.487852 0.500026 0.488105 0.500210 0.488793 0.500485 0.489811 0.500809 0.491004 0.501134 0.492192 0.501410 0.493196 0.501596 0.493864 0.501663 0.494093 0.514443 0.501981 0.514610 0.502004 0.516179 0.501243 0.510475 0.480317 0.501058 0.484881
0 0.524471 0.492571 0.530544 0.500025 0.530684 0.500025 0.541916 0.483758 0.535816 0.476269 0.535652 0.476378
0 0.571714 0.675763 0.572135 0.680023 0.572425 0.680746 0.574042 0.684482 0.575737 0.686216 0.576609 0.687108 0.579734 0.688225 0.582942 0.687661 0.585744 0.685504 0.587713 0.682082 0.587998 0.680667 0.588551 0.677915 0.588128 0.673638 0.586510 0.669902 0.586164 0.669222 0.584476 0.667495 0.583751 0.666893 0.582551 0.666229 0.580495 0.665495 0.577300 0.666056 0.574510 0.668204 0.573214 0.670455 0.572673 0.671908 0.572265 0.673022
