0 0.435199 0.550895 0.438086 0.561216 0.443312 0.559265 0.461037 0.550095 0.460937 0.546619 0.460837 0.545535 0.460568 0.544317 0.460170 0.543151 0.459706 0.542215 0.458123 0.539675 0.455358 0.540854 0.436669 0.550146
0 0.533895 0.496380 0.536133 0.507001 0.536300 0.507033 0.544302 0.504035 0.542053 0.493366 0.541861 0.493396
0 0.451485 0.448876 0.452151 0.449577 0.460398 0.450014 0.466565 0.442419 0.468973 0.439453 0.469300 0.428457 0.468873 0.427462 0.460511 0.427020 0.451817 0.437727
0 0.423169 0.489655 0.425460 0.492085 0.425796 0.492121 0.426368 0.492039 0.427391 0.490842 0.428007 0.489963 0.430099 0.486823 0.430835 0.485674 0.432740 0.482480 0.434395 0.479496 0.434847 0.478583 0.435842 0.476363 0.436031 0.475843 0.435967 0.475074 0.433686 0.472654 0.433386 0.472531 0.432325 0.473725 0.430659 0.476067 0.429975 0.477130 0.428643 0.479201 0.426592 0.482639 0.424829 0.485839 0.424034 0.487468 0.423627 0.488303 0.423471 0.488763
0 0.576993 0.601869 0.577290 0.602611 0.577467 0.602846 0.581292 0.607171 0.582263 0.608226 0.582802 0.608083 0.592813 0.591690 0.592807 0.590960 0.591835 0.589906 0.587915 0.585739 0.587714 0.585543 0.587109 0.585305 0.586552 0.585701 0.577171 0.601063
0 0.417445 0.566415 0.429637 0.581403 0.429919 0.581078 0.441115 0.564886 0.428972 0.549958 0.428686 0.550159
0 0.483366 0.504060 0.483823 0.505397 0.484012 0.505873 0.486935 0.508880 0.491117 0.513014 0.491545 0.513224 0.492012 0.513091 0.494427 0.511419 0.495425 0.508205 0.495466 0.507610 0.495166 0.506797 0.494939 0.506299 0.490757 0.501374 0.487966 0.498189 0.487563 0.498022 0.487166 0.498276 0.483511 0.503535
0 0.420801 0.457350 0.420974 0.459565 0.423262 0.461908 0.423552 0.461932 0.424173 0.461900 0.425030 0.461817 0.425995 0.461696 0.434223 0.460555 0.435151 0.460413 0.435904 0.460272 0.436369 0.460154 0.436473 0.460075 0.438297 0.457749 0.435222 0.418343 0.434473 0.417399 0.426168 0.418551
0 0.580211 0.497964 0.580993 0.500329 0.581261 0.500426 0.581867 0.500520 0.582717 0.500595 0.583684 0.500640 0.584622 0.500649 0.585388 0.500621 0.585867 0.500558 0.585984 0.500472 0.586865 0.498151 0.586888 0.497048 0.585877 0.465100 0.585702 0.465006 0.585300 0.464921 0.584732 0.464859 0.584085 0.464828 0.583459 0.464834 0.582948 0.464876 0.582632 0.464947 0.582557 0.465036 0.580234 0.496863
0 0.465391 0.518883 0.465449 0.519120 0.465709 0.519745 0.466130 0.520664 0.466649 0.521737 0.480440 0.549616 0.480973 0.550669 0.481435 0.551535 0.481754 0.552080 0.481883 0.552222 0.484183 0.553083 0.492566 0.545711 0.492653 0.545186 0.474433 0.508354 0.474135 0.508452 0.465752 0.515824
0 0.426706 0.608778 0.426765 0.611517 0.426791 0.611862 0.427061 0.612547 0.427534 0.613469 0.428138 0.614485 0.428781 0.615441 0.429363 0.616189 0.429796 0.616615 0.432065 0.617516 0.447566 0.600095 0.448764 0.597807 0.443444 0.589393 0.440920 0.592230 0.428216 0.606537
0 0.442762 0.377369 0.442820 0.379524 0.443493 0.381485 0.443590 0.381688 0.444772 0.383154 0.446284 0.383905 0.447898 0.383827 0.449366 0.382932 0.450465 0.381356 0.451028 0.379339 0.450970 0.377188 0.450298 0.375231 0.450213 0.375016 0.449029 0.373548 0.447514 0.372796 0.445898 0.372874 0.444427 0.373770 0.443326 0.375349
0 0.526746 0.436101 0.531193 0.445406 0.559108 0.421687 0.559932 0.420595 0.555422 0.411161 0.527119 0.435210 0.526993 0.435510
0 0.420921 0.390100 0.420987 0.390561 0.421209 0.391193 0.421552 0.391898 0.421965 0.392569 0.422383 0.393104 0.422744 0.393420 0.422992 0.393469 0.437250 0.395866 0.437889 0.395513 0.438359 0.394853 0.439274 0.393253 0.440181 0.391413 0.441290 0.388811 0.441884 0.386978 0.441729 0.386548 0.436155 0.381630 0.435545 0.381119 0.430274 0.376971 0.427468 0.374775 0.425167 0.375428 0.424819 0.375752 0.424341 0.376461 0.423807 0.377447 0.423299 0.378558 0.422895 0.379624 0.422657 0.380481
0 0.401425 0.426395 0.401876 0.426732 0.409695 0.430255 0.414980 0.409403 0.414590 0.408987 0.406734 0.405447
0 0.414063 0.421334 0.420404 0.428500 0.420769 0.428827 0.431468 0.411996 0.431153 0.411591 0.424812 0.404425
0 0.450494 0.581134 0.461611 0.597615 0.486331 0.567968 0.486394 0.567656 0.475327 0.551252 0.450721 0.580763
0 0.407602 0.539417 0.415803 0.558698 0.416188 0.558428 0.459372 0.525775 0.451208 0.506583 0.450984 0.506613
