0 0.728323 0.596011 0.729372 0.596452 0.769494 0.598673 0.771714 0.558550 0.770472 0.558283 0.730533 0.556072
0 0.322825 0.561433 0.362826 0.565261 0.363453 0.564963 0.367263 0.525144 0.327445 0.521334 0.326652 0.521432
0 0.482954 0.068597 0.483033 0.070574 0.490152 0.110034 0.529612 0.102915 0.529749 0.101087 0.522596 0.061445
0 0.824248 0.918984 0.826867 0.958996 0.828372 0.961109 0.868568 0.958478 0.865937 0.918282 0.864260 0.916365
0 0.461772 0.710811 0.482321 0.745343 0.516853 0.724793 0.516776 0.723765 0.496320 0.689391 0.461946 0.709847
0 0.824515 0.169938 0.836122 0.186630 0.850625 0.200676 0.869223 0.184891 0.912306 0.148296 0.917310 0.144042 0.891373 0.113507 0.854178 0.144207
0 0.790128 0.624772 0.799872 0.663567 0.804042 0.665842 0.843376 0.655962 0.878327 0.644409 0.868560 0.605525 0.867718 0.605284
0 0.741716 0.081284 0.749620 0.111037 0.769436 0.164046 0.771867 0.168838 0.809387 0.154788 0.794412 0.095420 0.779485 0.067140
0 0.024171 0.287459 0.029609 0.289888 0.077176 0.296319 0.084967 0.287691 0.085780 0.285341 0.086611 0.281634 0.087336 0.277129 0.092708 0.237399 0.093218 0.232768 0.093438 0.228698 0.093334 0.225805 0.092921 0.224533 0.087895 0.217041 0.083131 0.213770 0.035014 0.207264
0 0.611516 0.269290 0.652129 0.294874 0.664525 0.291444 0.665233 0.290390 0.666816 0.287936 0.669035 0.284454 0.671550 0.280475 0.693067 0.246319 0.695486 0.242465 0.697431 0.239337 0.698606 0.237412 0.698834 0.236982 0.697022 0.224031 0.655939 0.198151 0.612805 0.266622
0 0.771640 0.261668 0.839643 0.304175 0.844378 0.301445 0.865927 0.266970 0.796977 0.223871 0.792894 0.227667
0 0.829307 0.752301 0.867157 0.781820 0.871402 0.785078 0.880956 0.782352 0.882025 0.782000 0.884067 0.780248 0.886770 0.777361 0.889722 0.773779 0.914548 0.741946 0.917289 0.738228 0.919389 0.734955 0.920531 0.732626 0.921168 0.721264 0.882880 0.691405 0.878504 0.689217
0 0.889486 0.871908 0.890707 0.873236 0.894608 0.874629 0.901122 0.876301 0.906104 0.877329 0.918236 0.879270 0.922696 0.879753 0.927781 0.879936 0.929942 0.879514 0.933632 0.865100 0.942648 0.799829 0.936084 0.790057 0.934613 0.789471 0.931558 0.788687 0.927388 0.787822 0.922732 0.787008 0.918294 0.786367 0.914744 0.785996 0.912619 0.785952 0.902921 0.793472 0.896825 0.826387 0.892930 0.850515
0 0.363605 0.486379 0.385544 0.511283 0.387933 0.513851 0.408264 0.534226 0.419051 0.544950 0.430376 0.545929 0.430648 0.545866 0.432218 0.544577 0.434851 0.542254 0.438144 0.539252 0.441592 0.536031 0.444666 0.533086 0.446893 0.530869 0.447937 0.529716 0.464857 0.502326 0.465278 0.501273 0.465194 0.499242 0.464618 0.496542 0.463637 0.493585 0.462401 0.490825 0.461101 0.488684 0.459934 0.487488 0.393112 0.458950 0.390810 0.461022 0.388335 0.463301 0.382899 0.468331 0.377015 0.473798 0.369133 0.481145 0.364054 0.485909
0 0.054516 0.795141 0.060531 0.805011 0.062044 0.805991 0.065125 0.807159 0.069306 0.808338 0.073945 0.809346 0.078329 0.810028 0.081785 0.810279 0.118113 0.807445 0.119500 0.806462 0.121255 0.804611 0.123111 0.802174 0.124783 0.799523 0.126015 0.797066 0.126620 0.795176 0.126507 0.794142 0.111269 0.725167 0.109478 0.723298 0.106613 0.722151 0.099809 0.720100 0.092079 0.718213 0.081266 0.716107 0.073770 0.715234 0.072209 0.715981 0.064451 0.747650 0.063682 0.751059 0.057684 0.779857
0 0.280017 0.346500 0.281072 0.347989 0.283202 0.350581 0.286081 0.353883 0.289269 0.357386 0.292275 0.360554 0.294639 0.362898 0.296000 0.364066 0.323793 0.381697 0.324694 0.382064 0.326608 0.381953 0.329241 0.381381 0.332193 0.380435 0.335012 0.379259 0.337264 0.378035 0.338608 0.376948 0.367447 0.310229 0.365997 0.308177 0.363952 0.305764 0.359201 0.300349 0.353869 0.294408 0.346491 0.286349 0.341463 0.281039 0.340555 0.280371 0.315578 0.302061 0.312981 0.304415 0.292035 0.324313 0.280979 0.334859
0 0.429276 0.617269 0.448599 0.661813 0.485719 0.645711 0.485883 0.644045 0.466780 0.600010 0.455806 0.595944 0.455023 0.596183 0.452678 0.597114 0.449133 0.598595 0.444924 0.600401 0.440685 0.602260 0.437058 0.603890 0.434591 0.605046 0.433662 0.605550
0 0.493849 0.558767 0.524374 0.596526 0.555841 0.571088 0.555202 0.570276 0.525026 0.532948 0.513538 0.531548 0.512807 0.532083 0.510763 0.533688 0.507720 0.536116 0.504138 0.539001 0.500559 0.541905 0.497522 0.544392 0.495487 0.546084 0.494767 0.546723
0 0.579381 0.772645 0.579773 0.773879 0.580683 0.776678 0.581971 0.780616 0.583442 0.785093 0.584868 0.789419 0.586032 0.792930 0.586754 0.795090 0.586927 0.795574 0.598127 0.802281 0.644248 0.787101 0.631598 0.748667 0.630094 0.745825 0.584500 0.760831
0 0.473928 0.895137 0.511292 0.910665 0.529926 0.865827 0.529584 0.861647 0.525605 0.852743 0.524724 0.851926 0.522286 0.850532 0.518666 0.848773 0.514410 0.846915 0.510162 0.845239 0.506563 0.843998 0.504158 0.843379 0.503315 0.843480 0.492647 0.846296 0.474226 0.890621
