0 0.792694 0.321412 0.830114 0.335545 0.871783 0.347940 0.876132 0.346162 0.893489 0.300208 0.886288 0.289794 0.884244 0.288618 0.880818 0.287054 0.876534 0.285340 0.872048 0.283741 0.868052 0.282502 0.826083 0.270759 0.823267 0.270090 0.821981 0.270069 0.813234 0.273924 0.809653 0.276508
0 0.830362 0.206325 0.831670 0.225948 0.832666 0.228486 0.834461 0.232025 0.836782 0.236029 0.866465 0.284495 0.868971 0.288374 0.871292 0.291555 0.873075 0.293555 0.889931 0.303592 0.931198 0.278319 0.919725 0.251981 0.889696 0.202948 0.871629 0.181052
0 0.640092 0.066081 0.648439 0.122461 0.676940 0.148275 0.701441 0.140626 0.721598 0.109944 0.713211 0.053296 0.684604 0.026901 0.660308 0.035939
0 0.795218 0.933732 0.798631 0.938747 0.835668 0.955041 0.855221 0.910597 0.849258 0.897173 0.847958 0.896280 0.845180 0.894786 0.841351 0.892921 0.837048 0.890964 0.832922 0.889212 0.829596 0.887930 0.827572 0.887311 0.814548 0.889797
0 0.504447 0.333876 0.507844 0.373731 0.555670 0.369656 0.563825 0.360164 0.563832 0.359063 0.563680 0.356291 0.563395 0.352270 0.563018 0.347613 0.562608 0.343036 0.562228 0.339243 0.561935 0.336813 0.561776 0.336113 0.552878 0.327832 0.504499 0.331955
0 0.855088 0.935844 0.860038 0.941920 0.887521 0.971880 0.917481 0.944397 0.889998 0.914437 0.884636 0.908739
0 0.379563 0.380240 0.398116 0.425110 0.399280 0.425966 0.409403 0.430366 0.410370 0.430108 0.412883 0.429188 0.416554 0.427750 0.420830 0.426010 0.425064 0.424231 0.428617 0.422683 0.430952 0.421598 0.431710 0.421143 0.436245 0.410682 0.417904 0.366324 0.416955 0.364779
0 0.559833 0.657900 0.644104 0.885057 0.644772 0.886842 0.720842 0.858622 0.636180 0.630412 0.635552 0.629810
0 0.768062 0.400572 0.966317 0.535831 0.968458 0.535996 0.997002 0.481631 0.998848 0.477292 1.000000 0.471846 1.000000 0.469607 0.993830 0.464837 0.814586 0.333727 0.813148 0.334487
0 0.468844 0.327726 0.469252 0.331645 0.545933 0.357300 0.624515 0.135647 0.624813 0.130883 0.548581 0.105836
0 0.433565 0.650232 0.612576 0.812620 0.666706 0.752950 0.665942 0.751790 0.487751 0.590146 0.433869 0.649543
0 0.159748 0.931883 0.160198 0.933784 0.161864 0.936665 0.164491 0.940089 0.167682 0.943539 0.170955 0.946493 0.173816 0.948506 0.175831 0.949269 0.187024 0.949458 0.188478 0.948449 0.192800 0.944350 0.197166 0.934737 0.196623 0.932203 0.194437 0.928346 0.190937 0.923754 0.186662 0.919132 0.182270 0.915194 0.178436 0.912543 0.175746 0.911583 0.165991 0.915370 0.164585 0.916447 0.160254 0.920520
0 0.746869 0.693332 0.747176 0.701148 0.750453 0.708252 0.756198 0.713562 0.756639 0.713929 0.763991 0.716640 0.771821 0.716331 0.778937 0.713049 0.784256 0.707294 0.786966 0.699942 0.786658 0.692112 0.783376 0.684996 0.777621 0.679677 0.777144 0.679369 0.769804 0.676663 0.761988 0.676971 0.754884 0.680247 0.749574 0.685992
0 0.766242 0.907195 0.768528 0.914677 0.768990 0.915391 0.773975 0.921437 0.780893 0.925117 0.788693 0.925868 0.796187 0.923578 0.802234 0.918593 0.805913 0.911675 0.806665 0.903875 0.804374 0.896381 0.803851 0.895700 0.798876 0.889664 0.791969 0.885990 0.784182 0.885240 0.776701 0.887526 0.770665 0.892502 0.766992 0.899409
0 0.116789 0.458491 0.117099 0.466321 0.120381 0.473437 0.126137 0.478754 0.133489 0.481465 0.134119 0.481497 0.141936 0.481187 0.149039 0.477911 0.154347 0.472165 0.157054 0.464825 0.156744 0.457008 0.153467 0.449905 0.147721 0.444597 0.140382 0.441890 0.139763 0.441790 0.131933 0.442101 0.124817 0.445383 0.119500 0.451139
0 0.907992 0.200369 0.908378 0.208182 0.911726 0.215252 0.917524 0.220504 0.924891 0.223136 0.932704 0.222749 0.939774 0.219401 0.940531 0.218918 0.945792 0.213110 0.948428 0.205731 0.948041 0.197904 0.944687 0.190822 0.938879 0.185561 0.931499 0.182925 0.923673 0.183312 0.916591 0.186666 0.915875 0.187205 0.910623 0.193003
0 0.558900 0.697050 0.560011 0.707658 0.560715 0.710092 0.598616 0.741546 0.651038 0.678377 0.649287 0.676310 0.611826 0.645222 0.600593 0.646810 0.599865 0.647330 0.598061 0.649201 0.595459 0.652134 0.592452 0.655686 0.566485 0.686977 0.563520 0.690620 0.561039 0.693812 0.559415 0.696071
0 0.846129 0.530778 0.853287 0.578241 0.857371 0.579146 0.937391 0.567078 0.930150 0.519066 0.918447 0.511703 0.916989 0.511824 0.913943 0.512200 0.909775 0.512773 0.905116 0.513456 0.865473 0.519435 0.861016 0.520127 0.857423 0.520724 0.855239 0.521137 0.854799 0.521302
0 0.579987 0.416954 0.604209 0.493199 0.605658 0.493104 0.644311 0.480825 0.619752 0.403520 0.581100 0.415799
0 0.915991 0.308516 0.916167 0.311260 0.916814 0.315184 0.917834 0.319695 0.927666 0.358562 0.928907 0.362989 0.930185 0.366673 0.931306 0.369058 0.932101 0.369775 0.939834 0.376190 0.986368 0.364419 0.991991 0.362851 0.972144 0.284398 0.925072 0.296306 0.920214 0.298633 0.916315 0.307373
0 0.167012 0.728190 0.175795 0.740642 0.192425 0.764187 0.194490 0.767021 0.214449 0.793465 0.215691 0.792714 0.221853 0.788315 0.230780 0.781820 0.237178 0.777108 0.242828 0.772891 0.245221 0.771065 0.246768 0.769719 0.232332 0.698123 0.231171 0.696870 0.229167 0.695274 0.226625 0.693579 0.223933 0.692044 0.221506 0.690905 0.219713 0.690335 0.218827 0.690420 0.187726 0.702486 0.186048 0.703496 0.183172 0.705428 0.179536 0.707990 0.175697 0.710788 0.172246 0.713393 0.169712 0.715405 0.168481 0.716517
0 0.154641 0.500651 0.156195 0.501627 0.161185 0.504312 0.167707 0.507602 0.177823 0.512473 0.185859 0.516114 0.189145 0.517290 0.190328 0.517227 0.205145 0.487342 0.218995 0.458789 0.225540 0.445196 0.221988 0.433916 0.221530 0.433606 0.219491 0.432549 0.216185 0.430907 0.212113 0.428928 0.207889 0.426912 0.204151 0.425163 0.201464 0.423945 0.200240 0.423445 0.167445 0.416721 0.166694 0.417055 0.165141 0.418157 0.163023 0.419859 0.160663 0.421901 0.158422 0.423971 0.156644 0.425752 0.155600 0.426972 0.155448 0.427445
0 0.165815 0.131179 0.194896 0.148243 0.197993 0.149917 0.237386 0.169196 0.248405 0.166384 0.249289 0.165444 0.250889 0.163030 0.252961 0.159509 0.255192 0.155416 0.257245 0.151367 0.258810 0.147974 0.259649 0.145752 0.267567 0.115151 0.267459 0.113687 0.266588 0.111519 0.265087 0.108979 0.263184 0.106455 0.261171 0.104333 0.259356 0.102938 0.258016 0.102482 0.184786 0.095469 0.184053 0.095733 0.181534 0.098858 0.178163 0.104056 0.172846 0.113303 0.168536 0.121816 0.166662 0.126887
0 0.475695 0.442720 0.478239 0.453782 0.479703 0.455397 0.482514 0.457614 0.486243 0.460095 0.490318 0.462458 0.494114 0.464341 0.497047 0.465455 0.531314 0.473198 0.533115 0.472822 0.535461 0.471691 0.537997 0.469978 0.540333 0.467943 0.542111 0.465900 0.543061 0.464160 0.550854 0.393722 0.548812 0.390770 0.546124 0.388586 0.539956 0.384325 0.533087 0.380094 0.523646 0.374911 0.517285 0.372126 0.516253 0.372825 0.498851 0.400283 0.497075 0.403276 0.483064 0.429036
0 0.158896 0.961877 0.166059 0.997819 0.167137 1.000000 0.202332 1.000000 0.228398 0.997807 0.231430 0.996103 0.259252 0.979821 0.259930 0.977810 0.257238 0.970681 0.252226 0.960872 0.248133 0.954076 0.244010 0.948313 0.241896 0.946045 0.239038 0.945279 0.169373 0.949926 0.168210 0.950217 0.166455 0.951426 0.164375 0.953369 0.162287 0.955750 0.160512 0.958205 0.159321 0.960356
