0 0.404409 0.601790 0.404439 0.602105 0.420170 0.608303 0.420294 0.608303 0.420479 0.607985 0.420698 0.607395 0.420916 0.606625 0.427770 0.579376 0.427954 0.578547 0.428074 0.577791 0.428111 0.577224 0.428061 0.576931 0.412376 0.570551 0.412258 0.570583 0.412078 0.570929 0.411863 0.571538 0.410755 0.575291 0.405481 0.596257 0.404595 0.600435 0.404463 0.601203
0 0.430862 0.542476 0.441997 0.607129 0.458160 0.602180 0.458351 0.601713 0.447267 0.537356 0.431178 0.542282
0 0.457653 0.389239 0.457703 0.389788 0.458885 0.398897 0.458921 0.399114 0.459175 0.399460 0.459607 0.399882 0.460152 0.400317 0.460726 0.400696 0.461241 0.400962 0.461619 0.401076 0.461803 0.401019 0.475754 0.394762 0.475995 0.394236 0.476131 0.393424 0.476364 0.391508 0.476570 0.389339 0.476785 0.386314 0.476855 0.384227 0.476745 0.383808 0.470032 0.382641 0.469314 0.382533 0.463321 0.381744 0.460145 0.381329 0.458234 0.383273 0.458104 0.383709 0.457960 0.384582 0.457825 0.385758 0.457719 0.387058 0.457659 0.388281
0 0.458332 0.594269 0.477464 0.603208 0.479665 0.601589 0.483009 0.588864 0.484123 0.584622 0.484142 0.584523 0.484397 0.583166 0.484414 0.583071 0.483438 0.580076 0.464743 0.571342 0.464086 0.572671 0.463918 0.573011 0.459449 0.590017
0 0.514281 0.583500 0.514375 0.583682 0.514634 0.584074 0.515018 0.584618 0.515469 0.585230 0.518422 0.589233 0.524314 0.597073 0.536049 0.581368 0.535926 0.581050 0.527105 0.569284 0.526660 0.568698 0.526288 0.568220 0.526046 0.567924 0.525972 0.567854 0.523046 0.570203 0.521293 0.572549 0.516032 0.579590
0 0.417518 0.723901 0.418499 0.724921 0.435310 0.729447 0.445515 0.712017 0.445764 0.711048 0.439089 0.692350 0.438426 0.690495 0.437450 0.689479 0.417895 0.722877
0 0.513736 0.510542 0.534087 0.545341 0.534244 0.545550 0.547354 0.531920 0.526908 0.496961 0.526785 0.496974
0 0.466603 0.604428 0.469460 0.630873 0.471680 0.632271 0.472184 0.632317 0.472966 0.632262 0.473905 0.632115 0.482150 0.630532 0.483101 0.630315 0.483915 0.630064 0.484468 0.629815 0.484677 0.629608 0.485988 0.627698 0.486132 0.626383 0.483794 0.604453 0.483323 0.600096 0.466984 0.603234
0 0.574490 0.425512 0.587274 0.439437 0.587674 0.439159 0.598167 0.422036 0.585324 0.408046 0.584934 0.408466
0 0.403327 0.556390 0.403392 0.557680 0.403541 0.558887 0.403751 0.559830 0.403992 0.560365 0.405746 0.562315 0.406140 0.562392 0.407356 0.562249 0.409285 0.560922 0.409549 0.560317 0.409715 0.559137 0.409758 0.557562 0.409671 0.555833 0.409468 0.554218 0.409179 0.552964 0.408850 0.552263 0.406811 0.551412 0.406416 0.551358 0.405202 0.551493 0.403665 0.553864 0.403475 0.554325 0.403356 0.555212
0 0.481432 0.553223 0.481862 0.555301 0.482856 0.557002 0.484262 0.558066 0.485867 0.558331 0.487425 0.557757 0.488701 0.556432 0.489499 0.554557 0.489517 0.554464 0.489716 0.552328 0.489286 0.550253 0.488294 0.548555 0.486890 0.547493 0.485288 0.547228 0.483732 0.547801 0.482459 0.549123 0.481662 0.550995 0.481631 0.551083
0 0.560759 0.504030 0.561208 0.508284 0.562288 0.510729 0.562951 0.512007 0.563717 0.512864 0.565417 0.514572 0.568537 0.515648 0.568812 0.515711 0.572016 0.515111 0.573857 0.513665 0.574803 0.512921 0.575465 0.511751 0.576751 0.509476 0.577561 0.505300 0.577111 0.501028 0.576026 0.498573 0.575468 0.497311 0.574591 0.496429 0.572885 0.494715 0.569752 0.493635 0.569473 0.493660 0.566282 0.494258 0.564449 0.495698 0.563615 0.496433 0.562847 0.497604 0.561566 0.499870
0 0.488032 0.427543 0.488548 0.428179 0.494571 0.434577 0.495673 0.435677 0.496062 0.435717 0.496524 0.435232 0.505783 0.419736 0.506050 0.419002 0.505971 0.418442 0.503901 0.415696 0.498334 0.410303
0 0.460590 0.545135 0.461054 0.546591 0.462610 0.547428 0.470390 0.551613 0.475058 0.554124 0.476150 0.553505 0.476478 0.552770 0.478955 0.544585 0.479240 0.543612 0.463876 0.535347 0.463626 0.535592 0.463457 0.535758 0.463101 0.536836
