0 0.496352 0.491605 0.496423 0.492056 0.496644 0.492678 0.496981 0.493378 0.497383 0.494047 0.497788 0.494584 0.498134 0.494906 0.498368 0.494965 0.504987 0.495180 0.505297 0.495116 0.505925 0.494938 0.506776 0.494672 0.507721 0.494361 0.508613 0.494050 0.509316 0.493789 0.509723 0.493616 0.509772 0.493559 0.510865 0.490806 0.510229 0.486707 0.509001 0.478957 0.508825 0.478021 0.506976 0.469229 0.506860 0.469255 0.505476 0.469706 0.503323 0.470420 0.501714 0.470958 0.500225 0.471461 0.499546 0.471693 0.498909 0.471923
0 0.405970 0.401582 0.408575 0.414482 0.409620 0.415459 0.411162 0.416669 0.411462 0.416713 0.412081 0.416619 0.412924 0.416402 0.413864 0.416095 0.421852 0.413228 0.422749 0.412876 0.423470 0.412531 0.423905 0.412247 0.425560 0.409737 0.422985 0.396985 0.422095 0.395794
0 0.489929 0.588528 0.489984 0.590141 0.490125 0.592982 0.491556 0.596848 0.493988 0.599689 0.496010 0.600603 0.497055 0.600900 0.498146 0.600977 0.500276 0.600790 0.503176 0.598882 0.505307 0.595639 0.505992 0.592942 0.506334 0.591398 0.506273 0.590095 0.506132 0.587254 0.506108 0.586905 0.504682 0.583054 0.502260 0.580224 0.500246 0.579314 0.499210 0.578846 0.495996 0.579128 0.493108 0.581029 0.490986 0.584259 0.490303 0.586944 0.489952 0.588326
0 0.548966 0.602736 0.549179 0.605232 0.549362 0.606670 0.549475 0.606914 0.549507 0.606983 0.549539 0.607052 0.551225 0.610630 0.551259 0.610702 0.553895 0.613196 0.557046 0.614155 0.560233 0.613433 0.562971 0.611141 0.564841 0.607626 0.565561 0.603424 0.565019 0.599174 0.563300 0.595525 0.563259 0.595463 0.560624 0.592971 0.557475 0.592012 0.555209 0.592217 0.554131 0.592462 0.553205 0.593237 0.551555 0.595024 0.549685 0.598537
0 0.528905 0.354175 0.530436 0.356374 0.530927 0.356696 0.531689 0.357045 0.532606 0.357367 0.540666 0.359851 0.541602 0.360100 0.542419 0.360238 0.542991 0.360243 0.543233 0.360116 0.544989 0.359132 0.545509 0.357504 0.547766 0.344488 0.531496 0.339474 0.531136 0.341308
0 0.527522 0.572734 0.527585 0.572901 0.527633 0.573026 0.539126 0.588949 0.545097 0.581287 0.544916 0.580962 0.533469 0.565103 0.531090 0.568155 0.528711 0.571208
0 0.562908 0.308663 0.564168 0.330660 0.564237 0.330795 0.564546 0.330885 0.565048 0.330914 0.565667 0.330879 0.587065 0.328700 0.587710 0.328606 0.588288 0.328467 0.588711 0.328303 0.588914 0.328140 0.587654 0.306143 0.587606 0.305986 0.587313 0.305878 0.586820 0.305836 0.583818 0.305896 0.567263 0.307582 0.564062 0.308153 0.563494 0.308303 0.563089 0.308482
0 0.511684 0.502721 0.526969 0.511069 0.527077 0.511114 0.533364 0.490653 0.518018 0.482270 0.517946 0.482341
0 0.566310 0.594836 0.566397 0.596251 0.566692 0.597896 0.567148 0.599518 0.567697 0.600866 0.568252 0.601734 0.568730 0.601990 0.570857 0.602258 0.571988 0.601778 0.572391 0.601289 0.573341 0.598674 0.573432 0.597942 0.573360 0.596882 0.573137 0.595653 0.572797 0.594443 0.572389 0.593433 0.571978 0.592777 0.570126 0.591475 0.569532 0.591135 0.568405 0.591620 0.567994 0.592089 0.566442 0.593866
0 0.527674 0.420595 0.528842 0.424874 0.530233 0.427620 0.534406 0.435857 0.536947 0.438900 0.537019 0.438859 0.537289 0.438637 0.537715 0.438267 0.538232 0.437806 0.548561 0.428472 0.548784 0.428143 0.539479 0.409775 0.532591 0.415978 0.528582 0.419661 0.528122 0.420103 0.527803 0.420431
0 0.508010 0.423410 0.513477 0.444235 0.529096 0.436945 0.529230 0.436655 0.523737 0.415734 0.508047 0.423057
0 0.579517 0.468640 0.587774 0.487779 0.593474 0.483872 0.595280 0.482311 0.586980 0.463071 0.581352 0.467140
0 0.545272 0.422758 0.557654 0.437258 0.558590 0.436753 0.568742 0.420122 0.556385 0.405564 0.555459 0.406208
