0 0.646210 0.734111 0.665525 0.769139 0.667439 0.772250 0.709958 0.748804 0.712352 0.736200 0.712188 0.735707 0.711160 0.733675 0.709422 0.730410 0.707239 0.726412 0.704947 0.722295 0.702898 0.718692 0.701405 0.716153 0.700696 0.715063 0.688243 0.710933
0 0.307171 0.739676 0.308150 0.752682 0.347171 0.781577 0.371251 0.749059 0.372722 0.746213 0.334147 0.717648 0.321535 0.720278 0.320752 0.721308 0.318990 0.723664 0.316517 0.726988 0.313711 0.730773 0.311002 0.734436 0.308808 0.737414 0.307463 0.739254
0 0.730642 0.377865 0.768360 0.391183 0.771462 0.389925 0.787628 0.344140 0.781234 0.334296 0.780738 0.333770 0.778580 0.332711 0.775085 0.331278 0.770787 0.329690 0.766347 0.328192 0.762446 0.327014 0.759682 0.326336 0.758473 0.326259 0.749474 0.330669 0.746623 0.332604
0 0.106248 0.533830 0.133657 0.563858 0.138693 0.562980 0.168308 0.535948 0.141276 0.506333 0.136276 0.506421
0 0.513434 0.554871 0.532600 0.560608 0.552214 0.565948 0.562268 0.533194 0.576735 0.478457 0.538211 0.467454 0.536588 0.472974 0.521054 0.527368
0 0.849594 0.253414 0.855177 0.273174 0.863929 0.291112 0.887274 0.282807 0.940116 0.262720 0.946148 0.260313 0.931908 0.222865 0.885497 0.238645
0 0.442947 0.440698 0.461379 0.449344 0.479887 0.456885 0.491344 0.431462 0.514048 0.379655 0.516356 0.374245 0.479660 0.358166 0.456328 0.408299
0 0.781229 0.626256 0.786757 0.632039 0.790072 0.633566 0.848573 0.577652 0.815025 0.542551 0.811425 0.542064 0.801491 0.541685 0.800431 0.542264 0.798209 0.544021 0.795165 0.546684 0.791760 0.549852 0.788508 0.553047 0.785900 0.555785 0.784330 0.557653 0.784042 0.558363 0.782508 0.569702
0 0.839364 0.846481 0.844099 0.851312 0.882373 0.865024 0.934359 0.840462 0.948071 0.802188 0.941907 0.798032 0.904159 0.784509 0.852888 0.808733
0 0.046903 0.222785 0.055971 0.236517 0.095909 0.238203 0.108132 0.227755 0.127215 0.211442 0.139437 0.200993 0.143358 0.161815 0.133224 0.148995 0.093765 0.146987 0.050442 0.184021
0 0.562763 0.610573 0.572929 0.649361 0.573950 0.651441 0.613278 0.641134 0.642299 0.591499 0.631991 0.552171 0.630172 0.551455 0.591385 0.561620
0 0.045782 0.539857 0.048028 0.577969 0.086607 0.620288 0.123231 0.624818 0.144298 0.608283 0.142432 0.570609 0.104036 0.528489 0.067793 0.524359
0 0.522180 0.772105 0.522437 0.775251 0.544658 0.818422 0.555468 0.820511 0.556359 0.820514 0.558754 0.819673 0.562290 0.818115 0.566428 0.816078 0.602321 0.797603 0.606414 0.795404 0.609824 0.793386 0.612031 0.791859 0.612699 0.791053 0.616611 0.781387 0.615278 0.778171 0.593311 0.735493
0 0.705539 0.724664 0.745983 0.793688 0.748827 0.797083 0.790720 0.772536 0.792357 0.759705 0.792279 0.759255 0.791281 0.757283 0.789513 0.754087 0.787246 0.750155 0.766838 0.715325 0.764425 0.711270 0.762242 0.707726 0.760624 0.705233 0.759816 0.704169 0.746953 0.700398
0 0.391417 0.063245 0.391447 0.063460 0.391722 0.064839 0.392202 0.067174 0.395159 0.081429 0.411626 0.160185 0.414839 0.175443 0.415414 0.178154 0.415833 0.180097 0.416032 0.180975 0.494518 0.164565 0.494388 0.163673 0.494028 0.161718 0.493492 0.158998 0.492861 0.155928 0.471479 0.053662 0.470854 0.050730 0.470336 0.048403 0.470002 0.047036 0.469903 0.046836
0 0.544706 0.376219 0.545227 0.377092 0.546828 0.379251 0.549262 0.382364 0.552160 0.385960 0.555086 0.389496 0.557598 0.392438 0.559315 0.394342 0.559974 0.394914 0.571276 0.396334 0.583668 0.386213 0.584635 0.384898 0.559041 0.353559 0.546505 0.363797 0.545974 0.365353
0 0.649786 0.232184 0.652963 0.272156 0.692934 0.268978 0.693823 0.267915 0.690630 0.227759 0.650475 0.230951
0 0.577028 0.507721 0.577112 0.547819 0.577467 0.548039 0.617749 0.547954 0.617664 0.507672 0.617125 0.507637
0 0.609215 0.227882 0.612392 0.267853 0.652363 0.264676 0.653065 0.263593 0.649873 0.223437 0.609718 0.226629
0 0.916995 0.068539 0.934068 0.104713 0.948537 0.097884 0.953722 0.093235 0.955412 0.084648 0.955621 0.083267 0.955012 0.080428 0.953677 0.076561 0.951818 0.072258 0.949722 0.068180 0.947709 0.064955 0.946090 0.063073 0.936452 0.056643 0.921815 0.063551
