0 0.538504 0.580190 0.538682 0.580560 0.554560 0.587123 0.559483 0.565951 0.559210 0.565649 0.543404 0.559116
0 0.461563 0.462377 0.462003 0.462807 0.471874 0.463903 0.473607 0.461685 0.473658 0.461484 0.473732 0.460811 0.473819 0.459771 0.473904 0.458519 0.474591 0.447527 0.475964 0.425542 0.476036 0.424260 0.476085 0.423132 0.476103 0.422330 0.476087 0.421976 0.474319 0.419110 0.467663 0.418370 0.464335 0.418001
0 0.404211 0.619398 0.404629 0.621554 0.420797 0.615986 0.421702 0.614660 0.416748 0.589087 0.414151 0.587822 0.413725 0.587904 0.413010 0.588107 0.412113 0.588401 0.411170 0.588741 0.410323 0.589076 0.409701 0.589355 0.409398 0.589536 0.407702 0.592901
0 0.598027 0.425295 0.612808 0.435097 0.613326 0.434799 0.617018 0.424900 0.602170 0.415053 0.601703 0.415441
0 0.547211 0.435025 0.551387 0.444549 0.579959 0.422278 0.580327 0.421920 0.576132 0.412352 0.547428 0.434726
0 0.517540 0.399541 0.517940 0.402169 0.518069 0.402447 0.518484 0.402980 0.519120 0.403686 0.519881 0.404459 0.520653 0.405182 0.521319 0.405746 0.521778 0.406065 0.521960 0.406090 0.524202 0.406038 0.535737 0.403653 0.536712 0.401876 0.537136 0.400742 0.523658 0.387597 0.517743 0.398380
0 0.402190 0.419841 0.407916 0.427942 0.408969 0.428766 0.416177 0.419708 0.415840 0.416022 0.415821 0.415949 0.415545 0.415520 0.415056 0.414802 0.414427 0.413903 0.413753 0.412958 0.413136 0.412112 0.412669 0.411490 0.412424 0.411189 0.409481 0.410678
0 0.440107 0.491140 0.443965 0.500957 0.444222 0.500952 0.451550 0.495832 0.447710 0.486060 0.447469 0.485996
0 0.521341 0.579785 0.521456 0.580589 0.521764 0.580981 0.524593 0.581587 0.531533 0.581376 0.532005 0.559342 0.531321 0.559230 0.523624 0.558938 0.522235 0.558953 0.521913 0.559226 0.521765 0.559979
0 0.584069 0.536935 0.584492 0.541205 0.585309 0.543540 0.585856 0.544802 0.586724 0.545690 0.588672 0.547555 0.588729 0.547586 0.591852 0.548699 0.595057 0.548135 0.597856 0.545978 0.599823 0.542558 0.600658 0.538394 0.600235 0.534121 0.598617 0.530389 0.596052 0.527767 0.592929 0.526653 0.592869 0.526635 0.589666 0.527200 0.587562 0.528539 0.586615 0.529269 0.585949 0.530427 0.584904 0.532773
0 0.417984 0.427396 0.418108 0.427721 0.418445 0.428128 0.418944 0.428556 0.421826 0.430575 0.437083 0.439246 0.439973 0.440507 0.440475 0.440649 0.440817 0.440628 0.440946 0.440446 0.447565 0.421153 0.447467 0.420824 0.447152 0.420413 0.446668 0.419982 0.446087 0.419598 0.426258 0.408328 0.425674 0.408051 0.425180 0.407925 0.424851 0.407970 0.424736 0.408178
0 0.483663 0.449578 0.484673 0.453676 0.484734 0.453861 0.486836 0.457119 0.488735 0.458398 0.489694 0.458986 0.490803 0.459166 0.492925 0.459379 0.495987 0.458037 0.498429 0.455236 0.499389 0.452703 0.499882 0.451317 0.499965 0.449946 0.500125 0.447116 0.500125 0.446904 0.499115 0.442806 0.497005 0.439535 0.495098 0.438250 0.494118 0.437590 0.490891 0.437266 0.487818 0.438613 0.485365 0.441426 0.484401 0.443968 0.483906 0.445276 0.483823 0.446737
