0 0.110813 0.651901 0.111262 0.659725 0.114670 0.666781 0.120519 0.671995 0.127918 0.674576 0.135742 0.674126 0.136368 0.673827 0.143412 0.670425 0.148617 0.664586 0.151193 0.657199 0.150744 0.649389 0.147342 0.642345 0.141503 0.637140 0.134117 0.634564 0.126307 0.635013 0.125663 0.635245 0.118607 0.638653 0.113393 0.644502
0 0.518643 0.105953 0.519382 0.110167 0.521425 0.115439 0.524457 0.120956 0.528011 0.125869 0.531541 0.129425 0.534504 0.131081 0.544407 0.129702 0.546824 0.129097 0.551772 0.126161 0.554512 0.115193 0.554973 0.113296 0.554388 0.110140 0.552847 0.106206 0.550584 0.102087 0.547940 0.098407 0.545315 0.095720 0.543106 0.094438 0.532787 0.091613 0.530339 0.092140 0.525394 0.095104 0.519313 0.103437
0 0.578879 0.141445 0.579366 0.146119 0.580508 0.150201 0.582133 0.153076 0.588926 0.159777 0.592041 0.161832 0.597562 0.161463 0.600619 0.160460 0.609104 0.156025 0.611133 0.152882 0.612420 0.147880 0.612765 0.141778 0.612113 0.135516 0.610563 0.130059 0.608358 0.126244 0.605835 0.124651 0.596528 0.121193 0.590995 0.121538 0.587956 0.122622 0.581542 0.130746 0.580055 0.133129 0.579120 0.136885
0 0.637773 0.271211 0.642779 0.300534 0.655079 0.355762 0.656569 0.361089 0.695672 0.352368 0.686438 0.294004 0.677137 0.262432
0 0.076311 0.701448 0.076911 0.712892 0.078042 0.715206 0.080129 0.718474 0.082854 0.722197 0.085799 0.725803 0.088511 0.728739 0.090575 0.730555 0.091677 0.730977 0.101069 0.733452 0.105629 0.730783 0.143594 0.701413 0.094643 0.638137 0.089957 0.639734 0.083557 0.644686
0 0.703194 0.967357 0.704188 0.999547 0.744507 1.000000 0.747730 0.970689 0.745032 0.906681 0.704979 0.905734 0.704515 0.910766
0 0.244858 0.360702 0.367245 0.568432 0.367852 0.568119 0.436779 0.527509 0.314951 0.320729 0.314101 0.319906
0 0.343482 0.865503 0.348308 0.945725 0.588975 0.931246 0.584149 0.851024 0.583764 0.849419 0.344197 0.863831
0 0.855782 0.490887 0.906487 0.552904 0.908512 0.553336 0.978874 0.483156 1.000000 0.460408 1.000000 0.337775
0 0.328793 0.661172 0.329286 0.661962 0.330870 0.663005 0.333303 0.664143 0.347567 0.669669 0.424095 0.694236 0.438781 0.698004 0.441373 0.698479 0.443195 0.698529 0.443969 0.698145 0.468008 0.623126 0.467636 0.622307 0.466156 0.621237 0.463792 0.620081 0.460905 0.619015 0.361442 0.587085 0.358491 0.586277 0.355945 0.585857 0.354191 0.585889 0.353498 0.586366
0 0.325611 0.834675 0.325971 0.835810 0.399570 0.861283 0.400423 0.861294 0.401579 0.860159 0.402862 0.858050 0.404076 0.855289 0.440989 0.757572 0.441942 0.754597 0.442481 0.751882 0.442525 0.749840 0.442068 0.748783 0.368713 0.722657 0.367884 0.722765 0.366748 0.724003 0.365479 0.726181 0.359216 0.739632 0.330816 0.814816 0.326336 0.829807 0.325739 0.832566
0 0.175520 0.074989 0.183490 0.098207 0.204760 0.151626 0.217714 0.180956 0.262672 0.163055 0.264560 0.144632 0.264531 0.144248 0.263827 0.142215 0.262556 0.138847 0.260911 0.134656 0.239887 0.081855 0.238111 0.077457 0.236467 0.073504 0.235203 0.070593 0.234512 0.069170 0.220478 0.057087
0 0.736285 0.164326 0.746437 0.211640 0.764836 0.216756 0.767098 0.216524 0.770724 0.215915 0.775164 0.215021 0.830732 0.203098 0.835331 0.202052 0.839410 0.201007 0.842351 0.200123 0.843704 0.199533 0.857958 0.187710 0.847805 0.140396 0.822553 0.143474 0.806767 0.146861 0.766335 0.155537
0 0.488120 0.647149 0.515400 0.677159 0.545410 0.649880 0.548142 0.592590 0.547482 0.591320 0.520577 0.561721 0.490977 0.588626 0.490852 0.589858
0 0.430534 0.539301 0.437638 0.546034 0.474602 0.575200 0.525058 0.511968 0.488269 0.482584 0.480603 0.476556 0.471431 0.480696 0.469065 0.482158 0.466135 0.484827 0.463083 0.488301 0.437978 0.519762 0.435257 0.523523 0.433274 0.527011 0.432328 0.529699
0 0.160730 0.973305 0.198850 0.987150 0.202981 0.980469 0.230290 0.905274 0.192692 0.891620 0.188419 0.897065
0 0.145449 0.189980 0.145538 0.191239 0.147994 0.200488 0.156040 0.207334 0.199734 0.227204 0.216293 0.190792 0.209657 0.183559 0.164940 0.163224 0.154801 0.169416 0.153311 0.171456 0.151403 0.174824 0.149369 0.179006 0.147522 0.183358 0.146146 0.187213
