0 0.637125 0.744106 0.637152 0.744240 0.637267 0.744619 0.637474 0.745292 0.637668 0.745913 0.638077 0.747198 0.638509 0.748535 0.638899 0.749723 0.639188 0.750582 0.639331 0.750980 0.655213 0.744017 0.662957 0.739864 0.662967 0.739669 0.662737 0.738775 0.662303 0.737317 0.661730 0.735519 0.661107 0.733659 0.660531 0.732023 0.660089 0.730862 0.659849 0.730350 0.658689 0.730973 0.652122 0.734501
0 0.401306 0.713018 0.417083 0.720012 0.417463 0.719003 0.420074 0.708533 0.404369 0.701571 0.403928 0.702499
0 0.583399 0.215005 0.583669 0.217128 0.584529 0.218950 0.585846 0.220195 0.587420 0.220674 0.589011 0.220313 0.590378 0.219167 0.591312 0.217411 0.591469 0.216925 0.591829 0.214822 0.591557 0.212696 0.590697 0.210871 0.589378 0.209624 0.587801 0.209144 0.586206 0.209506 0.584837 0.210654 0.583902 0.212412 0.583758 0.212907
0 0.581006 0.404800 0.581842 0.405119 0.589697 0.407376 0.597325 0.363722 0.589436 0.361364 0.588560 0.361239
0 0.402785 0.268404 0.403099 0.269632 0.403321 0.270161 0.403335 0.270194 0.403976 0.271166 0.406368 0.272819 0.408903 0.274480 0.411722 0.274722 0.413829 0.274668 0.414748 0.274250 0.415477 0.273396 0.416517 0.271019 0.417763 0.267639 0.417944 0.263880 0.418104 0.260258 0.417790 0.259033 0.417589 0.258444 0.416947 0.257469 0.416073 0.256897 0.412432 0.255265 0.408040 0.254042 0.407069 0.253959 0.406148 0.254377 0.405417 0.255234 0.404988 0.256398 0.403551 0.262121 0.402847 0.267109
0 0.605053 0.213914 0.605125 0.214468 0.605214 0.215038 0.605316 0.215614 0.605430 0.216186 0.605556 0.216751 0.611588 0.242665 0.627356 0.236139 0.627705 0.235793 0.622661 0.208606 0.622547 0.208022 0.622422 0.207458 0.622287 0.206918 0.622146 0.206411 0.622000 0.205946 0.609273 0.211212 0.606092 0.212529 0.605848 0.212854 0.605271 0.213623
0 0.427185 0.270108 0.427519 0.271162 0.442799 0.279642 0.449159 0.259269 0.448924 0.258160 0.433574 0.249641
0 0.402213 0.644407 0.415801 0.657183 0.416187 0.656463 0.435263 0.620394 0.421738 0.607677 0.421378 0.608173
0 0.578345 0.675025 0.583646 0.683048 0.584946 0.684541 0.585269 0.684487 0.585757 0.684030 0.596678 0.670590 0.597049 0.669990 0.597092 0.669593 0.596018 0.668006 0.590794 0.660461 0.590495 0.660072
0 0.567440 0.375178 0.578106 0.391998 0.590721 0.377778 0.591086 0.377287 0.580378 0.360398 0.567711 0.374676
0 0.469445 0.470190 0.470225 0.471108 0.470271 0.471058 0.470292 0.471025 0.470278 0.470992 0.470273 0.470983 0.470266 0.470974 0.470201 0.470897 0.469681 0.470285 0.469551 0.470132 0.469543 0.470124 0.469535 0.470118 0.469512 0.470107 0.469466 0.470156
0 0.564973 0.664674 0.565724 0.666578 0.570003 0.676140 0.578608 0.669294 0.578828 0.665216 0.578639 0.664781 0.578282 0.663977 0.577813 0.662924 0.577303 0.661787 0.576830 0.660738 0.576467 0.659939 0.576268 0.659511 0.573480 0.657907
0 0.664382 0.394194 0.664409 0.394765 0.664828 0.398264 0.666411 0.398908 0.671160 0.400838 0.674326 0.402124 0.676344 0.400989 0.686107 0.358289 0.676499 0.354385 0.673306 0.356659 0.673022 0.357091 0.672671 0.357939 0.672307 0.359075 0.671984 0.360326 0.669566 0.370903 0.667148 0.381480 0.664730 0.392057 0.664495 0.393243
0 0.576993 0.277207 0.580536 0.298734 0.581250 0.298728 0.589314 0.296369 0.590223 0.295899 0.592005 0.292294 0.592086 0.291772 0.592073 0.290834 0.591969 0.289621 0.591788 0.288320 0.590002 0.277470 0.589773 0.276283 0.589532 0.275396 0.589316 0.274943 0.587481 0.272288 0.577704 0.275149
0 0.471234 0.650694 0.475779 0.660028 0.499957 0.640751 0.503868 0.634278 0.503436 0.631388 0.503122 0.630282 0.502648 0.629147 0.502086 0.628154 0.501520 0.627454 0.499370 0.625040 0.498042 0.626109 0.473503 0.647351
