0 0.482678 0.378678 0.482757 0.379234 0.491515 0.397955 0.498536 0.392116 0.498529 0.391619 0.489730 0.372813
0 0.527825 0.546094 0.535833 0.566259 0.535998 0.566564 0.537013 0.567531 0.555611 0.532807 0.554597 0.531841 0.554346 0.531695 0.537442 0.528138
0 0.559959 0.508733 0.574142 0.520021 0.574440 0.520101 0.575290 0.518203 0.577840 0.512507 0.578690 0.510608 0.564450 0.499275 0.564192 0.499278
0 0.547326 0.417459 0.549391 0.437081 0.549610 0.437808 0.549975 0.438031 0.551318 0.437842 0.558944 0.436415 0.559663 0.436203 0.557366 0.414374 0.550644 0.415188 0.547679 0.416208 0.547383 0.416643
0 0.526870 0.521248 0.529231 0.522654 0.529700 0.522691 0.530885 0.520035 0.532121 0.516014 0.532199 0.515416 0.532516 0.511934 0.532509 0.508471 0.532486 0.507835 0.531617 0.503662 0.530676 0.500848 0.530206 0.500811 0.530070 0.500807 0.527958 0.501733 0.527547 0.503867 0.527299 0.507737 0.526877 0.518565
0 0.411188 0.571275 0.411222 0.572451 0.411775 0.576476 0.413122 0.582277 0.413523 0.583358 0.414232 0.584191 0.415141 0.584649 0.416111 0.584664 0.424196 0.582846 0.425083 0.582414 0.425751 0.581600 0.426098 0.580528 0.426263 0.579548 0.426273 0.579487 0.426247 0.578322 0.426100 0.572314 0.424945 0.569144 0.424006 0.567397 0.423297 0.566555 0.422385 0.566091 0.420231 0.565345 0.417393 0.565303 0.414806 0.566575 0.412405 0.568352 0.411740 0.569173 0.411398 0.570252
0 0.429921 0.480604 0.440006 0.498225 0.440281 0.498233 0.446858 0.491541 0.436820 0.474000 0.436529 0.473881
0 0.431103 0.568753 0.431141 0.569403 0.432483 0.572394 0.442592 0.573385 0.443904 0.571707 0.444510 0.560732 0.434632 0.559763 0.433103 0.561161 0.431589 0.562865 0.431483 0.563204 0.431365 0.564004 0.431253 0.565143 0.431164 0.566447 0.431111 0.567715
0 0.402236 0.551575 0.402520 0.551955 0.402824 0.552344 0.403141 0.552736 0.403466 0.553125 0.403797 0.553508 0.419093 0.570917 0.430228 0.554600 0.430239 0.554298 0.415190 0.536040 0.414865 0.535650 0.414541 0.535273 0.414222 0.534911 0.413911 0.534570 0.413616 0.534257 0.404719 0.547293 0.402495 0.550552
0 0.513664 0.417335 0.518832 0.428601 0.525873 0.422860 0.527113 0.419164 0.521698 0.407358 0.519092 0.406905 0.518951 0.406915 0.518494 0.407196 0.517793 0.407708 0.516952 0.408372 0.516103 0.409086 0.515375 0.409740 0.514879 0.410235 0.514691 0.410494 0.514518 0.411547 0.514185 0.413580
0 0.396793 0.500874 0.412246 0.509047 0.412648 0.509005 0.443158 0.406459 0.442897 0.406028 0.427444 0.397855
0 0.406338 0.608041 0.407185 0.611507 0.426615 0.618044 0.427454 0.616695 0.431493 0.595353 0.428292 0.594276 0.412185 0.588992 0.409665 0.590972 0.409499 0.591338 0.409265 0.592140 0.408998 0.593257 0.408740 0.594518 0.406702 0.605287 0.406493 0.606496 0.406365 0.607463
