0 0.506978 0.510982 0.507047 0.511560 0.507377 0.511896 0.510916 0.513011 0.516316 0.514647 0.516999 0.514660 0.517435 0.514607 0.517778 0.514209 0.519194 0.511226 0.518859 0.507631 0.518677 0.507048 0.518306 0.506712 0.513398 0.504716 0.509893 0.503353 0.508788 0.503373 0.508389 0.503452 0.508148 0.503920
0 0.550927 0.455960 0.551290 0.458057 0.552228 0.459809 0.553597 0.460949 0.555189 0.461304 0.556762 0.460820 0.556860 0.460752 0.558176 0.459500 0.559033 0.457672 0.559299 0.455545 0.558935 0.453444 0.557996 0.451689 0.556625 0.450547 0.555030 0.450191 0.553454 0.450677 0.553363 0.450761 0.552049 0.452012 0.551193 0.453837
0 0.416160 0.534700 0.422481 0.541914 0.426209 0.545996 0.426650 0.546434 0.426970 0.546703 0.427122 0.546762 0.429910 0.544130 0.436387 0.534079 0.437916 0.530010 0.437866 0.529865 0.437633 0.529523 0.437251 0.529037 0.436780 0.528481 0.427285 0.517751 0.426996 0.517885
0 0.479905 0.443223 0.479985 0.443451 0.494038 0.455024 0.502718 0.436288 0.502729 0.436032 0.488620 0.424411
0 0.554938 0.442222 0.555004 0.443875 0.586814 0.441613 0.587214 0.441345 0.587147 0.439685 0.582223 0.428134 0.578651 0.419756 0.562050 0.420936 0.561766 0.421299
0 0.530018 0.543954 0.530154 0.544522 0.530417 0.545222 0.530766 0.545949 0.531149 0.546590 0.531506 0.547047 0.531783 0.547252 0.546688 0.550498 0.546826 0.550342 0.547371 0.549398 0.548132 0.547948 0.549365 0.545468 0.550398 0.543271 0.550890 0.542065 0.551176 0.541152 0.545487 0.535938 0.544877 0.535415 0.537091 0.529302 0.534768 0.529773 0.534585 0.530097 0.534229 0.530793 0.533753 0.531755 0.533229 0.532836 0.532736 0.533874 0.532349 0.534712 0.532126 0.535223 0.530029 0.543606
0 0.403503 0.620848 0.405178 0.623292 0.405589 0.623643 0.406293 0.624055 0.407182 0.624464 0.408120 0.624808 0.408962 0.625034 0.409581 0.625106 0.409881 0.625016 0.411480 0.624136 0.412491 0.622717 0.425740 0.602835 0.426227 0.600733 0.410456 0.594232 0.409420 0.595322
0 0.522970 0.624150 0.523075 0.624720 0.523397 0.626463 0.523507 0.627054 0.529976 0.652672 0.532041 0.653728 0.532840 0.653370 0.544021 0.648350 0.544820 0.647991 0.545987 0.645484 0.539518 0.619866 0.538615 0.617127 0.535486 0.618531 0.526099 0.622745
0 0.540331 0.597913 0.540516 0.598363 0.544955 0.607701 0.558962 0.595863 0.554523 0.586525 0.554274 0.586129
0 0.498953 0.488668 0.498957 0.488720 0.568950 0.547050 0.569267 0.547266 0.578056 0.528515 0.507742 0.469918
0 0.580939 0.408252 0.581158 0.408695 0.581634 0.409440 0.582294 0.410373 0.583038 0.411353 0.583467 0.411880 0.583989 0.412494 0.584336 0.412882 0.584693 0.413197 0.584771 0.413132 0.597280 0.398228 0.602293 0.391481 0.603178 0.390289 0.602914 0.389638 0.602280 0.388570 0.601372 0.387248 0.600330 0.385875 0.599315 0.384664 0.598482 0.383800 0.597960 0.383416 0.597825 0.383566 0.591943 0.391493
0 0.451762 0.498135 0.463031 0.514430 0.463201 0.514364 0.475367 0.499407 0.464149 0.483186 0.463984 0.483109
0 0.550327 0.504933 0.550881 0.505071 0.558469 0.506821 0.559934 0.507152 0.560229 0.506895 0.560434 0.506157 0.562968 0.486633 0.562962 0.485836 0.562752 0.485438 0.560486 0.484735 0.553146 0.483213
0 0.478021 0.601435 0.478435 0.601773 0.479243 0.602307 0.480324 0.602957 0.481513 0.603625 0.482632 0.604210 0.483513 0.604624 0.484021 0.604804 0.485564 0.602674 0.485638 0.602567 0.487803 0.589976 0.487505 0.589708 0.486904 0.589295 0.486094 0.588798 0.485198 0.588295 0.484353 0.587862 0.483690 0.587566 0.483309 0.587452 0.483268 0.587536 0.478070 0.598466
0 0.525200 0.418459 0.554428 0.439163 0.554679 0.438882 0.562478 0.419308 0.533116 0.398509 0.525317 0.418084
0 0.554879 0.580418 0.555057 0.584263 0.555183 0.584456 0.555437 0.584845 0.555694 0.585237 0.572361 0.583866 0.572181 0.579977 0.571697 0.579410 0.570959 0.578593 0.555298 0.579881
