0 0.535193 0.631129 0.535600 0.632645 0.561932 0.673440 0.629923 0.629552 0.625534 0.622753 0.624099 0.621350 0.568799 0.609436 0.557799 0.607246 0.556952 0.607602 0.554695 0.608898 0.551376 0.610933 0.547495 0.613401 0.543639 0.615927 0.540390 0.618132 0.538240 0.619681 0.537519 0.620337
0 0.538098 0.880965 0.571495 0.895487 0.623913 0.906543 0.636346 0.868456 0.630721 0.866099 0.576953 0.848574 0.550614 0.842625 0.543812 0.860454
0 0.881105 0.427303 0.881428 0.428107 0.886014 0.438030 0.933082 0.447445 0.938089 0.446838 0.953962 0.367485 0.946026 0.365897 0.940929 0.367430 0.893860 0.398807 0.886163 0.404438 0.885474 0.405464 0.884532 0.408129 0.883480 0.412024 0.882477 0.416561 0.881674 0.421053 0.881192 0.424824
0 0.364688 0.708130 0.372500 0.755886 0.390085 0.761693 0.390849 0.761891 0.393321 0.761761 0.397126 0.761322 0.401684 0.760641 0.458161 0.751403 0.462755 0.750587 0.466666 0.749763 0.469295 0.749059 0.470244 0.748581 0.485063 0.737474 0.477251 0.689717 0.449521 0.692750 0.393695 0.701882
0 0.713506 0.817075 0.730651 0.853322 0.733862 0.858249 0.770614 0.840865 0.776053 0.825664 0.784544 0.801930 0.789982 0.786729 0.772598 0.749977 0.768855 0.746538 0.732608 0.763683
0 0.410300 0.034563 0.415497 0.052338 0.416246 0.053592 0.418153 0.055978 0.420925 0.059131 0.424142 0.062573 0.463522 0.103551 0.466710 0.106774 0.469398 0.109303 0.471179 0.110754 0.489333 0.116802 0.524224 0.083272 0.504503 0.059120 0.464662 0.017663 0.445192 0.001033
0 0.141372 0.109305 0.142918 0.111084 0.181038 0.123619 0.193551 0.085529 0.192238 0.083633 0.153944 0.071037
0 0.789877 0.155673 0.800149 0.194433 0.838909 0.184161 0.840469 0.182707 0.830150 0.143769 0.791212 0.154088
0 0.249732 0.067174 0.250879 0.069158 0.288625 0.082687 0.302154 0.044941 0.301243 0.042846 0.263323 0.029254
0 0.403899 0.883706 0.435747 0.908209 0.460250 0.876360 0.460432 0.874640 0.428729 0.850249 0.404338 0.881952
0 0.104694 0.086224 0.113642 0.098258 0.115058 0.098925 0.118068 0.099763 0.122212 0.100645 0.126862 0.101438 0.131317 0.102022 0.134903 0.102310 0.137079 0.102257 0.148761 0.096937 0.151155 0.081117 0.147122 0.076274 0.107115 0.070221
0 0.571850 0.291127 0.585343 0.299725 0.597367 0.296383 0.597732 0.295878 0.599025 0.293904 0.601049 0.290767 0.603496 0.286940 0.711224 0.117889 0.713753 0.113906 0.716012 0.110324 0.717657 0.107685 0.718438 0.106393 0.720978 0.101816 0.719334 0.087908 0.705525 0.079109 0.573531 0.286241
0 0.234364 0.688420 0.235369 0.696194 0.239272 0.702993 0.245481 0.707780 0.253048 0.709828 0.260823 0.708823 0.267622 0.704920 0.268021 0.704567 0.272800 0.698370 0.274844 0.690815 0.273840 0.683054 0.269944 0.676267 0.263746 0.671488 0.256192 0.669444 0.248431 0.670447 0.241643 0.674343 0.241199 0.674644 0.236412 0.680852
0 0.577161 0.694678 0.577293 0.695013 0.580034 0.701954 0.580172 0.702302 0.585621 0.707933 0.592810 0.711052 0.600645 0.711180 0.607934 0.708302 0.613565 0.702853 0.616683 0.695664 0.616812 0.687829 0.613934 0.680540 0.613738 0.680230 0.608298 0.674609 0.601121 0.671496 0.593300 0.671367 0.586024 0.674240 0.580402 0.679680 0.577289 0.686857
0 0.480656 0.446978 0.481569 0.450448 0.483511 0.454413 0.486189 0.458275 0.489197 0.461451 0.492082 0.463459 0.494407 0.463995 0.504970 0.466316 0.509576 0.463140 0.511953 0.461431 0.517145 0.453070 0.517544 0.449816 0.516366 0.445176 0.513786 0.439860 0.510199 0.434686 0.506158 0.430452 0.502285 0.427806 0.499173 0.427148 0.489460 0.428987 0.484831 0.432148 0.482509 0.433919 0.480913 0.444531
0 0.917900 0.555912 0.919356 0.563599 0.923641 0.570143 0.930105 0.574549 0.937763 0.576146 0.938516 0.576277 0.946216 0.574819 0.952772 0.570527 0.957185 0.564051 0.958785 0.556381 0.957327 0.548681 0.953034 0.542125 0.946559 0.537712 0.938888 0.536112 0.938134 0.536050 0.930448 0.537505 0.923903 0.541791 0.919498 0.548255
0 0.055962 0.168003 0.058049 0.175556 0.062866 0.181737 0.063617 0.182284 0.070422 0.186143 0.078185 0.187106 0.085725 0.185023 0.091895 0.180214 0.095754 0.173410 0.096717 0.165647 0.094634 0.158106 0.089825 0.151936 0.089119 0.151337 0.082303 0.147471 0.074527 0.146507 0.066973 0.148593 0.060792 0.153410 0.056927 0.160226
0 0.467304 0.904516 0.473572 0.914603 0.488171 0.918481 0.519044 0.926491 0.551531 0.934658 0.551926 0.933990 0.552887 0.930829 0.555160 0.922365 0.557989 0.911442 0.559796 0.904262 0.561160 0.898609 0.561572 0.896715 0.505555 0.849582 0.505001 0.849436 0.503318 0.849477 0.500761 0.849697 0.497720 0.850064 0.494661 0.850522 0.492052 0.851001 0.490293 0.851426 0.489649 0.851735 0.473483 0.881081 0.473283 0.881672 0.472643 0.883960 0.471658 0.887602 0.470478 0.892042 0.469286 0.896598 0.468264 0.900570 0.467568 0.903351
0 0.775661 0.917856 0.775828 0.925464 0.776793 0.926992 0.809219 0.930303 0.812700 0.930598 0.842055 0.932656 0.857633 0.933738 0.866585 0.926408 0.867354 0.924815 0.868094 0.921632 0.868693 0.917343 0.869056 0.912607 0.869130 0.908151 0.868903 0.904659 0.861112 0.868922 0.859953 0.867705 0.857881 0.866233 0.855213 0.864731 0.852358 0.863429 0.849753 0.862527 0.847795 0.862161 0.846783 0.862387 0.780558 0.887061 0.778936 0.888981 0.778186 0.891940 0.777080 0.898923 0.776265 0.906829
