0 0.461726 0.544657 0.462935 0.547908 0.463250 0.548386 0.463680 0.548559 0.468746 0.548632 0.472359 0.548570 0.472712 0.548342 0.473805 0.547515 0.473914 0.546983 0.473250 0.539895 0.473042 0.539378 0.472650 0.539189 0.469067 0.539497 0.463601 0.540105 0.463208 0.540321 0.462526 0.540805 0.462305 0.541311
0 0.419716 0.505213 0.420245 0.507085 0.421272 0.508545 0.422639 0.509370 0.424139 0.509434 0.425026 0.509324 0.426414 0.508626 0.427858 0.506877 0.428314 0.506306 0.428746 0.505035 0.428779 0.503640 0.428410 0.502335 0.427694 0.501316 0.426617 0.500202 0.425266 0.499387 0.423784 0.499323 0.422882 0.499315 0.421477 0.500021 0.420383 0.501390 0.419764 0.503213
0 0.652882 0.210204 0.658462 0.218315 0.664544 0.210876 0.665300 0.209548 0.659695 0.201400 0.653585 0.208874
0 0.548679 0.510144 0.550137 0.532122 0.550368 0.532270 0.583487 0.528363 0.582022 0.506284 0.581646 0.506255
0 0.580356 0.566376 0.581654 0.581844 0.582944 0.583217 0.583903 0.584179 0.594324 0.566782 0.586496 0.558445 0.585507 0.557777 0.583584 0.558371 0.583356 0.558491 0.582927 0.558987 0.582362 0.559782 0.581748 0.560756 0.581176 0.561762 0.580734 0.562647 0.580488 0.563279 0.580476 0.563560
0 0.415334 0.623010 0.418478 0.624662 0.421228 0.622726 0.422133 0.621316 0.422305 0.620921 0.422590 0.620118 0.422943 0.619030 0.423311 0.617820 0.423639 0.616673 0.423878 0.615760 0.423991 0.615220 0.423368 0.611574 0.420296 0.609960 0.418432 0.612532
0 0.292038 0.361238 0.308514 0.363261 0.308967 0.363308 0.310833 0.336293 0.310867 0.335708 0.310885 0.335127 0.310887 0.334551 0.310874 0.333991 0.310845 0.333456 0.310483 0.333363 0.309282 0.333057 0.296015 0.331427 0.292698 0.331020 0.292618 0.331532 0.292554 0.332078 0.292504 0.332647 0.292471 0.333230 0.292455 0.333824
0 0.561516 0.607818 0.567232 0.618621 0.567853 0.619717 0.581482 0.606897 0.581095 0.606111 0.580133 0.604291 0.577245 0.598833 0.576282 0.597014 0.575713 0.595993 0.575020 0.595115 0.572991 0.594906 0.572741 0.594927 0.572219 0.595235 0.571507 0.595783 0.570713 0.596488 0.563953 0.602847 0.563193 0.603604 0.562582 0.604301 0.562211 0.604832 0.562138 0.605116
0 0.539101 0.409319 0.540965 0.411576 0.541672 0.412174 0.542548 0.412699 0.543458 0.413069 0.544264 0.413229 0.546909 0.413230 0.553937 0.389214 0.555218 0.382987 0.547484 0.379112 0.546911 0.381102 0.539896 0.405999
0 0.588980 0.543701 0.588994 0.543928 0.589296 0.544451 0.589839 0.545193 0.590540 0.546039 0.591293 0.546860 0.591981 0.547530 0.592499 0.547946 0.592769 0.548045 0.600208 0.539885 0.600917 0.537065 0.600877 0.536775 0.600456 0.536090 0.599721 0.535115 0.598784 0.534000 0.597785 0.532910 0.596876 0.532011 0.596192 0.531438 0.595838 0.531279 0.593865 0.532651
0 0.534721 0.468219 0.538528 0.478015 0.539065 0.477708 0.553962 0.467416 0.550103 0.457484 0.535205 0.467776
