0 0.569322 0.550659 0.569722 0.551108 0.575785 0.557437 0.576990 0.558669 0.577323 0.558619 0.577758 0.558094 0.586918 0.542493 0.587204 0.541791 0.587178 0.541317 0.585598 0.539359 0.579513 0.533302
0 0.546793 0.565574 0.547225 0.566180 0.556558 0.570996 0.558543 0.569454 0.558688 0.569310 0.558950 0.568715 0.559286 0.567759 0.559647 0.566587 0.562654 0.556229 0.562982 0.555025 0.563227 0.553977 0.563352 0.553244 0.563337 0.552938 0.562578 0.550256 0.562006 0.549796 0.561165 0.549342 0.555007 0.546164 0.553467 0.545370 0.552758 0.545024
0 0.398572 0.507137 0.411520 0.521039 0.411926 0.520942 0.432682 0.486571 0.419793 0.472733 0.419424 0.472608
0 0.594400 0.284833 0.595370 0.288987 0.597435 0.292320 0.600279 0.294322 0.603469 0.294693 0.606520 0.293376 0.606705 0.293184 0.607034 0.292841 0.607869 0.291885 0.609064 0.290475 0.610540 0.286608 0.610817 0.282265 0.610612 0.279041 0.610283 0.277625 0.609582 0.276487 0.607791 0.274769 0.604946 0.272758 0.601750 0.272380 0.600132 0.272751 0.599090 0.273200 0.598253 0.274157 0.596235 0.276508 0.596150 0.276615 0.594674 0.280487
0 0.428198 0.393135 0.428526 0.393624 0.444932 0.396064 0.445847 0.385126 0.446304 0.378661 0.446337 0.377890 0.446337 0.377323 0.446304 0.377048 0.443103 0.375461 0.440634 0.375094 0.435695 0.374360 0.433225 0.373993 0.429841 0.374600 0.429765 0.374657 0.429673 0.375041 0.429578 0.375692 0.429496 0.376512
0 0.244691 0.377337 0.249189 0.401756 0.249296 0.402293 0.249424 0.402841 0.249571 0.403396 0.249736 0.403948 0.249914 0.404488 0.250426 0.404869 0.251639 0.405771 0.252097 0.406111 0.255236 0.404734 0.264653 0.400603 0.267792 0.399226 0.267755 0.398801 0.267693 0.398334 0.267608 0.397833 0.267502 0.397307 0.267373 0.396758 0.261014 0.370988 0.260408 0.370442
0 0.314566 0.680537 0.327596 0.694195 0.328285 0.693418 0.338488 0.676115 0.325510 0.662511 0.324810 0.663164
0 0.543100 0.438092 0.549437 0.456023 0.549945 0.456273 0.550596 0.456353 0.552080 0.456425 0.553726 0.456429 0.555983 0.456343 0.557495 0.456182 0.557727 0.455987 0.557807 0.446959 0.557800 0.445996 0.557609 0.437970 0.557502 0.433718 0.555838 0.431427 0.555466 0.431310 0.554776 0.431228 0.553873 0.431194 0.552896 0.431214 0.551994 0.431284 0.551306 0.431393 0.550937 0.431526 0.544399 0.434205 0.544221 0.434281 0.543977 0.434659 0.543704 0.435283 0.543445 0.436058 0.543240 0.436864 0.543118 0.437578
0 0.544841 0.824549 0.545021 0.825853 0.556274 0.842095 0.568456 0.827092 0.568182 0.825782 0.556974 0.809605
0 0.375467 0.471162 0.375920 0.473264 0.459334 0.477936 0.460369 0.458452 0.460268 0.456310 0.377366 0.451668
0 0.495670 0.410223 0.495678 0.410378 0.495814 0.412522 0.496555 0.414434 0.497788 0.415822 0.499326 0.416475 0.500935 0.416294 0.502369 0.415306 0.503410 0.413661 0.503900 0.411610 0.503907 0.411458 0.503771 0.409310 0.503028 0.407395 0.501792 0.406004 0.500252 0.405350 0.498640 0.405531 0.497204 0.406521 0.496161 0.408169
0 0.485637 0.403721 0.485768 0.406382 0.486290 0.408876 0.488158 0.411789 0.489091 0.413114 0.491751 0.414713 0.493767 0.414742 0.494805 0.414756 0.497784 0.413230 0.500230 0.410365 0.501764 0.406603 0.502152 0.402523 0.501875 0.401242 0.501337 0.398754 0.500448 0.397374 0.498555 0.394482 0.495879 0.392916 0.493863 0.392909 0.491822 0.393428 0.489866 0.394444 0.487436 0.397299 0.485904 0.401039
0 0.526747 0.411175 0.541736 0.420524 0.541928 0.420158 0.563060 0.359926 0.548002 0.350534 0.526869 0.410766
