0 0.390541 0.148140 0.390601 0.150570 0.390717 0.153581 0.395317 0.257957 0.395471 0.261072 0.395637 0.263794 0.395792 0.265707 0.395910 0.266522 0.476015 0.262992 0.476010 0.262591 0.475951 0.261033 0.475849 0.258558 0.475718 0.255542 0.471140 0.151643 0.471000 0.148523 0.470871 0.145754 0.470773 0.143756 0.470720 0.142834 0.390615 0.146364 0.390546 0.146664
0 0.396689 0.607632 0.396924 0.610719 0.410684 0.714271 0.411257 0.717262 0.412078 0.719682 0.413021 0.721162 0.413942 0.721477 0.490801 0.712484 0.491499 0.711593 0.491927 0.709623 0.492023 0.706876 0.491197 0.691457 0.480610 0.611783 0.477431 0.597061 0.476640 0.594577 0.475740 0.593000 0.474868 0.592574 0.398100 0.602259 0.397327 0.603053 0.396831 0.604940
0 0.351109 0.597419 0.351663 0.597804 0.353171 0.598778 0.355404 0.600196 0.438670 0.652746 0.441326 0.654415 0.443936 0.656039 0.446101 0.657369 0.447489 0.658204 0.447891 0.658416 0.490874 0.589659 0.490511 0.589386 0.489157 0.588499 0.487017 0.587132 0.484418 0.585495 0.470876 0.577034 0.406479 0.537152 0.395867 0.530653 0.394330 0.529728 0.393739 0.529403
0 0.045999 0.816447 0.052616 0.895779 0.053698 0.896139 0.055832 0.896299 0.058690 0.896234 0.074419 0.895091 0.154226 0.885565 0.168689 0.883105 0.171071 0.882544 0.172490 0.881960 0.172728 0.881442 0.165418 0.802193 0.164436 0.801754 0.162387 0.801527 0.159585 0.801546 0.156456 0.801809 0.052729 0.814189 0.049770 0.814653 0.047452 0.815246 0.046128 0.815876
0 0.108597 0.520694 0.110156 0.530407 0.113173 0.535007 0.115640 0.537268 0.125853 0.538754 0.128674 0.538959 0.132414 0.537986 0.136507 0.535984 0.140335 0.533259 0.143320 0.530219 0.145010 0.527326 0.147521 0.518262 0.147752 0.514401 0.144719 0.509823 0.142314 0.507506 0.134291 0.502397 0.130538 0.502068 0.125535 0.503326 0.120046 0.505985 0.114918 0.509637 0.110940 0.513719 0.108721 0.517603
0 0.105848 0.434466 0.106305 0.436898 0.109058 0.441969 0.117122 0.448403 0.119629 0.449149 0.123887 0.448561 0.129245 0.446723 0.134880 0.443916 0.139925 0.440574 0.143604 0.437211 0.145358 0.434342 0.144399 0.424371 0.143862 0.421966 0.141137 0.416893 0.130307 0.413690 0.128414 0.413171 0.125225 0.413643 0.121225 0.415031 0.117018 0.417126 0.113240 0.419611 0.110462 0.422111 0.109106 0.424247
0 0.103969 0.782843 0.105222 0.790579 0.109340 0.797246 0.115695 0.801830 0.123321 0.803633 0.131057 0.802380 0.137724 0.798262 0.138347 0.797750 0.142922 0.791405 0.144722 0.783792 0.143471 0.776070 0.139361 0.769414 0.133016 0.764839 0.125404 0.763038 0.117681 0.764290 0.111025 0.768400 0.110356 0.768862 0.105773 0.775218
0 0.236788 0.895864 0.237100 0.898046 0.238034 0.901548 0.239447 0.905837 0.241122 0.910254 0.242803 0.914121 0.244231 0.916845 0.245188 0.918012 0.255877 0.922551 0.261525 0.920409 0.269589 0.913052 0.270002 0.912311 0.269532 0.909388 0.268254 0.904735 0.266365 0.899060 0.264148 0.893216 0.261938 0.888082 0.260066 0.884434 0.258818 0.882827 0.248082 0.882619 0.242447 0.884756 0.241869 0.885621
0 0.750851 0.840900 0.770187 0.884833 0.773311 0.889282 0.782548 0.891628 0.783763 0.891775 0.786482 0.891158 0.790292 0.889869 0.794610 0.888104 0.831559 0.871842 0.835713 0.869877 0.839053 0.868019 0.841072 0.866552 0.847379 0.856682 0.827819 0.812241 0.824072 0.808673
0 0.837735 0.198117 0.876082 0.209500 0.884879 0.202705 0.898858 0.155613 0.890828 0.146272 0.888727 0.145115 0.885213 0.143715 0.880821 0.142286 0.876226 0.141047 0.872134 0.140190 0.869171 0.139843 0.867788 0.140059 0.859615 0.143964 0.851395 0.152102
0 0.598924 0.510179 0.634190 0.529262 0.636060 0.529669 0.674758 0.458155 0.639001 0.438807 0.637090 0.439648
0 0.326036 0.286186 0.326627 0.299298 0.328620 0.301605 0.329491 0.302518 0.331518 0.304594 0.334389 0.307513 0.337671 0.310834 0.340867 0.314057 0.343496 0.316694 0.345160 0.318346 0.345602 0.318759 0.358153 0.319500 0.392265 0.285732 0.389745 0.280719 0.360946 0.251627
0 0.530586 0.903015 0.531012 0.908633 0.612036 0.915475 0.615458 0.874963 0.613870 0.869808 0.533960 0.863060
0 0.121411 0.719628 0.127797 0.733412 0.139893 0.759495 0.141409 0.762659 0.156225 0.792365 0.157605 0.791710 0.164481 0.788395 0.174447 0.783579 0.181591 0.780123 0.187902 0.777064 0.190576 0.775767 0.192312 0.774911 0.191161 0.702354 0.191145 0.701669 0.190223 0.700268 0.188537 0.698364 0.186343 0.696249 0.183976 0.694245 0.181799 0.692661 0.180145 0.691737 0.179266 0.691613 0.146458 0.698043 0.144612 0.698803 0.141424 0.700238 0.137377 0.702131 0.133094 0.704192 0.129231 0.706104 0.126382 0.707574 0.124981 0.708376
0 0.213009 0.808005 0.213501 0.810825 0.214506 0.813794 0.215869 0.816458 0.217383 0.818409 0.218815 0.819351 0.284937 0.847766 0.288281 0.844613 0.291076 0.841937 0.296778 0.836450 0.302643 0.830784 0.310107 0.823545 0.314468 0.819279 0.301207 0.804568 0.292120 0.794680 0.289691 0.792148 0.258173 0.761866 0.246457 0.761073 0.245754 0.761555 0.243821 0.763246 0.240950 0.765891 0.237580 0.769088 0.234228 0.772345 0.231410 0.775162 0.229556 0.777106 0.228948 0.777885 0.213772 0.804449 0.213105 0.805766
0 0.177248 0.663855 0.185978 0.676399 0.202512 0.700098 0.204568 0.702937 0.224456 0.729358 0.225670 0.728771 0.231825 0.724515 0.240764 0.718102 0.247181 0.713394 0.252858 0.709124 0.255269 0.707235 0.256860 0.705682 0.242617 0.634283 0.241469 0.632979 0.239476 0.631343 0.236942 0.629625 0.234255 0.628088 0.231826 0.626967 0.230027 0.626434 0.229131 0.626569 0.198033 0.638296 0.196366 0.639220 0.193496 0.641078 0.189858 0.643589 0.186011 0.646369 0.182547 0.648989 0.179996 0.651048 0.178747 0.652232
0 0.014474 0.229419 0.014848 0.232560 0.015572 0.235345 0.016535 0.237353 0.017593 0.238279 0.077825 0.282493 0.081007 0.281361 0.086106 0.278857 0.095017 0.273891 0.103140 0.268852 0.107949 0.265253 0.112024 0.261533 0.112406 0.260390 0.102479 0.243309 0.095679 0.232088 0.093827 0.229089 0.069220 0.192617 0.057957 0.189633 0.056998 0.189600 0.054602 0.190525 0.051130 0.192270 0.047114 0.194568 0.043171 0.197067 0.039905 0.199382 0.037817 0.201160 0.015709 0.222468 0.014939 0.223959 0.014506 0.226400
0 0.522745 0.475615 0.523404 0.477527 0.524729 0.479941 0.526519 0.482488 0.528499 0.484778 0.530367 0.486461 0.531837 0.487279 0.604008 0.495306 0.605650 0.492704 0.607374 0.489823 0.611142 0.483455 0.615205 0.476529 0.620627 0.467211 0.624099 0.461160 0.624368 0.460547 0.596199 0.443038 0.593171 0.441267 0.567816 0.427593 0.554387 0.420418 0.543282 0.422770 0.543025 0.422891 0.541880 0.424562 0.540020 0.427533 0.537727 0.431351 0.535354 0.435430 0.533265 0.439144 0.531781 0.441922 0.531127 0.443344 0.522853 0.474496
0 0.308280 0.812400 0.320326 0.828646 0.356310 0.840207 0.407609 0.815372 0.422541 0.779163 0.411758 0.762306 0.375258 0.750941 0.360784 0.757947 0.323715 0.775893
0 0.211702 0.527077 0.236945 0.556230 0.256240 0.557715 0.283535 0.529771 0.285541 0.472541 0.260267 0.442821 0.240923 0.442738 0.213699 0.470117
0 0.490354 0.512511 0.504387 0.568123 0.539209 0.588913 0.559999 0.554091 0.545966 0.498479 0.511144 0.477689
0 0.175110 0.220005 0.178823 0.223205 0.218585 0.250094 0.228557 0.246781 0.229428 0.246355 0.231192 0.244476 0.233579 0.241434 0.236227 0.237688 0.238737 0.233806 0.240730 0.230372 0.241904 0.227906 0.242078 0.226786 0.240992 0.216959 0.237998 0.213687 0.197777 0.186487
0 0.596898 0.796610 0.598018 0.800039 0.634866 0.816755 0.654925 0.772537 0.650239 0.759862 0.649206 0.759140 0.646662 0.757773 0.642999 0.755968 0.638770 0.754000 0.634613 0.752164 0.631157 0.750739 0.628923 0.749940 0.628257 0.749890 0.616727 0.752898
0 0.862471 0.519347 0.871487 0.566493 0.883131 0.573760 0.884540 0.573685 0.887548 0.573275 0.891696 0.572592 0.896352 0.571740 0.900798 0.570851 0.904353 0.570061 0.906473 0.569490 0.906839 0.569226 0.915524 0.559661 0.906403 0.511970 0.901759 0.511833
0 0.450196 0.974743 0.457288 0.981581 0.458143 0.982342 0.460695 0.983241 0.464556 0.984138 0.469138 0.984897 0.473737 0.985401 0.477645 0.985572 0.480265 0.985385 0.490281 0.980257 0.496898 0.932156 0.496934 0.927217 0.457307 0.921766 0.450765 0.969318
0 0.605221 0.926048 0.606688 0.931987 0.626154 0.967680 0.661847 0.948213 0.659622 0.942051 0.640423 0.906849
