0 0.495086 0.503004 0.498793 0.524713 0.508563 0.521747 0.509865 0.518942 0.509836 0.518720 0.509727 0.518037 0.509554 0.516997 0.509344 0.515758 0.507495 0.504929 0.507280 0.503685 0.507095 0.502629 0.506967 0.501923 0.506916 0.501674 0.504855 0.500038 0.504800 0.500038 0.495142 0.502970
0 0.472102 0.586893 0.487920 0.594270 0.488512 0.592160 0.492844 0.574932 0.477213 0.567641 0.472646 0.584760
0 0.527625 0.423326 0.535259 0.442878 0.535773 0.442570 0.542603 0.437828 0.543910 0.436882 0.544033 0.436453 0.543862 0.435706 0.537000 0.418132 0.536630 0.417497 0.536277 0.417336 0.534112 0.418482
0 0.413057 0.466063 0.427143 0.478219 0.428145 0.478518 0.432640 0.469257 0.418748 0.457268 0.417615 0.456673
0 0.408454 0.523294 0.409099 0.528834 0.409345 0.530089 0.409932 0.531123 0.410772 0.531778 0.411736 0.531955 0.416127 0.532377 0.420034 0.531297 0.420975 0.530969 0.421168 0.530894 0.421941 0.530112 0.422432 0.528995 0.422564 0.527713 0.423115 0.522095 0.422072 0.516677 0.421826 0.515425 0.421240 0.514393 0.420403 0.513739 0.419441 0.513563 0.415460 0.513033 0.415266 0.513063 0.410947 0.514254 0.410005 0.514582 0.409230 0.515366 0.408738 0.516485 0.408605 0.517770
0 0.465262 0.540025 0.485294 0.540664 0.487182 0.538273 0.487204 0.537970 0.487231 0.537210 0.487259 0.536109 0.487285 0.534833 0.487305 0.533576 0.487315 0.532527 0.487313 0.531844 0.487301 0.531634 0.485660 0.529197 0.467704 0.517616 0.466053 0.517563 0.465661 0.517766
0 0.537986 0.498333 0.541271 0.498811 0.551127 0.500244 0.554412 0.500721 0.554919 0.499807 0.554974 0.499262 0.555027 0.498696 0.555077 0.498120 0.555122 0.497543 0.555163 0.496970 0.556937 0.470742 0.540489 0.468351 0.540376 0.468686 0.538171 0.495655 0.538125 0.496233 0.538083 0.496795 0.538045 0.497338 0.538013 0.497854
0 0.564995 0.471088 0.565119 0.471789 0.565363 0.472810 0.565691 0.473997 0.568699 0.484273 0.569062 0.485449 0.569407 0.486439 0.569680 0.487094 0.569841 0.487312 0.571676 0.488585 0.576953 0.487744 0.580255 0.486026 0.573812 0.464012 0.568750 0.466480 0.565675 0.468080 0.565012 0.470814
0 0.437924 0.557816 0.438859 0.558914 0.443220 0.564034 0.444154 0.565130 0.457267 0.578684 0.457522 0.578441 0.458008 0.577821 0.458651 0.576917 0.459071 0.576289 0.459615 0.575452 0.460005 0.574834 0.460508 0.573977 0.460784 0.573424 0.460793 0.573261 0.449068 0.557641 0.448137 0.556546 0.443787 0.551432 0.442854 0.550336 0.442529 0.550723 0.441880 0.551617 0.441008 0.552881 0.440042 0.554324 0.439129 0.555730 0.438406 0.556888 0.437982 0.557621
0 0.425308 0.617934 0.425418 0.618814 0.425772 0.619570 0.426316 0.620088 0.426968 0.620289 0.427628 0.620143 0.430621 0.618213 0.431718 0.617300 0.431796 0.617166 0.432546 0.615765 0.432838 0.614087 0.432625 0.612389 0.431942 0.610928 0.430891 0.609927 0.429633 0.609539 0.428359 0.609822 0.427263 0.610734 0.427180 0.610861 0.426428 0.612263 0.425459 0.617066
0 0.466989 0.588228 0.470301 0.600836 0.478181 0.597156 0.478430 0.596045 0.475156 0.583581 0.472863 0.582574 0.472721 0.582548 0.472243 0.582693 0.471503 0.582987 0.470614 0.583384 0.469710 0.583824 0.468927 0.584242 0.468383 0.584574 0.468163 0.584769
0 0.404803 0.507656 0.405409 0.509655 0.406542 0.511194 0.408031 0.512037 0.409649 0.512056 0.409804 0.512035 0.411302 0.511229 0.412454 0.509720 0.413085 0.507737 0.413099 0.505584 0.412494 0.503588 0.411362 0.502052 0.409876 0.501211 0.408261 0.501192 0.408103 0.501194 0.406603 0.502002 0.405449 0.503513 0.404817 0.505499
0 0.514776 0.596797 0.514788 0.597520 0.514959 0.598647 0.515875 0.599786 0.517096 0.601304 0.528483 0.585018 0.528352 0.584627 0.528222 0.584239 0.528157 0.584047 0.526950 0.582546 0.526044 0.581420 0.525476 0.581494
0 0.405408 0.434713 0.405652 0.456876 0.406085 0.457074 0.422631 0.456750 0.422388 0.434688 0.422031 0.434387
0 0.474746 0.466890 0.475657 0.471959 0.478312 0.486719 0.478664 0.488675 0.479432 0.489977 0.503076 0.466290 0.503981 0.465091 0.503205 0.463768 0.487924 0.453257 0.475759 0.465702
0 0.452816 0.496738 0.453054 0.497169 0.453528 0.497873 0.454166 0.498742 0.454870 0.499642 0.455532 0.500435 0.456050 0.501000 0.456346 0.501252 0.462309 0.505456 0.462500 0.505569 0.462892 0.505528 0.463427 0.505338 0.464022 0.505028 0.464586 0.504646 0.465033 0.504250 0.465295 0.503901 0.470322 0.485195 0.469995 0.484541 0.469541 0.483876 0.468489 0.482436 0.467310 0.480893 0.465681 0.478844 0.464573 0.477545 0.464378 0.477467 0.459531 0.483827 0.459028 0.484519 0.454987 0.490418 0.452855 0.493549
0 0.483095 0.463354 0.483173 0.463522 0.489289 0.470952 0.511579 0.438333 0.511633 0.438049 0.505488 0.430584
