0 0.961714 0.543928 0.963898 0.551439 0.968790 0.557543 0.975646 0.561310 0.976465 0.561416 0.984254 0.562275 0.991778 0.560087 0.997893 0.555187 1.000000 0.548319 1.000000 0.533005 0.995438 0.526890 0.988570 0.523117 0.980780 0.522258 0.979954 0.522220 0.972443 0.524404 0.966338 0.529296 0.962571 0.536152
0 0.478939 0.476082 0.481478 0.483496 0.486661 0.489372 0.486684 0.489391 0.493709 0.492832 0.501517 0.493321 0.508917 0.490787 0.514784 0.485612 0.514809 0.485587 0.518256 0.478550 0.518747 0.470729 0.516208 0.463316 0.511025 0.457439 0.503987 0.453992 0.496166 0.453502 0.488753 0.456041 0.482876 0.461224 0.479429 0.468261
0 0.472000 0.432506 0.472051 0.432625 0.481405 0.438030 0.487365 0.438926 0.496978 0.432371 0.497249 0.430676 0.497746 0.427457 0.498391 0.423207 0.499088 0.418566 0.499733 0.414235 0.500226 0.410868 0.500494 0.408977 0.500494 0.408856 0.493206 0.399732 0.487233 0.398834 0.476695 0.401266 0.476298 0.403484 0.475606 0.407769 0.474723 0.413467 0.473786 0.419704 0.472938 0.425517 0.472312 0.430012
0 0.172594 0.475855 0.172709 0.478264 0.181842 0.483934 0.187786 0.485007 0.188485 0.485042 0.198153 0.478792 0.198846 0.477051 0.199721 0.473806 0.200646 0.469554 0.201479 0.464936 0.202097 0.460648 0.202404 0.457340 0.202355 0.455513 0.195486 0.446260 0.189555 0.445190 0.188858 0.445065 0.178321 0.447175 0.177359 0.449456 0.176157 0.453775 0.174899 0.459477 0.173778 0.465683 0.172969 0.471437
0 0.152938 0.702497 0.155780 0.709800 0.161201 0.715458 0.168375 0.718612 0.176209 0.718780 0.183511 0.715938 0.184055 0.715567 0.189704 0.710155 0.192853 0.702994 0.193020 0.695173 0.190183 0.687883 0.184771 0.682234 0.177610 0.679086 0.169789 0.678919 0.162499 0.681756 0.161918 0.682068 0.156259 0.687490 0.153105 0.694663
0 0.642070 0.568879 0.642138 0.575530 0.642819 0.586141 0.643570 0.594185 0.644498 0.601734 0.645084 0.605255 0.646244 0.608841 0.713919 0.632061 0.715777 0.632073 0.718313 0.631443 0.721142 0.630265 0.723829 0.628720 0.725963 0.627045 0.727219 0.625495 0.734566 0.591855 0.734666 0.588870 0.734525 0.584715 0.734164 0.580027 0.733638 0.575527 0.733028 0.571905 0.732428 0.569715 0.731929 0.569284 0.723405 0.562701 0.722384 0.562449 0.678811 0.564414 0.675324 0.564714 0.642696 0.568611
0 0.510000 0.525745 0.511763 0.528415 0.513850 0.531091 0.518534 0.536864 0.523679 0.543041 0.530665 0.551218 0.535274 0.556380 0.535864 0.556652 0.561770 0.536116 0.564454 0.533862 0.585922 0.514466 0.597236 0.504159 0.598672 0.493060 0.598700 0.492679 0.597560 0.490950 0.595423 0.488134 0.592616 0.484659 0.589568 0.481060 0.586748 0.477889 0.584589 0.475633 0.583419 0.474633 0.556712 0.456639 0.555728 0.456101 0.553733 0.456028 0.551032 0.456433 0.548035 0.457254 0.545203 0.458366 0.542969 0.459598 0.541673 0.460762
0 0.145190 0.847312 0.145543 0.848038 0.148883 0.850366 0.154328 0.853407 0.163921 0.858127 0.172673 0.861879 0.177792 0.863410 0.182025 0.863955 0.197152 0.833832 0.198623 0.830634 0.215330 0.790085 0.211846 0.779275 0.210814 0.778444 0.208273 0.776995 0.204610 0.775149 0.200379 0.773184 0.196220 0.771397 0.192758 0.770058 0.190521 0.769371 0.159408 0.763411 0.157977 0.763619 0.155890 0.764631 0.153463 0.766295 0.151069 0.768356 0.149073 0.770499 0.147782 0.772396 0.147391 0.773757
0 0.365868 0.607202 0.417058 0.658245 0.418555 0.659038 0.420993 0.659569 0.424000 0.659755 0.427117 0.659568 0.429865 0.659037 0.431825 0.658243 0.432699 0.657308 0.451806 0.632268 0.452425 0.631121 0.453617 0.628434 0.455202 0.624614 0.456935 0.620246 0.458551 0.616004 0.459802 0.612536 0.460497 0.610372 0.460532 0.609839 0.455211 0.599531 0.415200 0.581942 0.411935 0.580662 0.380658 0.569604 0.380529 0.569707 0.378059 0.575805 0.374146 0.585663 0.371191 0.593190 0.368428 0.600306 0.367146 0.603658
0 0.804369 0.665435 0.807847 0.670555 0.814203 0.678825 0.819351 0.685137 0.824500 0.691099 0.827117 0.693908 0.830578 0.696869 0.899131 0.677688 0.900791 0.676804 0.902624 0.674966 0.904349 0.672454 0.905703 0.669654 0.906478 0.666993 0.906556 0.664879 0.894520 0.633642 0.893091 0.631301 0.890748 0.628044 0.887849 0.624373 0.884841 0.620852 0.882184 0.618019 0.880286 0.616309 0.879433 0.615978 0.867561 0.615450 0.832543 0.641451 0.829821 0.643650 0.819421 0.652465
0 0.444632 0.649249 0.445048 0.650225 0.446382 0.652615 0.448431 0.656055 0.450883 0.660021 0.453361 0.663902 0.455483 0.667103 0.456927 0.669134 0.457472 0.669688 0.468812 0.672948 0.509927 0.647119 0.509814 0.645438 0.488536 0.611567 0.447890 0.637100 0.447288 0.638685
0 0.325166 0.791435 0.334559 0.839073 0.345058 0.843955 0.345755 0.844232 0.348156 0.844110 0.351895 0.843608 0.356404 0.842802 0.360988 0.841815 0.364942 0.840800 0.367664 0.839911 0.368740 0.839285 0.374257 0.831245 0.375694 0.827459 0.366408 0.780366 0.327164 0.788105
0 0.240909 0.108083 0.252878 0.155140 0.255702 0.159081 0.264203 0.163423 0.265403 0.163641 0.268194 0.163373 0.272149 0.162661 0.276670 0.161615 0.281073 0.160392 0.284695 0.159176 0.286987 0.158151 0.287596 0.157473 0.294468 0.149221 0.282636 0.102702 0.280123 0.098109
0 0.486103 0.325947 0.486421 0.329926 0.526312 0.332873 0.526927 0.328964 0.530548 0.279975 0.522890 0.272029 0.521993 0.271656 0.519371 0.271201 0.515423 0.270735 0.510751 0.270328 0.506074 0.270044 0.502109 0.269926 0.499464 0.269991 0.498538 0.270230 0.489723 0.276958
0 0.617656 0.361566 0.625189 0.370300 0.625934 0.370591 0.628381 0.371077 0.632154 0.371685 0.636683 0.372321 0.676429 0.377572 0.681040 0.378143 0.685047 0.378564 0.687844 0.378770 0.689003 0.378731 0.699244 0.370566 0.705604 0.322429 0.625376 0.311829 0.623943 0.313980
0 0.400453 0.881461 0.445495 0.899595 0.456743 0.893028 0.457029 0.892694 0.457961 0.890701 0.459396 0.887351 0.461116 0.883153 0.476193 0.845705 0.477930 0.841316 0.479412 0.837419 0.480414 0.834611 0.480783 0.833317 0.475995 0.820817 0.431469 0.802890 0.401591 0.877102
0 0.339695 0.250173 0.365256 0.326955 0.366796 0.328933 0.412339 0.313771 0.417405 0.302367 0.417224 0.301757 0.416492 0.299501 0.415322 0.295948 0.413890 0.291634 0.401226 0.253595 0.399746 0.249162 0.398438 0.245269 0.397499 0.242505 0.397074 0.241294 0.385764 0.234836
0 0.863935 0.576705 0.868996 0.577772 0.950003 0.581892 0.952064 0.541389 0.945864 0.540821 0.865967 0.536757
0 0.232564 0.646654 0.233093 0.682688 0.242558 0.735847 0.282456 0.732206 0.282290 0.726170 0.277131 0.669851 0.272728 0.642990 0.253436 0.643922
0 0.378278 0.760698 0.379177 0.773904 0.385226 0.830806 0.391521 0.835891 0.442374 0.772940 0.443033 0.769821 0.405694 0.739658 0.393446 0.741922 0.393010 0.742316 0.391489 0.744076 0.389117 0.746931 0.386254 0.750447 0.383331 0.754094 0.380790 0.757321 0.379014 0.759641
0 0.433443 0.729649 0.437136 0.736849 0.491605 0.754386 0.502714 0.756858 0.503536 0.756778 0.505874 0.755869 0.509373 0.754268 0.513499 0.752220 0.517619 0.750039 0.521098 0.748061 0.523405 0.746587 0.524192 0.745842 0.527608 0.735920 0.527292 0.733223 0.505386 0.690514 0.434203 0.727024
0 0.649482 0.162423 0.679167 0.189379 0.706123 0.159695 0.707072 0.158128 0.677251 0.131048 0.650171 0.160869
0 0.793189 0.454431 0.832159 0.463873 0.833688 0.463707 0.843173 0.424558 0.804024 0.415072 0.802631 0.415461
0 0.750167 0.564888 0.751319 0.565187 0.791502 0.568004 0.794319 0.527821 0.792970 0.527693 0.752971 0.524889
0 0.159128 0.191004 0.188633 0.218428 0.190060 0.219718 0.217359 0.190348 0.216058 0.188923 0.186553 0.161498
