0 0.255122 0.806132 0.474648 0.905823 0.507879 0.832647 0.507842 0.831127 0.289319 0.731892 0.288352 0.732957
0 0.062963 0.163408 0.064965 0.164952 0.283452 0.265672 0.317025 0.192844 0.316183 0.191429 0.096692 0.090245
0 0.083309 0.664174 0.083534 0.666599 0.089412 0.677109 0.137761 0.681576 0.141901 0.679501 0.145581 0.639671 0.097785 0.635255 0.093135 0.636819 0.086220 0.643258 0.085589 0.644363 0.084883 0.647136 0.084210 0.651158 0.083674 0.655813 0.083357 0.660386
0 0.333260 0.458825 0.333281 0.459776 0.338963 0.469303 0.386371 0.479797 0.387669 0.480028 0.396315 0.440973 0.395116 0.440291 0.347709 0.429797 0.338498 0.436208 0.338086 0.437022 0.337338 0.439512 0.336367 0.443302 0.335322 0.447812 0.334364 0.452350 0.333640 0.456217
0 0.690033 0.818944 0.690125 0.820270 0.698292 0.831579 0.746114 0.839984 0.753118 0.800132 0.750225 0.796702 0.702949 0.788394 0.694303 0.796496 0.693888 0.797009 0.693220 0.799248 0.692401 0.802869 0.691554 0.807323 0.690807 0.811938 0.690273 0.816017
0 0.437457 0.635472 0.437874 0.636423 0.439229 0.638778 0.441317 0.642180 0.443820 0.646109 0.446351 0.649961 0.448524 0.653143 0.450004 0.655172 0.450569 0.655738 0.461899 0.658762 0.502665 0.632386 0.502634 0.630873 0.480906 0.597289 0.440605 0.623364 0.439919 0.624790
0 0.482311 0.723600 0.541881 0.778375 0.547359 0.772418 0.544566 0.702270 0.543832 0.701382 0.541862 0.699391 0.538958 0.696600 0.535559 0.693434 0.532179 0.690368 0.529328 0.687866 0.527438 0.686307 0.526798 0.685932 0.515002 0.685711 0.482513 0.721045
0 0.060478 0.327033 0.065326 0.339535 0.065533 0.339808 0.067273 0.341013 0.070285 0.342967 0.074108 0.345372 0.078156 0.347859 0.081805 0.350044 0.084499 0.351595 0.085827 0.352276 0.099475 0.350123 0.154563 0.337262 0.158785 0.330467 0.090837 0.288241 0.086107 0.285793
0 0.807743 0.444385 0.830270 0.521148 0.831027 0.521196 0.869496 0.509907 0.862358 0.471106 0.850938 0.432191 0.846125 0.433121
0 0.297019 0.176407 0.297378 0.177655 0.298771 0.179276 0.300983 0.181023 0.314133 0.189436 0.385478 0.226447 0.399319 0.232036 0.401791 0.232719 0.403574 0.232746 0.404395 0.232110 0.440676 0.164784 0.440440 0.163531 0.439154 0.161904 0.437013 0.160151 0.434344 0.158541 0.341616 0.110437 0.338843 0.109224 0.336406 0.108602 0.334677 0.108665 0.333920 0.109402
0 0.751272 0.577342 0.753024 0.655831 0.753424 0.656473 0.754989 0.657011 0.757479 0.657366 0.772285 0.658275 0.852658 0.657974 0.868257 0.656951 0.871046 0.656577 0.873058 0.656025 0.873987 0.655378 0.871537 0.576892 0.871239 0.576186 0.869763 0.575591 0.867334 0.575198 0.864320 0.575068 0.759859 0.575459 0.756741 0.575612 0.754014 0.576024 0.752094 0.576632
0 0.565481 0.208716 0.578028 0.287912 0.578562 0.288002 0.580218 0.287887 0.582742 0.287586 0.585751 0.287144 0.688470 0.270870 0.691527 0.270351 0.694187 0.269830 0.696047 0.269388 0.696821 0.269090 0.684274 0.189895 0.683832 0.189718 0.682250 0.189760 0.679766 0.190013 0.665042 0.191973 0.585574 0.204564 0.570519 0.207322 0.567910 0.207875 0.566141 0.208365
0 0.195254 0.382964 0.195485 0.383214 0.196682 0.384130 0.198662 0.385574 0.201123 0.387325 0.286525 0.447509 0.289076 0.449290 0.291310 0.450816 0.292888 0.451855 0.293568 0.452248 0.339757 0.386705 0.339118 0.386254 0.244949 0.319891 0.241443 0.317421
0 0.444862 0.254459 0.447778 0.267241 0.487638 0.293984 0.532210 0.227551 0.532582 0.224401 0.492261 0.197349 0.480724 0.201007 0.480186 0.201376 0.478703 0.203219 0.476498 0.206258 0.473910 0.210029 0.451418 0.243552 0.448850 0.247468 0.446701 0.250916 0.445301 0.253371
0 0.832254 0.143857 0.859833 0.172964 0.864848 0.168405 0.923874 0.112479 0.895911 0.082966 0.836886 0.138892
0 0.270900 0.070174 0.270956 0.071643 0.273589 0.076567 0.280926 0.088973 0.327168 0.101845 0.337895 0.063311 0.334103 0.053096 0.286780 0.039922 0.276958 0.048411 0.275993 0.050455 0.274758 0.053942 0.273440 0.058340 0.272243 0.062974 0.271351 0.067130
0 0.810313 0.547198 0.811035 0.550587 0.812402 0.554774 0.814209 0.559127 0.830712 0.595003 0.832701 0.598899 0.834565 0.601730 0.836021 0.603067 0.846029 0.611880 0.890042 0.593905 0.894548 0.583363 0.860973 0.511286 0.816693 0.529222 0.810349 0.545121
0 0.328194 0.264295 0.329648 0.271998 0.333942 0.278558 0.334227 0.278939 0.340692 0.283350 0.348353 0.284949 0.356043 0.283497 0.362591 0.279211 0.367002 0.272746 0.368602 0.265086 0.367149 0.257396 0.366920 0.256978 0.362627 0.250418 0.356151 0.246000 0.348477 0.244397 0.340774 0.245852 0.334214 0.250145 0.329796 0.256621
0 0.535475 0.394428 0.535696 0.399277 0.536971 0.402346 0.544561 0.408636 0.547207 0.409659 0.552608 0.411231 0.555903 0.409303 0.564009 0.404551 0.566079 0.401808 0.567936 0.397891 0.569301 0.393394 0.569966 0.388996 0.569831 0.385360 0.568913 0.383040 0.564052 0.373508 0.561439 0.372409 0.556022 0.370858 0.546128 0.372161 0.543472 0.373649 0.540676 0.377284 0.538172 0.382515 0.536344 0.388539
0 0.431937 0.104617 0.434293 0.111943 0.435899 0.116852 0.439294 0.120220 0.443188 0.123111 0.448783 0.123534 0.455761 0.121637 0.459621 0.120367 0.463395 0.117768 0.466504 0.114236 0.468471 0.110312 0.470024 0.104603 0.470899 0.098405 0.469237 0.093515 0.465872 0.090109 0.461935 0.087270 0.454094 0.084828 0.449610 0.084536 0.444470 0.086264 0.439450 0.089743 0.435310 0.094448 0.432671 0.099669
0 0.693944 0.902239 0.695970 0.909795 0.696308 0.910500 0.701078 0.916717 0.707865 0.920634 0.715634 0.921657 0.723203 0.919627 0.729420 0.914857 0.733337 0.908070 0.734360 0.900301 0.732330 0.892732 0.731931 0.892057 0.727169 0.885851 0.720393 0.881941 0.712638 0.880920 0.705082 0.882946 0.698876 0.887708 0.694966 0.894483
