0 0.528561 0.457659 0.537723 0.462954 0.540693 0.459748 0.540822 0.459462 0.541084 0.458753 0.541438 0.457728 0.541830 0.456544 0.546527 0.442098 0.546896 0.440941 0.547183 0.439992 0.547346 0.439396 0.547359 0.439244 0.547084 0.434162 0.537922 0.428867 0.535294 0.436581 0.531955 0.446851 0.530652 0.450861
0 0.492660 0.616720 0.492749 0.617090 0.493023 0.617837 0.493441 0.618848 0.493938 0.619967 0.494439 0.621023 0.494866 0.621853 0.495154 0.622331 0.497616 0.623758 0.517643 0.620474 0.519067 0.619312 0.518849 0.617949 0.510235 0.599173 0.493336 0.612955
0 0.532380 0.633580 0.532529 0.634193 0.548356 0.640795 0.552130 0.625112 0.552311 0.624281 0.552445 0.623534 0.552513 0.622985 0.552505 0.622717 0.549590 0.620344 0.542476 0.617376 0.540105 0.616387 0.536696 0.616122 0.536626 0.616181 0.536492 0.616551 0.536314 0.617175 0.536118 0.617960 0.534845 0.623077
0 0.502149 0.631883 0.512449 0.641888 0.518490 0.645205 0.522620 0.635571 0.517396 0.630628 0.507261 0.622893 0.506252 0.622313
0 0.406000 0.454095 0.406430 0.454305 0.422703 0.458010 0.424092 0.447161 0.423743 0.446919 0.407396 0.443197
0 0.488689 0.455983 0.488820 0.456491 0.489921 0.459096 0.490119 0.459215 0.490655 0.459444 0.491446 0.459749 0.492374 0.460084 0.508490 0.465724 0.516549 0.468544 0.517478 0.468860 0.518277 0.469111 0.518822 0.469260 0.519032 0.469283 0.520979 0.467745 0.521223 0.467369 0.522931 0.458693 0.523785 0.454355 0.491251 0.442970
0 0.675280 0.634108 0.688681 0.646961 0.689547 0.647636 0.699231 0.629686 0.685769 0.616774 0.684919 0.616240
0 0.746934 0.329218 0.761888 0.338542 0.762940 0.337894 0.766450 0.327885 0.751437 0.318523 0.750431 0.319249 0.749032 0.323236
0 0.586767 0.434214 0.586853 0.434790 0.587178 0.435129 0.590566 0.436293 0.595804 0.437907 0.596214 0.437862 0.597080 0.437583 0.597390 0.437192 0.598615 0.434251 0.598162 0.430673 0.597968 0.430091 0.597604 0.429751 0.592964 0.427590 0.589602 0.426180 0.589227 0.426252 0.587819 0.426754 0.587608 0.427215
0 0.446239 0.567643 0.456115 0.569890 0.458385 0.567702 0.458472 0.567364 0.458609 0.566581 0.458775 0.565473 0.458946 0.564207 0.460338 0.553334 0.460487 0.552099 0.460593 0.551079 0.460640 0.550427 0.460620 0.550245 0.459394 0.547394 0.449630 0.545173 0.449048 0.545695
0 0.497334 0.427662 0.498655 0.470295 0.498662 0.470431 0.499902 0.470363 0.514880 0.459324 0.514948 0.459137 0.514262 0.436990 0.510629 0.434813 0.504641 0.431225 0.499996 0.428442 0.498580 0.427594
0 0.563883 0.231295 0.565160 0.233242 0.565581 0.233825 0.566271 0.234451 0.567125 0.235024 0.568014 0.235459 0.568804 0.235690 0.571456 0.235674 0.583280 0.199328 0.584243 0.195852 0.576583 0.191421 0.566050 0.222943 0.565378 0.225009
0 0.581857 0.447756 0.582787 0.450375 0.590823 0.457092 0.591066 0.457177 0.591536 0.456883 0.592160 0.456252 0.592844 0.455380 0.593483 0.454402 0.593978 0.453468 0.594253 0.452720 0.594268 0.452273 0.588526 0.442308 0.586448 0.441296 0.586131 0.441209 0.585514 0.441627 0.584692 0.442484 0.583790 0.443649 0.582943 0.444947 0.582278 0.446182 0.581897 0.447168
0 0.480692 0.329864 0.480913 0.331809 0.490385 0.335667 0.492567 0.333271 0.492733 0.332770 0.492974 0.331868 0.493253 0.330701 0.493529 0.329445 0.493759 0.328290 0.493910 0.327411 0.493957 0.326941 0.492713 0.323120 0.483131 0.319218
0 0.474407 0.648764 0.474880 0.650157 0.475275 0.650313 0.475687 0.650462 0.476109 0.650602 0.476533 0.650731 0.476957 0.650846 0.496385 0.655900 0.500189 0.634430 0.499996 0.634064 0.480194 0.627827 0.479769 0.627697 0.479354 0.627581 0.478950 0.627479 0.478566 0.627393 0.478206 0.627324
0 0.402947 0.413769 0.402949 0.413970 0.415340 0.428589 0.415498 0.428526 0.415798 0.428222 0.416194 0.427723 0.416628 0.427104 0.430849 0.405675 0.431256 0.405028 0.431577 0.404446 0.431763 0.404017 0.431787 0.403807 0.419396 0.389188 0.419242 0.389216 0.418943 0.389493 0.418547 0.389975 0.416367 0.392950 0.405365 0.409529 0.403421 0.412765 0.403113 0.413346
