0 0.641530 0.398216 0.649052 0.402751 0.649737 0.402304 0.653154 0.392229 0.645597 0.387673 0.644931 0.388187
0 0.310139 0.370531 0.316004 0.391203 0.316740 0.391639 0.332182 0.383850 0.326341 0.363260 0.325644 0.362711
0 0.319506 0.259710 0.325252 0.299054 0.327249 0.301351 0.335352 0.299247 0.338090 0.260410 0.337775 0.258249 0.335899 0.255454 0.334471 0.254698 0.333754 0.254561 0.332833 0.254583 0.331850 0.254762 0.323673 0.256886 0.322780 0.257193 0.322118 0.257582
0 0.609189 0.569473 0.609239 0.569691 0.624682 0.577620 0.624836 0.577531 0.625059 0.577142 0.625314 0.576511 0.625564 0.575735 0.633313 0.548906 0.633518 0.548108 0.633645 0.547415 0.633674 0.546933 0.633602 0.546735 0.618160 0.538806 0.618011 0.538928 0.617795 0.539345 0.617544 0.539992 0.617296 0.540771 0.609583 0.567477 0.609375 0.568275 0.609236 0.568976
0 0.533056 0.302481 0.534779 0.304285 0.535273 0.304606 0.536044 0.304906 0.536975 0.305138 0.537925 0.305268 0.538751 0.305277 0.539328 0.305162 0.541226 0.304056 0.541703 0.301790 0.543136 0.288567 0.534872 0.286974 0.534473 0.289409
0 0.446424 0.413634 0.446426 0.414932 0.446456 0.416075 0.446510 0.416890 0.446578 0.417253 0.448720 0.419957 0.458626 0.420119 0.459030 0.376095 0.458557 0.374662 0.448537 0.374498 0.446872 0.377494 0.446806 0.378079 0.446756 0.379068 0.446730 0.380311 0.446526 0.402526
0 0.633816 0.756287 0.634325 0.761650 0.637522 0.776594 0.638067 0.778547 0.646017 0.775516 0.645183 0.764915 0.641819 0.753237 0.638259 0.753573 0.637332 0.753799 0.636428 0.754271
0 0.635757 0.612703 0.648731 0.626405 0.649416 0.626986 0.659739 0.609608 0.646706 0.595843 0.646033 0.595404
0 0.289556 0.584460 0.294925 0.592951 0.298276 0.597698 0.298720 0.598192 0.299096 0.598476 0.299346 0.598507 0.302425 0.596522 0.310056 0.588030 0.312065 0.584354 0.312141 0.584140 0.312043 0.583701 0.311787 0.583105 0.311410 0.582442 0.303192 0.569870 0.302324 0.570253
0 0.633258 0.529445 0.633703 0.531514 0.634708 0.533199 0.636120 0.534242 0.636354 0.534301 0.637961 0.534545 0.639516 0.533951 0.640781 0.532609 0.641565 0.530723 0.641748 0.528581 0.641303 0.526508 0.640296 0.524820 0.638882 0.523775 0.638643 0.523734 0.637039 0.523490 0.635487 0.524083 0.634224 0.525423 0.633441 0.527306
0 0.731170 0.259727 0.747133 0.265344 0.748268 0.264267 0.760964 0.200118 0.744927 0.194475 0.743807 0.195872
0 0.528139 0.556331 0.528252 0.556558 0.539192 0.573180 0.551659 0.558593 0.540718 0.541971 0.540555 0.541803
0 0.697359 0.349737 0.698817 0.352808 0.703384 0.352495 0.703427 0.352477 0.703727 0.352244 0.704203 0.351855 0.704728 0.351417 0.705160 0.351047 0.705384 0.350843 0.709429 0.343144 0.709475 0.343034 0.708588 0.341166 0.701557 0.342780 0.701515 0.342805 0.701217 0.343046 0.700744 0.343438 0.700221 0.343877 0.699789 0.344244 0.699562 0.344443
0 0.503768 0.793241 0.503776 0.793914 0.503802 0.795951 0.503811 0.796636 0.504626 0.797261 0.511105 0.799512 0.512126 0.798714 0.513393 0.792234 0.514659 0.785755 0.515081 0.783595 0.515503 0.781435 0.515925 0.779275 0.515707 0.775444 0.515116 0.774102 0.508725 0.771881 0.507936 0.771915
