0 0.233384 0.468706 0.235161 0.470902 0.238190 0.474312 0.244511 0.481120 0.252051 0.489107 0.256695 0.493952 0.260011 0.497323 0.260844 0.498094 0.329984 0.474393 0.331134 0.473254 0.332511 0.471190 0.333905 0.468514 0.335102 0.465636 0.335919 0.462998 0.336231 0.461001 0.335992 0.459951 0.320527 0.431322 0.319400 0.430054 0.317199 0.427651 0.314258 0.424479 0.311029 0.421023 0.308007 0.417815 0.305655 0.415346 0.304334 0.413994 0.304240 0.413960 0.292611 0.414079 0.281235 0.424065 0.259745 0.443037 0.257179 0.445432
0 0.858986 0.910592 0.918632 0.937343 0.946805 0.945073 0.960854 0.907268 0.930734 0.894157 0.877673 0.874418 0.872943 0.873037
0 0.815724 0.078019 0.828416 0.157006 0.867909 0.150660 0.868752 0.149859 0.866591 0.105760 0.860157 0.065717 0.820114 0.072151
0 0.753567 0.723453 0.755072 0.731310 0.758021 0.733984 0.813129 0.771466 0.814445 0.771651 0.817374 0.771463 0.821470 0.770927 0.826106 0.770127 0.830571 0.769184 0.834178 0.768244 0.836377 0.767451 0.845113 0.758501 0.835979 0.710813 0.832139 0.708403
0 0.722247 0.129822 0.735234 0.145744 0.750400 0.158702 0.768515 0.141832 0.808999 0.102377 0.813575 0.097761 0.785609 0.069072 0.749305 0.101938
0 0.585108 0.098609 0.624328 0.106949 0.624901 0.105140 0.633280 0.065739 0.593879 0.057360 0.585500 0.096761
0 0.793915 0.034892 0.827501 0.056794 0.829009 0.054754 0.851013 0.021012 0.817271 0.000000 0.815817 0.001305 0.795268 0.032750
0 0.664758 0.841931 0.670823 0.881567 0.671610 0.883324 0.711428 0.877230 0.705335 0.837412 0.704394 0.835866
0 0.079322 0.635987 0.084548 0.675830 0.124391 0.670604 0.126108 0.669824 0.120906 0.630164 0.081246 0.635366
0 0.636165 0.166660 0.669952 0.180585 0.706527 0.192144 0.720891 0.196683 0.738724 0.199033 0.755244 0.153120 0.743225 0.140375 0.741108 0.139100 0.737632 0.137499 0.733330 0.135818 0.728862 0.134315 0.677324 0.118410 0.673437 0.117334 0.670688 0.116836 0.669493 0.116991 0.652491 0.121285
0 0.657075 0.351095 0.670690 0.376349 0.700460 0.424451 0.717100 0.448082 0.758248 0.422615 0.756895 0.404146 0.756750 0.403235 0.755655 0.400891 0.753775 0.397468 0.751397 0.393491 0.721280 0.344829 0.718778 0.340921 0.716543 0.337695 0.714917 0.335644 0.714149 0.335079 0.698222 0.325629
0 0.797989 0.824127 0.798441 0.880694 0.801101 0.912309 0.849490 0.911922 0.858395 0.895039 0.858777 0.892854 0.859015 0.889212 0.859072 0.884669 0.858615 0.827444 0.858483 0.822713 0.858182 0.818536 0.857759 0.815552 0.857278 0.814215 0.848578 0.797867 0.800188 0.798254
0 0.000000 0.962116 0.003545 0.965803 0.027648 0.981218 0.033047 0.975719 0.049616 0.939312 0.005928 0.919429 0.000216 0.924277 0.000000 0.925621
0 0.173675 0.648947 0.174446 0.651478 0.175904 0.655131 0.177827 0.659349 0.179919 0.663483 0.181860 0.666898 0.183352 0.669072 0.184167 0.669677 0.193597 0.674225 0.237357 0.653185 0.240359 0.651434 0.223026 0.615385 0.219824 0.616719 0.176064 0.637758 0.173708 0.647923
0 0.053257 0.561865 0.087852 0.595935 0.092562 0.594839 0.120630 0.566339 0.086430 0.532658 0.072316 0.532580 0.071106 0.533279 0.068785 0.535185 0.065705 0.538009 0.062339 0.541322 0.059203 0.544612 0.056779 0.547375 0.055437 0.549189
0 0.003904 0.236038 0.009574 0.239055 0.056646 0.248445 0.064810 0.240223 0.065806 0.237953 0.066893 0.234321 0.067907 0.229877 0.068695 0.225291 0.069137 0.221256 0.069167 0.218382 0.068778 0.217109 0.064471 0.209218 0.059436 0.205856 0.011819 0.196358
0 0.902433 0.477687 0.902537 0.479528 0.903305 0.480406 0.970471 0.515022 0.971835 0.514832 0.973538 0.513576 0.975318 0.511443 0.976904 0.508759 0.978052 0.505935 1.000000 0.421665 1.000000 0.407302 0.957097 0.372060 0.955738 0.372373 0.954043 0.373736 0.952269 0.375940 0.943916 0.389133 0.908174 0.461123 0.903006 0.475164
0 0.539184 0.841143 0.539465 0.843603 0.540000 0.845128 0.540706 0.845486 0.618872 0.851636 0.619579 0.850765 0.620243 0.848804 0.620762 0.846052 0.622577 0.830560 0.626844 0.750299 0.626645 0.735428 0.626405 0.732910 0.625931 0.731299 0.625295 0.730842 0.547092 0.725389 0.546327 0.726150 0.545612 0.728016 0.545057 0.730705 0.544747 0.733807 0.539200 0.838122
