0 0.423838 0.506599 0.432261 0.507450 0.433809 0.507280 0.434059 0.502891 0.435232 0.480921 0.433412 0.478321 0.432638 0.478069 0.432356 0.478020 0.431734 0.477940 0.430864 0.477841 0.429881 0.477737 0.428935 0.477646 0.428172 0.477580 0.427708 0.477550 0.427613 0.477561 0.425370 0.479646
0 0.538589 0.429957 0.551175 0.444282 0.551410 0.444026 0.562204 0.427167 0.549560 0.412776 0.538767 0.429634
0 0.478093 0.485872 0.484240 0.506409 0.484303 0.506383 0.499644 0.498220 0.499642 0.498213 0.493495 0.477676
0 0.559252 0.577331 0.564733 0.597668 0.565600 0.598707 0.566634 0.599839 0.587940 0.567673 0.586991 0.566412 0.586105 0.565402 0.584658 0.564978 0.570233 0.560753
0 0.513192 0.474779 0.513637 0.476326 0.515715 0.483541 0.516160 0.485086 0.523043 0.505187 0.523099 0.505275 0.523527 0.505163 0.524263 0.504867 0.524820 0.504607 0.525590 0.504229 0.526178 0.503927 0.527063 0.503427 0.527713 0.503009 0.528030 0.502738 0.523063 0.481649 0.522618 0.480100 0.520094 0.471318 0.520021 0.471265 0.519436 0.471483 0.518429 0.471938 0.517152 0.472560 0.515799 0.473256 0.514572 0.473922 0.513657 0.474456
0 0.516345 0.590281 0.516420 0.590696 0.528883 0.605366 0.539885 0.588750 0.539702 0.588343 0.527297 0.573740
0 0.609262 0.179381 0.616491 0.217174 0.624739 0.217574 0.626181 0.214309 0.627273 0.174258 0.624521 0.172866 0.623805 0.172581 0.622882 0.172449 0.614557 0.172045 0.613571 0.172085 0.612677 0.172292 0.612010 0.172633 0.610585 0.173449 0.609322 0.177181
0 0.540327 0.454088 0.540493 0.465118 0.557371 0.486734 0.573916 0.486289 0.574086 0.486258 0.574256 0.486226 0.576602 0.482970 0.588197 0.466874 0.590542 0.463618 0.590375 0.452538 0.540512 0.453877
0 0.569412 0.413445 0.569532 0.413937 0.569756 0.414613 0.570051 0.415370 0.570371 0.416093 0.570667 0.416669 0.570894 0.417012 0.571017 0.417070 0.585628 0.421807 0.585842 0.421470 0.586548 0.420324 0.587481 0.418794 0.588941 0.416384 0.590112 0.414435 0.590604 0.413593 0.590802 0.413220 0.585494 0.407428 0.584928 0.406826 0.577811 0.399373 0.575372 0.399642 0.575165 0.399953 0.574751 0.400615 0.574194 0.401527 0.573580 0.402549 0.573001 0.403524 0.572548 0.404303 0.572290 0.404767 0.569414 0.413212
0 0.585082 0.583654 0.585474 0.584040 0.600218 0.594278 0.604058 0.584448 0.603581 0.584061 0.588904 0.573870
0 0.313266 0.835510 0.329173 0.841950 0.329956 0.840383 0.339572 0.798158 0.323738 0.791748 0.322927 0.793091
0 0.399774 0.515867 0.401643 0.537053 0.401698 0.537284 0.401996 0.537452 0.402492 0.537532 0.403111 0.537513 0.424596 0.535196 0.425239 0.535080 0.425803 0.534885 0.426204 0.534641 0.426379 0.534386 0.424653 0.513185 0.424579 0.512974 0.424263 0.512823 0.423755 0.512754 0.420721 0.512753 0.404190 0.514535 0.400970 0.515211 0.400393 0.515396 0.399972 0.515627
0 0.558092 0.542380 0.563648 0.563106 0.564533 0.563984 0.572413 0.560228 0.566780 0.539214 0.565864 0.538676
0 0.464699 0.381688 0.464861 0.382230 0.469178 0.391642 0.476237 0.385886 0.476127 0.385361 0.471791 0.375906
0 0.574593 0.584005 0.574606 0.584282 0.575375 0.593839 0.576968 0.594452 0.577502 0.593587 0.581579 0.586816 0.581741 0.586344 0.581917 0.585637 0.582060 0.584885 0.582132 0.584290 0.582113 0.584013 0.581159 0.579566 0.580583 0.578815 0.577964 0.577807 0.575145 0.581483 0.574987 0.581957 0.574813 0.582662 0.574669 0.583412
0 0.436760 0.442726 0.437007 0.445343 0.437594 0.446611 0.438044 0.447386 0.438977 0.447653 0.440716 0.448014 0.441481 0.447847 0.442336 0.447379 0.443152 0.446680 0.443806 0.445857 0.444198 0.445033 0.444769 0.442696 0.444889 0.441526 0.444298 0.440265 0.443862 0.439475 0.442237 0.438038 0.441494 0.437809 0.440471 0.438020 0.439325 0.438641 0.438232 0.439576 0.437360 0.440683 0.436843 0.441789
