0 0.452279 0.603720 0.461562 0.622108 0.489144 0.597352 0.489194 0.596906 0.479953 0.578602 0.452498 0.603245
0 0.499954 0.592633 0.500451 0.598424 0.500612 0.599703 0.501128 0.600803 0.501920 0.601556 0.502868 0.601848 0.506986 0.602596 0.511176 0.602183 0.512136 0.601969 0.512961 0.601281 0.513526 0.600225 0.513744 0.598961 0.514458 0.593219 0.513996 0.587883 0.513835 0.586604 0.513802 0.586392 0.513287 0.585295 0.512497 0.584544 0.511551 0.584253 0.507409 0.583066 0.503263 0.583918 0.502306 0.584132 0.501483 0.584818 0.500919 0.585872 0.500701 0.587133 0.499954 0.592421
0 0.657616 0.176674 0.659915 0.187244 0.669428 0.183567 0.671386 0.179909 0.671633 0.178967 0.671807 0.178300 0.671849 0.177246 0.671753 0.175966 0.671532 0.174656 0.671220 0.173517 0.670866 0.172725 0.669062 0.169216 0.659439 0.172936
0 0.528362 0.580916 0.528704 0.583020 0.528754 0.583163 0.529675 0.584936 0.531035 0.586104 0.532627 0.586488 0.534208 0.586032 0.535537 0.584803 0.536413 0.582989 0.536702 0.580867 0.536359 0.578759 0.536297 0.578624 0.535377 0.576854 0.534019 0.575688 0.532430 0.575304 0.530852 0.575760 0.529524 0.576987 0.528650 0.578797
0 0.465086 0.455572 0.467687 0.464047 0.468942 0.467552 0.469306 0.467813 0.469899 0.467671 0.483558 0.459867 0.484039 0.459396 0.484134 0.458873 0.483595 0.457186 0.480562 0.447749 0.480282 0.446890
0 0.464434 0.448108 0.464902 0.450231 0.482235 0.487432 0.485090 0.485135 0.489375 0.481687 0.490803 0.480537 0.491090 0.476263 0.490907 0.475778 0.490559 0.474950 0.490099 0.473903 0.489596 0.472797 0.481085 0.454346 0.476791 0.445038 0.476310 0.444013 0.475928 0.443236 0.475705 0.442827 0.473001 0.441187
0 0.493016 0.557530 0.506964 0.569593 0.513121 0.574223 0.514208 0.575040 0.514257 0.574948 0.514574 0.574216 0.515109 0.572957 0.515781 0.571364 0.516489 0.569677 0.517126 0.568147 0.517598 0.567007 0.517831 0.566429 0.511683 0.561812 0.510599 0.560998 0.495658 0.551347 0.495596 0.551380 0.495342 0.551878 0.494934 0.552769 0.494434 0.553916 0.493919 0.555142 0.493469 0.556261 0.493279 0.556762 0.493097 0.557272
0 0.585873 0.390308 0.593514 0.394543 0.593944 0.394057 0.597134 0.383823 0.589459 0.379569 0.589049 0.380121
0 0.441471 0.557901 0.448616 0.563563 0.448852 0.563272 0.457306 0.544304 0.450193 0.538668 0.449964 0.538846
0 0.534521 0.506545 0.551074 0.521054 0.552269 0.521547 0.554379 0.520857 0.554557 0.520671 0.554919 0.520085 0.555412 0.519186 0.555958 0.518113 0.556474 0.517031 0.556881 0.516105 0.557117 0.515478 0.557146 0.515243 0.556842 0.512121 0.542792 0.499762 0.539969 0.497287 0.539055 0.497349
0 0.452413 0.592206 0.452558 0.592552 0.452954 0.592726 0.456679 0.593724 0.457261 0.593662 0.462723 0.593037 0.463190 0.592965 0.463516 0.592691 0.464713 0.590733 0.464785 0.588982 0.464009 0.586798 0.463744 0.586456 0.463300 0.586283 0.457218 0.584312 0.453576 0.584469 0.453155 0.584556 0.452953 0.584869 0.452565 0.589318
