0 0.437890 0.484892 0.437902 0.485610 0.438015 0.486439 0.443234 0.514325 0.443428 0.515133 0.443673 0.515792 0.443932 0.516201 0.444165 0.516299 0.459465 0.511193 0.459624 0.510969 0.459698 0.510451 0.459675 0.509720 0.459204 0.505590 0.455189 0.484135 0.454140 0.480148 0.453900 0.479470 0.453647 0.479033 0.453421 0.478903 0.438156 0.484194 0.437979 0.484395
0 0.567247 0.594467 0.577085 0.612141 0.578889 0.614765 0.581263 0.612415 0.581303 0.611562 0.571743 0.594389 0.570184 0.592338 0.569566 0.592172
0 0.534776 0.556614 0.534936 0.556874 0.543209 0.557957 0.544021 0.546927 0.543819 0.546712 0.535585 0.545634
0 0.398245 0.417732 0.399360 0.419632 0.399671 0.420103 0.400121 0.420462 0.402311 0.419695 0.403311 0.419124 0.405741 0.417720 0.406498 0.417059 0.407401 0.416122 0.408314 0.415051 0.409099 0.414005 0.409638 0.413143 0.411086 0.409993 0.411511 0.408890 0.412381 0.406063 0.412071 0.405594 0.410395 0.403172 0.410258 0.403024 0.409813 0.403261 0.409231 0.403594 0.403379 0.409154 0.401988 0.410885 0.400839 0.412333 0.398306 0.417263
0 0.491853 0.563018 0.492209 0.565859 0.492353 0.566095 0.492783 0.566592 0.493434 0.567276 0.494206 0.568042 0.500953 0.574556 0.501727 0.575284 0.502382 0.575861 0.502817 0.576199 0.502967 0.576247 0.505377 0.576077 0.511254 0.565258 0.511125 0.564512 0.497755 0.551602 0.491946 0.562298
0 0.466225 0.613170 0.479543 0.626324 0.489409 0.608566 0.489451 0.608132 0.476186 0.595031 0.466360 0.612717
0 0.579749 0.481337 0.582923 0.492601 0.583205 0.493490 0.584330 0.496850 0.586034 0.501797 0.586149 0.501770 0.587110 0.501288 0.588226 0.500698 0.590073 0.499679 0.592064 0.498557 0.593174 0.497917 0.593831 0.497521 0.593874 0.497475 0.593840 0.477620 0.593786 0.477166 0.593545 0.476579 0.593154 0.475948 0.592672 0.475369 0.592173 0.474933 0.591734 0.474704 0.591421 0.474717 0.585187 0.475717 0.585003 0.475804 0.584494 0.476076 0.583736 0.476490 0.582847 0.476985 0.581962 0.477483 0.581217 0.477908 0.580726 0.478196 0.580564 0.478303
0 0.493998 0.522912 0.502571 0.544889 0.505723 0.552007 0.513021 0.546843 0.512304 0.545029 0.502952 0.521537 0.501365 0.517698 0.498958 0.518395 0.498138 0.518650 0.497257 0.519158 0.496452 0.519843 0.495845 0.520598
0 0.464960 0.508571 0.480571 0.516033 0.480659 0.515960 0.514084 0.391644 0.514149 0.391146 0.498538 0.383684
0 0.399049 0.612005 0.399460 0.614090 0.400438 0.615807 0.401835 0.616893 0.403437 0.617185 0.405001 0.616636 0.406288 0.615332 0.406449 0.615133 0.407263 0.613274 0.407481 0.611142 0.407070 0.609060 0.406094 0.607347 0.404699 0.606262 0.403100 0.605971 0.401539 0.606519 0.400254 0.607821 0.400082 0.608007 0.399267 0.609869
0 0.406486 0.546875 0.406653 0.548153 0.407799 0.553489 0.409657 0.558487 0.410179 0.559582 0.410975 0.560327 0.411925 0.560609 0.412883 0.560386 0.417186 0.559014 0.417376 0.558879 0.420827 0.556243 0.421647 0.555549 0.422204 0.554490 0.422415 0.553227 0.422248 0.551952 0.421510 0.546392 0.419252 0.541643 0.418731 0.540551 0.417937 0.539808 0.416989 0.539526 0.416033 0.539749 0.412145 0.540880 0.411943 0.540974 0.408078 0.543851 0.407256 0.544547 0.406697 0.545609
0 0.445282 0.417704 0.445533 0.418081 0.470042 0.447735 0.475602 0.439566 0.475490 0.439288 0.450868 0.409496
0 0.561748 0.435083 0.562001 0.439367 0.563465 0.443194 0.565083 0.445037 0.566029 0.445891 0.566956 0.446434 0.568980 0.447311 0.572193 0.446973 0.575063 0.445021 0.575365 0.444800 0.577466 0.441520 0.578465 0.437417 0.578210 0.433116 0.576741 0.429273 0.575116 0.427423 0.574280 0.426472 0.573236 0.426020 0.571203 0.425140 0.567978 0.425479 0.565095 0.427438 0.564835 0.427729 0.563453 0.429887 0.562851 0.430878 0.562405 0.432384
