0 0.431329 0.590103 0.431354 0.590967 0.431709 0.592092 0.433395 0.595969 0.436189 0.600726 0.436862 0.601584 0.437753 0.602051 0.438726 0.602057 0.439635 0.601601 0.446666 0.595917 0.447372 0.595067 0.447769 0.593952 0.447796 0.592741 0.447734 0.591876 0.447386 0.590756 0.445645 0.585209 0.443693 0.582691 0.442278 0.581233 0.441385 0.580758 0.440409 0.580749 0.438257 0.581285 0.435604 0.582617 0.433547 0.585102 0.431743 0.587771 0.431350 0.588890
0 0.555033 0.400764 0.555125 0.402415 0.555354 0.404108 0.555684 0.405590 0.556067 0.406635 0.556444 0.407086 0.558533 0.407742 0.567428 0.403547 0.567678 0.403381 0.567844 0.402739 0.567899 0.401719 0.567836 0.400475 0.567664 0.399199 0.567409 0.398086 0.567110 0.397307 0.566814 0.396981 0.557487 0.396780 0.557093 0.397072 0.555291 0.398544 0.555091 0.399405
0 0.512551 0.564660 0.512696 0.565408 0.517691 0.586654 0.520878 0.585322 0.536770 0.578571 0.537788 0.575393 0.537781 0.575252 0.537661 0.574647 0.537447 0.573672 0.537171 0.572475 0.534679 0.561877 0.534384 0.560644 0.534116 0.559568 0.533916 0.558813 0.533814 0.558495 0.531454 0.556760
0 0.524678 0.586494 0.524746 0.586893 0.524891 0.587534 0.525090 0.588320 0.525314 0.589129 0.525528 0.589839 0.525698 0.590340 0.525801 0.590556 0.548942 0.581777 0.549723 0.581402 0.551100 0.579563 0.551093 0.579426 0.550958 0.578836 0.550717 0.577884 0.550405 0.576715 0.550071 0.575504 0.549764 0.574435 0.549530 0.573670 0.549406 0.573324 0.547469 0.573084 0.546689 0.573459 0.524697 0.586397
0 0.404247 0.560016 0.404444 0.560680 0.404829 0.561618 0.405342 0.562689 0.410029 0.571870 0.410591 0.572905 0.411114 0.573743 0.411518 0.574256 0.411741 0.574367 0.413737 0.575220 0.414527 0.574531 0.415307 0.573827 0.422130 0.567634 0.422724 0.567091 0.413424 0.548875 0.412624 0.549327 0.404351 0.556836
0 0.484064 0.401722 0.484105 0.402329 0.484181 0.403330 0.484281 0.404572 0.484389 0.405864 0.484488 0.407008 0.484564 0.407829 0.484605 0.408202 0.486616 0.410661 0.506308 0.407793 0.506381 0.406727 0.504568 0.384593 0.502908 0.384835 0.485555 0.398561 0.484064 0.401600
0 0.426524 0.488111 0.440616 0.500056 0.441294 0.500056 0.443066 0.496341 0.442284 0.493147 0.442200 0.493021 0.441810 0.492643 0.441174 0.492073 0.440388 0.491395 0.433407 0.485477 0.432587 0.484794 0.431857 0.484206 0.431326 0.483803 0.431075 0.483646 0.428316 0.484353
0 0.465538 0.541516 0.466235 0.542903 0.467165 0.544753 0.481036 0.532355 0.481123 0.532206 0.481252 0.531985 0.479644 0.528786 0.479059 0.528651 0.466025 0.540301 0.465672 0.540720
0 0.575333 0.456142 0.581694 0.463197 0.582070 0.463028 0.587386 0.454508 0.580996 0.447420 0.580625 0.447661
0 0.424173 0.537868 0.425324 0.548844 0.458253 0.542707 0.458444 0.542511 0.457299 0.531585 0.424521 0.537694
0 0.390541 0.623501 0.397239 0.641772 0.489628 0.592081 0.489244 0.590267 0.483311 0.571663 0.390582 0.621537
0 0.526066 0.537625 0.534234 0.551481 0.536277 0.554946 0.537110 0.554809 0.537441 0.554482 0.537781 0.554137 0.538124 0.553781 0.538465 0.553421 0.538801 0.553058 0.554108 0.536383 0.543884 0.519039 0.543628 0.519160 0.527631 0.535925 0.527289 0.536285 0.526959 0.536639 0.526641 0.536984 0.526342 0.537315
0 0.466123 0.451949 0.467383 0.454322 0.478030 0.468822 0.484115 0.461280 0.483841 0.460725 0.473138 0.446276 0.467341 0.450444 0.466641 0.451274 0.466138 0.451895
0 0.461372 0.507774 0.466199 0.516796 0.466354 0.516719 0.506769 0.478279 0.506800 0.478179 0.501973 0.469157 0.498646 0.468414 0.482113 0.464726 0.478785 0.463984 0.465251 0.476856 0.463868 0.487878
0 0.440355 0.397561 0.440642 0.399684 0.441516 0.401499 0.441617 0.401668 0.442943 0.402896 0.444521 0.403355 0.446110 0.402973 0.447469 0.401810 0.448390 0.400042 0.448734 0.397938 0.448448 0.395819 0.447575 0.394007 0.447485 0.393824 0.446157 0.392594 0.444576 0.392134 0.442984 0.392517 0.441623 0.393682 0.440700 0.395454
