0 0.681060 0.241105 0.712025 0.277782 0.773153 0.226174 0.776310 0.223008 0.744988 0.185907 0.731917 0.186371 0.731521 0.186550 0.729776 0.187890 0.726947 0.190190 0.723466 0.193098 0.692620 0.219140 0.689028 0.222203 0.685888 0.224943 0.683678 0.226941 0.682734 0.227894
0 0.312060 0.592435 0.358608 0.606249 0.369905 0.600357 0.370338 0.599346 0.371225 0.596733 0.372431 0.592919 0.373774 0.588482 0.385181 0.550047 0.386461 0.545647 0.387487 0.541937 0.388105 0.539478 0.388219 0.538650 0.382985 0.528341 0.336969 0.514685 0.335084 0.514854
0 0.400780 0.054107 0.401914 0.059203 0.404804 0.067890 0.405753 0.068864 0.408201 0.070495 0.411773 0.072535 0.415928 0.074676 0.451915 0.092346 0.456036 0.094269 0.459509 0.095687 0.461809 0.096388 0.473724 0.094463 0.494880 0.051376 0.494821 0.046190 0.422180 0.010523
0 0.378604 0.280403 0.387902 0.336908 0.417287 0.360511 0.440284 0.358595 0.460363 0.325841 0.451109 0.269603 0.421846 0.246541 0.398621 0.247071
0 0.676521 0.709068 0.684821 0.725622 0.685814 0.726460 0.688155 0.728253 0.691489 0.730728 0.695308 0.733507 0.741718 0.766988 0.745421 0.769635 0.748428 0.771735 0.750279 0.772966 0.750694 0.773143 0.769022 0.775799 0.797333 0.736554 0.771992 0.718094 0.759110 0.708801 0.726115 0.684999 0.704832 0.669823
0 0.821140 0.827456 0.848568 0.856704 0.853430 0.861680 0.910897 0.863525 0.940553 0.835714 0.912743 0.806058 0.907065 0.801847 0.850388 0.800027
0 0.158280 0.552268 0.177540 0.571124 0.221675 0.607977 0.245830 0.625373 0.276846 0.588229 0.269737 0.571129 0.269335 0.570446 0.267585 0.568690 0.264756 0.566131 0.261276 0.563157 0.217652 0.526730 0.214035 0.523779 0.210816 0.521287 0.208482 0.519632 0.207390 0.519068 0.189296 0.515124
0 0.524527 0.343283 0.525446 0.391665 0.553520 0.392003 0.594197 0.391230 0.610078 0.390928 0.639485 0.389498 0.638565 0.341115 0.621988 0.332860 0.621228 0.332656 0.618736 0.332518 0.614888 0.332467 0.610274 0.332511 0.553057 0.333598 0.548399 0.333730 0.544429 0.333930 0.541754 0.334166 0.540778 0.334403
0 0.883732 0.749257 0.883973 0.750465 0.887605 0.759149 0.914338 0.809002 0.919128 0.812574 0.926875 0.814913 0.950262 0.737441 0.945116 0.734728 0.899164 0.720856 0.890169 0.727936 0.888979 0.730180 0.887561 0.733745 0.886130 0.738090 0.884900 0.742560 0.884059 0.746480
0 0.240106 0.747381 0.298155 0.803765 0.331985 0.768936 0.333905 0.765863 0.333136 0.755652 0.332698 0.754676 0.331012 0.752573 0.328338 0.749666 0.325082 0.746394 0.321733 0.743250 0.318799 0.740710 0.316722 0.739159 0.315821 0.738834 0.305213 0.737993 0.248650 0.738816 0.245744 0.741577
0 0.561685 0.671340 0.562398 0.673321 0.613199 0.736314 0.619498 0.731234 0.625594 0.674338 0.626476 0.661706 0.625734 0.660779 0.623955 0.658568 0.621413 0.655412 0.618491 0.651788 0.615632 0.648244 0.613267 0.645314 0.611753 0.643442 0.611324 0.642917 0.599049 0.641208
0 0.617303 0.867566 0.617534 0.868855 0.618781 0.870573 0.620857 0.872458 0.623444 0.874221 0.713313 0.927475 0.716001 0.928837 0.718362 0.929581 0.720036 0.929595 0.720768 0.928876 0.761834 0.864229 0.761479 0.862938 0.760124 0.861219 0.757977 0.859336 0.745223 0.850158 0.676078 0.809184 0.662673 0.802861 0.660280 0.802055 0.658557 0.801949 0.657768 0.802563
0 0.535881 0.013836 0.580769 0.074996 0.581648 0.075644 0.583397 0.075491 0.585749 0.074562 0.598714 0.067400 0.664612 0.021384 0.676576 0.011137 0.678551 0.009045 0.679735 0.007150 0.679946 0.005741 0.679151 0.005032 0.644503 0.000000 0.621338 0.000000 0.548126 0.003950 0.546358 0.004051 0.543992 0.004944 0.541390 0.006495 0.538950 0.008465 0.537047 0.010553 0.535969 0.012439
0 0.274759 0.084722 0.274793 0.086273 0.275466 0.088598 0.276674 0.091345 0.323678 0.184634 0.325229 0.187364 0.326877 0.189643 0.328371 0.191125 0.329482 0.191584 0.398184 0.154678 0.398689 0.154075 0.398565 0.152470 0.397831 0.150108 0.392196 0.136517 0.356030 0.064739 0.347984 0.051176 0.346343 0.048825 0.344857 0.047235 0.343754 0.046651 0.275366 0.084181
0 0.113525 0.211928 0.120545 0.291803 0.121485 0.291932 0.123494 0.291934 0.126267 0.291810 0.129381 0.291579 0.232982 0.282473 0.235986 0.282167 0.238442 0.281832 0.239978 0.281517 0.240358 0.281272 0.233338 0.201397 0.232495 0.201189 0.230562 0.201118 0.227831 0.201198 0.224720 0.201415 0.120643 0.210562 0.117646 0.210882 0.115241 0.211254 0.113794 0.211621
0 0.075799 0.431728 0.113955 0.445473 0.119258 0.446211 0.132814 0.408578 0.095181 0.395022 0.089543 0.393572
0 0.746634 0.813130 0.746720 0.816086 0.746979 0.817419 0.756397 0.827947 0.804825 0.831460 0.807752 0.791103 0.804235 0.787776 0.756361 0.784304 0.748726 0.793344 0.748331 0.793872 0.747865 0.796148 0.747398 0.799820 0.747001 0.804332 0.746732 0.809004
0 0.186154 0.653082 0.186194 0.654083 0.187140 0.656536 0.188848 0.660067 0.191058 0.664137 0.193432 0.668121 0.195603 0.671406 0.197240 0.673491 0.198094 0.674060 0.207824 0.677846 0.250023 0.653829 0.252880 0.652071 0.233094 0.617307 0.230008 0.618663 0.187810 0.642681
0 0.761532 0.560887 0.801588 0.587336 0.805074 0.588346 0.814888 0.585834 0.815811 0.585180 0.817611 0.583087 0.820013 0.579872 0.822651 0.576025 0.825120 0.572138 0.827039 0.568809 0.828116 0.566546 0.828189 0.565691 0.827370 0.554580 0.786851 0.527825 0.783573 0.527507
0 0.068857 0.920662 0.089496 0.964612 0.126121 0.947413 0.130394 0.942300 0.109991 0.898852 0.096533 0.896693 0.094621 0.897360 0.091390 0.898723 0.087331 0.900575 0.083056 0.902637 0.079209 0.904598 0.076374 0.906160 0.074984 0.907087
0 0.052125 0.477763 0.053654 0.489186 0.065591 0.499200 0.088129 0.518033 0.090862 0.520212 0.116823 0.540013 0.118292 0.539770 0.123435 0.534518 0.130491 0.526169 0.135370 0.519850 0.139500 0.513932 0.141117 0.511180 0.141635 0.508405 0.110042 0.445302 0.109558 0.444374 0.107969 0.443232 0.105517 0.442052 0.102575 0.441013 0.099594 0.440275 0.097031 0.439952 0.095276 0.440090 0.065496 0.460326 0.063042 0.462622 0.060097 0.465858 0.057113 0.469537 0.054549 0.473093 0.052797 0.475982
0 0.154804 0.954877 0.157055 0.957300 0.161123 0.959664 0.169829 0.962968 0.180311 0.966193 0.186819 0.967788 0.191525 0.968466 0.192763 0.968226 0.243168 0.913569 0.243581 0.912293 0.243783 0.910014 0.243742 0.907079 0.243465 0.903938 0.242994 0.901072 0.242401 0.898918 0.241778 0.897804 0.214367 0.880586 0.212662 0.879573 0.209515 0.878179 0.205407 0.876614 0.200956 0.875115 0.196835 0.873908 0.193667 0.873175 0.191934 0.873030 0.182255 0.878477 0.181515 0.879303 0.176222 0.893093 0.166245 0.919346 0.165092 0.922675
0 0.285871 0.322220 0.286082 0.324562 0.286495 0.325161 0.293762 0.332978 0.294716 0.333601 0.337977 0.339148 0.341464 0.339451 0.374279 0.341142 0.374934 0.341155 0.376008 0.334720 0.377164 0.324207 0.377812 0.316135 0.378201 0.308463 0.378234 0.304819 0.377719 0.300863 0.315047 0.266585 0.313222 0.266203 0.310616 0.266351 0.307628 0.267009 0.304714 0.268075 0.302322 0.269385 0.300816 0.270740 0.287793 0.302333 0.287183 0.305188 0.286608 0.309264 0.286156 0.313937 0.285897 0.318489
