0 0.488441 0.464729 0.489883 0.475616 0.489929 0.475727 0.498057 0.473813 0.498049 0.473693 0.496606 0.462806
0 0.542773 0.583235 0.543167 0.584003 0.543267 0.584197 0.544357 0.585883 0.545175 0.587148 0.545737 0.587156 0.557746 0.573354 0.557824 0.572611 0.555916 0.569660 0.555787 0.569499 0.555277 0.568864
0 0.444549 0.415316 0.444744 0.417476 0.445544 0.419373 0.446827 0.420717 0.448398 0.421304 0.450018 0.421044 0.451440 0.419978 0.452448 0.418267 0.452889 0.416172 0.452694 0.414012 0.451895 0.412116 0.450611 0.410772 0.449040 0.410185 0.447420 0.410444 0.445998 0.411510 0.444990 0.413221
0 0.511905 0.558315 0.511941 0.558355 0.514790 0.560467 0.516480 0.560754 0.518453 0.559459 0.518471 0.559428 0.520141 0.541921 0.520558 0.537544 0.520518 0.537516 0.520422 0.537480 0.520273 0.537435 0.520072 0.537383 0.515598 0.536624 0.514400 0.536421 0.514218 0.536409 0.514088 0.536406 0.514013 0.536413 0.513993 0.536430 0.513575 0.540807
0 0.378985 0.610046 0.379103 0.610535 0.379431 0.611346 0.379919 0.612353 0.380492 0.613402 0.381063 0.614333 0.381544 0.615002 0.381861 0.615308 0.383764 0.614802 0.384442 0.614143 0.384578 0.614008 0.403183 0.593251 0.403085 0.592940 0.402853 0.592415 0.402522 0.591755 0.402143 0.591061 0.401772 0.590438 0.401467 0.589979 0.401273 0.589755 0.380751 0.607004 0.380608 0.607126 0.379929 0.607785
0 0.571448 0.532585 0.572334 0.539730 0.572554 0.540238 0.572942 0.540395 0.576419 0.539764 0.581756 0.538730 0.582521 0.538386 0.582897 0.538131 0.583096 0.537597 0.583545 0.534144 0.582259 0.530946 0.581936 0.530489 0.581511 0.530351 0.576619 0.530794 0.573106 0.531178 0.571871 0.531772 0.571536 0.532034
0 0.454664 0.475005 0.454673 0.475719 0.454776 0.476549 0.459569 0.504570 0.459748 0.505385 0.459975 0.506054 0.460216 0.506476 0.460433 0.506587 0.475904 0.501851 0.476052 0.501637 0.476122 0.501128 0.476102 0.500400 0.475673 0.496269 0.471985 0.474709 0.471019 0.470684 0.470797 0.469996 0.470563 0.469546 0.470353 0.469403 0.454915 0.474327 0.454749 0.474516
0 0.475885 0.446704 0.475951 0.446897 0.485444 0.457621 0.485927 0.458160 0.486335 0.458607 0.486606 0.458893 0.486700 0.458975 0.489470 0.456313 0.494278 0.448719 0.495880 0.446188 0.497384 0.442099 0.497294 0.441949 0.497025 0.441605 0.496617 0.441117 0.492964 0.436926 0.486611 0.429764
0 0.394422 0.724131 0.397536 0.727519 0.397957 0.727890 0.398682 0.728234 0.399602 0.728498 0.411260 0.731007 0.412229 0.731150 0.413096 0.731149 0.413729 0.731004 0.417657 0.729131 0.419248 0.715988 0.414139 0.713002 0.405851 0.711218 0.402615 0.710522 0.396013 0.710987
0 0.436837 0.405886 0.436884 0.407068 0.437232 0.408541 0.437827 0.410081 0.438577 0.411449 0.439368 0.412437 0.440077 0.412893 0.442040 0.412604 0.442686 0.412426 0.443679 0.411664 0.443989 0.410769 0.444400 0.408151 0.444358 0.407267 0.444095 0.406167 0.443651 0.405017 0.443093 0.403992 0.442505 0.403246 0.441976 0.402893 0.439954 0.402022 0.439302 0.402179 0.438309 0.402949 0.437096 0.405178
0 0.398214 0.602938 0.398360 0.607267 0.399736 0.611174 0.401084 0.613207 0.401901 0.614191 0.402941 0.614679 0.405186 0.615497 0.408429 0.615251 0.408476 0.615222 0.411411 0.613339 0.413594 0.610106 0.414693 0.606016 0.414541 0.601694 0.413164 0.597796 0.410770 0.594914 0.407725 0.593486 0.404490 0.593728 0.404441 0.593742 0.401505 0.595620 0.399823 0.597830 0.399078 0.598930 0.398702 0.600323
