0 0.581730 0.936428 0.589116 0.948522 0.636795 0.957700 0.652092 0.878234 0.650354 0.873911 0.642498 0.872399 0.595658 0.904117 0.586292 0.912725 0.586005 0.913082 0.585416 0.915184 0.584614 0.918707 0.583722 0.923117 0.582874 0.927749 0.582197 0.931903 0.581795 0.934952
0 0.575478 0.163057 0.623335 0.166752 0.633187 0.157473 0.633434 0.156103 0.633785 0.153102 0.634188 0.148926 0.634580 0.144213 0.634901 0.139687 0.635102 0.136043 0.635153 0.133839 0.635045 0.133406 0.627876 0.122557 0.588557 0.114992 0.580394 0.114361 0.578557 0.123176
0 0.462492 0.364308 0.462955 0.384013 0.491394 0.384716 0.547961 0.384244 0.553733 0.384010 0.553392 0.343947 0.496981 0.341853 0.462612 0.343684
0 0.708472 0.156777 0.725131 0.168067 0.743710 0.176397 0.763002 0.142868 0.786141 0.099434 0.751137 0.079944 0.747967 0.085587 0.720467 0.134980
0 0.767791 0.236245 0.814820 0.301187 0.815591 0.300655 0.817237 0.299485 0.819506 0.297857 0.822053 0.296017 0.906672 0.234738 0.909091 0.232980 0.910998 0.231585 0.912101 0.230764 0.912234 0.230642 0.865204 0.165699 0.865030 0.165764 0.863892 0.166537 0.861962 0.167900 0.850172 0.176345 0.785006 0.223537 0.772376 0.232776 0.770130 0.234437 0.768520 0.235655
0 0.875090 0.732636 0.875394 0.734098 0.876079 0.736427 0.877042 0.739270 0.911952 0.837236 0.913052 0.840179 0.914128 0.842794 0.915019 0.844685 0.915588 0.845562 0.991118 0.818646 0.991344 0.818350 0.991125 0.816947 0.990495 0.814649 0.989548 0.811807 0.954478 0.713391 0.953366 0.710457 0.952266 0.707898 0.951345 0.706105 0.950745 0.705349 0.875214 0.732265
0 0.282599 0.896455 0.283202 0.896983 0.284908 0.897699 0.287457 0.898495 0.382683 0.925078 0.385726 0.925843 0.388730 0.926438 0.391234 0.926774 0.392856 0.926799 0.393351 0.926511 0.411769 0.847690 0.411048 0.847201 0.409241 0.846516 0.406623 0.845739 0.311581 0.820027 0.308589 0.819286 0.305609 0.818674 0.303091 0.818283 0.301418 0.818174 0.300846 0.818364
0 0.154942 0.470299 0.154962 0.472921 0.155477 0.475942 0.180052 0.577472 0.180979 0.580411 0.182172 0.582801 0.183448 0.584278 0.184612 0.584617 0.258629 0.566750 0.259446 0.565914 0.259849 0.564015 0.259778 0.561343 0.257660 0.546283 0.238752 0.468165 0.233717 0.453672 0.232546 0.451215 0.231302 0.449637 0.230172 0.449180 0.156319 0.467727 0.155418 0.468475
0 0.166691 0.086875 0.166920 0.088317 0.171493 0.106263 0.218592 0.117369 0.227358 0.092932 0.240341 0.037873 0.244770 0.006355 0.197670 0.000000 0.184934 0.009508 0.183976 0.011515 0.182835 0.014980 0.181685 0.019374 0.168551 0.075074 0.167573 0.079706 0.166919 0.083852
0 0.357559 0.206110 0.375273 0.251142 0.393687 0.253107 0.394683 0.253096 0.397236 0.252415 0.400953 0.251168 0.405273 0.249544 0.458161 0.228739 0.462444 0.226979 0.466060 0.225341 0.468459 0.224075 0.469274 0.223373 0.481415 0.209389 0.463700 0.164357 0.436649 0.172124 0.383142 0.193172
0 0.757594 0.450420 0.802660 0.468049 0.816621 0.455882 0.817376 0.454965 0.818690 0.452466 0.820364 0.448763 0.822141 0.444423 0.842990 0.391129 0.844591 0.386832 0.845766 0.383253 0.846334 0.380939 0.844212 0.361828 0.799146 0.344199 0.786425 0.371799 0.780638 0.386591 0.765816 0.424480
0 0.084925 0.539739 0.112442 0.569158 0.114218 0.568841 0.143502 0.541450 0.116111 0.512166 0.114343 0.512222
0 0.038954 0.191117 0.047830 0.230308 0.049897 0.231541 0.088909 0.222706 0.080074 0.183694 0.078146 0.182241
0 0.422847 0.682478 0.424251 0.722637 0.464411 0.721232 0.464573 0.720221 0.463175 0.680245 0.423200 0.681643
0 0.253647 0.812770 0.293455 0.818933 0.294402 0.817472 0.300536 0.777846 0.260911 0.771712 0.259810 0.772963
0 0.063262 0.503031 0.065079 0.515420 0.066383 0.517353 0.068741 0.520235 0.071793 0.523625 0.075071 0.527002 0.078071 0.529848 0.080333 0.531728 0.081514 0.532357 0.090903 0.532581 0.095578 0.532209 0.107263 0.521279 0.079939 0.492066 0.075082 0.491974
0 0.399694 0.949674 0.402632 0.956942 0.408129 0.962532 0.415346 0.965594 0.423185 0.965659 0.430453 0.962721 0.436043 0.957225 0.439105 0.950008 0.439209 0.949234 0.439275 0.941409 0.436342 0.934153 0.430855 0.928573 0.423650 0.925516 0.415824 0.925451 0.408569 0.928383 0.402988 0.933871 0.399932 0.941075 0.399760 0.941835
0 0.283097 0.472403 0.283389 0.475319 0.290579 0.483102 0.292529 0.484806 0.295964 0.486216 0.300359 0.487119 0.305051 0.487380 0.309332 0.486959 0.312554 0.485919 0.319951 0.480020 0.322750 0.477507 0.323172 0.471921 0.322963 0.468999 0.319751 0.459763 0.317192 0.457451 0.312624 0.455532 0.306746 0.454303 0.300461 0.453953 0.294735 0.454538 0.290450 0.455965 0.288256 0.458013 0.283545 0.466808
0 0.488064 0.435767 0.488084 0.435877 0.490333 0.443369 0.495278 0.449431 0.502166 0.453138 0.509949 0.453929 0.517441 0.451679 0.523503 0.446735 0.527211 0.439847 0.527257 0.439743 0.528049 0.431947 0.525796 0.424442 0.520843 0.418369 0.513943 0.414655 0.506146 0.413864 0.498641 0.416117 0.492569 0.421070 0.488855 0.427970
0 0.149180 0.742382 0.149397 0.744359 0.158671 0.749844 0.164642 0.750759 0.174444 0.744138 0.174881 0.743811 0.175557 0.741733 0.176368 0.738223 0.177191 0.733816 0.177902 0.729177 0.178394 0.725006 0.178593 0.721934 0.178467 0.720428 0.171366 0.711245 0.165408 0.710332 0.154805 0.712752 0.154185 0.713133 0.153246 0.715865 0.152129 0.720544 0.151006 0.726454 0.150050 0.732688 0.149409 0.738284
0 0.367248 0.883167 0.370058 0.890481 0.375453 0.896164 0.382613 0.899349 0.390447 0.899553 0.397761 0.896742 0.403444 0.891348 0.406630 0.884188 0.406790 0.883527 0.406993 0.875707 0.404188 0.868405 0.398802 0.862732 0.391654 0.859552 0.383834 0.859349 0.376532 0.862155 0.370859 0.867540 0.367679 0.874688 0.367451 0.875333
0 0.795523 0.737440 0.798940 0.740185 0.844605 0.756684 0.854179 0.750013 0.855467 0.747826 0.857068 0.744318 0.858737 0.740024 0.872455 0.702057 0.873932 0.697646 0.874985 0.693807 0.875455 0.691125 0.875272 0.690009 0.872105 0.680575 0.867852 0.678511 0.822708 0.662200
0 0.810602 0.903715 0.814932 0.909342 0.895392 0.921083 0.901263 0.880853 0.895746 0.875617 0.816392 0.864038
0 0.352586 0.448979 0.372107 0.493437 0.373568 0.493512 0.446818 0.461349 0.427521 0.417399 0.426683 0.416444 0.416300 0.412332 0.415348 0.412586 0.412851 0.413542 0.409189 0.415056 0.404922 0.416897 0.367959 0.433127 0.363751 0.435008 0.360259 0.436634 0.358017 0.437759 0.357363 0.438210
