0 0.568289 0.439260 0.568482 0.441398 0.569274 0.443274 0.570544 0.444604 0.572099 0.445184 0.573703 0.444927 0.573830 0.444832 0.575110 0.443871 0.575239 0.443774 0.576238 0.442078 0.576674 0.440001 0.576481 0.437859 0.575688 0.435980 0.574415 0.434648 0.572857 0.434066 0.571251 0.434324 0.569842 0.435382 0.569721 0.435493 0.568724 0.437186
0 0.516944 0.495879 0.522021 0.516879 0.522122 0.516956 0.537945 0.510156 0.532845 0.489059 0.532694 0.489110
0 0.409598 0.528682 0.424193 0.539294 0.424541 0.539114 0.432463 0.519743 0.417935 0.509180 0.417557 0.509222
0 0.420417 0.430444 0.426471 0.451029 0.426765 0.451225 0.442142 0.443185 0.436112 0.422682 0.435856 0.422371
0 0.567262 0.390995 0.567533 0.391593 0.568153 0.392502 0.569027 0.393584 0.570024 0.394675 0.570993 0.395612 0.571790 0.396253 0.572291 0.396500 0.574219 0.395076 0.574386 0.394841 0.575177 0.393556 0.575004 0.390406 0.574809 0.389955 0.574348 0.389267 0.573691 0.388448 0.572937 0.387623 0.572204 0.386919 0.571603 0.386444 0.571226 0.386270 0.568878 0.386660 0.568087 0.387944 0.567934 0.388195
0 0.411769 0.440568 0.412091 0.451645 0.412178 0.451922 0.412266 0.452200 0.429636 0.473379 0.446239 0.472451 0.462287 0.449654 0.462071 0.438649 0.461676 0.438160
0 0.514910 0.441773 0.524001 0.460210 0.530915 0.454150 0.531057 0.453939 0.521925 0.435417 0.514979 0.441505
0 0.395883 0.456700 0.395945 0.458925 0.398267 0.461429 0.398590 0.461471 0.399242 0.461487 0.400122 0.461476 0.401097 0.461439 0.409364 0.461031 0.410290 0.460974 0.411028 0.460905 0.411468 0.460835 0.411540 0.460774 0.413630 0.458579 0.412531 0.418988 0.411520 0.418051 0.403176 0.418463
0 0.549989 0.523110 0.561907 0.562387 0.562192 0.562674 0.563345 0.562052 0.574688 0.544901 0.568468 0.524403 0.568155 0.524292 0.564212 0.523874 0.551136 0.522491
0 0.497882 0.376379 0.498672 0.379486 0.506309 0.385832 0.506937 0.386308 0.509411 0.388097 0.513036 0.390651 0.513749 0.389274 0.514855 0.386827 0.515680 0.384870 0.516441 0.382935 0.516788 0.381966 0.517110 0.380732 0.508238 0.365162 0.507946 0.364815 0.507457 0.364523 0.506846 0.364330 0.506205 0.364267 0.505634 0.364342 0.505219 0.364545 0.500145 0.370707 0.499808 0.371294 0.499362 0.372212 0.498876 0.373322 0.498425 0.374453 0.498077 0.375431 0.497887 0.376107
0 0.557293 0.557662 0.562403 0.576910 0.562949 0.578302 0.570711 0.574435 0.565639 0.555095 0.565078 0.553782 0.558850 0.556886
0 0.449073 0.433351 0.449771 0.434265 0.457364 0.438582 0.468194 0.432775 0.471431 0.422652 0.471034 0.421577 0.463336 0.417200 0.452355 0.423087
0 0.500217 0.416863 0.500327 0.417177 0.500642 0.417852 0.501113 0.418783 0.501669 0.419831 0.506512 0.428774 0.507070 0.429782 0.507547 0.430601 0.507872 0.431106 0.507993 0.431220 0.510347 0.431951 0.523719 0.419143 0.526396 0.416565 0.526700 0.415601 0.516924 0.397551 0.500679 0.413193
0 0.427017 0.573678 0.427079 0.574255 0.427420 0.574588 0.428241 0.574847 0.431939 0.575932 0.437184 0.577466 0.437641 0.577410 0.438007 0.577008 0.439538 0.574010 0.439245 0.570416 0.439064 0.569835 0.438680 0.569503 0.433508 0.567606 0.429860 0.566277 0.429034 0.566047 0.428615 0.566130 0.428355 0.566601
