0 0.502999 0.433515 0.505275 0.436910 0.511443 0.442491 0.513499 0.444351 0.516705 0.445917 0.516768 0.445813 0.516962 0.445447 0.517258 0.444874 0.517612 0.444183 0.524599 0.430426 0.524679 0.430171 0.510921 0.417722 0.506252 0.426907 0.503566 0.432272 0.503265 0.432893 0.503067 0.433330
0 0.573076 0.278772 0.573371 0.283237 0.574397 0.298725 0.575130 0.309779 0.581457 0.316846 0.613259 0.266227 0.613779 0.265154 0.607423 0.258054 0.584060 0.260806 0.573411 0.277756 0.573243 0.278265
0 0.492109 0.617749 0.502074 0.635939 0.504802 0.633281 0.505225 0.629294 0.505165 0.627808 0.505046 0.627436 0.504723 0.626714 0.504244 0.625752 0.503683 0.624697 0.498803 0.615790 0.498242 0.614797 0.497766 0.614015 0.497445 0.613562 0.497330 0.613508 0.494955 0.612461 0.492289 0.615058
0 0.588143 0.530676 0.589077 0.535856 0.590772 0.541204 0.598465 0.538590 0.607898 0.533063 0.605286 0.522605 0.604004 0.523063 0.592936 0.527981
0 0.441384 0.550453 0.441622 0.551057 0.442130 0.552084 0.442830 0.553376 0.443617 0.554739 0.444372 0.555969 0.444982 0.556880 0.445354 0.557333 0.447486 0.556513 0.447586 0.556416 0.454136 0.546954 0.453973 0.546496 0.453602 0.545719 0.453080 0.544742 0.452487 0.543714 0.451914 0.542794 0.451449 0.542122 0.451163 0.541801 0.442616 0.547804 0.442528 0.547920
0 0.524675 0.524691 0.524961 0.524977 0.541570 0.527279 0.543642 0.500704 0.541922 0.498132 0.541789 0.498103 0.541297 0.498026 0.540522 0.497913 0.539581 0.497781 0.538620 0.497649 0.537786 0.497540 0.537206 0.497468 0.536968 0.497445 0.534933 0.499558 0.524846 0.522502
0 0.523563 0.478122 0.563296 0.517806 0.563588 0.517888 0.573554 0.500147 0.533638 0.460281 0.533484 0.460463
0 0.527543 0.454699 0.528216 0.456101 0.542813 0.468001 0.543501 0.467434 0.557104 0.455810 0.555867 0.441950 0.555089 0.433236 0.554418 0.431839 0.528163 0.454071
0 0.505402 0.589242 0.507822 0.611286 0.509277 0.620550 0.509534 0.622186 0.510082 0.622153 0.511096 0.621962 0.512422 0.621640 0.513856 0.621238 0.515176 0.620818 0.516179 0.620445 0.516712 0.620175 0.516697 0.620049 0.516440 0.618416 0.515241 0.610802 0.514984 0.609171 0.510572 0.587749 0.510177 0.587819 0.509452 0.587991 0.508886 0.588140 0.508093 0.588355 0.507481 0.588527 0.506533 0.588809 0.505805 0.589044 0.505407 0.589196
0 0.546202 0.539764 0.546736 0.540223 0.554733 0.543422 0.557612 0.530626 0.556197 0.527561 0.555942 0.527452 0.555364 0.527215 0.554551 0.526886 0.553627 0.526516 0.552731 0.526159 0.551998 0.525869 0.551540 0.525692 0.551427 0.525653 0.549048 0.527114
0 0.396883 0.372228 0.396915 0.372830 0.397011 0.373617 0.397684 0.377892 0.401800 0.399314 0.402683 0.403143 0.402858 0.403762 0.403009 0.404113 0.403113 0.404142 0.419182 0.399398 0.419237 0.399097 0.419221 0.398516 0.419136 0.397742 0.418996 0.396895 0.413647 0.369053 0.413473 0.368266 0.413294 0.367665 0.413136 0.367341 0.413024 0.367344 0.396919 0.371902
0 0.511983 0.593841 0.512263 0.596036 0.512742 0.598662 0.512925 0.598923 0.513412 0.599403 0.514131 0.600030 0.514970 0.600708 0.515801 0.601331 0.516497 0.601805 0.516950 0.602058 0.517093 0.602051 0.519557 0.601717 0.524670 0.590046 0.524106 0.587988 0.516979 0.582438
