0 0.444949 0.490891 0.445102 0.492455 0.447756 0.495175 0.457046 0.504696 0.457635 0.504631 0.458792 0.504430 0.462816 0.497449 0.463277 0.496573 0.450174 0.483144 0.450060 0.483105 0.449598 0.482948 0.449029 0.483813
0 0.404981 0.320601 0.411998 0.339075 0.412194 0.339264 0.412606 0.339506 0.413170 0.339766 0.413800 0.340004 0.414399 0.340183 0.414876 0.340275 0.415159 0.340268 0.420757 0.334459 0.421278 0.333831 0.421888 0.332946 0.422498 0.331939 0.423013 0.330961 0.423357 0.330159 0.423476 0.329657 0.423149 0.326688 0.422963 0.326254 0.420708 0.323614 0.416400 0.318597 0.415839 0.317977 0.410323 0.312141 0.409594 0.312285 0.408785 0.312988 0.407499 0.314875 0.406140 0.317312 0.405400 0.318914 0.404984 0.320177
0 0.484900 0.561390 0.486306 0.572313 0.502691 0.568563 0.502679 0.568249 0.501279 0.557376 0.484969 0.561109
0 0.477257 0.404109 0.477298 0.404281 0.477725 0.404847 0.478471 0.405718 0.479423 0.406763 0.480438 0.407824 0.481363 0.408742 0.482058 0.409378 0.482418 0.409636 0.484341 0.408151 0.485108 0.406846 0.484909 0.403616 0.484889 0.403486 0.484577 0.403059 0.484020 0.402400 0.483303 0.401608 0.482536 0.400806 0.481837 0.400116 0.481312 0.399645 0.481043 0.399464 0.478662 0.399930 0.477893 0.401238
0 0.435411 0.440458 0.435435 0.441440 0.435580 0.442038 0.444192 0.446728 0.444581 0.446924 0.446688 0.446414 0.447079 0.445916 0.447494 0.444839 0.447870 0.443349 0.448151 0.441670 0.448295 0.440055 0.448280 0.438746 0.448107 0.437943 0.446353 0.436343 0.445969 0.436123 0.436643 0.435692 0.436337 0.436054 0.436015 0.436855 0.435725 0.437974 0.435513 0.439240
0 0.427777 0.634157 0.438887 0.675941 0.446722 0.672236 0.446964 0.671447 0.435904 0.629856 0.428105 0.633544
0 0.555162 0.520095 0.562694 0.528671 0.563419 0.529003 0.565474 0.528680 0.565684 0.528526 0.566109 0.528009 0.566685 0.527208 0.567324 0.526246 0.567927 0.525270 0.568402 0.524430 0.568676 0.523854 0.568709 0.523630 0.568841 0.520538 0.561222 0.511862 0.560523 0.511726
0 0.421242 0.489908 0.421567 0.494198 0.422579 0.496705 0.423231 0.497998 0.423950 0.498920 0.425604 0.500721 0.428701 0.501962 0.428986 0.501953 0.432191 0.501521 0.435027 0.499487 0.437063 0.496160 0.437990 0.492048 0.437665 0.487776 0.436658 0.485278 0.436140 0.483994 0.433645 0.481279 0.430560 0.480043 0.430282 0.479963 0.427065 0.480397 0.425184 0.481746 0.424347 0.482470 0.423523 0.483574 0.422172 0.485779
0 0.434095 0.509034 0.441405 0.518170 0.442075 0.517962 0.453365 0.501904 0.446138 0.492872 0.445516 0.492790 0.443406 0.492838 0.443202 0.493013 0.442768 0.493531 0.442171 0.494315 0.441501 0.495244 0.435804 0.503347 0.435167 0.504276 0.434662 0.505061 0.434366 0.505581 0.434323 0.505758
0 0.556243 0.573673 0.557163 0.577227 0.557405 0.577452 0.557943 0.577888 0.558695 0.578470 0.559547 0.579109 0.560368 0.579706 0.561031 0.580170 0.561435 0.580429 0.561520 0.580446 0.564196 0.579921 0.569041 0.571004 0.569860 0.569033 0.568263 0.567456 0.561043 0.562122
0 0.549485 0.610561 0.549754 0.611012 0.561805 0.626285 0.567518 0.618228 0.570705 0.613450 0.571035 0.612878 0.571222 0.612455 0.571239 0.612245 0.569407 0.608400 0.567606 0.606117 0.562203 0.599271 0.559233 0.597030 0.559087 0.597078 0.558790 0.597362 0.558387 0.597839 0.557941 0.598437
0 0.485610 0.510242 0.489011 0.510380 0.502615 0.510931 0.503028 0.492791 0.503131 0.488256 0.486126 0.487568 0.485713 0.505707
