0 0.480982 0.558171 0.481558 0.560289 0.481991 0.561877 0.482542 0.562178 0.489684 0.558722 0.489931 0.558034 0.490161 0.556708 0.489739 0.555156 0.489176 0.553087 0.482968 0.556091 0.481417 0.556842
0 0.430275 0.540643 0.431294 0.544938 0.441240 0.543147 0.441344 0.543127 0.441800 0.542956 0.442537 0.542659 0.443445 0.542281 0.451480 0.538893 0.452415 0.538494 0.453232 0.538135 0.453807 0.537872 0.454051 0.537744 0.462302 0.531862 0.462368 0.531806 0.461351 0.527519 0.458820 0.528493 0.454888 0.530007 0.439149 0.536644 0.437154 0.537539 0.430398 0.540571
0 0.540558 0.612895 0.541934 0.615627 0.542234 0.616135 0.542815 0.616780 0.543592 0.617466 0.544445 0.618089 0.545246 0.618555 0.545875 0.618794 0.546235 0.618767 0.547632 0.618579 0.551160 0.615798 0.565436 0.581522 0.558288 0.575779 0.556447 0.577608 0.541349 0.611014
0 0.523614 0.490152 0.523942 0.491543 0.524653 0.494232 0.526728 0.497533 0.529593 0.499524 0.531625 0.499773 0.532715 0.499901 0.532832 0.499901 0.535915 0.498607 0.538393 0.495838 0.539887 0.492016 0.540170 0.487722 0.539200 0.483611 0.537123 0.480308 0.534256 0.478316 0.531036 0.477938 0.527953 0.479232 0.527935 0.479245 0.525459 0.482012 0.523966 0.485832 0.523709 0.488699
0 0.545318 0.443044 0.545848 0.446170 0.563133 0.459074 0.564309 0.458312 0.564609 0.458117 0.571213 0.442393 0.572863 0.438463 0.555175 0.425256 0.552752 0.426294 0.552690 0.426380 0.551785 0.427644 0.550168 0.431494
0 0.478743 0.461113 0.488234 0.479503 0.488288 0.479598 0.529475 0.441811 0.529611 0.441541 0.520121 0.423151
0 0.482354 0.513041 0.483716 0.524157 0.493720 0.521978 0.495247 0.519257 0.495301 0.519036 0.495277 0.518762 0.495196 0.518032 0.495069 0.516959 0.494918 0.515704 0.494763 0.514458 0.494629 0.513409 0.494536 0.512714 0.494499 0.512481 0.492533 0.510615 0.482758 0.512743
0 0.501101 0.486120 0.517606 0.486492 0.517687 0.486430 0.518527 0.420104 0.501946 0.419731 0.501937 0.420098
0 0.460701 0.615414 0.471768 0.631813 0.476559 0.626607 0.477796 0.625123 0.477956 0.624221 0.466908 0.607850 0.460768 0.615216
0 0.439474 0.453994 0.444847 0.465216 0.448653 0.464774 0.448881 0.464684 0.449393 0.464336 0.450112 0.463784 0.450927 0.463110 0.460813 0.454698 0.461605 0.454003 0.462258 0.453389 0.462671 0.452949 0.462782 0.452750 0.464686 0.448333 0.459314 0.437110 0.453979 0.440849 0.443978 0.449360
0 0.503268 0.558182 0.503283 0.558450 0.518234 0.568141 0.521868 0.558174 0.521768 0.557907 0.506885 0.548261
0 0.572428 0.662549 0.573097 0.664051 0.589618 0.667109 0.589836 0.666199 0.590066 0.663994 0.590296 0.661788 0.590985 0.655172 0.590994 0.653892 0.589174 0.650550 0.588869 0.650317 0.588236 0.650050 0.587373 0.649791 0.586409 0.649578 0.578215 0.648061 0.577294 0.647925 0.576554 0.647888 0.576105 0.647954 0.573791 0.649453
