0 0.024404 0.937707 0.054288 0.945557 0.117610 0.944069 0.121705 0.904214 0.116657 0.902983 0.060349 0.897234 0.028527 0.897588
0 0.444245 0.156152 0.449915 0.157729 0.505471 0.168369 0.533399 0.171242 0.537473 0.152571 0.540998 0.131602 0.507311 0.121721 0.451786 0.116770
0 0.574071 0.807577 0.574361 0.812754 0.578438 0.869206 0.581122 0.900526 0.621348 0.897624 0.620040 0.866883 0.614031 0.804694
0 0.788062 0.585267 0.788722 0.585462 0.828574 0.589840 0.836810 0.550568 0.841239 0.510254 0.800926 0.505825 0.796799 0.505745
0 0.634297 0.296157 0.674213 0.299607 0.682029 0.239209 0.683221 0.207474 0.643040 0.204000 0.639454 0.234439 0.634571 0.290819
0 0.519821 0.784467 0.520479 0.785512 0.522302 0.787739 0.525015 0.790811 0.528203 0.794258 0.531376 0.797551 0.534046 0.800182 0.535806 0.801751 0.536390 0.802021 0.548407 0.803750 0.583718 0.770422 0.582761 0.767331 0.555305 0.738242 0.520398 0.771189
0 0.155280 0.070203 0.159219 0.075114 0.191070 0.099312 0.220107 0.061092 0.217264 0.046895 0.216158 0.045740 0.213751 0.043644 0.210409 0.040925 0.206642 0.038001 0.203030 0.035319 0.200127 0.033293 0.198377 0.032231 0.184653 0.031540
0 0.133488 0.171324 0.162290 0.210414 0.166150 0.213723 0.175779 0.214188 0.176945 0.214020 0.179407 0.212791 0.182788 0.210690 0.186577 0.208036 0.190201 0.205228 0.193115 0.202692 0.194875 0.200809 0.195212 0.199870 0.198352 0.189996 0.169880 0.151353 0.166063 0.147322
0 0.902357 0.128445 0.947812 0.143869 0.961066 0.136950 0.961971 0.135600 0.963332 0.132707 0.964942 0.128713 0.966553 0.124226 0.967919 0.119937 0.968830 0.116505 0.969147 0.114454 0.965991 0.101436 0.920011 0.085833 0.915211 0.090567
0 0.319743 0.493116 0.322149 0.504815 0.322652 0.505369 0.324560 0.506937 0.327584 0.509282 0.331261 0.512045 0.335027 0.514802 0.338303 0.517129 0.340589 0.518671 0.341537 0.519193 0.353931 0.517022 0.382524 0.478467 0.350395 0.454640 0.348666 0.454115
0 0.352614 0.236012 0.390007 0.266727 0.408849 0.246755 0.444754 0.203042 0.462403 0.178588 0.425009 0.147874 0.407260 0.155376 0.405487 0.157021 0.402916 0.159805 0.399942 0.163305 0.363619 0.207527 0.360707 0.211194 0.358315 0.214451 0.356807 0.216801 0.356412 0.217887
0 0.053892 0.271899 0.097959 0.291892 0.113437 0.279935 0.114951 0.277799 0.116855 0.274402 0.118861 0.270260 0.142343 0.218504 0.144156 0.214228 0.145507 0.210449 0.146192 0.207740 0.145084 0.188024 0.101016 0.168031 0.085861 0.191484 0.062105 0.243845
0 0.054632 0.765931 0.091626 0.809761 0.132038 0.813179 0.137084 0.808884 0.140455 0.769026 0.103968 0.725797 0.064110 0.722427 0.058049 0.725519
0 0.459746 0.656295 0.459772 0.658731 0.460192 0.660264 0.501969 0.720028 0.502807 0.720007 0.507056 0.719361 0.513371 0.718233 0.523980 0.716181 0.533209 0.714253 0.538069 0.713059 0.541502 0.712001 0.535918 0.679118 0.535226 0.675676 0.524877 0.633157 0.515784 0.626209 0.514352 0.626486 0.511359 0.627081 0.507259 0.627902 0.502673 0.628825 0.498293 0.629712 0.494779 0.630428 0.492667 0.630865 0.492281 0.630955 0.463789 0.644974 0.462824 0.645759 0.461787 0.647622 0.460838 0.650279 0.460121 0.653326
0 0.292484 0.703002 0.292846 0.705587 0.293743 0.708512 0.295038 0.711331 0.296531 0.713612 0.297995 0.715006 0.330574 0.725449 0.333479 0.725827 0.337595 0.726073 0.342291 0.726149 0.346844 0.726043 0.350556 0.725772 0.352860 0.725377 0.353410 0.724919 0.360642 0.717046 0.361155 0.716051 0.363224 0.672483 0.363248 0.668984 0.362321 0.636136 0.362254 0.635486 0.355733 0.634935 0.345152 0.634626 0.337057 0.634626 0.329391 0.634850 0.325768 0.635107 0.321902 0.635931 0.292710 0.701153
0 0.219732 0.745404 0.220255 0.747475 0.221538 0.749954 0.223388 0.752463 0.225520 0.754617 0.227609 0.756086 0.229335 0.756648 0.300580 0.763084 0.303143 0.759513 0.305104 0.756265 0.308981 0.749455 0.312872 0.742311 0.317695 0.733031 0.320358 0.727381 0.303224 0.717366 0.291473 0.710595 0.288392 0.708927 0.249196 0.689721 0.237701 0.692406 0.237043 0.692899 0.235596 0.694936 0.233577 0.698212 0.231297 0.702226 0.229105 0.706362 0.227338 0.709984 0.226267 0.712537
0 0.643303 0.076374 0.643318 0.080819 0.643350 0.085541 0.643393 0.089827 0.643441 0.093030 0.643486 0.094663 0.651796 0.126749 0.652396 0.127482 0.654039 0.128557 0.656474 0.129809 0.659330 0.131047 0.662169 0.132082 0.664557 0.132754 0.666130 0.132962 0.732822 0.101643 0.732985 0.100165 0.733195 0.094950 0.733315 0.087903 0.733336 0.076718 0.733190 0.067585 0.732909 0.063524 0.732463 0.061559 0.699097 0.061394 0.695584 0.061432 0.667033 0.062105 0.651968 0.062465 0.643365 0.070640 0.643329 0.070862 0.643307 0.072878
0 0.099610 0.313160 0.099749 0.313548 0.101119 0.315230 0.103513 0.317951 0.106566 0.321296 0.109809 0.324752 0.112744 0.327786 0.114921 0.329936 0.116010 0.330875 0.127820 0.330929 0.153413 0.308164 0.171382 0.291571 0.187409 0.276718 0.184871 0.273861 0.179370 0.267881 0.170402 0.258195 0.164437 0.251791 0.160500 0.247653 0.159522 0.246751 0.147109 0.256619 0.100488 0.301407
0 0.603565 0.741553 0.605009 0.744920 0.649891 0.812723 0.683793 0.790282 0.681266 0.786291 0.637001 0.719420
0 0.422941 0.492823 0.430254 0.502556 0.431082 0.502688 0.433632 0.503059 0.437516 0.503611 0.442144 0.504261 0.446801 0.504909 0.450774 0.505455 0.453455 0.505815 0.454437 0.505936 0.454961 0.505868 0.464318 0.498524 0.470962 0.450986 0.470283 0.449839 0.429741 0.444173
0 0.730685 0.653877 0.736081 0.657477 0.770791 0.679178 0.796832 0.637525 0.792789 0.625078 0.792391 0.624752 0.790473 0.623486 0.787324 0.621474 0.783425 0.619020 0.779375 0.616504 0.775796 0.614311 0.773236 0.612776 0.772084 0.612133 0.768956 0.610844 0.756130 0.613177
0 0.629177 0.355043 0.646285 0.391308 0.682550 0.374200 0.683390 0.373621 0.666203 0.337189 0.629772 0.354376
0 0.259960 0.431108 0.261058 0.431423 0.300979 0.433930 0.303485 0.394008 0.302583 0.393521 0.262478 0.391004
0 0.217364 0.425753 0.224895 0.465325 0.226156 0.465483 0.265546 0.457987 0.258050 0.418597 0.256936 0.418222
0 0.536445 0.974365 0.536612 0.976544 0.575867 0.985134 0.584457 0.945879 0.584071 0.943841 0.544996 0.935290
