0 0.408231 0.544660 0.410609 0.547742 0.414177 0.552366 0.414374 0.552246 0.414521 0.552156 0.426033 0.536364 0.420111 0.528689 0.419974 0.528738 0.419790 0.528804
0 0.424308 0.455420 0.425145 0.456652 0.425488 0.456851 0.441439 0.465119 0.453700 0.450301 0.449091 0.428326 0.448257 0.427100 0.448019 0.426764
0 0.458587 0.505347 0.458651 0.505890 0.458895 0.506125 0.460961 0.506554 0.464506 0.506638 0.464788 0.506413 0.464932 0.505873 0.465545 0.501311 0.465334 0.492826 0.465280 0.492220 0.465061 0.491826 0.463497 0.490517 0.462248 0.490232 0.460500 0.491541 0.460226 0.491933 0.460085 0.492535 0.458665 0.500129
0 0.552834 0.563085 0.553078 0.563375 0.561311 0.564893 0.565865 0.520979 0.565563 0.520883 0.557367 0.519372
0 0.484732 0.400782 0.485081 0.403050 0.491453 0.410045 0.497748 0.399848 0.497695 0.397506 0.497546 0.394841 0.497395 0.394538 0.496969 0.393954 0.496334 0.393179 0.495586 0.392331 0.494840 0.391540 0.494211 0.390928 0.493796 0.390588 0.493656 0.390571 0.491174 0.390348
0 0.576222 0.415999 0.576354 0.416467 0.576598 0.417117 0.579002 0.422621 0.583347 0.431978 0.583730 0.431666 0.597830 0.420026 0.591388 0.405818 0.591037 0.405114 0.590709 0.404551 0.590452 0.404215 0.590306 0.404156 0.587054 0.405542 0.584941 0.407286 0.578603 0.412518 0.576222 0.415782
0 0.562252 0.589257 0.566949 0.599578 0.567351 0.600385 0.571389 0.607962 0.572216 0.607716 0.573200 0.607131 0.574861 0.605754 0.576671 0.604043 0.577691 0.602952 0.578308 0.602130 0.578365 0.601884 0.575589 0.581896 0.575462 0.581560 0.575136 0.581111 0.574659 0.580619 0.574106 0.580158 0.573560 0.579799 0.573106 0.579598 0.572812 0.579583 0.566647 0.582581 0.566219 0.582836 0.565560 0.583327 0.564771 0.583980 0.563971 0.584697 0.563280 0.585368 0.562803 0.585893 0.562613 0.586191
0 0.405411 0.556510 0.405892 0.557904 0.419680 0.568573 0.428895 0.550412 0.428320 0.549059 0.414642 0.538256
0 0.567411 0.482122 0.568420 0.483543 0.582652 0.502177 0.585984 0.505424 0.588540 0.503146 0.589286 0.502312 0.589877 0.501330 0.591827 0.497489 0.579740 0.480239 0.573200 0.474262
0 0.468244 0.555227 0.469217 0.558408 0.478752 0.562947 0.478851 0.562655 0.478949 0.562365 0.479094 0.561935 0.479142 0.561792 0.479189 0.561651 0.479491 0.560544 0.481711 0.552253 0.481211 0.550846 0.479657 0.550106 0.473438 0.547145 0.470284 0.548338 0.469939 0.548900 0.469834 0.549206 0.469615 0.549950 0.469317 0.551017 0.468983 0.552246 0.468666 0.553447 0.468414 0.554435 0.468266 0.555060
0 0.486837 0.551422 0.486864 0.551736 0.486973 0.552496 0.487150 0.553587 0.487367 0.554842 0.489283 0.565651 0.489506 0.566875 0.489700 0.567875 0.489836 0.568501 0.489893 0.568656 0.491946 0.570676 0.511446 0.564528 0.511316 0.563791 0.509597 0.554095 0.507916 0.544615 0.507518 0.542371 0.504305 0.543384 0.488226 0.548503
0 0.512627 0.457659 0.520886 0.458327 0.520982 0.458135 0.521485 0.447072 0.513188 0.446401 0.513128 0.446647
0 0.457309 0.673374 0.470348 0.694321 0.470634 0.694772 0.470924 0.695210 0.471216 0.695632 0.471504 0.696031 0.471785 0.696399 0.481694 0.684524 0.484171 0.681555 0.484633 0.680966 0.484755 0.680809 0.484519 0.680391 0.484262 0.679958 0.483991 0.679518 0.483709 0.679077 0.483418 0.678639 0.469816 0.658463 0.469614 0.658626
0 0.557784 0.462066 0.567935 0.476076 0.569267 0.477327 0.603612 0.429349 0.593782 0.414802 0.592335 0.413797
0 0.471685 0.590863 0.471710 0.592114 0.471861 0.593142 0.472115 0.593790 0.473491 0.596040 0.474025 0.596326 0.475194 0.596431 0.477173 0.595497 0.477626 0.595049 0.478031 0.593993 0.478326 0.592488 0.478465 0.590766 0.478426 0.589092 0.478217 0.587723 0.477869 0.586869 0.476065 0.585631 0.475528 0.585368 0.474361 0.585257 0.473802 0.585834 0.472304 0.587656 0.472006 0.588452 0.471788 0.589578
0 0.448769 0.519937 0.454942 0.540624 0.464252 0.535685 0.464660 0.535278 0.465482 0.532554 0.465458 0.532276 0.465297 0.531573 0.465025 0.530552 0.464683 0.529367 0.464323 0.528198 0.463998 0.527221 0.463759 0.526583 0.463641 0.526383 0.461609 0.525052 0.450888 0.518895 0.450320 0.519114
0 0.435651 0.339955 0.435885 0.340096 0.436449 0.340359 0.437259 0.340705 0.438190 0.341081 0.439099 0.341429 0.439846 0.341695 0.440319 0.341840 0.440445 0.341841 0.444635 0.330126 0.444402 0.327118 0.444078 0.326952 0.443318 0.326619 0.442239 0.326169 0.441004 0.325670 0.439799 0.325197 0.438804 0.324822 0.438172 0.324602 0.438000 0.324570 0.436635 0.326948
