0 0.423145 0.456002 0.423822 0.467048 0.424172 0.467199 0.440665 0.465401 0.439991 0.454406 0.439714 0.454196
0 0.526338 0.558034 0.526693 0.560472 0.528210 0.565471 0.528489 0.565776 0.528924 0.565766 0.532672 0.564153 0.538115 0.561303 0.538507 0.560989 0.538680 0.560527 0.538884 0.557819 0.538688 0.556336 0.537012 0.554404 0.536621 0.554174 0.536145 0.554214 0.530519 0.555852 0.526735 0.557295 0.526391 0.557599
0 0.481048 0.516208 0.481758 0.520413 0.483622 0.523935 0.486354 0.526238 0.489540 0.526971 0.492693 0.526024 0.495334 0.523539 0.497062 0.519896 0.497064 0.519883 0.497434 0.517030 0.497620 0.515593 0.497380 0.514170 0.496903 0.511436 0.495041 0.507917 0.492310 0.505615 0.490236 0.505116 0.489158 0.504868 0.488091 0.505189 0.485975 0.505829 0.485966 0.505833 0.483325 0.508318 0.481597 0.511961
0 0.404313 0.525353 0.404486 0.526307 0.404819 0.527514 0.405261 0.528790 0.405745 0.529938 0.406015 0.530444 0.406336 0.530949 0.406545 0.531196 0.406739 0.531115 0.422088 0.523116 0.429547 0.518501 0.429519 0.517748 0.429245 0.516446 0.428768 0.514793 0.428160 0.513038 0.427511 0.511444 0.426920 0.510251 0.426475 0.509641 0.426245 0.509710 0.418774 0.514341 0.404327 0.524800
0 0.563760 0.496522 0.566069 0.500583 0.566153 0.500690 0.566567 0.500996 0.567248 0.501455 0.568091 0.501996 0.578696 0.508671 0.579578 0.509215 0.580368 0.509681 0.580947 0.510000 0.581226 0.510121 0.585044 0.509917 0.589306 0.497877 0.584675 0.494483 0.573946 0.487731 0.568022 0.484482
0 0.569039 0.600060 0.569217 0.601293 0.569794 0.604024 0.571788 0.607399 0.572077 0.607831 0.574899 0.609940 0.577021 0.610276 0.578112 0.610448 0.581226 0.609279 0.583767 0.606609 0.585349 0.602846 0.585601 0.600017 0.585730 0.598563 0.585433 0.597153 0.584854 0.594410 0.582851 0.591022 0.582520 0.590657 0.579709 0.588557 0.577596 0.588222 0.576640 0.588202 0.575455 0.588446 0.573407 0.589215 0.570876 0.591874 0.569300 0.595622 0.569049 0.598440
0 0.546553 0.414277 0.546618 0.414342 0.562810 0.418877 0.567336 0.392311 0.567432 0.391734 0.567524 0.391163 0.567610 0.390601 0.567690 0.390057 0.567761 0.389543 0.551462 0.384977 0.551260 0.384982 0.551199 0.384984 0.551108 0.385494 0.551015 0.386031 0.550921 0.386588 0.550828 0.387154 0.550737 0.387727
0 0.404250 0.405740 0.416181 0.421099 0.416516 0.421415 0.427989 0.405571 0.427700 0.405192 0.415769 0.389833
0 0.466788 0.432674 0.471284 0.454800 0.471416 0.455007 0.487637 0.459370 0.498166 0.441382 0.498412 0.439760 0.498405 0.439482 0.467035 0.431044
0 0.544747 0.552403 0.547594 0.574139 0.547813 0.574480 0.596942 0.563037 0.594082 0.541202 0.593650 0.541013
0 0.526477 0.596297 0.526658 0.596743 0.534959 0.597057 0.539674 0.597108 0.540185 0.597080 0.540504 0.597021 0.540583 0.596940 0.541510 0.592556 0.541585 0.589245 0.541809 0.579311 0.541082 0.574864 0.540909 0.574794 0.540511 0.574724 0.539949 0.574666 0.539308 0.574629 0.526975 0.574240
0 0.564129 0.448644 0.572038 0.456594 0.574860 0.455993 0.575073 0.455733 0.575483 0.455107 0.576028 0.454210 0.576624 0.453180 0.577179 0.452174 0.577609 0.451348 0.577847 0.450827 0.577859 0.450690 0.577897 0.447203 0.569897 0.439161 0.569098 0.439856
0 0.464889 0.407536 0.465290 0.408592 0.472400 0.414183 0.487495 0.380058 0.487203 0.377252 0.486737 0.374778 0.486554 0.374481 0.486067 0.373968 0.485350 0.373317 0.484513 0.372628 0.483684 0.372006 0.482991 0.371548 0.482539 0.371324 0.479927 0.371530 0.479069 0.373471
