0 0.481725 0.496665 0.484792 0.507047 0.487038 0.508258 0.487197 0.508176 0.487688 0.507920 0.488434 0.507529 0.489323 0.507063 0.504861 0.498905 0.512629 0.494825 0.513518 0.494358 0.514263 0.493966 0.514751 0.493708 0.514908 0.493624 0.515939 0.490693 0.512872 0.480310
0 0.529118 0.322147 0.530150 0.323866 0.541751 0.325579 0.544479 0.325103 0.544850 0.324849 0.545445 0.324308 0.546175 0.323563 0.546929 0.322725 0.547593 0.321921 0.548067 0.321273 0.548278 0.320879 0.548752 0.316606 0.542491 0.306177 0.529454 0.320091
0 0.559711 0.608481 0.559741 0.608598 0.573962 0.620408 0.575066 0.621204 0.580220 0.624919 0.581325 0.625715 0.581669 0.625240 0.582219 0.624162 0.582891 0.622646 0.583583 0.620924 0.584187 0.619262 0.584611 0.617917 0.584789 0.617094 0.584697 0.616915 0.578448 0.612417 0.577346 0.611624 0.562203 0.602279 0.562071 0.602502 0.561832 0.602971 0.561608 0.603445 0.561139 0.604540 0.560645 0.605770 0.560200 0.606950 0.559872 0.607903
0 0.335811 0.529107 0.338819 0.534715 0.341265 0.537731 0.347531 0.545453 0.353094 0.550408 0.359872 0.540632 0.358633 0.535615 0.358394 0.535087 0.357907 0.534330 0.357245 0.533459 0.348633 0.522845 0.347894 0.521989 0.347187 0.521275 0.346619 0.520809 0.346277 0.520665 0.342589 0.519330
0 0.442401 0.566351 0.444076 0.577207 0.460359 0.572742 0.460541 0.572409 0.458874 0.561603 0.442665 0.566047
0 0.423958 0.611493 0.428097 0.637954 0.436367 0.635654 0.437821 0.632554 0.437147 0.628244 0.433700 0.606820 0.433668 0.606790 0.431315 0.605373 0.430864 0.605402 0.430127 0.605542 0.429216 0.605774 0.428267 0.606060 0.427425 0.606358 0.426816 0.606624 0.426534 0.606816 0.425680 0.608058
0 0.567837 0.516570 0.582840 0.525752 0.583172 0.525856 0.590087 0.505772 0.575023 0.496553 0.574723 0.496566
0 0.499658 0.585175 0.511931 0.606461 0.513988 0.610027 0.530472 0.612900 0.533156 0.610149 0.546427 0.596546 0.549111 0.593794 0.550188 0.582805 0.549958 0.582426 0.500732 0.573846 0.499660 0.584785
0 0.511273 0.630188 0.511404 0.631693 0.512765 0.633546 0.512970 0.633754 0.513521 0.633994 0.514336 0.634230 0.515288 0.634425 0.516233 0.634549 0.517024 0.634583 0.517542 0.634522 0.519687 0.633084 0.520940 0.619830 0.520700 0.618460 0.512511 0.617085
0 0.463417 0.477796 0.470002 0.498148 0.470140 0.498157 0.515723 0.471936 0.515795 0.471806 0.509210 0.451454
0 0.434099 0.607886 0.434844 0.612414 0.437570 0.615077 0.441658 0.619070 0.442839 0.618827 0.446833 0.611559 0.447393 0.610521 0.447516 0.610264 0.447760 0.609752 0.447881 0.609498 0.448477 0.608245 0.440478 0.600431 0.437800 0.601289 0.437077 0.602467 0.436879 0.602810 0.436484 0.603516 0.435951 0.604476 0.435362 0.605545 0.434808 0.606557 0.434373 0.607357 0.434124 0.607824
0 0.508182 0.528820 0.508220 0.528953 0.512146 0.538721 0.519472 0.533487 0.515546 0.523718 0.515475 0.523609
0 0.467785 0.563619 0.500802 0.570320 0.501808 0.561516 0.502310 0.557113 0.502284 0.556461 0.500937 0.553990 0.500748 0.553881 0.500215 0.553713 0.499419 0.553511 0.498480 0.553306 0.473944 0.548326 0.472998 0.548148 0.472181 0.548022 0.471617 0.547968 0.471392 0.547993 0.469644 0.549836 0.469293 0.550412 0.468790 0.554814
0 0.400010 0.468107 0.400815 0.472515 0.404037 0.490147 0.406675 0.490418 0.422751 0.485196 0.419618 0.468049 0.418834 0.463762 0.416540 0.462737 0.413234 0.463811
0 0.592261 0.373676 0.594761 0.393497 0.594821 0.393650 0.595085 0.393960 0.595513 0.394381 0.596040 0.394848 0.596585 0.395289 0.597065 0.395637 0.597407 0.395840 0.597558 0.395865 0.604065 0.392555 0.604164 0.392502 0.604564 0.392164 0.605205 0.391593 0.605988 0.390874 0.606795 0.390118 0.607500 0.389441 0.607996 0.388947 0.608208 0.388712 0.608582 0.385471 0.606800 0.382059 0.603017 0.374853 0.598996 0.367337 0.597275 0.368955 0.594049 0.371992 0.592455 0.373493
0 0.552407 0.373094 0.562410 0.396718 0.562627 0.397221 0.562842 0.397702 0.563056 0.398160 0.563264 0.398586 0.563462 0.398972 0.566340 0.396806 0.574973 0.390307 0.577850 0.388141 0.578062 0.386846 0.578126 0.386448 0.577940 0.385948 0.577740 0.385439 0.577530 0.384929 0.577313 0.384428 0.577092 0.383938 0.566836 0.361728 0.552428 0.372574
