0 0.565826 0.556194 0.565857 0.556473 0.566236 0.556899 0.566905 0.557409 0.567763 0.557923 0.568678 0.558363 0.569509 0.558661 0.570130 0.558772 0.570445 0.558680 0.575343 0.547828 0.575300 0.544868 0.575241 0.544516 0.574722 0.543968 0.573822 0.543308 0.572680 0.542635 0.571466 0.542052 0.570364 0.541644 0.569539 0.541475 0.569118 0.541571 0.567620 0.543702
0 0.579197 0.416872 0.580005 0.427851 0.596474 0.425697 0.597819 0.424661 0.597000 0.413529 0.580301 0.415713
0 0.480061 0.608104 0.480343 0.610227 0.481213 0.612045 0.482538 0.613281 0.484117 0.613746 0.485709 0.613370 0.487072 0.612211 0.487999 0.610444 0.488348 0.608339 0.488368 0.608152 0.488086 0.606033 0.487218 0.604219 0.485895 0.602985 0.484319 0.602521 0.482730 0.602896 0.481369 0.604053 0.480444 0.605817 0.480410 0.605999
0 0.421255 0.406425 0.422972 0.409587 0.423858 0.410626 0.424144 0.410787 0.424760 0.411008 0.425609 0.411258 0.426565 0.411496 0.427482 0.411689 0.428222 0.411806 0.428673 0.411830 0.431098 0.410331 0.434472 0.384305 0.432939 0.381598 0.424615 0.379680 0.424040 0.384119
0 0.557085 0.404994 0.559587 0.409518 0.562620 0.413281 0.566447 0.408836 0.575158 0.398493 0.576157 0.397287 0.570659 0.389056 0.562998 0.397705
0 0.430013 0.488678 0.435797 0.496638 0.436091 0.496653 0.459860 0.465946 0.454102 0.458023 0.453891 0.457830
0 0.421110 0.461299 0.423476 0.464442 0.424350 0.464849 0.436002 0.449256 0.433663 0.446149 0.432896 0.445526 0.430860 0.445748 0.430635 0.445855 0.430175 0.446306 0.429550 0.447031 0.428857 0.447920 0.422977 0.455789 0.422323 0.456703 0.421809 0.457501 0.421515 0.458059 0.421485 0.458293
0 0.406522 0.511057 0.408194 0.533110 0.424734 0.530880 0.425079 0.530738 0.423414 0.508786 0.423062 0.508827
0 0.463843 0.458557 0.463923 0.459659 0.467880 0.491323 0.468103 0.491339 0.468541 0.491317 0.469127 0.491262 0.469771 0.491181 0.470375 0.491087 0.470846 0.490994 0.471112 0.490918 0.471134 0.490868 0.470450 0.458803 0.470371 0.457703 0.469386 0.455470 0.469050 0.455491 0.468393 0.455557 0.467517 0.455659 0.466554 0.455780 0.465649 0.455902 0.464938 0.456007 0.464531 0.456080 0.464489 0.456108
0 0.435654 0.451887 0.435949 0.452107 0.444223 0.452227 0.460950 0.430404 0.461130 0.408342 0.461041 0.408131 0.460951 0.407920 0.458592 0.404704 0.444509 0.385514 0.436197 0.385393
0 0.497089 0.486168 0.497184 0.487436 0.497434 0.488671 0.498838 0.492642 0.502209 0.491894 0.521826 0.487078 0.523326 0.486703 0.521830 0.475869 0.515426 0.477042 0.497327 0.481705
0 0.429089 0.491566 0.429750 0.492907 0.432455 0.498386 0.445755 0.516319 0.447710 0.515541 0.457552 0.503328 0.458095 0.501006 0.454995 0.495547 0.454236 0.494211 0.441314 0.476396 0.431534 0.488532
0 0.436361 0.533311 0.436512 0.534072 0.437111 0.535406 0.438805 0.537025 0.439356 0.537275 0.440250 0.537121 0.441351 0.536586 0.442489 0.535751 0.443490 0.534746 0.444199 0.533724 0.444509 0.532844 0.444250 0.530172 0.444082 0.529419 0.443488 0.528085 0.442794 0.527791 0.440837 0.527211 0.440168 0.527335 0.439346 0.527739 0.438496 0.528362 0.437747 0.529110 0.437211 0.529870 0.436970 0.530527
