0 0.585414 0.599298 0.585584 0.600172 0.587169 0.601995 0.587620 0.602337 0.596752 0.604032 0.597133 0.603755 0.597556 0.603034 0.597954 0.601979 0.598268 0.600752 0.598449 0.599540 0.598469 0.598531 0.598325 0.597877 0.590249 0.592052 0.589793 0.591733 0.587684 0.591956 0.587191 0.592344 0.586643 0.593316 0.586121 0.594722 0.585705 0.596350 0.585456 0.597956
0 0.452590 0.501603 0.467033 0.512579 0.467184 0.512521 0.475378 0.493352 0.461002 0.482426 0.460822 0.482345
0 0.539463 0.536034 0.539802 0.538188 0.553641 0.572550 0.554261 0.573389 0.562433 0.571104 0.556263 0.531880 0.553953 0.529849 0.553696 0.529862 0.553109 0.529976 0.552281 0.530174 0.551338 0.530426 0.543241 0.532690 0.542323 0.532959 0.541566 0.533204 0.541084 0.533389 0.540953 0.533485
0 0.429469 0.410198 0.429791 0.412312 0.430694 0.414101 0.430813 0.414249 0.432159 0.415439 0.433744 0.415851 0.435327 0.415424 0.436666 0.414221 0.437559 0.412427 0.437868 0.410313 0.437548 0.408203 0.436646 0.406417 0.436537 0.406256 0.435189 0.405064 0.433601 0.404650 0.432015 0.405079 0.430674 0.406283 0.429780 0.408081
0 0.456803 0.426866 0.457024 0.427033 0.457457 0.427231 0.458034 0.427431 0.458670 0.427602 0.479675 0.432496 0.480280 0.432614 0.480763 0.432660 0.481049 0.432629 0.481095 0.432524 0.484225 0.410877 0.484027 0.410696 0.483611 0.410485 0.483040 0.410277 0.482402 0.410104 0.461325 0.405269 0.460726 0.405159 0.460256 0.405128 0.459987 0.405181 0.459960 0.405310
0 0.407945 0.394305 0.410469 0.397204 0.413644 0.398414 0.426342 0.403253 0.430879 0.382090 0.428929 0.378765 0.425665 0.377521 0.412609 0.372545 0.411676 0.376897 0.408877 0.389953
0 0.469614 0.592374 0.480813 0.614530 0.483421 0.614595 0.483851 0.614320 0.484511 0.613802 0.485300 0.613119 0.492208 0.606912 0.493003 0.606171 0.493680 0.605488 0.494135 0.604967 0.494300 0.604687 0.494660 0.602086 0.494715 0.601035 0.485495 0.582667 0.483650 0.579017 0.469961 0.591318
0 0.559934 0.480623 0.559943 0.480832 0.560612 0.483856 0.574383 0.503097 0.575914 0.503918 0.576792 0.503963 0.583020 0.483304 0.564427 0.473340 0.563690 0.473645 0.561800 0.474670 0.561648 0.474938 0.561379 0.475632 0.561033 0.476647 0.560662 0.477828 0.560324 0.478997 0.560068 0.479979
0 0.446298 0.592613 0.447608 0.614810 0.457596 0.613762 0.459468 0.610717 0.459507 0.610319 0.459510 0.609480 0.459477 0.608328 0.459413 0.607037 0.458764 0.596041 0.458679 0.594803 0.458585 0.593803 0.458496 0.593191 0.458427 0.593062 0.456786 0.590519 0.446912 0.591555
0 0.452605 0.546224 0.468783 0.551452 0.470375 0.543693 0.470850 0.540705 0.454756 0.535505 0.453027 0.543220
0 0.523317 0.611226 0.523411 0.611673 0.538304 0.621399 0.545599 0.601541 0.545416 0.601135 0.530583 0.591447
0 0.475004 0.434759 0.475276 0.436885 0.475319 0.436994 0.476178 0.438817 0.477496 0.440062 0.479070 0.440540 0.480662 0.440178 0.482029 0.439032 0.482963 0.437275 0.483322 0.435176 0.483051 0.433053 0.483021 0.432938 0.482160 0.431112 0.480840 0.429865 0.479263 0.429386 0.477668 0.429748 0.476299 0.430896 0.475364 0.432656
0 0.404732 0.526505 0.404994 0.530805 0.406471 0.534643 0.408099 0.536488 0.408936 0.537436 0.409982 0.537886 0.412015 0.538759 0.415240 0.538410 0.415580 0.538256 0.418447 0.536295 0.419825 0.534133 0.420397 0.533078 0.420869 0.531632 0.421521 0.528932 0.421260 0.524649 0.419790 0.520826 0.418168 0.518989 0.417192 0.518075 0.416293 0.517597 0.414267 0.516727 0.411055 0.517075 0.410698 0.517143 0.407819 0.519112 0.406435 0.521283 0.405724 0.522399 0.405387 0.523793
