0 0.621843 0.620368 0.621892 0.621876 0.622334 0.623607 0.622824 0.624340 0.623788 0.625599 0.625128 0.626193 0.626641 0.626027 0.628094 0.625125 0.629264 0.623623 0.629970 0.621754 0.630105 0.619806 0.629651 0.618076 0.629167 0.617335 0.628194 0.616088 0.626852 0.615510 0.625821 0.615264 0.624614 0.615406 0.623458 0.616130 0.622526 0.617326 0.621959 0.618814
0 0.402659 0.328241 0.402677 0.330829 0.403039 0.331839 0.415021 0.360189 0.415078 0.360261 0.415354 0.360187 0.415806 0.359978 0.416365 0.359665 0.416947 0.359297 0.417464 0.358929 0.417837 0.358617 0.418010 0.358408 0.409048 0.328320 0.408687 0.327311 0.408561 0.327107 0.407072 0.325450 0.406646 0.325519 0.405956 0.325802 0.405105 0.326257 0.404225 0.326814 0.403450 0.327386 0.402901 0.327888
0 0.548644 0.714719 0.549207 0.717201 0.552244 0.729934 0.568160 0.723183 0.565122 0.710451 0.564378 0.708046 0.562368 0.707474 0.561785 0.707460 0.560971 0.707631 0.560050 0.707960 0.552165 0.711305 0.551273 0.711744 0.550543 0.712228 0.550086 0.712683
0 0.680403 0.652335 0.680442 0.653047 0.680798 0.654787 0.681375 0.656795 0.682392 0.659644 0.683325 0.661660 0.683883 0.662147 0.690365 0.658659 0.696583 0.655254 0.699435 0.653647 0.700312 0.650656 0.700413 0.650282 0.700328 0.649493 0.700068 0.648409 0.699675 0.647197 0.699208 0.646042 0.698740 0.645123 0.693526 0.636995 0.693261 0.636908 0.692781 0.636851 0.692159 0.636832 0.691491 0.636855 0.690879 0.636916 0.690416 0.637005 0.690173 0.637109
0 0.526837 0.526504 0.526945 0.526611 0.541787 0.536482 0.549190 0.516692 0.534348 0.506821 0.534211 0.506794
0 0.699143 0.490616 0.712478 0.503596 0.713454 0.503612 0.733013 0.467889 0.719617 0.454849 0.718613 0.455056
0 0.301738 0.271291 0.324029 0.304460 0.326040 0.306695 0.333418 0.297881 0.332838 0.293493 0.332665 0.293188 0.332252 0.292543 0.331662 0.291654 0.320619 0.275221 0.315097 0.267004 0.314415 0.266000 0.313739 0.265025 0.313171 0.264227 0.312798 0.263727 0.312677 0.263604 0.309202 0.262375
0 0.461829 0.661171 0.462229 0.663262 0.463199 0.664988 0.464590 0.666089 0.466192 0.666396 0.467759 0.665862 0.469054 0.664569 0.469880 0.662714 0.469932 0.662434 0.470161 0.660302 0.469762 0.658216 0.468794 0.656492 0.467405 0.655393 0.465806 0.655087 0.464241 0.655620 0.462948 0.656910 0.462124 0.658762 0.462059 0.659036
0 0.478784 0.625056 0.478789 0.625477 0.478908 0.625607 0.493704 0.634426 0.493906 0.634236 0.494172 0.633762 0.494462 0.633078 0.495868 0.629171 0.502118 0.608684 0.503075 0.604840 0.503195 0.604180 0.503208 0.603741 0.503109 0.603593 0.488258 0.594951 0.488053 0.595107 0.487784 0.595551 0.487491 0.596216 0.487220 0.597000 0.479098 0.623627 0.478892 0.624406
0 0.496998 0.374790 0.497370 0.379089 0.498940 0.382880 0.501467 0.385588 0.504565 0.386799 0.507763 0.386333 0.510574 0.384259 0.510616 0.384198 0.510658 0.384137 0.510807 0.383919 0.511488 0.382772 0.512615 0.380834 0.513497 0.376689 0.513127 0.372395 0.512288 0.369569 0.511755 0.368277 0.510896 0.367353 0.509038 0.365890 0.505939 0.364670 0.502736 0.365130 0.501038 0.366167 0.500078 0.366872 0.499395 0.368020 0.497914 0.370571 0.497880 0.370641
0 0.513385 0.362930 0.513390 0.363801 0.513411 0.364976 0.513444 0.366277 0.513759 0.377301 0.513798 0.378535 0.513839 0.379518 0.513875 0.380102 0.513901 0.380196 0.515637 0.382992 0.545334 0.381483 0.545859 0.380113 0.545541 0.368987 0.516851 0.359302 0.515182 0.359387 0.513395 0.362497
0 0.308205 0.625855 0.312533 0.632709 0.315745 0.634184 0.316259 0.634099 0.316782 0.633572 0.326330 0.618387 0.326558 0.617718 0.326365 0.617294 0.325484 0.615943 0.319582 0.609346 0.318828 0.608961
0 0.648773 0.471034 0.648978 0.493046 0.665487 0.492772 0.666152 0.492743 0.665946 0.470643 0.649371 0.470917
0 0.639136 0.786524 0.640745 0.789837 0.657210 0.793569 0.657490 0.791374 0.648449 0.774240 0.648067 0.773836 0.647371 0.773410 0.646467 0.773026 0.645492 0.772743 0.644593 0.772602 0.643907 0.772625 0.640796 0.773503
