0 0.670716 0.552770 0.681566 0.569358 0.682295 0.569637 0.694787 0.555112 0.683893 0.538457 0.683157 0.538303
0 0.403595 0.514572 0.403627 0.515655 0.403724 0.516924 0.403871 0.518184 0.404047 0.519241 0.404224 0.519934 0.404374 0.520159 0.405795 0.522181 0.415732 0.520471 0.416695 0.520237 0.415639 0.509322 0.414663 0.509430 0.404727 0.511140 0.403737 0.513572 0.403634 0.513841
0 0.466994 0.524386 0.468143 0.546445 0.484687 0.544913 0.484748 0.544733 0.483604 0.522763 0.467126 0.524289
0 0.422528 0.441222 0.422546 0.442628 0.422630 0.443956 0.422768 0.445002 0.422869 0.445365 0.423008 0.445638 0.423114 0.445682 0.439598 0.446612 0.447832 0.446392 0.448002 0.445744 0.448121 0.444448 0.448172 0.442701 0.448148 0.440767 0.448051 0.438937 0.447897 0.437484 0.447709 0.436632 0.447514 0.436511 0.440500 0.436703 0.439264 0.436737 0.422848 0.438561 0.422692 0.439021 0.422579 0.439955
0 0.429588 0.387449 0.430638 0.391782 0.431952 0.394593 0.435896 0.403027 0.438352 0.406191 0.438513 0.406184 0.438863 0.406001 0.439348 0.405670 0.443466 0.402437 0.450470 0.396614 0.441736 0.377936 0.441468 0.377376 0.430835 0.386019 0.430308 0.386487 0.429886 0.386924 0.429633 0.387261
0 0.511832 0.411204 0.512191 0.413230 0.517099 0.439008 0.518128 0.442827 0.520525 0.443071 0.521378 0.443056 0.522328 0.442830 0.523228 0.442429 0.523941 0.441914 0.526213 0.440091 0.521980 0.415572 0.519840 0.408493
0 0.494987 0.395675 0.494992 0.397359 0.495194 0.398755 0.495560 0.399650 0.497288 0.400967 0.497878 0.401289 0.499022 0.401455 0.499654 0.400936 0.501147 0.399168 0.501495 0.398402 0.501760 0.397296 0.501904 0.396017 0.501903 0.394759 0.501758 0.393711 0.501490 0.393033 0.500223 0.390728 0.499638 0.390383 0.498491 0.390224 0.496521 0.391066 0.496010 0.391467 0.495538 0.392483 0.495179 0.393961
0 0.484654 0.541011 0.519235 0.588701 0.531157 0.573332 0.531015 0.572997 0.496592 0.525524 0.484724 0.540823
0 0.564154 0.613985 0.564959 0.623123 0.565063 0.623507 0.565286 0.624304 0.565593 0.625395 0.565939 0.626613 0.566271 0.627775 0.566540 0.628706 0.566703 0.629263 0.566736 0.629362 0.569005 0.630630 0.577458 0.626482 0.578137 0.626144 0.584557 0.622839 0.584523 0.622413 0.584291 0.621414 0.583644 0.619078 0.582802 0.616181 0.582244 0.614337 0.581800 0.612949 0.581648 0.612536 0.566569 0.610980 0.566454 0.610986 0.566172 0.611221 0.565767 0.611648 0.565299 0.612202 0.564840 0.612800 0.564462 0.613349 0.564221 0.613765
0 0.548038 0.435921 0.548303 0.438045 0.549157 0.439873 0.550470 0.441126 0.552043 0.441613 0.553636 0.441261 0.555007 0.440122 0.555102 0.440019 0.556043 0.438265 0.556409 0.436164 0.556144 0.434036 0.555289 0.432205 0.553973 0.430951 0.552397 0.430462 0.550802 0.430816 0.549428 0.431956 0.549344 0.432073 0.548404 0.433824
0 0.416789 0.479186 0.429796 0.492991 0.430117 0.493023 0.440424 0.475761 0.427477 0.462019 0.427143 0.461844
0 0.575679 0.591463 0.577235 0.594852 0.578133 0.595955 0.578423 0.596152 0.579039 0.596459 0.579888 0.596827 0.580841 0.597202 0.581751 0.597525 0.582477 0.597747 0.582910 0.597833 0.585581 0.596648 0.586495 0.592311 0.584518 0.590201 0.576572 0.587225
