0 0.574478 0.566742 0.574716 0.593153 0.576561 0.595546 0.577900 0.597216 0.577991 0.597329 0.591474 0.597113 0.593357 0.595061 0.593113 0.568033 0.591403 0.566783 0.590985 0.566478 0.587683 0.566530 0.577779 0.566689
0 0.521292 0.585570 0.521300 0.585614 0.526062 0.606970 0.526491 0.608539 0.528495 0.615863 0.528925 0.617434 0.529475 0.617294 0.530468 0.616909 0.531751 0.616338 0.533127 0.615668 0.534384 0.615003 0.535328 0.614445 0.535815 0.614079 0.535385 0.612509 0.533377 0.605186 0.532947 0.603618 0.526265 0.583197 0.526249 0.583157 0.525858 0.583303 0.525435 0.583488 0.524784 0.583784 0.524237 0.584040 0.523255 0.584518 0.522350 0.584977 0.521661 0.585346
0 0.388777 0.443032 0.400257 0.458919 0.400626 0.458828 0.415279 0.440005 0.415590 0.439600 0.415886 0.439201 0.416166 0.438809 0.416425 0.438433 0.416658 0.438078 0.407487 0.425386 0.405194 0.422213 0.404931 0.422218 0.404236 0.422232 0.403942 0.422238 0.403627 0.422603 0.403308 0.422988 0.402990 0.423387 0.402680 0.423792 0.402379 0.424201
0 0.430211 0.329177 0.430593 0.333457 0.431882 0.336525 0.432418 0.337797 0.433277 0.338699 0.434758 0.339984 0.437868 0.341149 0.441076 0.340639 0.443103 0.339718 0.444057 0.339004 0.444734 0.337858 0.445891 0.335146 0.446765 0.331000 0.446382 0.326723 0.446348 0.326611 0.444765 0.322852 0.442225 0.320187 0.439113 0.319021 0.435903 0.319531 0.433084 0.321641 0.431085 0.325028
0 0.433442 0.610744 0.438206 0.631980 0.446169 0.628804 0.446416 0.628214 0.441674 0.607075 0.433747 0.610236
0 0.477650 0.391112 0.481922 0.412637 0.482128 0.413635 0.491703 0.410257 0.492936 0.407000 0.492879 0.406632 0.492732 0.405830 0.492519 0.404715 0.492273 0.403457 0.492030 0.402250 0.491829 0.401279 0.491700 0.400693 0.491663 0.400580 0.489472 0.398458 0.479265 0.390543
0 0.421826 0.614484 0.423262 0.623051 0.431547 0.621992 0.431576 0.613468 0.430232 0.604881 0.421938 0.605942
0 0.488531 0.455753 0.488584 0.455956 0.498990 0.473111 0.505424 0.466174 0.505449 0.466018 0.494994 0.448784
0 0.446391 0.513366 0.446471 0.515520 0.447162 0.517470 0.448361 0.518918 0.449884 0.519645 0.451500 0.519540 0.451583 0.519506 0.453043 0.518586 0.454127 0.516990 0.454672 0.514963 0.454592 0.512812 0.453902 0.510866 0.452706 0.509420 0.451185 0.508694 0.449572 0.508800 0.449486 0.508815 0.448023 0.509737 0.446937 0.511335
0 0.385281 0.318196 0.389107 0.330542 0.390374 0.332479 0.392270 0.332969 0.392888 0.332881 0.393712 0.332595 0.394618 0.332155 0.402263 0.327943 0.403116 0.327415 0.403789 0.326875 0.404179 0.326407 0.405631 0.324074 0.401849 0.311868 0.400714 0.309693
0 0.409259 0.477967 0.413594 0.489961 0.419550 0.486664 0.430065 0.479908 0.434796 0.476338 0.430462 0.464344 0.426642 0.464181 0.426374 0.464244 0.425802 0.464517 0.425014 0.464961 0.424131 0.465507 0.413493 0.472342 0.412652 0.472904 0.411987 0.473394 0.411597 0.473737
