0 0.430090 0.353867 0.430730 0.355205 0.431301 0.356254 0.433269 0.359789 0.435237 0.363324 0.436221 0.365091 0.436640 0.365821 0.438966 0.365800 0.439467 0.365522 0.440159 0.364982 0.440937 0.364263 0.447580 0.357689 0.448329 0.356896 0.448938 0.356149 0.449314 0.355560 0.449399 0.355219 0.449911 0.352688 0.449448 0.351327 0.443484 0.340613 0.442748 0.341092 0.438725 0.345073 0.430680 0.353035
0 0.524296 0.557323 0.524473 0.557739 0.525926 0.558819 0.531565 0.562791 0.539619 0.543520 0.539551 0.543446 0.532337 0.538085
0 0.491547 0.575854 0.499699 0.577872 0.502726 0.556131 0.502713 0.555875 0.494598 0.553866 0.491585 0.575507
0 0.452778 0.482880 0.465524 0.497006 0.465583 0.497012 0.465662 0.497018 0.466717 0.495326 0.470938 0.488555 0.458243 0.474486 0.458147 0.474427 0.458075 0.474383
0 0.545474 0.550886 0.546106 0.551594 0.552620 0.558599 0.564388 0.556918 0.569642 0.548233 0.563128 0.541228 0.562262 0.540662 0.550656 0.542320
0 0.511432 0.525276 0.514338 0.535605 0.514404 0.535769 0.522187 0.531877 0.519268 0.521500 0.519179 0.521402
0 0.507684 0.540756 0.534053 0.560782 0.536496 0.559858 0.536579 0.559670 0.536839 0.559066 0.537236 0.558135 0.537711 0.557021 0.541859 0.547259 0.542336 0.546135 0.542741 0.545177 0.543013 0.544530 0.543110 0.544293 0.542399 0.541128 0.540945 0.540028 0.512210 0.531031 0.511828 0.531002
0 0.560899 0.443758 0.560979 0.444707 0.561161 0.445893 0.561418 0.447137 0.561711 0.448251 0.561996 0.449066 0.562230 0.449459 0.564104 0.449905 0.564896 0.449616 0.587435 0.439140 0.587555 0.439070 0.587601 0.438688 0.587564 0.438050 0.587451 0.437255 0.587280 0.436423 0.587075 0.435683 0.586869 0.435147 0.586693 0.434897 0.563367 0.441125 0.562574 0.441414 0.562378 0.441549 0.560934 0.443190
0 0.579184 0.506622 0.579401 0.510906 0.580345 0.513447 0.580831 0.514754 0.581654 0.515713 0.583256 0.517579 0.586307 0.518952 0.586654 0.519028 0.589880 0.518738 0.591794 0.517474 0.592618 0.516795 0.593500 0.515722 0.594905 0.513578 0.595939 0.509493 0.595721 0.505191 0.594773 0.502640 0.594124 0.501326 0.593459 0.500365 0.591851 0.498491 0.588787 0.497113 0.588432 0.497124 0.585219 0.497413 0.583313 0.498672 0.582333 0.499320 0.581613 0.500418 0.580214 0.502553
0 0.562796 0.574953 0.574371 0.590721 0.574713 0.591139 0.586594 0.575635 0.574966 0.559794 0.574622 0.559520
0 0.274272 0.217529 0.274522 0.219730 0.285528 0.242278 0.287979 0.245223 0.288667 0.245753 0.289132 0.246050 0.289900 0.246226 0.290853 0.246255 0.291847 0.246131 0.292732 0.245875 0.293374 0.245525 0.296140 0.243575 0.293173 0.217460 0.290782 0.214194
0 0.447828 0.542743 0.448236 0.545705 0.448417 0.546293 0.448885 0.547046 0.449571 0.547850 0.450369 0.548583 0.451161 0.549135 0.451825 0.549423 0.452261 0.549401 0.454527 0.548895 0.455213 0.547594 0.455454 0.547043 0.455902 0.544314 0.455673 0.543526 0.455055 0.542515 0.454140 0.541435 0.453070 0.540453 0.452010 0.539719 0.451122 0.539346 0.450542 0.539391 0.448745 0.540882 0.448055 0.542182
0 0.559993 0.616026 0.564384 0.625376 0.564681 0.625953 0.578770 0.614189 0.574358 0.604796 0.574018 0.604315
0 0.573974 0.459332 0.574868 0.463462 0.576883 0.466807 0.579710 0.468861 0.579757 0.468889 0.582102 0.469316 0.583196 0.469469 0.584255 0.469053 0.586078 0.468117 0.588610 0.465406 0.590181 0.461619 0.590672 0.458887 0.590798 0.457426 0.590495 0.456017 0.589659 0.453193 0.587644 0.449838 0.584811 0.447778 0.584760 0.447763 0.581544 0.447313 0.578433 0.448539 0.575902 0.451255 0.574337 0.455046
