0 0.424845 0.706830 0.435367 0.763355 0.468891 0.786357 0.491893 0.752834 0.492007 0.749354 0.481630 0.693605 0.448567 0.670919 0.425881 0.703982
0 0.858459 0.012693 0.859608 0.048944 0.897193 0.091790 0.933347 0.098063 0.955661 0.078224 0.954139 0.041553 0.926979 0.010592 0.916375 0.000000 0.879847 0.000000
0 0.616164 0.248226 0.646680 0.274280 0.653785 0.266127 0.673028 0.243138 0.642352 0.216948 0.635151 0.225013
0 0.016015 0.848381 0.053471 0.863203 0.055517 0.861538 0.070271 0.824254 0.032987 0.809500 0.030837 0.810925
0 0.476311 0.346095 0.476419 0.346800 0.513148 0.362888 0.529235 0.326159 0.529370 0.325359 0.492472 0.309197
0 0.339470 0.169041 0.340206 0.170557 0.362126 0.204133 0.395701 0.182213 0.395221 0.180750 0.373200 0.147020
0 0.632667 0.945842 0.633225 0.961605 0.633594 0.964459 0.634259 0.966573 0.635119 0.967624 0.711824 0.968916 0.712809 0.968744 0.713707 0.967377 0.714383 0.965022 0.714731 0.962037 0.720106 0.857713 0.720073 0.854574 0.719663 0.851780 0.718939 0.849755 0.718013 0.848809 0.641343 0.846820 0.640414 0.847096 0.639566 0.848555 0.638925 0.850971 0.636803 0.865574
0 0.438074 0.805010 0.438265 0.805837 0.438918 0.807659 0.439934 0.810200 0.441158 0.813071 0.483100 0.908760 0.484338 0.911505 0.485392 0.913687 0.486101 0.914972 0.486358 0.915167 0.559797 0.882978 0.559500 0.882085 0.558759 0.880211 0.557688 0.877646 0.556449 0.874776 0.514698 0.779524 0.513471 0.776768 0.512436 0.774527 0.511747 0.773140 0.511513 0.772821
0 0.720468 0.420824 0.792040 0.456565 0.793381 0.456365 0.901096 0.240662 0.829195 0.204757 0.827690 0.206107
0 0.718584 0.113112 0.748919 0.187138 0.793334 0.168937 0.796725 0.165110 0.799879 0.156348 0.799927 0.155043 0.799269 0.152229 0.798004 0.148334 0.796325 0.143952 0.781018 0.106598 0.779187 0.102414 0.777489 0.099080 0.776185 0.097105 0.766040 0.090228 0.721111 0.108639
0 0.569097 0.450200 0.570719 0.457856 0.575147 0.464309 0.581707 0.468576 0.589401 0.470008 0.597057 0.468386 0.597225 0.468332 0.603689 0.463896 0.607963 0.457324 0.609397 0.449617 0.607772 0.441948 0.603337 0.435484 0.596765 0.431210 0.589058 0.429775 0.581388 0.431400 0.574924 0.435836 0.574795 0.435946 0.570529 0.442506
0 0.658961 0.268746 0.659130 0.276567 0.662278 0.283728 0.667928 0.289139 0.675218 0.291977 0.683038 0.291808 0.690200 0.288660 0.695611 0.283011 0.695947 0.282637 0.698790 0.275334 0.698621 0.267500 0.695468 0.260327 0.689808 0.254906 0.682506 0.252064 0.674672 0.252233 0.667498 0.255386 0.662078 0.261045 0.661799 0.261456
0 0.189769 0.776825 0.190215 0.788581 0.194531 0.792807 0.204554 0.796963 0.205084 0.796430 0.207249 0.794228 0.210714 0.790696 0.214952 0.786372 0.219325 0.781907 0.223176 0.777972 0.225923 0.775161 0.227149 0.773902 0.222791 0.763996 0.218485 0.759779 0.206738 0.759552 0.206343 0.759902 0.204714 0.761516 0.202095 0.764151 0.198887 0.767406 0.195581 0.770782 0.192686 0.773758 0.190645 0.775880
0 0.869113 0.112419 0.869400 0.118611 0.871564 0.124492 0.875280 0.129178 0.879988 0.131959 0.885721 0.133953 0.891953 0.134515 0.895647 0.133413 0.901291 0.130974 0.905483 0.125891 0.907576 0.118934 0.907239 0.111166 0.904523 0.103781 0.899842 0.097918 0.893922 0.094475 0.887675 0.093973 0.883965 0.095030 0.878344 0.097532 0.874067 0.102758 0.870750 0.106854
0 0.506577 0.751570 0.506644 0.759396 0.506655 0.759843 0.509718 0.767059 0.515308 0.772555 0.522576 0.775493 0.530416 0.775426 0.537632 0.772363 0.543128 0.766773 0.546066 0.759505 0.545999 0.751665 0.545920 0.751233 0.542863 0.744029 0.537282 0.738542 0.530026 0.735610 0.522200 0.735676 0.514997 0.738734 0.509510 0.744314
