0 0.114580 0.389738 0.132443 0.434711 0.150864 0.436615 0.152179 0.436360 0.155000 0.435465 0.158894 0.434069 0.163271 0.432383 0.216090 0.411404 0.220305 0.409678 0.223734 0.408165 0.225859 0.407095 0.226352 0.406633 0.238446 0.392608 0.220584 0.347635 0.191570 0.356996 0.176565 0.362955 0.153138 0.372260 0.138133 0.378220
0 0.509064 0.472962 0.523490 0.484575 0.524360 0.484775 0.526899 0.485304 0.530715 0.486079 0.535232 0.486985 0.590969 0.498094 0.595518 0.498996 0.599429 0.499760 0.602110 0.500272 0.603147 0.500452 0.620923 0.495258 0.630382 0.447800 0.603259 0.441752 0.562704 0.433668 0.546870 0.430512 0.518524 0.425504
0 0.259884 0.198531 0.285050 0.217109 0.298093 0.226175 0.331501 0.249394 0.353543 0.263626 0.381160 0.223890 0.372570 0.207484 0.371645 0.206570 0.369341 0.204740 0.366010 0.202271 0.362160 0.199541 0.315168 0.166880 0.311403 0.164318 0.308314 0.162324 0.306372 0.161205 0.305872 0.161128 0.287501 0.158795
0 0.272736 0.916009 0.281810 0.978731 0.291638 1.000000 0.316404 1.000000 0.330944 0.998566 0.326015 0.967091 0.313358 0.911922 0.311782 0.907034
0 0.496320 0.650824 0.505040 0.668437 0.514540 0.686805 0.545673 0.672947 0.595215 0.644669 0.577115 0.608926 0.571918 0.611320 0.521454 0.636887
0 0.798740 0.244176 0.799965 0.250012 0.816952 0.303961 0.828054 0.329420 0.846253 0.324362 0.866529 0.317328 0.859714 0.282394 0.836962 0.232164
0 0.162375 0.941060 0.240211 0.963880 0.243774 0.957518 0.255027 0.919134 0.178258 0.896627 0.173784 0.902142
0 0.345288 0.297495 0.356924 0.344636 0.358559 0.346411 0.436228 0.327240 0.424725 0.280639 0.423855 0.278103 0.414433 0.273007 0.413427 0.272927 0.410783 0.273301 0.406903 0.274072 0.402379 0.275123 0.363186 0.284797 0.358723 0.285964 0.355019 0.287065 0.352637 0.287931 0.351940 0.288431
0 0.461635 0.036849 0.462306 0.038135 0.464114 0.040572 0.466782 0.043788 0.469905 0.047296 0.473013 0.050567 0.475636 0.053108 0.477377 0.054532 0.489766 0.057304 0.501547 0.046477 0.501564 0.041234 0.474184 0.011443 0.462267 0.022395
0 0.426057 0.501252 0.433079 0.540917 0.472745 0.533895 0.472869 0.533740 0.465879 0.494256 0.465722 0.494230
0 0.035797 0.601287 0.044868 0.640535 0.084116 0.631463 0.086021 0.630861 0.076991 0.591793 0.075044 0.592216
0 0.752296 0.726740 0.753454 0.727781 0.790755 0.742728 0.805702 0.705428 0.804304 0.704489 0.767175 0.689610
0 0.844209 0.143928 0.883939 0.210172 0.884524 0.210803 0.886093 0.210744 0.888404 0.210006 0.901717 0.204083 0.972073 0.165223 0.985376 0.156445 0.987683 0.154631 0.989246 0.152960 0.989825 0.151687 0.949484 0.085781 0.948956 0.085046 0.947438 0.085015 0.945160 0.085691 0.942469 0.086972 0.851028 0.137479 0.848352 0.139161 0.846116 0.140979 0.844661 0.142653
0 0.687635 0.873520 0.688305 0.874190 0.689887 0.875445 0.692141 0.877093 0.704939 0.886084 0.771568 0.931188 0.783737 0.939098 0.785753 0.940340 0.786981 0.940988 0.787235 0.940944 0.832183 0.874543 0.831388 0.873874 0.829704 0.872623 0.827392 0.870984 0.824799 0.869203 0.738677 0.810903 0.736182 0.809240 0.734149 0.807938 0.732885 0.807193 0.732584 0.807120
0 0.694692 0.528794 0.696114 0.531250 0.698263 0.533688 0.703320 0.538934 0.709034 0.544535 0.716993 0.551939 0.722471 0.556598 0.723549 0.556817 0.746901 0.533671 0.749328 0.531149 0.768932 0.509616 0.779285 0.498183 0.779408 0.486610 0.778313 0.485015 0.776053 0.482442 0.772974 0.479283 0.769547 0.476023 0.766300 0.473162 0.763730 0.471141 0.762227 0.470263 0.733101 0.455153 0.732217 0.454724 0.730350 0.454864 0.727783 0.455552 0.724908 0.456683 0.722166 0.458085 0.719977 0.459542 0.718674 0.460832
0 0.070742 0.030098 0.074251 0.045487 0.080897 0.074427 0.081748 0.077810 0.090289 0.109023 0.091810 0.110204 0.099239 0.109511 0.109980 0.107306 0.117668 0.105183 0.124448 0.102760 0.127311 0.101335 0.129133 0.098801 0.142616 0.030358 0.142724 0.029163 0.142091 0.027150 0.140813 0.024624 0.139084 0.021971 0.137168 0.019598 0.135359 0.017869 0.133934 0.017045 0.097645 0.014301 0.094218 0.014446 0.089866 0.015119 0.085254 0.016218 0.081094 0.017575 0.078021 0.018980 0.076505 0.020218
