0 0.424900 0.437083 0.426090 0.440754 0.428352 0.443671 0.431341 0.445381 0.434594 0.445620 0.437610 0.444355 0.439928 0.441785 0.441197 0.438310 0.441241 0.438031 0.441273 0.434180 0.440676 0.430487 0.440266 0.429249 0.439499 0.428267 0.438756 0.427774 0.434856 0.425962 0.430644 0.425222 0.429815 0.425222 0.428790 0.425641 0.427998 0.426503 0.426294 0.429479 0.424996 0.432939 0.424962 0.433222
0 0.538073 0.612732 0.538248 0.613251 0.550490 0.628247 0.561737 0.611923 0.561454 0.611411 0.549268 0.596484
0 0.425719 0.382967 0.427510 0.396598 0.430824 0.401325 0.432366 0.402692 0.432642 0.402777 0.433248 0.402762 0.434091 0.402649 0.435044 0.402456 0.435962 0.402211 0.436708 0.401953 0.437169 0.401719 0.438954 0.399425 0.439999 0.396173 0.439973 0.395581 0.439878 0.394601 0.439730 0.393382 0.439550 0.392106 0.439366 0.390967 0.439205 0.390137 0.439093 0.389743 0.436917 0.385805 0.434238 0.380976
0 0.452104 0.538254 0.460464 0.555300 0.467581 0.551309 0.468029 0.548949 0.459741 0.531853 0.452616 0.535933
0 0.530025 0.567854 0.532939 0.587046 0.533159 0.587500 0.533557 0.588020 0.534072 0.588526 0.534627 0.588941 0.535135 0.589201 0.535519 0.589267 0.542398 0.586333 0.542972 0.585954 0.543714 0.585346 0.544510 0.584601 0.545237 0.583834 0.545784 0.583164 0.546068 0.582691 0.546380 0.579583 0.544617 0.575992 0.541272 0.569244 0.540851 0.568464 0.536757 0.561331 0.536557 0.561175 0.535321 0.562095 0.533484 0.563737 0.532148 0.565054 0.530947 0.566359 0.530424 0.567014
0 0.451912 0.536257 0.500725 0.549084 0.503931 0.527389 0.503913 0.527264 0.455324 0.514496 0.455119 0.514562
0 0.512456 0.623961 0.512515 0.624101 0.513089 0.624504 0.514094 0.625110 0.515377 0.625827 0.516740 0.626543 0.517972 0.627149 0.518885 0.627552 0.519338 0.627689 0.521912 0.618874 0.522366 0.617319 0.527451 0.596113 0.527387 0.596053 0.527129 0.595903 0.526660 0.595639 0.526222 0.595398 0.525299 0.594902 0.524325 0.594390 0.523448 0.593939 0.522799 0.593616 0.522478 0.593472 0.515483 0.613614
0 0.414029 0.566304 0.415177 0.575326 0.431642 0.573330 0.431685 0.572376 0.430987 0.562151 0.430778 0.560342 0.430556 0.559932 0.429985 0.559819 0.415186 0.561613 0.414593 0.561867 0.414318 0.562338
0 0.452190 0.614370 0.457168 0.623469 0.458533 0.622142 0.465758 0.614170 0.466149 0.612865 0.466402 0.610339 0.466334 0.609990 0.466054 0.609287 0.465605 0.608338 0.465054 0.607286 0.464485 0.606291 0.463984 0.605502 0.463626 0.605039 0.461285 0.603973 0.453283 0.611756
0 0.473602 0.188922 0.473843 0.191769 0.474673 0.192396 0.476271 0.192944 0.482666 0.195137 0.487463 0.196782 0.489062 0.197330 0.489849 0.197258 0.492319 0.184453 0.492248 0.181538 0.490920 0.179687 0.490385 0.179148 0.489593 0.178639 0.488664 0.178236 0.480597 0.175470 0.479676 0.175238 0.478907 0.175212 0.476094 0.175999 0.475859 0.176702 0.473779 0.187484
0 0.557860 0.533095 0.558269 0.535177 0.559244 0.536892 0.560638 0.537979 0.560742 0.538044 0.562344 0.538337 0.563908 0.537791 0.565197 0.536487 0.566013 0.534626 0.566233 0.532490 0.565823 0.530405 0.564846 0.528687 0.563450 0.527599 0.563341 0.527551 0.561741 0.527259 0.560180 0.527804 0.558894 0.529105 0.558079 0.530963
0 0.430231 0.473708 0.430239 0.474649 0.430259 0.475175 0.430287 0.475207 0.432046 0.476339 0.432877 0.476359 0.456968 0.474768 0.456973 0.474747 0.456982 0.474397 0.456993 0.473772 0.457005 0.472966 0.457016 0.472103 0.457024 0.471316 0.457028 0.470724 0.457027 0.470418 0.432953 0.467637 0.432120 0.467617 0.430340 0.468664 0.430308 0.469123 0.430277 0.470012 0.430251 0.471197 0.430235 0.472495
0 0.412601 0.517517 0.413104 0.519038 0.413502 0.518951 0.442654 0.501828 0.442154 0.500314 0.428979 0.485750 0.428652 0.485685 0.413438 0.494621 0.413244 0.499925 0.413086 0.504247
0 0.569033 0.396361 0.569466 0.398434 0.570460 0.400129 0.571865 0.401188 0.573468 0.401449 0.575023 0.400873 0.576294 0.399547 0.576426 0.399374 0.577221 0.397497 0.577417 0.395356 0.576984 0.393279 0.575988 0.391581 0.574580 0.390521 0.572975 0.390259 0.571417 0.390837 0.570144 0.392165 0.570023 0.392350 0.569229 0.394224
