0 0.429484 0.553129 0.430729 0.555853 0.430813 0.556025 0.431233 0.556370 0.431928 0.556834 0.432791 0.557346 0.433689 0.557829 0.434484 0.558207 0.435055 0.558423 0.435315 0.558444 0.437171 0.557473 0.437889 0.556816 0.441754 0.544656 0.434154 0.540362 0.433393 0.540829
0 0.473487 0.566184 0.481851 0.566550 0.482100 0.565637 0.482641 0.543639 0.474392 0.543278 0.474036 0.543880
0 0.527445 0.522847 0.527571 0.522952 0.558668 0.538642 0.561610 0.528277 0.530513 0.512586 0.530373 0.512529
0 0.427057 0.470851 0.427391 0.470985 0.443882 0.471960 0.444614 0.449971 0.444360 0.449741 0.427792 0.448762
0 0.554702 0.588861 0.564475 0.606667 0.564771 0.607158 0.578187 0.594068 0.568369 0.576180 0.568056 0.575831
0 0.383765 0.447094 0.384376 0.447534 0.385866 0.448538 0.390338 0.451548 0.391829 0.452551 0.392698 0.453107 0.393680 0.453537 0.395515 0.452407 0.395738 0.452244 0.396097 0.451656 0.396537 0.450734 0.396992 0.449616 0.400721 0.439770 0.401123 0.438623 0.401412 0.437618 0.401545 0.436907 0.401129 0.433866 0.392277 0.427907 0.391282 0.427241
0 0.502154 0.573051 0.502162 0.573344 0.502349 0.576181 0.502440 0.577506 0.502951 0.578938 0.503938 0.581463 0.506415 0.584234 0.509499 0.585530 0.511626 0.585282 0.512698 0.585008 0.513694 0.584478 0.515588 0.583163 0.517666 0.579861 0.518638 0.575749 0.518452 0.572912 0.518325 0.571331 0.518283 0.571168 0.516796 0.567359 0.514328 0.564599 0.511257 0.563308 0.508049 0.563683 0.507078 0.564356 0.505192 0.565666 0.503122 0.568955
0 0.533534 0.623366 0.539091 0.630369 0.540862 0.631920 0.541220 0.631848 0.541686 0.631337 0.551490 0.616448 0.551795 0.615788 0.551767 0.615360 0.550642 0.613979 0.544855 0.607205 0.544442 0.606802
0 0.459057 0.829159 0.459605 0.832124 0.460057 0.832481 0.460939 0.832842 0.462117 0.833151 0.463409 0.833361 0.464617 0.833438 0.465554 0.833372 0.466078 0.833173 0.467147 0.830471 0.467186 0.830101 0.466773 0.816765 0.466427 0.816517 0.465766 0.816264 0.464890 0.816043 0.463930 0.815887 0.463033 0.815821 0.462334 0.815854 0.461938 0.815981 0.459114 0.828792
0 0.481175 0.569439 0.481198 0.573758 0.482456 0.577730 0.482580 0.577904 0.483364 0.578933 0.484781 0.580783 0.487775 0.582389 0.491005 0.582338 0.493100 0.581367 0.494112 0.580788 0.494883 0.579736 0.496240 0.577548 0.497450 0.573541 0.497424 0.569226 0.496737 0.566716 0.496309 0.565365 0.495527 0.564337 0.493870 0.562240 0.493841 0.562219 0.490853 0.560611 0.487628 0.560655 0.484656 0.562348 0.482389 0.565432
0 0.534557 0.455678 0.534708 0.456956 0.535214 0.458060 0.535999 0.458822 0.539410 0.461983 0.543525 0.463463 0.544468 0.463767 0.545427 0.463566 0.545538 0.463477 0.546368 0.462800 0.546941 0.461752 0.549131 0.457176 0.550430 0.451692 0.550659 0.450431 0.550507 0.449150 0.550000 0.448043 0.549214 0.447279 0.545592 0.444335 0.541669 0.442627 0.540723 0.442322 0.539762 0.442524 0.538932 0.443200 0.538837 0.443339 0.538266 0.444385 0.535878 0.449171 0.534785 0.454420
0 0.531540 0.579636 0.532096 0.588097 0.532181 0.588477 0.532467 0.588971 0.532911 0.589506 0.533445 0.589998 0.533987 0.590374 0.534454 0.590574 0.534775 0.590570 0.549411 0.586019 0.549480 0.585898 0.549686 0.584879 0.549948 0.583239 0.550347 0.580369 0.550657 0.577766 0.550774 0.576262 0.550800 0.575039 0.550717 0.574976 0.546727 0.573861 0.544045 0.573123 0.543331 0.572957 0.534374 0.571374 0.532367 0.573080 0.532306 0.573392 0.532191 0.574154 0.532040 0.575249 0.531876 0.576511 0.531724 0.577750 0.531607 0.578779 0.531542 0.579442
0 0.430191 0.514643 0.441824 0.520293 0.442432 0.520576 0.442967 0.520810 0.443348 0.520957 0.443516 0.520995 0.445419 0.517215 0.448791 0.504749 0.449136 0.500219 0.449062 0.500162 0.448762 0.499999 0.448283 0.499757 0.443875 0.497605 0.436110 0.493871 0.435817 0.493843
0 0.710001 0.589989 0.710070 0.590519 0.710223 0.590761 0.726275 0.596110 0.726504 0.596032 0.726760 0.595638 0.727003 0.594990 0.727197 0.594186 0.732424 0.566298 0.732538 0.565466 0.732552 0.564738 0.732466 0.564225 0.732293 0.564006 0.716241 0.558657 0.716021 0.558769 0.715774 0.559188 0.715537 0.559852 0.715347 0.560659 0.710143 0.588418 0.710026 0.589251
