0 0.226594 0.637970 0.227656 0.645738 0.231611 0.652507 0.237854 0.657248 0.245437 0.659238 0.253204 0.658175 0.259973 0.654221 0.260385 0.653956 0.265118 0.647724 0.267105 0.640154 0.266045 0.632400 0.262097 0.625643 0.255864 0.620910 0.248295 0.618923 0.240540 0.619983 0.240094 0.620190 0.233325 0.624144 0.228584 0.630388
0 0.421825 0.825853 0.423049 0.831805 0.425316 0.837678 0.428278 0.842567 0.431476 0.845722 0.434420 0.846664 0.444232 0.847514 0.449444 0.845708 0.452220 0.843955 0.456207 0.834381 0.457089 0.831741 0.457062 0.827909 0.456131 0.823465 0.454439 0.819081 0.452240 0.815419 0.449867 0.813033 0.441682 0.808430 0.438022 0.807180 0.432828 0.809006 0.430014 0.810686 0.423060 0.817239 0.421830 0.820737
0 0.104469 0.055327 0.105506 0.063094 0.109435 0.069874 0.110106 0.070613 0.116321 0.075364 0.123880 0.077376 0.131634 0.076341 0.138402 0.072419 0.143153 0.066204 0.145166 0.058645 0.144131 0.050891 0.140208 0.044123 0.139589 0.043338 0.133363 0.038579 0.125791 0.036563 0.118024 0.037600 0.111244 0.041529 0.106485 0.047754
0 0.607966 0.285282 0.616274 0.292187 0.622005 0.294053 0.632623 0.289107 0.632801 0.288824 0.633525 0.286845 0.634686 0.283467 0.636107 0.279205 0.637570 0.274712 0.638849 0.270680 0.639750 0.267726 0.640135 0.266300 0.634506 0.256035 0.628762 0.254165 0.617940 0.254858 0.617729 0.255296 0.616793 0.257979 0.615276 0.262489 0.613410 0.268142 0.611475 0.274085 0.609762 0.279425 0.608530 0.283357
0 0.544209 0.142718 0.546355 0.146716 0.551326 0.153785 0.554190 0.156104 0.558200 0.158000 0.562747 0.159186 0.567146 0.159482 0.570732 0.158845 0.578631 0.155133 0.582354 0.152665 0.583717 0.147456 0.584617 0.143944 0.582983 0.134621 0.581320 0.131398 0.577522 0.128267 0.572166 0.125710 0.566074 0.124121 0.560185 0.123746 0.555404 0.124640 0.552461 0.126662 0.546416 0.133983 0.545027 0.139194
0 0.520039 0.654366 0.521960 0.656364 0.524332 0.658587 0.529709 0.663514 0.535650 0.668877 0.543757 0.676097 0.549154 0.680792 0.549926 0.681281 0.572621 0.657143 0.574961 0.654531 0.593594 0.632506 0.603410 0.620835 0.603215 0.609181 0.601917 0.607772 0.599461 0.605387 0.596224 0.602390 0.592700 0.599241 0.589431 0.596423 0.586920 0.594370 0.585546 0.593391 0.556383 0.578866 0.555383 0.578569 0.553439 0.578856 0.550846 0.579685 0.548001 0.580930 0.545339 0.582400 0.543268 0.583870 0.542103 0.585114
0 0.694357 0.960240 0.695525 0.961138 0.700010 0.963729 0.706231 0.966972 0.716271 0.971853 0.724629 0.975583 0.728558 0.976901 0.730764 0.977052 0.745307 0.946864 0.746780 0.943672 0.758307 0.917712 0.764374 0.904025 0.760722 0.892693 0.760624 0.892459 0.758895 0.891475 0.755804 0.889893 0.751821 0.887954 0.747548 0.885951 0.743630 0.884185 0.740659 0.882925 0.739086 0.882361 0.706692 0.875927 0.705717 0.876220 0.703998 0.877297 0.701795 0.878994 0.699446 0.881052 0.697309 0.883156 0.695713 0.884983 0.694900 0.886256
0 0.458412 0.714797 0.458778 0.716300 0.498535 0.777658 0.499380 0.777751 0.503657 0.777370 0.510011 0.776538 0.520687 0.774894 0.529973 0.773239 0.534862 0.772086 0.538314 0.770932 0.533834 0.737799 0.533258 0.734333 0.524344 0.691468 0.515493 0.684271 0.514048 0.684427 0.511033 0.684861 0.506905 0.685509 0.502290 0.686272 0.497884 0.687035 0.494352 0.687683 0.492231 0.688117 0.491847 0.688272 0.462885 0.701109 0.461897 0.701909 0.460801 0.703775 0.459765 0.706424 0.458946 0.709451 0.458471 0.712392
0 0.892610 0.791260 0.892958 0.793119 0.894483 0.795591 0.898456 0.801276 0.903202 0.807614 0.910121 0.816333 0.915226 0.822218 0.916776 0.823190 0.943074 0.803515 0.945848 0.801381 0.980972 0.773926 0.982701 0.762341 0.982105 0.760880 0.980441 0.758200 0.977962 0.754710 0.975047 0.750945 0.972145 0.747484 0.969702 0.744858 0.968088 0.743466 0.940821 0.723253 0.940182 0.722888 0.938453 0.722902 0.935899 0.723293 0.932908 0.724001 0.929938 0.724918 0.927445 0.725904 0.925809 0.726807 0.925277 0.727490
0 0.782492 0.179971 0.783127 0.181869 0.784613 0.184114 0.794591 0.195626 0.853722 0.250063 0.866114 0.259145 0.868511 0.260475 0.870508 0.261000 0.871803 0.260639 0.922207 0.204939 0.922641 0.203705 0.922109 0.201830 0.920692 0.199598 0.918605 0.197351 0.841752 0.126598 0.839328 0.124692 0.836951 0.123432 0.834984 0.123007 0.833727 0.123483 0.782809 0.178710
0 0.764653 0.330459 0.765407 0.331148 0.767263 0.331856 0.769940 0.332477 0.773029 0.332914 0.876951 0.343527 0.879961 0.343713 0.882415 0.343616 0.883937 0.343253 0.884297 0.342679 0.894457 0.264129 0.893590 0.263495 0.891636 0.262834 0.888895 0.262245 0.873462 0.259851 0.793503 0.251685 0.778688 0.250990 0.776179 0.251042 0.774574 0.251340 0.774119 0.251839
0 0.517359 0.284118 0.526770 0.363516 0.527429 0.363696 0.529198 0.363705 0.531807 0.363539 0.534859 0.363225 0.550431 0.361235 0.624305 0.349787 0.636653 0.347445 0.638439 0.347006 0.639099 0.346662 0.629454 0.266317 0.628877 0.266048 0.627158 0.265967 0.624557 0.266087 0.621471 0.266390 0.618373 0.266830 0.522137 0.282746 0.519582 0.283240 0.517905 0.283722
0 0.146986 0.408574 0.147093 0.409617 0.180460 0.478633 0.181632 0.479065 0.183716 0.478875 0.186394 0.478092 0.200809 0.472293 0.272430 0.435817 0.285109 0.427817 0.287133 0.426205 0.288237 0.424771 0.288250 0.423736 0.254261 0.355037 0.253157 0.354502 0.251130 0.354602 0.248488 0.355323 0.245635 0.356557 0.152550 0.403965 0.149939 0.405514 0.147986 0.407133
0 0.455326 0.897490 0.495235 0.901006 0.500184 0.850564 0.503201 0.812887 0.483207 0.809661 0.463026 0.809348 0.459614 0.846990
0 0.264262 0.486506 0.301226 0.501961 0.303739 0.496712 0.325546 0.444518 0.335062 0.417890 0.317232 0.410028 0.297852 0.402332 0.282466 0.433421
0 0.095245 0.661209 0.099790 0.667905 0.104363 0.665986 0.170557 0.621060 0.143601 0.581344 0.130095 0.579256 0.128845 0.579877 0.126259 0.581440 0.122728 0.583707 0.118794 0.586332 0.115061 0.588911 0.112102 0.591048 0.110368 0.592418 0.110123 0.592812 0.106002 0.605007
0 0.836475 0.601222 0.836602 0.602218 0.839900 0.612074 0.884959 0.628619 0.893963 0.631628 0.908074 0.593201 0.900389 0.590379 0.857777 0.575387 0.853689 0.574525 0.844923 0.579559 0.844152 0.580316 0.842868 0.582676 0.841268 0.586278 0.839592 0.590576 0.838093 0.594922 0.836999 0.598659
0 0.717834 0.815325 0.725085 0.827229 0.726280 0.827861 0.729095 0.828798 0.733101 0.829897 0.737686 0.830989 0.777093 0.839750 0.781543 0.840666 0.785164 0.841262 0.787402 0.841449 0.799349 0.836533 0.809886 0.789135 0.806345 0.785830 0.728251 0.768469
0 0.421500 0.064392 0.423294 0.074349 0.425500 0.083340 0.426390 0.084351 0.428728 0.086129 0.432152 0.088403 0.436147 0.090829 0.440108 0.093040 0.443437 0.094704 0.445632 0.095567 0.457852 0.094492 0.482024 0.053023 0.481604 0.042567 0.446238 0.021953
0 0.213334 0.826257 0.294637 0.827504 0.297460 0.823002 0.298075 0.782909 0.217890 0.781679 0.213957 0.785606
0 0.476357 0.657821 0.481440 0.667701 0.482297 0.668223 0.484791 0.669262 0.488544 0.670662 0.492984 0.672207 0.497427 0.673660 0.501191 0.674799 0.503701 0.675448 0.504576 0.675511 0.515143 0.670914 0.530854 0.624372 0.530149 0.621529 0.492250 0.608735 0.476898 0.654214
0 0.127208 0.345598 0.127367 0.346658 0.130296 0.356429 0.175552 0.374020 0.179260 0.375459 0.208243 0.300894 0.204870 0.298592 0.159614 0.281002 0.150687 0.286662 0.149892 0.287238 0.148549 0.289444 0.146863 0.292947 0.145091 0.297212 0.130466 0.334839 0.128884 0.339201 0.127740 0.342980
0 0.622522 0.862278 0.623085 0.863942 0.654443 0.889070 0.679571 0.857712 0.678750 0.856077 0.647536 0.831064
0 0.686186 0.344993 0.690067 0.356239 0.702256 0.380570 0.720417 0.373922 0.739513 0.365113 0.735756 0.353800 0.723248 0.329616
0 0.734552 0.367491 0.773769 0.376180 0.783031 0.339502 0.783232 0.333898 0.744000 0.325206 0.734955 0.361795
0 0.274690 0.852153 0.304999 0.878686 0.331532 0.848376 0.332304 0.846779 0.302133 0.820369 0.275722 0.850540
0 0.773005 0.699419 0.798811 0.730108 0.800187 0.731167 0.831017 0.705242 0.805092 0.674411 0.803693 0.673612
