0 0.509942 0.578216 0.509987 0.578576 0.518288 0.579156 0.519159 0.557021 0.519071 0.556760 0.510809 0.556182
0 0.413702 0.504416 0.413789 0.505388 0.414005 0.506642 0.414315 0.507985 0.414673 0.509211 0.414883 0.509763 0.415140 0.510325 0.415313 0.510609 0.415498 0.510569 0.431523 0.505372 0.432702 0.504885 0.439385 0.502124 0.439413 0.501379 0.439256 0.500046 0.438941 0.498325 0.438514 0.496477 0.438039 0.494779 0.437588 0.493487 0.437229 0.492796 0.437017 0.492816 0.430321 0.495588 0.429141 0.496077 0.413757 0.503875
0 0.553538 0.381644 0.556167 0.392076 0.565556 0.387869 0.567089 0.385247 0.567856 0.383033 0.567885 0.382634 0.567788 0.381809 0.567578 0.380683 0.567288 0.379428 0.566962 0.378238 0.566650 0.377295 0.566400 0.376742 0.564399 0.374570 0.554790 0.378875
0 0.410103 0.489641 0.410291 0.490929 0.410835 0.492023 0.411651 0.492756 0.418306 0.496712 0.419177 0.497209 0.420091 0.497708 0.420907 0.498132 0.421501 0.498416 0.421783 0.498517 0.422682 0.498534 0.425324 0.497236 0.426599 0.493175 0.418986 0.488924 0.414790 0.486737 0.413839 0.486480 0.412939 0.486338 0.412635 0.486291 0.411669 0.486542 0.410849 0.487266 0.410299 0.488355
0 0.550328 0.430928 0.550487 0.435211 0.551865 0.439106 0.554250 0.442018 0.557279 0.443502 0.560490 0.443334 0.563393 0.441538 0.563458 0.441465 0.563757 0.441129 0.564491 0.440057 0.565612 0.438316 0.566689 0.434296 0.566526 0.430015 0.565920 0.427069 0.565451 0.425745 0.564640 0.424754 0.562765 0.423216 0.559740 0.421731 0.556531 0.421894 0.554885 0.422686 0.553896 0.423295 0.553685 0.423598 0.553626 0.423683 0.553567 0.423768 0.551410 0.426909
0 0.510566 0.540740 0.512701 0.551398 0.512760 0.551635 0.520790 0.548775 0.518646 0.538067 0.518560 0.537893
0 0.457668 0.620460 0.459995 0.629927 0.460306 0.630765 0.460780 0.631797 0.461344 0.632863 0.461911 0.633799 0.462394 0.634462 0.462719 0.634751 0.465069 0.635208 0.467732 0.632773 0.472742 0.628174 0.473327 0.627613 0.478698 0.622233 0.478751 0.621780 0.478010 0.619994 0.476751 0.617489 0.475766 0.615731 0.474811 0.614218 0.474346 0.613605 0.473797 0.613320 0.459535 0.616915 0.459317 0.616990 0.458996 0.617339 0.458621 0.617910 0.458248 0.618616 0.457936 0.619349 0.457733 0.619996
0 0.549372 0.560347 0.552840 0.572750 0.553996 0.576884 0.554058 0.576973 0.555004 0.578320 0.557305 0.579827 0.576301 0.570385 0.571581 0.553500 0.570400 0.549278 0.570073 0.549049 0.569107 0.548373 0.568791 0.548152 0.550229 0.557378
0 0.568199 0.510908 0.582572 0.521733 0.582761 0.521783 0.586830 0.512179 0.580549 0.506832 0.573263 0.501344 0.572258 0.501325
0 0.579376 0.468741 0.585445 0.476239 0.585838 0.476130 0.597138 0.459871 0.591041 0.452338 0.590623 0.452556
