0 0.442621 0.389819 0.446448 0.410588 0.447611 0.412531 0.448141 0.412984 0.450946 0.412065 0.447007 0.390690 0.445768 0.388133 0.442896 0.389073
0 0.565357 0.501390 0.565698 0.503494 0.566617 0.505263 0.567974 0.506429 0.569562 0.506814 0.569682 0.506826 0.571262 0.506370 0.572592 0.505143 0.573468 0.503331 0.573757 0.501210 0.573415 0.499102 0.572495 0.497330 0.571135 0.496162 0.569545 0.495776 0.569425 0.495783 0.567847 0.496238 0.566520 0.497463 0.565646 0.499273
0 0.559413 0.608503 0.563524 0.618077 0.563817 0.618620 0.578243 0.607606 0.574113 0.597988 0.573774 0.597539
0 0.538757 0.415970 0.538775 0.418123 0.539410 0.420103 0.540565 0.421609 0.542064 0.422410 0.543679 0.422386 0.545164 0.421539 0.546293 0.419999 0.546372 0.419861 0.546974 0.417859 0.546956 0.415703 0.546320 0.413720 0.545163 0.412212 0.543662 0.411409 0.542044 0.411433 0.540557 0.412281 0.539426 0.413824 0.539358 0.413972
0 0.560441 0.371664 0.560487 0.393674 0.568741 0.393644 0.569017 0.393216 0.568971 0.371118 0.560683 0.371148
0 0.559680 0.539990 0.560048 0.541188 0.561678 0.546148 0.564629 0.550403 0.565312 0.551322 0.565472 0.551447 0.566370 0.551948 0.567343 0.551953 0.568243 0.551461 0.571876 0.548973 0.575171 0.545338 0.575862 0.544424 0.576238 0.543228 0.576241 0.541930 0.575872 0.540730 0.573915 0.535565 0.571280 0.531492 0.570595 0.530571 0.569697 0.530070 0.569537 0.530001 0.569527 0.529997 0.568557 0.529992 0.567659 0.530483 0.563713 0.532770 0.560747 0.536591 0.560058 0.537502 0.559683 0.538696
0 0.524270 0.449302 0.531290 0.455124 0.538051 0.440995 0.541430 0.433532 0.534363 0.427672 0.531017 0.434834 0.524850 0.448055
0 0.469564 0.390008 0.469911 0.391265 0.477092 0.400361 0.479383 0.399803 0.479541 0.399752 0.479935 0.399343 0.480504 0.398640 0.481163 0.397748 0.481813 0.396803 0.482354 0.395947 0.482706 0.395310 0.482814 0.394988 0.482777 0.392382 0.482578 0.391138 0.475314 0.381937
0 0.521069 0.479904 0.552308 0.488219 0.552548 0.488165 0.552792 0.486535 0.552384 0.484539 0.548263 0.464421 0.531960 0.460082 0.531814 0.460265 0.521312 0.478282
0 0.569669 0.470264 0.571918 0.477323 0.577542 0.490961 0.581008 0.497762 0.589758 0.491348 0.589703 0.486013 0.589542 0.485364 0.589218 0.484403 0.588780 0.483279 0.583090 0.469482 0.582607 0.468370 0.582153 0.467446 0.581800 0.466849 0.581600 0.466671 0.578419 0.463849
0 0.551792 0.440080 0.553487 0.449759 0.554052 0.452985 0.555611 0.457036 0.555685 0.457035 0.555993 0.456958 0.556488 0.456817 0.557094 0.456633 0.561048 0.455432 0.569086 0.452930 0.569403 0.452714 0.565633 0.431181 0.553582 0.434876 0.552954 0.435080 0.552403 0.435275 0.552014 0.435433 0.551846 0.435528
0 0.574538 0.529666 0.581275 0.536070 0.581650 0.536236 0.586474 0.527211 0.579706 0.520778 0.579341 0.520683
0 0.474261 0.583835 0.474304 0.584626 0.474435 0.585473 0.474633 0.586246 0.474869 0.586827 0.475106 0.587127 0.488036 0.597273 0.488143 0.597233 0.488813 0.596664 0.489847 0.595705 0.491620 0.593988 0.493195 0.592398 0.494065 0.591440 0.494729 0.590617 0.494710 0.590522 0.492401 0.586039 0.490841 0.583026 0.490410 0.582249 0.484754 0.572861 0.482416 0.572236 0.482214 0.572419 0.481739 0.572874 0.481065 0.573533 0.480293 0.574296 0.479540 0.575048 0.478919 0.575675 0.478526 0.576083 0.478419 0.576208 0.474450 0.582877 0.474313 0.583221
0 0.572803 0.396286 0.574525 0.409291 0.590782 0.405464 0.591831 0.404371 0.590089 0.391216 0.587559 0.389808 0.587124 0.389810 0.586391 0.389915 0.585472 0.390108 0.577269 0.392039 0.576307 0.392289 0.575452 0.392558 0.574835 0.392803 0.574550 0.392989
0 0.587585 0.536039 0.588802 0.540030 0.590036 0.541931 0.590805 0.542969 0.591812 0.543536 0.594048 0.544769 0.594108 0.544798 0.597341 0.544826 0.600336 0.543203 0.602636 0.540175 0.603893 0.536204 0.603914 0.531894 0.602696 0.527901 0.600425 0.524834 0.597447 0.523158 0.597384 0.523143 0.594154 0.523115 0.591161 0.524737 0.589380 0.526658 0.588602 0.527682 0.588177 0.529026 0.587606 0.531732
