0 0.501869 0.371668 0.508086 0.392075 0.508271 0.392114 0.508661 0.392017 0.509196 0.391797 0.509794 0.391489 0.529652 0.380309 0.530220 0.379961 0.530665 0.379629 0.530921 0.379363 0.530949 0.379204 0.524864 0.358722 0.524664 0.358711 0.524262 0.358833 0.523719 0.359069 0.520718 0.360573 0.505439 0.369175 0.502659 0.370925 0.502200 0.371254 0.501922 0.371515
0 0.578679 0.436161 0.579084 0.440434 0.579906 0.443072 0.580448 0.444339 0.581313 0.445233 0.583237 0.446815 0.586353 0.447952 0.589558 0.447412 0.589616 0.447378 0.592424 0.445242 0.594405 0.441836 0.595258 0.437679 0.594853 0.433403 0.593251 0.429659 0.590697 0.427017 0.587578 0.425880 0.584371 0.426421 0.581564 0.428557 0.581511 0.428603 0.581272 0.428812 0.580602 0.429964 0.579531 0.432006
0 0.388849 0.582337 0.391824 0.604145 0.408381 0.619425 0.411156 0.621985 0.419333 0.620002 0.419703 0.619452 0.410817 0.554328 0.402677 0.556303 0.402453 0.556432 0.402229 0.556562 0.400302 0.560274 0.390775 0.578626
0 0.528618 0.536192 0.530443 0.546952 0.530583 0.547169 0.538690 0.544725 0.536857 0.533915 0.536688 0.533759
0 0.457812 0.635892 0.458004 0.636506 0.458464 0.637381 0.459123 0.638385 0.459576 0.638970 0.460178 0.639686 0.460619 0.640166 0.461226 0.640668 0.461608 0.640796 0.473801 0.626116 0.474664 0.624939 0.479555 0.618262 0.479657 0.617939 0.479353 0.617125 0.478689 0.615946 0.477766 0.614582 0.476725 0.613236 0.475720 0.612112 0.474904 0.611378 0.474400 0.611147 0.469522 0.617814 0.468662 0.618990 0.457918 0.635633
0 0.416564 0.282339 0.416648 0.283218 0.416812 0.284008 0.417030 0.284588 0.417271 0.284871 0.427921 0.296960 0.428809 0.297366 0.429544 0.297237 0.431037 0.296646 0.432570 0.295788 0.434514 0.294362 0.435643 0.293126 0.435532 0.292476 0.432977 0.284389 0.432678 0.283519 0.429875 0.276087 0.428367 0.272132 0.426218 0.271046 0.425719 0.270979 0.424973 0.271162 0.424095 0.271567 0.423219 0.272133 0.422481 0.272772 0.421994 0.273386 0.416850 0.280459 0.416674 0.280845 0.416573 0.281505
0 0.387007 0.691059 0.395794 0.704862 0.397991 0.708313 0.400579 0.705384 0.408343 0.696597 0.410931 0.693668 0.413374 0.688356 0.411238 0.685000 0.402692 0.671575 0.390106 0.685818
0 0.438858 0.448626 0.439103 0.448832 0.454552 0.456623 0.460396 0.436025 0.460236 0.435768 0.444725 0.427945
0 0.422797 0.539851 0.447100 0.570715 0.447345 0.570388 0.447827 0.569742 0.453534 0.561753 0.429566 0.531314 0.428584 0.531750
0 0.506390 0.554118 0.506442 0.565149 0.506531 0.566058 0.514921 0.565987 0.514868 0.554802 0.514663 0.554048
0 0.459768 0.433574 0.459929 0.434134 0.460231 0.435040 0.460628 0.436155 0.461060 0.437309 0.461461 0.438330 0.461772 0.439061 0.461945 0.439393 0.463884 0.439348 0.464626 0.438861 0.485396 0.422785 0.485422 0.422691 0.485335 0.422308 0.485150 0.421695 0.484893 0.420945 0.484604 0.420173 0.484328 0.419497 0.484106 0.419021 0.483973 0.418817 0.461736 0.430930 0.460992 0.431417 0.459773 0.433446
0 0.453599 0.625423 0.453608 0.626409 0.453642 0.626988 0.455149 0.630109 0.458487 0.630252 0.458962 0.628763 0.459493 0.606764 0.456193 0.606622 0.454125 0.609372 0.454058 0.609769 0.453989 0.610614 0.453928 0.611777 0.453885 0.613081 0.453617 0.624182
