0 0.239074 0.421655 0.268255 0.460464 0.270903 0.460916 0.334845 0.412837 0.305998 0.374473 0.303755 0.373021 0.293314 0.371754 0.292306 0.372137 0.289977 0.373570 0.286680 0.375836 0.282919 0.378588 0.250654 0.402849 0.247016 0.405659 0.244068 0.408089 0.242261 0.409766 0.241867 0.410437
0 0.149763 0.842737 0.194004 0.910498 0.234660 0.883953 0.237693 0.879565 0.238945 0.870336 0.238787 0.869080 0.237652 0.866482 0.235714 0.862941 0.233267 0.858992 0.211349 0.825422 0.208756 0.821652 0.206404 0.818622 0.204647 0.816790 0.193957 0.812579 0.153765 0.838820
0 0.706654 0.332736 0.746188 0.339433 0.749620 0.337194 0.763199 0.257024 0.723114 0.250234 0.720047 0.253668
0 0.619310 0.165421 0.651213 0.189551 0.675343 0.157648 0.677781 0.152888 0.645435 0.128423 0.620970 0.160768
0 0.083203 0.805734 0.083522 0.846195 0.132076 0.845811 0.136281 0.841859 0.142675 0.835711 0.143139 0.834351 0.143516 0.831368 0.143751 0.827218 0.143808 0.822530 0.143678 0.818010 0.143382 0.814342 0.142963 0.812080 0.135964 0.801861 0.087966 0.802240
0 0.359552 0.342932 0.361158 0.344728 0.388773 0.373666 0.423498 0.340528 0.423689 0.327888 0.422953 0.326996 0.421056 0.324904 0.418285 0.321931 0.415064 0.318531 0.411887 0.315227 0.409244 0.312526 0.407536 0.310841 0.407024 0.310426 0.394680 0.309411
0 0.753354 0.121405 0.782079 0.359680 0.861504 0.350105 0.863165 0.349417 0.834308 0.110048 0.754518 0.119666
0 0.304429 0.760881 0.384192 0.772208 0.384722 0.770961 0.418549 0.532767 0.339151 0.521491 0.338411 0.521590
0 0.052889 0.196354 0.094732 0.220663 0.112215 0.198464 0.140632 0.149551 0.152028 0.122040 0.110185 0.097731 0.093529 0.107899 0.091751 0.109732 0.089466 0.112843 0.087024 0.116758 0.058277 0.166240 0.056060 0.170344 0.054418 0.173994 0.053599 0.176631
0 0.280877 0.312284 0.282353 0.330744 0.326899 0.349647 0.339346 0.324825 0.345551 0.310203 0.361444 0.272751 0.371454 0.244650 0.326907 0.225748 0.312606 0.237513 0.311998 0.238014 0.310759 0.240139 0.309079 0.243569 0.307214 0.247777 0.284859 0.300458 0.283102 0.304786 0.281728 0.308554 0.280947 0.311187
0 0.428825 0.827056 0.442427 0.839622 0.443241 0.840313 0.445714 0.841384 0.449474 0.842671 0.453944 0.843977 0.509178 0.858951 0.513658 0.860072 0.517445 0.860831 0.519960 0.861113 0.538909 0.856902 0.551572 0.810197 0.523856 0.800289 0.508525 0.796132 0.469259 0.785486 0.441487 0.780351
0 0.284223 0.535989 0.304925 0.538088 0.324391 0.539611 0.328345 0.511264 0.333439 0.454924 0.333682 0.449179 0.293780 0.445581 0.285223 0.501746
0 0.646179 0.593184 0.673142 0.622817 0.718385 0.586287 0.741704 0.562297 0.714560 0.532466 0.692005 0.551141 0.650149 0.589207
0 0.321404 0.817135 0.347657 0.871674 0.366675 0.897654 0.401372 0.877095 0.387829 0.849823 0.359003 0.801127 0.355873 0.796712
0 0.280846 0.206789 0.316541 0.224984 0.319418 0.220360 0.345095 0.169935 0.356710 0.141956 0.320778 0.123640 0.303242 0.150892
0 0.490643 0.165578 0.490657 0.166934 0.498970 0.209708 0.499776 0.213110 0.508356 0.244668 0.508811 0.245512 0.515455 0.244672 0.525885 0.242532 0.533722 0.240582 0.541009 0.238440 0.544363 0.237226 0.547610 0.235204 0.560814 0.165259 0.560525 0.163342 0.559509 0.160870 0.557921 0.158221 0.556003 0.155800 0.554050 0.153979 0.552359 0.153034 0.517844 0.150259 0.514837 0.150491 0.510724 0.151176 0.506136 0.152209 0.501778 0.153433 0.498318 0.154659 0.496286 0.155699
0 0.498506 0.969488 0.523697 0.990177 0.538169 1.000000 0.585769 1.000000 0.588101 0.996554 0.589858 0.993045 0.590771 0.990586 0.590705 0.989546 0.587813 0.979745 0.587308 0.978051 0.551445 0.953311 0.548489 0.951445 0.536727 0.944359 0.519579 0.934262 0.515700 0.939023 0.509851 0.947625 0.505556 0.954558 0.501659 0.961459 0.499931 0.964946
0 0.643847 0.288628 0.647851 0.292880 0.655890 0.296040 0.668793 0.299391 0.677205 0.300504 0.682327 0.298621 0.688071 0.278441 0.690032 0.271456 0.694213 0.256281 0.703313 0.222840 0.701254 0.218655 0.697013 0.211042 0.691498 0.205087 0.689342 0.203197 0.686495 0.201991 0.683396 0.201653 0.680516 0.202235 0.667313 0.209840 0.664017 0.212635 0.648990 0.267286 0.644643 0.284581
