0 0.214044 0.936798 0.225706 0.975746 0.264654 0.964084 0.267890 0.957704 0.256388 0.919291 0.217975 0.930793
0 0.940315 0.644157 0.981050 0.669548 0.986611 0.671508 0.995326 0.668216 0.996467 0.667658 0.998411 0.665620 1.000000 0.662411 1.000000 0.633841 0.999304 0.632190 0.995355 0.629549 0.990279 0.626322 0.966809 0.611486 0.961474 0.610212
0 0.165986 0.101514 0.179034 0.148282 0.182702 0.152302 0.221231 0.141552 0.208332 0.095318 0.204960 0.090640 0.196608 0.086920 0.195321 0.086622 0.192453 0.086863 0.188439 0.087609 0.183893 0.088746 0.179513 0.090099 0.175973 0.091461 0.173812 0.092623
0 0.034139 0.901215 0.056744 0.978338 0.288113 0.910523 0.289081 0.908646 0.266580 0.831876 0.036269 0.899381
0 0.648509 0.875734 0.649193 0.877464 0.696299 0.942821 0.892370 0.801503 0.845265 0.736146 0.843682 0.735063
0 0.052075 0.757328 0.114878 0.808660 0.120160 0.804427 0.145474 0.773457 0.083532 0.722828 0.077741 0.725927
0 0.378782 0.677794 0.380982 0.688415 0.381570 0.689203 0.383562 0.690954 0.386656 0.693400 0.390380 0.696169 0.423078 0.719844 0.426851 0.722504 0.430085 0.724639 0.432286 0.725924 0.433119 0.726164 0.444330 0.725253 0.472805 0.685925 0.473116 0.683800 0.408318 0.636883 0.380168 0.675762
0 0.304713 0.318242 0.309824 0.328582 0.310249 0.328967 0.315884 0.331106 0.326635 0.330947 0.327772 0.328987 0.329558 0.325069 0.331723 0.319790 0.333941 0.313947 0.335878 0.308417 0.337241 0.304034 0.337824 0.301465 0.337533 0.301107 0.329486 0.293798 0.323838 0.291654 0.313118 0.296095 0.312245 0.297529 0.310881 0.300457 0.309235 0.304434 0.307559 0.308852 0.306110 0.313029 0.305111 0.316327
0 0.567751 0.262769 0.568668 0.264555 0.570452 0.267534 0.572831 0.271253 0.575446 0.275150 0.577902 0.278637 0.579829 0.281187 0.580932 0.282412 0.592377 0.284296 0.597382 0.280937 0.603550 0.272017 0.603737 0.271609 0.602569 0.269231 0.600217 0.265238 0.597040 0.260239 0.593526 0.255002 0.590216 0.250335 0.587621 0.246956 0.586134 0.245377 0.575593 0.247650 0.570577 0.251016 0.570418 0.251572
0 0.361302 0.500590 0.363406 0.508142 0.368238 0.514315 0.375066 0.518168 0.382848 0.519115 0.383050 0.519082 0.390589 0.516982 0.396751 0.512158 0.400597 0.505342 0.401543 0.497573 0.399443 0.490035 0.394619 0.483872 0.387803 0.480026 0.387609 0.479992 0.379827 0.479044 0.372275 0.481148 0.366103 0.485980 0.362250 0.492808
0 0.063591 0.825782 0.064949 0.836126 0.066273 0.838630 0.070920 0.841948 0.080992 0.844148 0.083507 0.844138 0.087073 0.842104 0.091147 0.838349 0.095102 0.833450 0.098328 0.828162 0.100331 0.823298 0.100807 0.819604 0.099692 0.817636 0.094335 0.808784 0.089713 0.805452 0.086565 0.805539 0.076589 0.807403 0.073930 0.808956 0.070895 0.811774 0.067943 0.815431 0.065519 0.819374 0.063990 0.823008
0 0.386893 0.049778 0.387555 0.057589 0.387748 0.058350 0.391343 0.065301 0.397325 0.070348 0.404782 0.072721 0.412581 0.072060 0.419532 0.068465 0.424579 0.062483 0.426951 0.055026 0.426291 0.047228 0.426164 0.046447 0.422562 0.039485 0.416570 0.034429 0.409100 0.032052 0.401288 0.032714 0.394325 0.036316 0.389270 0.042307
0 0.659168 0.045420 0.659308 0.048420 0.668350 0.152490 0.668742 0.155598 0.669323 0.158321 0.670005 0.160244 0.670685 0.161073 0.749422 0.152349 0.749931 0.151967 0.750255 0.150423 0.750346 0.147952 0.749879 0.133227 0.742921 0.053154 0.740757 0.037588 0.740209 0.034801 0.739575 0.032781 0.738951 0.031839 0.660274 0.041258 0.659692 0.041544 0.659303 0.043005
0 0.707447 0.438213 0.707608 0.440029 0.708232 0.442591 0.709226 0.445507 0.746679 0.543024 0.747884 0.545832 0.749108 0.548084 0.750165 0.549439 0.750894 0.549689 0.825202 0.521998 0.825430 0.521128 0.825184 0.519247 0.824501 0.516643 0.819750 0.502077 0.790933 0.427047 0.784783 0.413228 0.783573 0.410906 0.782537 0.409447 0.781832 0.409075 0.707774 0.437419
0 0.000000 0.506288 0.067427 0.561455 0.069778 0.563368 0.072449 0.565007 0.075031 0.566122 0.077132 0.566543 0.078429 0.566208 0.121110 0.502890 0.121375 0.501898 0.120598 0.500351 0.118900 0.498484 0.107697 0.488792 0.042070 0.442366 0.028445 0.434494 0.025834 0.433313 0.023689 0.432794 0.022339 0.433017 0.021989 0.433951 0.000000 0.496465
0 0.675820 0.594832 0.676134 0.596102 0.676863 0.598942 0.677898 0.602920 0.679082 0.607434 0.680236 0.611803 0.681186 0.615367 0.681787 0.617585 0.681948 0.618116 0.697458 0.645335 0.698328 0.646347 0.700273 0.647351 0.702997 0.648194 0.706084 0.648746 0.709062 0.648923 0.711474 0.648698 0.712954 0.648106 0.770359 0.603387 0.770344 0.602719 0.769529 0.598749 0.768089 0.592672 0.765457 0.582294 0.762974 0.573116 0.761423 0.568092 0.760034 0.564314 0.727469 0.571626 0.724070 0.572512 0.682198 0.585249
0 0.680075 0.299690 0.681072 0.311344 0.711673 0.342544 0.714229 0.344946 0.724287 0.353875 0.739166 0.366955 0.743538 0.362438 0.750761 0.354847 0.756340 0.348934 0.761672 0.343234 0.764227 0.340474 0.767074 0.337283 0.738231 0.271265 0.737214 0.269886 0.735204 0.268424 0.732506 0.267103 0.729534 0.266126 0.726743 0.265642 0.724560 0.265724 0.723316 0.266360 0.696624 0.282041 0.695750 0.282729 0.693745 0.284662 0.690911 0.287546 0.687684 0.290939 0.684559 0.294321 0.682015 0.297172 0.680442 0.299056
0 0.206519 0.674415 0.206658 0.676698 0.207359 0.680304 0.208514 0.684683 0.209947 0.689162 0.211437 0.693053 0.212756 0.695759 0.232614 0.724098 0.234288 0.725079 0.236851 0.725841 0.239910 0.726268 0.242998 0.726295 0.245641 0.725917 0.247436 0.725192 0.301069 0.678382 0.301149 0.674547 0.300490 0.671038 0.298640 0.663665 0.296348 0.655920 0.292914 0.645847 0.290282 0.639699 0.289337 0.639743 0.257774 0.648330 0.254433 0.649359 0.213342 0.663862 0.212181 0.664547
