0 0.528886 0.564808 0.528908 0.566102 0.529132 0.571514 0.530705 0.576895 0.531096 0.578079 0.531100 0.578091 0.531172 0.578270 0.531875 0.579167 0.532782 0.579637 0.533755 0.579608 0.537855 0.579025 0.541869 0.577206 0.542760 0.576683 0.543432 0.575746 0.543785 0.574537 0.543763 0.573240 0.543365 0.567485 0.541962 0.562420 0.541570 0.561233 0.541474 0.561092 0.541468 0.561084 0.540767 0.560189 0.539862 0.559720 0.538892 0.559749 0.534630 0.560000 0.530797 0.562145 0.529909 0.562667 0.529238 0.563602
0 0.601689 0.392603 0.607515 0.411066 0.609439 0.417163 0.610743 0.421295 0.626029 0.429605 0.626318 0.429444 0.626608 0.429282 0.648225 0.417155 0.651356 0.406917 0.605287 0.381872 0.604806 0.382412
0 0.560003 0.382023 0.562451 0.392562 0.594066 0.379508 0.594499 0.378953 0.592040 0.368366 0.560280 0.381480
0 0.409724 0.520833 0.410182 0.522902 0.411199 0.524580 0.412620 0.525611 0.414228 0.525838 0.414376 0.525794 0.415925 0.525185 0.417181 0.523832 0.417953 0.521940 0.418123 0.519799 0.417666 0.517734 0.416651 0.516059 0.415233 0.515030 0.413627 0.514803 0.413478 0.514828 0.411927 0.515438 0.410669 0.516794 0.409895 0.518688
0 0.501133 0.414532 0.502974 0.437218 0.503645 0.438610 0.530439 0.415638 0.530579 0.415249 0.529905 0.413851 0.528571 0.412795 0.521337 0.407069 0.515121 0.402150 0.501138 0.414139
0 0.413304 0.423321 0.417357 0.435538 0.418301 0.436275 0.420064 0.437164 0.420342 0.437145 0.420924 0.436924 0.421719 0.436537 0.422608 0.436041 0.430174 0.431579 0.431024 0.431049 0.431710 0.430562 0.432127 0.430194 0.433398 0.427370 0.429391 0.415293 0.428575 0.414314
0 0.424790 0.400303 0.425134 0.400992 0.425948 0.402622 0.426256 0.403238 0.436406 0.417991 0.436747 0.417746 0.437093 0.417457 0.437436 0.417128 0.437771 0.416765 0.438096 0.416370 0.452913 0.397478 0.452547 0.396616 0.442254 0.381982 0.426278 0.398266 0.425937 0.398632 0.425615 0.399023 0.425313 0.399437 0.425037 0.399866
0 0.429215 0.375707 0.429220 0.376280 0.429293 0.377255 0.429424 0.378482 0.429592 0.379773 0.429771 0.380930 0.429934 0.381775 0.430056 0.382181 0.432446 0.384663 0.442229 0.382601 0.440940 0.371731 0.440258 0.370248 0.430361 0.372334
0 0.450928 0.582543 0.456643 0.621493 0.458601 0.624894 0.460080 0.625871 0.460373 0.626007 0.460991 0.626013 0.461839 0.625888 0.462789 0.625652 0.463697 0.625341 0.464426 0.625000 0.464866 0.624682 0.466665 0.622516 0.466345 0.620375 0.460028 0.582293 0.459076 0.580140
0 0.472706 0.445893 0.475584 0.449245 0.475800 0.449371 0.476352 0.449597 0.477155 0.449887 0.478086 0.450199 0.489486 0.453870 0.490409 0.454156 0.491187 0.454374 0.491702 0.454493 0.491876 0.454492 0.495584 0.453261 0.497929 0.440319 0.492145 0.437971 0.480612 0.434257 0.475051 0.432951
0 0.740454 0.308813 0.740605 0.309030 0.741167 0.309580 0.742054 0.310381 0.743132 0.311311 0.744235 0.312227 0.745193 0.312987 0.745858 0.313475 0.746130 0.313617 0.748122 0.311836 0.748892 0.310404 0.748558 0.307168 0.748434 0.307007 0.748005 0.306598 0.747336 0.306002 0.746529 0.305309 0.745705 0.304626 0.744991 0.304054 0.744492 0.303681 0.744286 0.303563 0.741780 0.304397 0.741017 0.305830
0 0.358075 0.401404 0.358129 0.404250 0.358400 0.405875 0.358602 0.407052 0.359468 0.409654 0.361811 0.412625 0.362364 0.412974 0.365370 0.414517 0.367496 0.414446 0.368589 0.414409 0.369589 0.413818 0.371533 0.412667 0.373752 0.409555 0.374909 0.405548 0.374856 0.402713 0.374828 0.401255 0.373521 0.397331 0.371188 0.394371 0.370670 0.393947 0.367653 0.392398 0.365518 0.392470 0.364653 0.392691 0.363417 0.393101 0.361465 0.394256 0.359237 0.397380
0 0.408969 0.596968 0.409063 0.598742 0.409659 0.600333 0.410666 0.601499 0.411931 0.602063 0.413262 0.601938 0.414455 0.601143 0.414557 0.601024 0.415430 0.599683 0.416799 0.595288 0.417003 0.594473 0.416958 0.593616 0.416670 0.592848 0.416184 0.592285 0.415573 0.592013 0.414931 0.592073 0.411565 0.593033 0.410373 0.593827 0.410266 0.593938 0.409392 0.595281
0 0.397526 0.475734 0.412931 0.483886 0.413279 0.483950 0.419369 0.463492 0.404025 0.455373 0.403640 0.455193
0 0.455054 0.438110 0.455259 0.438393 0.470963 0.445180 0.476053 0.424243 0.475944 0.423895 0.460168 0.417076
0 0.359956 0.818382 0.363090 0.845088 0.376443 0.842302 0.379781 0.841605 0.380341 0.840015 0.381990 0.835330 0.382529 0.833797 0.379466 0.807702 0.377300 0.806568 0.364222 0.809297 0.363157 0.811105
0 0.443915 0.397983 0.445827 0.407994 0.446881 0.409302 0.454545 0.405760 0.452610 0.395778 0.451583 0.394413
