0 0.181551 0.342988 0.202189 0.377328 0.207541 0.374596 0.256007 0.345445 0.278325 0.329566 0.269071 0.312696 0.257550 0.294997 0.225394 0.310877
0 0.060515 0.972214 0.081095 1.000000 0.086647 1.000000 0.123325 0.985538 0.156503 0.963145 0.147687 0.944136 0.135787 0.928542 0.114602 0.939514 0.066100 0.968534
0 0.924718 0.243957 0.924961 0.248010 0.925509 0.252632 0.926280 0.257124 0.927158 0.260808 0.928009 0.263127 0.935814 0.271773 0.983319 0.264896 0.988907 0.262178 0.983110 0.222133 0.935056 0.229090 0.930084 0.232186 0.925247 0.239834 0.924818 0.241085
0 0.128349 0.516476 0.128518 0.519052 0.129116 0.522895 0.130053 0.527418 0.131184 0.531928 0.132337 0.535730 0.133333 0.538244 0.134022 0.539088 0.142094 0.545284 0.146184 0.544766 0.192974 0.534053 0.184046 0.495062 0.180393 0.495005 0.133063 0.505842 0.128635 0.515559
0 0.814127 0.154194 0.852578 0.165216 0.856654 0.161346 0.870034 0.114671 0.862124 0.105677 0.860008 0.104512 0.856503 0.103133 0.852141 0.101751 0.847594 0.100579 0.843561 0.099797 0.840658 0.099523 0.839325 0.099799 0.831138 0.103521 0.827354 0.108052
0 0.081198 0.868047 0.091314 0.907424 0.140808 0.936686 0.180186 0.926571 0.184581 0.920701 0.174604 0.881865 0.125791 0.853006 0.086954 0.862982
0 0.088418 0.081262 0.101626 0.119713 0.107098 0.124943 0.145021 0.111917 0.169917 0.060968 0.156891 0.023046 0.152113 0.016396 0.113661 0.029604 0.106573 0.044109
0 0.000000 0.384790 0.000227 0.390148 0.043229 0.447813 0.048449 0.448409 0.086621 0.419307 0.086155 0.406655 0.085034 0.404683 0.082977 0.401651 0.080295 0.398016 0.055988 0.366133 0.053080 0.362437 0.050379 0.359228 0.048292 0.356993 0.047140 0.356074 0.032778 0.354020 0.000000 0.383458
0 0.560556 0.914659 0.560834 0.916568 0.580006 0.951995 0.615433 0.932823 0.614904 0.930840 0.595821 0.895575
0 0.450048 0.084494 0.450277 0.086398 0.488375 0.098903 0.500879 0.060805 0.500883 0.058783 0.462610 0.046221
0 0.200840 0.888974 0.234551 0.911025 0.256602 0.877314 0.257717 0.875585 0.224161 0.853635 0.222891 0.855263
0 0.791794 0.934014 0.793138 0.936012 0.820769 0.965323 0.850080 0.937692 0.848476 0.935686 0.820971 0.906509
