0 0.421906 0.621476 0.428140 0.631934 0.441213 0.618082 0.441885 0.616732 0.435722 0.606393 0.432956 0.606541 0.432896 0.606557 0.432549 0.606885 0.431969 0.607473 0.431243 0.608233 0.424766 0.615096 0.424003 0.615914 0.423315 0.616669 0.422807 0.617247 0.422557 0.617559
0 0.433252 0.564136 0.446382 0.584732 0.448883 0.584791 0.459157 0.573147 0.459905 0.571807 0.460186 0.568540 0.447356 0.548415 0.446375 0.549317 0.446125 0.549548 0.443550 0.552465
0 0.474558 0.463138 0.474836 0.463584 0.475397 0.464475 0.476155 0.465676 0.476994 0.467003 0.477784 0.468250 0.478405 0.469226 0.478760 0.469783 0.478798 0.469837 0.480911 0.468891 0.481862 0.467822 0.482153 0.464634 0.482129 0.464586 0.481867 0.464163 0.481405 0.463427 0.480815 0.462490 0.480187 0.461496 0.479617 0.460598 0.479192 0.459934 0.478978 0.459604 0.476568 0.459442 0.475615 0.460513
0 0.425234 0.598456 0.452526 0.624491 0.457408 0.615394 0.457897 0.614069 0.457993 0.613808 0.457366 0.611367 0.457268 0.611073 0.456877 0.610530 0.456252 0.609821 0.455490 0.609054 0.435256 0.589752 0.434464 0.589036 0.433758 0.588476 0.433244 0.588156 0.433002 0.588125 0.431077 0.588131 0.430918 0.588333 0.430116 0.589359
0 0.578106 0.392911 0.590982 0.406685 0.592247 0.405387 0.597484 0.396684 0.584429 0.382718 0.583271 0.384327
0 0.515329 0.513117 0.516172 0.516114 0.516359 0.516301 0.519350 0.518280 0.522342 0.520259 0.525334 0.522238 0.540178 0.482348 0.534195 0.478390 0.531203 0.476411 0.528612 0.477422 0.528491 0.477678 0.528219 0.478346 0.527840 0.479324 0.527411 0.480464 0.520057 0.500226 0.516380 0.510108 0.515962 0.511245 0.515616 0.512216 0.515393 0.512874
0 0.561913 0.505866 0.561953 0.505920 0.562391 0.506196 0.563133 0.506618 0.564068 0.507122 0.565051 0.507630 0.565931 0.508064 0.566574 0.508358 0.566758 0.508422 0.566851 0.508429 0.573929 0.488377 0.574387 0.486830 0.576979 0.478057 0.576856 0.477990 0.576224 0.477660 0.575181 0.477119 0.573886 0.476448 0.571328 0.475127 0.570448 0.474676 0.570030 0.474463 0.567447 0.483220 0.566992 0.484765
0 0.474408 0.540220 0.475842 0.551187 0.505241 0.555656 0.506887 0.555274 0.508300 0.552371 0.508278 0.552191 0.508195 0.551539 0.508062 0.550513 0.506632 0.539574 0.506469 0.538328 0.506160 0.535971 0.506060 0.535220 0.506019 0.534925 0.503974 0.532958 0.474701 0.539760
0 0.451006 0.520911 0.451119 0.524344 0.451374 0.524749 0.451960 0.524963 0.466782 0.526374 0.467362 0.526270 0.467604 0.525912 0.467743 0.523999 0.468291 0.513758 0.468290 0.512930 0.451799 0.511361
0 0.458864 0.403280 0.466900 0.405869 0.467229 0.404500 0.469969 0.389362 0.471098 0.380869 0.463009 0.378263 0.460961 0.386357
0 0.473325 0.502935 0.505372 0.516188 0.507857 0.505506 0.507820 0.505481 0.475922 0.492288 0.475810 0.492253
0 0.534221 0.574919 0.534379 0.575264 0.546654 0.588189 0.547872 0.589471 0.549093 0.589809 0.555600 0.548032 0.555345 0.547811 0.554130 0.547475 0.537586 0.553316
0 0.618140 0.582031 0.623792 0.592709 0.625871 0.593940 0.625941 0.593899 0.626362 0.593397 0.627070 0.592510 0.627958 0.591372 0.628890 0.590159 0.629720 0.589058 0.630323 0.588238 0.630606 0.587823 0.629705 0.585062 0.621671 0.577441 0.621624 0.577494 0.621316 0.577888 0.620794 0.578561 0.620138 0.579413 0.619447 0.580313 0.618825 0.581126 0.618366 0.581730
0 0.479896 0.496930 0.480145 0.497979 0.481780 0.504293 0.484505 0.514816 0.485050 0.516920 0.485339 0.517952 0.494799 0.513597 0.495949 0.510674 0.495892 0.510422 0.495721 0.509731 0.495461 0.508709 0.495153 0.507510 0.492453 0.497083 0.492141 0.495885 0.491872 0.494866 0.491687 0.494181 0.491614 0.493934 0.489356 0.492575
