0 0.515461 0.547782 0.515523 0.547974 0.516449 0.549808 0.520154 0.557145 0.533910 0.544795 0.531132 0.539293 0.530206 0.537459 0.529279 0.535624 0.529162 0.535482
0 0.443295 0.490517 0.443943 0.490626 0.445593 0.490634 0.453879 0.479671 0.455384 0.477350 0.455444 0.477127 0.455496 0.476435 0.455532 0.475378 0.455547 0.474118 0.455539 0.472845 0.455509 0.471750 0.455461 0.471000 0.455403 0.470709 0.453911 0.468666 0.453378 0.468304 0.443359 0.468252
0 0.515228 0.586681 0.515319 0.587411 0.515501 0.588230 0.515746 0.589012 0.516016 0.589637 0.516269 0.590010 0.523178 0.593266 0.523835 0.593426 0.524719 0.593545 0.525693 0.593605 0.526608 0.593597 0.527323 0.593522 0.527729 0.593392 0.529424 0.591183 0.529650 0.586914 0.530059 0.578863 0.530086 0.577902 0.530167 0.568907 0.530006 0.568645 0.528549 0.568381 0.526319 0.568188 0.524665 0.568135 0.523150 0.568175 0.522468 0.568254 0.521865 0.568560 0.515241 0.586150
0 0.567199 0.518004 0.567819 0.526770 0.567974 0.527897 0.568602 0.528155 0.568761 0.528220 0.585405 0.526127 0.585425 0.525046 0.584797 0.516159 0.583885 0.515153 0.582735 0.514945 0.577804 0.515565 0.567943 0.516805
0 0.528791 0.425917 0.529437 0.428728 0.536674 0.437132 0.536827 0.437216 0.537254 0.436976 0.537891 0.436449 0.538641 0.435713 0.539388 0.434883 0.540018 0.434085 0.540434 0.433442 0.540573 0.433052 0.535936 0.421892 0.533991 0.420442 0.533791 0.420359 0.533228 0.420705 0.532387 0.421426 0.531396 0.422412 0.530405 0.423514 0.529563 0.424566 0.528996 0.425409
0 0.417154 0.585815 0.417482 0.587927 0.418390 0.589712 0.419741 0.590897 0.421330 0.591303 0.422914 0.590867 0.424253 0.589656 0.424383 0.589501 0.425271 0.587702 0.425574 0.585588 0.425248 0.583479 0.424341 0.581697 0.422992 0.580514 0.421406 0.580109 0.419824 0.580544 0.418488 0.581753 0.418348 0.581894 0.417459 0.583696
0 0.501200 0.380419 0.501753 0.381914 0.504333 0.388883 0.504886 0.390376 0.513161 0.409634 0.513476 0.409446 0.514105 0.409044 0.514952 0.408490 0.515889 0.407868 0.516419 0.407511 0.517056 0.407078 0.517476 0.406790 0.517885 0.406497 0.517939 0.406438 0.511497 0.385905 0.508362 0.377423 0.507808 0.375925 0.507358 0.376125 0.506470 0.376639 0.505278 0.377389 0.503967 0.378259 0.502738 0.379116 0.501781 0.379828 0.501242 0.380285
0 0.585235 0.486379 0.585700 0.489721 0.585989 0.490234 0.586501 0.490993 0.587157 0.491881 0.593071 0.499594 0.593774 0.500480 0.594420 0.501232 0.594911 0.501736 0.595172 0.501915 0.598156 0.501792 0.605163 0.492243 0.593227 0.476673 0.592161 0.476939
0 0.471532 0.459749 0.471623 0.465250 0.471706 0.466542 0.472154 0.467694 0.472222 0.467773 0.472961 0.468602 0.472965 0.468606 0.473890 0.468997 0.477992 0.470499 0.482131 0.470218 0.483098 0.470107 0.483960 0.469511 0.484585 0.468521 0.484878 0.467287 0.485986 0.461972 0.485793 0.456299 0.485710 0.455010 0.485708 0.455003 0.485675 0.454900 0.485227 0.453748 0.484483 0.452913 0.483556 0.452521 0.479544 0.451202 0.475294 0.451297 0.474325 0.451408 0.473461 0.452006 0.472834 0.452998 0.472541 0.454235
0 0.427081 0.539142 0.427119 0.542210 0.427144 0.542461 0.427408 0.543064 0.427870 0.543929 0.428461 0.544923 0.444394 0.570593 0.445018 0.571556 0.445576 0.572335 0.445981 0.572809 0.446173 0.572907 0.448374 0.573447 0.456093 0.564930 0.456595 0.564188 0.435545 0.530274 0.434800 0.530624
0 0.446423 0.453510 0.452717 0.460826 0.453257 0.461273 0.477921 0.440301 0.479006 0.438642 0.478793 0.435062 0.478622 0.434810 0.478190 0.434262 0.477562 0.433503 0.476836 0.432647 0.470557 0.425349 0.469844 0.424531 0.469256 0.423877 0.468883 0.423489 0.468781 0.423424 0.466176 0.423301
0 0.437153 0.511158 0.438007 0.513071 0.454577 0.528422 0.457167 0.529147 0.457386 0.528980 0.457897 0.528580 0.458620 0.528009 0.459447 0.527354 0.460253 0.526713 0.460916 0.526184 0.461335 0.525845 0.461447 0.525750 0.462189 0.522468 0.452056 0.499772 0.451502 0.499769
0 0.545065 0.523752 0.546392 0.527891 0.552955 0.548357 0.554283 0.552497 0.561360 0.557349 0.562803 0.556197 0.578055 0.497431 0.570738 0.492743 0.551391 0.503289 0.550645 0.503764 0.549897 0.504241
0 0.531449 0.596565 0.531593 0.597009 0.577077 0.623889 0.583797 0.603674 0.583414 0.603200 0.538138 0.576443
