0 0.416194 0.424853 0.417153 0.425931 0.421627 0.430958 0.422586 0.432035 0.436007 0.445339 0.436033 0.445353 0.436172 0.445206 0.436351 0.444974 0.436859 0.444237 0.437500 0.443261 0.438175 0.442195 0.438783 0.441198 0.439233 0.440423 0.439456 0.439986 0.427393 0.424641 0.421974 0.418544 0.421017 0.417468 0.420926 0.417379 0.420480 0.417867 0.419746 0.418860 0.418837 0.420206 0.417892 0.421699 0.417057 0.423107 0.416461 0.424215
0 0.664664 0.651938 0.665422 0.652638 0.698017 0.661382 0.701297 0.639652 0.700374 0.639011 0.667928 0.630307
0 0.415105 0.598877 0.420910 0.606915 0.432743 0.607214 0.438771 0.599475 0.439611 0.598110 0.433886 0.590183 0.422215 0.589888 0.421134 0.591138
0 0.514520 0.531993 0.514995 0.545185 0.515168 0.545707 0.523508 0.545173 0.523027 0.531830 0.522764 0.531466 0.521152 0.529403 0.520935 0.529377 0.520374 0.529378 0.519554 0.529408 0.518600 0.529461 0.517656 0.529529 0.516864 0.529603 0.516345 0.529671 0.516177 0.529722
0 0.413715 0.540760 0.414593 0.554224 0.423009 0.553248 0.424769 0.552031 0.423910 0.538875 0.421666 0.536947 0.421581 0.536920 0.421132 0.536941 0.420388 0.537006 0.419463 0.537106 0.418495 0.537226 0.417632 0.537347 0.417002 0.537451 0.416704 0.537522 0.415736 0.537958
0 0.430501 0.548042 0.433011 0.555450 0.436959 0.567098 0.452412 0.572869 0.457413 0.564484 0.459858 0.560384 0.460607 0.559127 0.461794 0.556671 0.461877 0.555325 0.431843 0.544306 0.430554 0.546695
0 0.520078 0.395185 0.520925 0.400431 0.521155 0.401689 0.521729 0.402732 0.522559 0.403404 0.523518 0.403601 0.527624 0.404410 0.531802 0.403123 0.532745 0.402816 0.533528 0.402051 0.534032 0.400945 0.534037 0.400931 0.534115 0.400703 0.534263 0.399420 0.534622 0.394107 0.533903 0.388348 0.533673 0.387088 0.533097 0.386041 0.532266 0.385368 0.531304 0.385170 0.527059 0.384861 0.523000 0.385650 0.522055 0.385958 0.521270 0.386724 0.520765 0.387833 0.520714 0.388107 0.520566 0.389386
0 0.431406 0.545641 0.431470 0.546212 0.431685 0.546917 0.432017 0.547649 0.432416 0.548296 0.432821 0.548758 0.433170 0.548966 0.447665 0.552455 0.448280 0.551590 0.448752 0.550765 0.449683 0.549013 0.450619 0.547157 0.451778 0.544722 0.452419 0.543213 0.449084 0.540036 0.446791 0.537875 0.446189 0.537341 0.438498 0.531104 0.436079 0.531539 0.435926 0.531638 0.435583 0.532143 0.435101 0.532977 0.434554 0.534014 0.434027 0.535094 0.433600 0.536051 0.433338 0.536738
0 0.500624 0.512027 0.500625 0.512041 0.500766 0.513754 0.501388 0.515265 0.502396 0.516344 0.503638 0.516827 0.504923 0.516639 0.506056 0.515809 0.506865 0.514465 0.507227 0.512810 0.507086 0.511096 0.506464 0.509585 0.506457 0.509574 0.505449 0.508497 0.504210 0.508015 0.502926 0.508203 0.501794 0.509031 0.500986 0.510374
0 0.653805 0.578735 0.668870 0.587734 0.669645 0.588137 0.710329 0.467063 0.695194 0.458022 0.694302 0.458214
0 0.447803 0.509034 0.448791 0.520039 0.481804 0.514771 0.481887 0.514703 0.480904 0.503749 0.448042 0.508993
0 0.424644 0.545417 0.424674 0.546728 0.424881 0.547978 0.432103 0.576962 0.432446 0.577925 0.434342 0.582700 0.440298 0.582099 0.443292 0.581796 0.446254 0.576059 0.436873 0.537379 0.427885 0.538520 0.424703 0.543957
0 0.468770 0.434459 0.468823 0.437319 0.469181 0.438039 0.474159 0.443855 0.476648 0.446762 0.498456 0.413577 0.498437 0.412574 0.490884 0.403750 0.488510 0.404420 0.488370 0.404484 0.487999 0.404921 0.487454 0.405664 0.486819 0.406600 0.475814 0.423346 0.470312 0.431719 0.469688 0.432698 0.469176 0.433563 0.468854 0.434181
0 0.551728 0.667537 0.551966 0.668308 0.565516 0.681149 0.575147 0.663082 0.574803 0.662335 0.561315 0.649553
