0 0.388288 0.561006 0.389224 0.565324 0.392032 0.578277 0.393872 0.579999 0.413348 0.572492 0.413751 0.572155 0.414939 0.571161 0.415328 0.570835 0.411661 0.553919 0.410744 0.549690 0.391714 0.557025 0.391216 0.557287 0.389697 0.558087 0.389181 0.558359
0 0.644847 0.625431 0.653251 0.644399 0.653672 0.644556 0.654639 0.644916 0.655064 0.645074 0.655449 0.644824 0.655836 0.644553 0.656217 0.644264 0.656587 0.643965 0.656942 0.643655 0.672933 0.629256 0.664518 0.610262 0.663974 0.610147 0.646455 0.623945 0.646085 0.624245 0.645736 0.624547 0.645409 0.624848 0.645111 0.625145
0 0.481282 0.525651 0.481464 0.526152 0.484249 0.529310 0.488522 0.534052 0.489134 0.534423 0.489540 0.534643 0.489981 0.534496 0.492246 0.532691 0.493154 0.529271 0.493187 0.528639 0.492969 0.528112 0.489262 0.523314 0.486593 0.519957 0.485589 0.519392 0.485207 0.519220 0.484834 0.519491 0.481416 0.525092
0 0.533861 0.472521 0.534013 0.474038 0.534622 0.474717 0.536212 0.476186 0.536890 0.476436 0.537777 0.476492 0.538741 0.476347 0.539635 0.476021 0.540324 0.475565 0.540704 0.475046 0.542096 0.472818 0.542117 0.471977 0.541960 0.470458 0.540888 0.468137 0.540410 0.467583 0.539508 0.467238 0.538320 0.467156 0.537030 0.467351 0.535834 0.467792 0.534918 0.468412 0.534421 0.469113 0.533866 0.471679
0 0.433628 0.620916 0.441492 0.624653 0.442161 0.623228 0.445486 0.610788 0.444097 0.608239 0.443652 0.607877 0.442935 0.607436 0.442055 0.606983 0.441145 0.606585 0.440342 0.606304 0.439768 0.606182 0.439510 0.606237 0.437711 0.607094 0.436991 0.608332
0 0.429038 0.460320 0.429365 0.460503 0.430611 0.460584 0.446343 0.451340 0.447151 0.429201 0.446907 0.428873 0.431852 0.417585 0.430600 0.417504
0 0.455437 0.412650 0.457733 0.423275 0.457830 0.423451 0.473731 0.417342 0.471439 0.406741 0.470221 0.402726 0.461928 0.405912
0 0.491320 0.547506 0.491535 0.548271 0.492915 0.550328 0.493974 0.550980 0.494529 0.551188 0.496571 0.550079 0.497024 0.549742 0.497531 0.548994 0.498015 0.547948 0.498403 0.546764 0.498637 0.545619 0.498681 0.544686 0.498042 0.542217 0.497786 0.541250 0.496727 0.540606 0.496178 0.540375 0.494142 0.540319 0.493533 0.540754 0.492851 0.541745 0.492199 0.543141 0.491679 0.544728 0.491370 0.546262
0 0.540420 0.486405 0.546249 0.491611 0.547277 0.492529 0.561550 0.503634 0.561636 0.503665 0.561836 0.503526 0.562049 0.503288 0.562564 0.502498 0.563159 0.501437 0.563744 0.500267 0.564227 0.499168 0.564536 0.498310 0.564623 0.497822 0.551510 0.484445 0.544643 0.478303 0.544478 0.478281 0.544019 0.478878 0.543335 0.480001 0.542531 0.481478 0.541727 0.483088 0.541044 0.484588 0.540585 0.485753
0 0.486763 0.479371 0.486935 0.481512 0.487708 0.483403 0.488964 0.484755 0.490514 0.485364 0.492119 0.485135 0.493537 0.484105 0.494551 0.482429 0.495008 0.480364 0.494836 0.478222 0.494063 0.476332 0.492807 0.474980 0.491258 0.474371 0.489652 0.474600 0.488234 0.475630 0.487220 0.477306
0 0.428864 0.459157 0.447189 0.520827 0.447431 0.520732 0.462778 0.512625 0.444536 0.451236 0.444281 0.451012
0 0.423283 0.438442 0.425052 0.446966 0.425495 0.449098 0.425665 0.449214 0.425793 0.449301 0.441712 0.443428 0.439510 0.432815 0.439267 0.432545
0 0.497459 0.454122 0.497465 0.454227 0.497471 0.454331 0.497820 0.458789 0.499898 0.485290 0.512721 0.499152 0.512751 0.499150 0.512780 0.499148 0.536106 0.495896 0.541327 0.487308 0.502681 0.445534
0 0.569912 0.448108 0.579799 0.448918 0.581665 0.447723 0.583075 0.445937 0.583197 0.445610 0.583325 0.444819 0.583439 0.443686 0.583520 0.442384 0.583557 0.441112 0.583544 0.440066 0.583483 0.439406 0.582183 0.436481 0.572066 0.435653 0.570418 0.437124
0 0.401578 0.516321 0.405303 0.528674 0.409105 0.529177 0.409401 0.529044 0.410004 0.528743 0.410820 0.528320 0.411727 0.527839 0.422608 0.522006 0.423471 0.521539 0.424163 0.521153 0.424580 0.520908 0.424656 0.520841 0.427140 0.516969 0.423415 0.504616 0.417282 0.507604 0.409365 0.511848 0.406274 0.513505
