0 0.418250 0.377183 0.418546 0.379304 0.419428 0.381112 0.419567 0.381316 0.420899 0.382534 0.422479 0.382980 0.424066 0.382585 0.425420 0.381411 0.426333 0.379635 0.426667 0.377528 0.426371 0.375412 0.425491 0.373607 0.425362 0.373389 0.424028 0.372169 0.422446 0.371723 0.420855 0.372118 0.419499 0.373294 0.418585 0.375073
0 0.434142 0.621408 0.438946 0.630453 0.452513 0.617644 0.452731 0.617105 0.447949 0.608101 0.434444 0.620852
0 0.519183 0.541093 0.519227 0.541188 0.519272 0.541283 0.525025 0.549281 0.561018 0.503250 0.555264 0.495252 0.551891 0.495158 0.535132 0.494692 0.531759 0.494599 0.531613 0.494623 0.519671 0.509897
0 0.528000 0.472117 0.528471 0.474175 0.529497 0.475837 0.530922 0.476848 0.532529 0.477055 0.534073 0.476427 0.534131 0.476386 0.535380 0.475015 0.536139 0.473112 0.536295 0.470966 0.535823 0.468904 0.534795 0.467240 0.533367 0.466227 0.531758 0.466019 0.530211 0.466649 0.530159 0.466706 0.528963 0.468020 0.528913 0.468075 0.528155 0.469975
0 0.414458 0.589458 0.414608 0.590273 0.414961 0.591372 0.415261 0.592098 0.415693 0.593045 0.416036 0.593727 0.416592 0.594622 0.417047 0.595132 0.417331 0.595182 0.431885 0.585035 0.437855 0.580211 0.438909 0.579359 0.438964 0.578813 0.438716 0.577706 0.438203 0.576207 0.437504 0.574544 0.436724 0.572966 0.435979 0.571709 0.435382 0.570965 0.435024 0.570848 0.433970 0.571701 0.428003 0.576531 0.414532 0.589049
0 0.502464 0.612188 0.502475 0.612705 0.534157 0.618726 0.534333 0.617080 0.531179 0.604477 0.528891 0.595335 0.528758 0.594898 0.512376 0.591785 0.502639 0.610550
0 0.439193 0.412056 0.439287 0.413347 0.439744 0.414492 0.439882 0.414689 0.439891 0.414701 0.440640 0.415524 0.444126 0.419057 0.447944 0.420756 0.448872 0.421135 0.449838 0.421011 0.450695 0.420403 0.451313 0.419404 0.453929 0.415122 0.455237 0.409665 0.455521 0.408427 0.455428 0.407139 0.454972 0.405997 0.454862 0.405767 0.454111 0.404942 0.450865 0.401827 0.446789 0.399697 0.445858 0.399317 0.444890 0.399442 0.444031 0.400051 0.443412 0.401052 0.441040 0.405771 0.439478 0.410815
0 0.534814 0.452398 0.536432 0.452834 0.537284 0.451731 0.543837 0.425378 0.543954 0.424803 0.544013 0.424219 0.544014 0.423629 0.543958 0.423045 0.543845 0.422475 0.542507 0.422114 0.538109 0.420928 0.537839 0.421395 0.537662 0.421761 0.536974 0.423191 0.536757 0.423689 0.536590 0.424221 0.536477 0.424776 0.536418 0.425353
0 0.534689 0.594242 0.535889 0.598227 0.536033 0.598621 0.537526 0.600656 0.538229 0.601528 0.539304 0.602278 0.541268 0.603396 0.544501 0.603444 0.547502 0.601837 0.549028 0.599846 0.549728 0.598653 0.550245 0.597476 0.551083 0.594858 0.551119 0.590547 0.549914 0.586546 0.549714 0.586199 0.548227 0.584172 0.547462 0.583130 0.546456 0.582557 0.544501 0.581444 0.541280 0.581396 0.538291 0.582996 0.535989 0.585999 0.534725 0.589948
0 0.402043 0.560083 0.415397 0.573195 0.415784 0.572860 0.425573 0.555137 0.412280 0.542085 0.411877 0.542278
0 0.320276 0.321798 0.320785 0.335140 0.322833 0.337024 0.331077 0.336464 0.330573 0.323275 0.327851 0.320023 0.327434 0.319798 0.326700 0.319632 0.325761 0.319552 0.324760 0.319569 0.323851 0.319682 0.323174 0.319872
0 0.557050 0.513272 0.557693 0.517395 0.559442 0.520774 0.562025 0.522899 0.562173 0.523002 0.565196 0.523552 0.568199 0.522449 0.570566 0.521203 0.571427 0.520323 0.571997 0.519071 0.572175 0.518024 0.572968 0.511975 0.572339 0.507863 0.571899 0.506046 0.571309 0.504892 0.570434 0.504161 0.568035 0.502326 0.567883 0.502235 0.564857 0.501660 0.561840 0.502749 0.559295 0.505340 0.557611 0.509037
0 0.587160 0.595645 0.587561 0.596084 0.590136 0.598481 0.590423 0.598700 0.597670 0.601919 0.603036 0.580448 0.600210 0.578242 0.592379 0.574763
0 0.539474 0.336211 0.539650 0.339515 0.540180 0.349428 0.541243 0.353752 0.541344 0.353867 0.541680 0.353939 0.542201 0.353958 0.542828 0.353921 0.555255 0.352534 0.555450 0.351861 0.554268 0.329748 0.545967 0.330570 0.541146 0.331267 0.540594 0.331403 0.540215 0.331564 0.540065 0.331723
0 0.489445 0.587671 0.490950 0.588694 0.507421 0.598789 0.509705 0.597317 0.509804 0.597220 0.510060 0.596686 0.510436 0.595796 0.510873 0.594685 0.511304 0.593524 0.511663 0.592492 0.511896 0.591746 0.511966 0.591400 0.511085 0.587855 0.493435 0.575862 0.489687 0.585668
