0 0.338565 0.438416 0.339304 0.438698 0.355560 0.442827 0.358657 0.421153 0.358006 0.420790 0.341675 0.416642
0 0.584041 0.430212 0.584903 0.434352 0.586213 0.436587 0.587036 0.437630 0.587839 0.438455 0.589692 0.439852 0.592890 0.440375 0.595995 0.439226 0.596381 0.438982 0.598930 0.436326 0.599471 0.435051 0.600523 0.432571 0.600917 0.428289 0.600051 0.424133 0.598736 0.421888 0.598059 0.420734 0.597103 0.420012 0.595243 0.418610 0.592032 0.418085 0.588914 0.419238 0.588558 0.419562 0.586882 0.421309 0.586167 0.422074 0.585481 0.423477 0.584433 0.425947
0 0.446466 0.519190 0.449140 0.523125 0.456969 0.534642 0.458012 0.536175 0.459174 0.536777 0.459361 0.536609 0.470904 0.497022 0.469747 0.496422 0.469608 0.496406 0.459687 0.497637 0.452490 0.498531
0 0.470963 0.496777 0.478653 0.497865 0.487094 0.499044 0.487448 0.499077 0.488307 0.488131 0.487978 0.487790 0.479537 0.486611 0.471825 0.485806
0 0.487984 0.402097 0.488122 0.403215 0.509355 0.436925 0.516940 0.428431 0.517136 0.427604 0.517400 0.424723 0.517301 0.424430 0.516972 0.423793 0.516463 0.422908 0.515853 0.421911 0.505138 0.404901 0.499780 0.396396 0.499166 0.395447 0.498645 0.394698 0.498299 0.394264 0.498180 0.394210 0.495656 0.393505
0 0.567853 0.382079 0.568295 0.384151 0.569297 0.385839 0.570708 0.386886 0.572312 0.387134 0.573865 0.386545 0.575131 0.385208 0.575261 0.385010 0.576048 0.383126 0.576234 0.380984 0.575792 0.378909 0.574787 0.377218 0.573374 0.376169 0.571767 0.375920 0.570211 0.376510 0.568943 0.377850 0.568824 0.378060 0.568039 0.379941
0 0.688126 0.561518 0.688297 0.566073 0.688339 0.566097 0.688628 0.566189 0.689121 0.566334 0.689743 0.566510 0.690399 0.566691 0.702368 0.569924 0.705678 0.548257 0.693712 0.544999 0.693056 0.544822 0.692432 0.544657 0.691937 0.544528 0.691645 0.544455 0.691600 0.544450 0.690107 0.548550 0.688621 0.558276
0 0.533305 0.610340 0.538057 0.622050 0.542101 0.622014 0.542625 0.621807 0.543372 0.621383 0.544227 0.620807 0.554612 0.613313 0.555441 0.612675 0.556113 0.612075 0.556527 0.611606 0.558757 0.607114 0.554004 0.595405 0.548435 0.598337 0.545552 0.600417 0.541051 0.603665 0.538169 0.605745
0 0.406870 0.766746 0.408145 0.769857 0.428294 0.772837 0.429933 0.766601 0.431753 0.744724 0.412064 0.741812 0.410036 0.744316 0.408356 0.748877 0.407241 0.762279
0 0.573699 0.548098 0.578502 0.559648 0.579409 0.560337 0.586712 0.554940 0.581854 0.543256 0.580918 0.542762 0.579076 0.542024 0.578806 0.542091 0.578247 0.542392 0.577484 0.542881 0.576633 0.543484 0.575823 0.544109 0.575174 0.544663 0.574787 0.545062 0.574720 0.545244
0 0.458466 0.395488 0.459399 0.417399 0.460231 0.426679 0.460379 0.428318 0.460469 0.428580 0.461105 0.428731 0.462187 0.428749 0.463550 0.428631 0.464989 0.428396 0.466289 0.428079 0.467253 0.427727 0.467736 0.427393 0.466753 0.416497 0.463772 0.394869 0.463711 0.394631 0.463255 0.394476 0.462472 0.394428 0.461482 0.394494 0.460856 0.394597 0.460057 0.394765 0.459494 0.394915 0.458802 0.395203
0 0.435050 0.593401 0.448428 0.606725 0.450427 0.603157 0.460466 0.585221 0.460873 0.584344 0.460373 0.581619 0.460274 0.581361 0.459887 0.580840 0.459271 0.580137 0.458521 0.579359 0.451893 0.572758 0.451119 0.572019 0.450437 0.571429 0.449950 0.571079 0.449732 0.571021 0.447647 0.571172 0.447103 0.571912 0.437048 0.589833
0 0.562855 0.588100 0.563729 0.589325 0.570060 0.596623 0.581007 0.579742 0.574677 0.572444 0.573653 0.571450
0 0.427260 0.504654 0.427607 0.506046 0.428566 0.508531 0.430675 0.511802 0.433552 0.513759 0.435408 0.514226 0.436501 0.514343 0.437542 0.513895 0.439818 0.512787 0.439873 0.512735 0.442307 0.509954 0.443750 0.506130 0.443983 0.501846 0.442968 0.497754 0.440859 0.494478 0.437978 0.492519 0.434764 0.492176 0.431709 0.493500 0.431648 0.493539 0.429214 0.496329 0.427775 0.500159 0.427337 0.503195
