0 0.463712 0.428196 0.464541 0.429838 0.466232 0.432961 0.470248 0.429097 0.471586 0.427809 0.472925 0.426520 0.472291 0.424802 0.471303 0.422975 0.470561 0.421605 0.469989 0.421524 0.463828 0.427453
0 0.440237 0.444984 0.445641 0.453640 0.446884 0.454700 0.454496 0.446251 0.454528 0.442736 0.454467 0.442617 0.454173 0.442129 0.453692 0.441347 0.453097 0.440389 0.452477 0.439400 0.451926 0.438529 0.451527 0.437908 0.451342 0.437631 0.450776 0.436906 0.448028 0.436337
0 0.529048 0.568843 0.530398 0.579457 0.531440 0.580299 0.539210 0.577793 0.537874 0.567159 0.536804 0.566376
0 0.422804 0.552562 0.423815 0.557189 0.425369 0.564243 0.425601 0.565112 0.425852 0.565592 0.426287 0.565801 0.428970 0.566026 0.431194 0.563934 0.431491 0.563448 0.431530 0.562858 0.430396 0.556256 0.429567 0.551553 0.429169 0.550161 0.428919 0.549737 0.428488 0.549679 0.423215 0.551668 0.422864 0.552021
0 0.274470 0.791377 0.291167 0.806707 0.295003 0.801073 0.295940 0.799696 0.297813 0.796071 0.303430 0.785194 0.305302 0.781568 0.288987 0.766588 0.286202 0.767765 0.285218 0.768997 0.282211 0.772764 0.281733 0.773689 0.274564 0.787571
0 0.416251 0.590903 0.447709 0.607344 0.448904 0.604891 0.450109 0.600792 0.448811 0.598152 0.448367 0.597780 0.447656 0.597315 0.446785 0.596828 0.439083 0.592802 0.423678 0.584751 0.422774 0.584311 0.421966 0.583981 0.421377 0.583813 0.421096 0.583831 0.419370 0.584726 0.417484 0.586708
0 0.504550 0.493747 0.515529 0.510184 0.515892 0.510422 0.518100 0.507800 0.518124 0.507001 0.507456 0.491030 0.506864 0.490979 0.504657 0.493600
0 0.564258 0.453592 0.564433 0.453767 0.564789 0.454097 0.565272 0.454532 0.565810 0.455006 0.566319 0.455447 0.566724 0.455789 0.566963 0.455979 0.566999 0.455988 0.581773 0.430391 0.582236 0.429465 0.582529 0.426901 0.582288 0.426604 0.581766 0.426080 0.581044 0.425408 0.580232 0.424691 0.579454 0.424040 0.578831 0.423555 0.578456 0.423309 0.578387 0.423339 0.576716 0.424712 0.576254 0.425636
0 0.505352 0.566390 0.505641 0.588448 0.505772 0.588522 0.506135 0.588580 0.506676 0.588611 0.509810 0.588656 0.526411 0.588269 0.529497 0.588079 0.530020 0.588023 0.530356 0.587949 0.530456 0.587869 0.530167 0.565811 0.530014 0.565757 0.529634 0.565716 0.529084 0.565696 0.528447 0.565700 0.506990 0.566200 0.506359 0.566226 0.505827 0.566271 0.505473 0.566329
0 0.432486 0.428582 0.433258 0.429398 0.449484 0.433448 0.453129 0.407486 0.451552 0.404236 0.451301 0.404062 0.450715 0.403822 0.449881 0.403551 0.448928 0.403291 0.440740 0.401248 0.439816 0.401039 0.439065 0.400914 0.438602 0.400893 0.436281 0.402406 0.436247 0.402433 0.433100 0.424205
0 0.570792 0.560775 0.581765 0.577290 0.582142 0.577646 0.588363 0.570296 0.577339 0.553705 0.576985 0.553459
0 0.494643 0.577514 0.495233 0.579522 0.496355 0.581076 0.497837 0.581940 0.499455 0.581981 0.500961 0.581193 0.502126 0.579697 0.502774 0.577721 0.502804 0.575564 0.502800 0.575434 0.502210 0.573430 0.501090 0.571879 0.499610 0.571017 0.497996 0.570976 0.496492 0.571762 0.495329 0.573255 0.494682 0.575228 0.494673 0.575358
0 0.487117 0.404064 0.487168 0.404447 0.495802 0.423208 0.509872 0.411696 0.509912 0.411341 0.501243 0.392506
