0 0.449809 0.579990 0.459520 0.597914 0.540178 0.520225 0.530467 0.502301 0.530328 0.502291 0.450038 0.579624
0 0.439198 0.442327 0.439332 0.446633 0.440692 0.450543 0.443071 0.453462 0.443144 0.453522 0.443274 0.453628 0.444301 0.454130 0.446141 0.454974 0.449369 0.454795 0.452299 0.452983 0.453879 0.451033 0.454620 0.449960 0.454996 0.448590 0.455598 0.445769 0.455464 0.441465 0.454105 0.437557 0.454075 0.437517 0.451696 0.434599 0.448661 0.433116 0.445431 0.433295 0.442499 0.435108 0.440310 0.438280
0 0.527936 0.442625 0.536080 0.444421 0.536581 0.443648 0.537947 0.432640 0.529691 0.430819 0.529283 0.431767
0 0.546323 0.475989 0.547367 0.486906 0.563742 0.484122 0.564035 0.484049 0.562987 0.473082 0.546536 0.475878
0 0.438054 0.724842 0.438952 0.729131 0.446994 0.726139 0.447600 0.723555 0.446712 0.719314 0.444224 0.718684 0.443767 0.718633 0.443034 0.718758 0.442134 0.719042 0.441203 0.719439 0.440383 0.719892 0.439797 0.720331 0.439535 0.720689 0.438762 0.722272
0 0.486629 0.597010 0.492681 0.617542 0.492792 0.617584 0.493121 0.617496 0.493618 0.617292 0.496519 0.615923 0.511971 0.607826 0.514860 0.606161 0.515353 0.605846 0.515676 0.605592 0.515780 0.605438 0.509727 0.584906 0.509602 0.584893 0.509261 0.585005 0.508758 0.585224 0.508169 0.585517 0.488196 0.595983 0.487606 0.596308 0.487101 0.596617 0.486758 0.596864
0 0.490082 0.400966 0.490218 0.402324 0.498465 0.402773 0.500876 0.399811 0.504639 0.395188 0.507049 0.392226 0.507147 0.390727 0.507489 0.379578 0.499127 0.379123 0.490424 0.389817
0 0.591011 0.418848 0.591272 0.420383 0.592522 0.422700 0.592806 0.423177 0.593546 0.423438 0.594631 0.423441 0.595896 0.423185 0.597145 0.422710 0.598187 0.422088 0.598861 0.421415 0.599065 0.420795 0.599459 0.417994 0.599203 0.416455 0.598834 0.415871 0.596978 0.414403 0.596419 0.414218 0.595606 0.414223 0.594661 0.414419 0.593729 0.414773 0.592949 0.415234 0.592440 0.415732 0.591282 0.418080
0 0.586473 0.699474 0.586733 0.700314 0.587635 0.702397 0.602137 0.710941 0.602747 0.710779 0.603928 0.707215 0.603212 0.705787 0.602740 0.704847 0.587640 0.695951 0.586973 0.697964
0 0.406463 0.669533 0.411062 0.695859 0.414353 0.694837 0.427516 0.690749 0.428847 0.687245 0.429172 0.686389 0.424679 0.660665 0.422519 0.659385 0.410433 0.663138 0.409628 0.663388 0.408368 0.665665 0.407940 0.666439
0 0.445601 0.554732 0.446882 0.564311 0.447100 0.565143 0.447458 0.566220 0.447901 0.567378 0.448360 0.568437 0.448766 0.569236 0.449057 0.569652 0.451333 0.570516 0.454230 0.568674 0.459685 0.565176 0.460325 0.564731 0.466221 0.560359 0.466322 0.560066 0.465780 0.558264 0.464805 0.555591 0.464020 0.553647 0.463239 0.551902 0.462846 0.551142 0.462335 0.550565 0.447608 0.551632 0.447253 0.551874 0.446820 0.552337 0.446376 0.552951 0.445988 0.553622 0.445716 0.554248
0 0.550837 0.671021 0.550881 0.671633 0.552344 0.680165 0.553504 0.684378 0.553745 0.684873 0.554078 0.685024 0.557838 0.684058 0.559626 0.682931 0.559850 0.682635 0.559830 0.682082 0.558594 0.676844 0.556184 0.669800 0.555934 0.669244 0.555578 0.668936 0.553511 0.668159 0.552423 0.668816 0.551000 0.670570
0 0.559495 0.571088 0.559718 0.571423 0.560228 0.572182 0.560506 0.572593 0.560797 0.573022 0.574449 0.593138 0.574751 0.593547 0.587020 0.578745 0.574234 0.559568 0.573952 0.559147 0.573662 0.558719 0.573367 0.558286 0.573072 0.557857 0.572781 0.557439 0.572539 0.557173 0.571987 0.556569 0.571747 0.556307 0.561945 0.568132
0 0.609586 0.598745 0.617127 0.618324 0.617597 0.618800 0.632341 0.608704 0.624770 0.589046 0.624271 0.588690
