0 0.526465 0.489835 0.541255 0.499641 0.541421 0.499640 0.548805 0.479841 0.533956 0.469995 0.533820 0.470116
0 0.692287 0.263380 0.700824 0.270078 0.703145 0.267420 0.711614 0.248231 0.702979 0.241455 0.699618 0.243536 0.699450 0.243656 0.699092 0.244211 0.698596 0.245116 0.698040 0.246231 0.697506 0.247389 0.693311 0.256896 0.692879 0.257924 0.692614 0.258669 0.692556 0.259019
0 0.460168 0.424618 0.460353 0.424969 0.460988 0.426170 0.468231 0.435200 0.470508 0.434892 0.470676 0.434793 0.471076 0.434342 0.471648 0.433606 0.472304 0.432699 0.472946 0.431756 0.473476 0.430920 0.473815 0.430318 0.473910 0.430041 0.473302 0.426484 0.472677 0.424765 0.471443 0.423226 0.466507 0.417072 0.465314 0.417126 0.460698 0.423707
0 0.486666 0.588177 0.486789 0.588888 0.487308 0.589331 0.501783 0.593831 0.502407 0.593744 0.502780 0.593186 0.503716 0.588844 0.504000 0.587218 0.503954 0.586221 0.503648 0.585609 0.488367 0.580858 0.487878 0.581223 0.486697 0.587975
0 0.534495 0.557593 0.534524 0.558881 0.534920 0.560056 0.535005 0.560202 0.535710 0.561087 0.538978 0.564863 0.542725 0.566938 0.543630 0.567396 0.544598 0.567357 0.545482 0.566828 0.546146 0.565887 0.548978 0.561791 0.550534 0.556535 0.550877 0.555327 0.550848 0.554036 0.550451 0.552859 0.549746 0.551974 0.546675 0.548458 0.546567 0.548347 0.542627 0.546011 0.541724 0.545554 0.540758 0.545592 0.539877 0.546121 0.539215 0.547059 0.536590 0.551411 0.534837 0.556389
0 0.315116 0.705361 0.315919 0.709540 0.317860 0.712991 0.320644 0.715188 0.321732 0.715396 0.323847 0.715798 0.326981 0.714728 0.329570 0.712140 0.330251 0.711290 0.331336 0.708849 0.331604 0.707950 0.332048 0.706149 0.332349 0.703340 0.331549 0.699178 0.329616 0.695741 0.327784 0.694295 0.325759 0.693346 0.323653 0.692944 0.320531 0.694010 0.317953 0.696589 0.317222 0.697379 0.316133 0.699830 0.315574 0.701091 0.315418 0.702541
0 0.467904 0.447318 0.467910 0.447460 0.468217 0.447877 0.468779 0.448504 0.469510 0.449247 0.470299 0.449994 0.471027 0.450630 0.471585 0.451062 0.471888 0.451221 0.473571 0.449968 0.474051 0.449073 0.486627 0.421869 0.486640 0.421752 0.486450 0.421453 0.486087 0.421017 0.485604 0.420510 0.485076 0.420011 0.484584 0.419596 0.484203 0.419328 0.483992 0.419248 0.468744 0.443865 0.468262 0.444761
0 0.472122 0.655584 0.474529 0.658745 0.510092 0.610596 0.509861 0.608068 0.507509 0.604980 0.505130 0.605510 0.504990 0.605551 0.504607 0.605944 0.504038 0.606631 0.503371 0.607505 0.497566 0.615364 0.480151 0.638942 0.474347 0.646801 0.473673 0.647742 0.473088 0.648618 0.472680 0.649296 0.472511 0.649673 0.472191 0.651414
0 0.478472 0.253428 0.479532 0.258323 0.479690 0.258826 0.480085 0.259616 0.480658 0.260574 0.481320 0.261555 0.489418 0.272866 0.490072 0.273725 0.490623 0.274335 0.490986 0.274604 0.494723 0.276128 0.501946 0.266935 0.497866 0.259299 0.489673 0.247856 0.485695 0.244235
0 0.495003 0.509391 0.498455 0.531018 0.530896 0.521813 0.527444 0.500185 0.527318 0.500184 0.495026 0.509348
0 0.565047 0.613094 0.565347 0.613615 0.581921 0.615334 0.582566 0.604284 0.582187 0.603806 0.565689 0.602095
0 0.448672 0.518517 0.448712 0.518751 0.448960 0.519367 0.449380 0.520273 0.449907 0.521331 0.450460 0.522377 0.450955 0.523251 0.451316 0.523820 0.451487 0.523997 0.453614 0.524636 0.454144 0.524354 0.456868 0.521866 0.452204 0.512787 0.451651 0.512935 0.448896 0.515451
0 0.554447 0.388480 0.563107 0.406196 0.563245 0.406372 0.563578 0.406346 0.564055 0.406122 0.566768 0.404360 0.580953 0.392902 0.583606 0.390330 0.584061 0.389801 0.584359 0.389318 0.584456 0.388953 0.575673 0.371336 0.575547 0.371131 0.575224 0.371132 0.574753 0.371338 0.574207 0.371719 0.555770 0.386610 0.555234 0.387104 0.554795 0.387633 0.554519 0.388116
0 0.447362 0.551506 0.447650 0.552194 0.454812 0.555576 0.455325 0.555266 0.456346 0.554003 0.457310 0.550372 0.452642 0.548167 0.449530 0.546698 0.448349 0.547790 0.447785 0.549913
0 0.509110 0.548821 0.509152 0.549044 0.524116 0.558577 0.529512 0.543664 0.529781 0.542892 0.529998 0.542223 0.530130 0.541760 0.530158 0.541571 0.527526 0.538670 0.518558 0.532957 0.515212 0.532049 0.515144 0.532173 0.514978 0.532580 0.514740 0.533209 0.512669 0.538891
