0 0.522104 0.458097 0.522442 0.459310 0.523103 0.460258 0.526040 0.464250 0.529824 0.466733 0.530707 0.467272 0.531677 0.467319 0.532586 0.466868 0.532591 0.466863 0.532666 0.466787 0.533379 0.465904 0.536230 0.461992 0.538247 0.456921 0.538652 0.455741 0.538688 0.454445 0.538349 0.453229 0.537686 0.452279 0.534598 0.448485 0.530949 0.445788 0.530064 0.445247 0.529092 0.445200 0.528180 0.445652 0.527467 0.446535 0.524468 0.450661 0.524412 0.450774 0.522544 0.455627 0.522140 0.456804
0 0.414813 0.408879 0.415202 0.409295 0.448153 0.412049 0.449186 0.390081 0.448952 0.389576 0.415850 0.386811
0 0.564692 0.391391 0.566019 0.457560 0.582561 0.456970 0.582942 0.456772 0.581608 0.390299 0.564990 0.390891
0 0.526954 0.411943 0.528008 0.416027 0.530143 0.419267 0.533033 0.421170 0.536237 0.421447 0.539267 0.420057 0.539329 0.420009 0.541197 0.417902 0.542013 0.416933 0.542490 0.415617 0.543123 0.413298 0.543311 0.408998 0.542260 0.404917 0.541138 0.402504 0.540412 0.401400 0.539429 0.400750 0.537241 0.399766 0.534036 0.399482 0.531000 0.400866 0.530944 0.400927 0.528543 0.403770 0.527141 0.407638
0 0.574503 0.484358 0.582039 0.503942 0.582416 0.503960 0.597171 0.493866 0.589600 0.474193 0.589191 0.474311
0 0.523335 0.605134 0.523372 0.605729 0.524420 0.618001 0.524813 0.618374 0.525517 0.618689 0.526423 0.618898 0.527395 0.618969 0.528281 0.618891 0.528946 0.618676 0.529290 0.618357 0.531509 0.606325 0.531454 0.605728 0.530774 0.603057 0.530241 0.602585 0.529300 0.602186 0.528095 0.601920 0.526806 0.601826 0.525629 0.601918 0.524740 0.602183 0.524275 0.602581
0 0.448092 0.535240 0.455933 0.538839 0.456134 0.538662 0.466882 0.497039 0.459078 0.493456 0.458890 0.493426
0 0.508186 0.611170 0.508248 0.612602 0.508558 0.614241 0.509068 0.615834 0.509701 0.617135 0.510358 0.617946 0.510938 0.618142 0.512995 0.618308 0.514071 0.617774 0.514585 0.617219 0.515365 0.614577 0.515503 0.613817 0.515450 0.612744 0.515215 0.611521 0.514834 0.610332 0.514364 0.609357 0.513877 0.608743 0.512110 0.607512 0.511388 0.607246 0.510317 0.607785 0.509794 0.608320 0.508380 0.610162
0 0.372009 0.630994 0.372069 0.633858 0.372201 0.635441 0.372406 0.636359 0.386589 0.644170 0.386854 0.644300 0.387305 0.644250 0.387874 0.644027 0.388473 0.643664 0.389011 0.643219 0.389406 0.642759 0.389597 0.642354 0.391158 0.634128 0.391265 0.633385 0.391348 0.632289 0.391396 0.631007 0.391400 0.629732 0.391360 0.628657 0.391282 0.627945 0.391179 0.627704 0.389500 0.625482 0.380449 0.624897 0.379722 0.624889 0.377042 0.624912 0.372984 0.625025 0.372724 0.625229 0.372337 0.626672 0.372103 0.628316
0 0.529318 0.551132 0.535815 0.571380 0.535959 0.571667 0.551206 0.562970 0.544683 0.542641 0.544505 0.542470
0 0.559662 0.507820 0.576122 0.510096 0.576473 0.510143 0.577330 0.499119 0.560795 0.496833 0.560516 0.496847
0 0.411043 0.359920 0.412527 0.375539 0.413261 0.379470 0.413525 0.379783 0.414047 0.380357 0.414748 0.381104 0.415521 0.381911 0.416249 0.382656 0.416824 0.383227 0.417157 0.383537 0.420050 0.383704 0.426118 0.373267 0.425264 0.371801 0.412067 0.358160
0 0.569381 0.416522 0.570366 0.420224 0.570668 0.421140 0.571179 0.422167 0.576201 0.430904 0.576844 0.431886 0.577524 0.432680 0.578139 0.433168 0.579394 0.433953 0.582399 0.433133 0.604149 0.408226 0.599181 0.399454 0.596010 0.400643 0.570596 0.415146
