0 0.400383 0.603913 0.400729 0.605120 0.401394 0.606058 0.403373 0.607328 0.405957 0.608870 0.410344 0.609042 0.411312 0.609078 0.412217 0.608618 0.412230 0.608602 0.412430 0.608354 0.413133 0.607470 0.413527 0.606294 0.414843 0.601359 0.415365 0.595565 0.415392 0.594277 0.415048 0.593073 0.414384 0.592137 0.413502 0.591611 0.409397 0.589799 0.405456 0.589161 0.404490 0.589124 0.403587 0.589584 0.403352 0.589801 0.402648 0.590688 0.402253 0.591867 0.400499 0.597283 0.400419 0.601057
0 0.302202 0.299633 0.304463 0.301923 0.319771 0.310158 0.323477 0.297911 0.321583 0.293740 0.321171 0.293373 0.320469 0.292871 0.319583 0.292311 0.318648 0.291780 0.310923 0.287624 0.310086 0.287203 0.309478 0.286958 0.309190 0.286927 0.305951 0.287244
0 0.406163 0.569907 0.410827 0.591183 0.490610 0.560089 0.490653 0.559814 0.486010 0.538636 0.406593 0.569587
0 0.556515 0.388118 0.556760 0.389539 0.557405 0.391986 0.559280 0.395494 0.562019 0.397779 0.563935 0.398547 0.565014 0.398789 0.566080 0.398461 0.568353 0.397525 0.570984 0.395025 0.571030 0.394957 0.572744 0.391303 0.573279 0.387053 0.572554 0.382853 0.570678 0.379342 0.567937 0.377056 0.564749 0.376343 0.561599 0.377310 0.558967 0.379812 0.558928 0.379889 0.557215 0.383541 0.556696 0.386679
0 0.508084 0.561352 0.508178 0.562062 0.516039 0.565812 0.533464 0.533925 0.534027 0.531829 0.532862 0.528686 0.532641 0.528563 0.532097 0.528289 0.531315 0.527906 0.530412 0.527472 0.522623 0.523756 0.521735 0.523335 0.520992 0.522991 0.520508 0.522774 0.520356 0.522719 0.518095 0.524050
0 0.508929 0.399533 0.508962 0.400643 0.509104 0.401173 0.510976 0.402702 0.520528 0.402540 0.520717 0.402442 0.520945 0.401860 0.521177 0.400883 0.521379 0.399659 0.521519 0.398376 0.521575 0.397230 0.521539 0.396399 0.521417 0.396007 0.512440 0.391785 0.510273 0.392435 0.510039 0.392584 0.509753 0.393373 0.509458 0.394682 0.509198 0.396310 0.509012 0.398012
0 0.412257 0.628643 0.458691 0.652460 0.464645 0.631823 0.464807 0.631220 0.418585 0.607512 0.418211 0.608006
0 0.517753 0.455594 0.518206 0.457711 0.534080 0.451666 0.534474 0.451107 0.531722 0.438262 0.529459 0.436963 0.529315 0.436949 0.528828 0.437077 0.528070 0.437326 0.527158 0.437660 0.526231 0.438026 0.525433 0.438369 0.524884 0.438636 0.524669 0.438787 0.517958 0.455081
0 0.532378 0.442531 0.532436 0.442820 0.532687 0.443492 0.533091 0.444443 0.533588 0.445529 0.537992 0.454867 0.538508 0.455927 0.538966 0.456804 0.539297 0.457364 0.539449 0.457522 0.541587 0.458383 0.558356 0.444321 0.559031 0.443678 0.550141 0.424830 0.547314 0.427201 0.533140 0.439125 0.532799 0.439751
0 0.532246 0.527797 0.532475 0.528389 0.533031 0.529459 0.533829 0.530847 0.534748 0.532343 0.535651 0.533722 0.536402 0.534777 0.536887 0.535346 0.537030 0.535343 0.542458 0.529366 0.543415 0.528312 0.555487 0.513240 0.555353 0.512792 0.554973 0.511999 0.554633 0.511390 0.554136 0.510543 0.553737 0.509892 0.553071 0.508904 0.552509 0.508166 0.552137 0.507790 0.552012 0.507833 0.538621 0.520786
0 0.478846 0.334351 0.478981 0.334559 0.479329 0.334860 0.479836 0.335209 0.480425 0.335553 0.500324 0.346267 0.500910 0.346556 0.501408 0.346747 0.501741 0.346812 0.501859 0.346741 0.508054 0.326285 0.507945 0.326069 0.507617 0.325760 0.507122 0.325405 0.504233 0.323613 0.488838 0.315325 0.485958 0.314011 0.485467 0.313835 0.485145 0.313794 0.485041 0.313894
0 0.564983 0.522388 0.565133 0.522987 0.566674 0.525978 0.569267 0.526938 0.569733 0.526927 0.570098 0.526575 0.570506 0.526011 0.573842 0.519951 0.576031 0.515935 0.576119 0.515387 0.575882 0.514893 0.571435 0.510663 0.571013 0.510530 0.570664 0.510830 0.569988 0.511711 0.567950 0.515880 0.565103 0.521803
0 0.426462 0.373429 0.428242 0.395401 0.428529 0.395819 0.433453 0.395110 0.436735 0.394637 0.434962 0.372754 0.434813 0.372462 0.434701 0.372243
0 0.520051 0.383120 0.533649 0.395694 0.543080 0.377564 0.543278 0.377001 0.529618 0.364368 0.520144 0.382582
