0 0.368071 0.375035 0.377776 0.393035 0.378288 0.393571 0.388516 0.384092 0.389013 0.383580 0.389400 0.383101 0.389618 0.382728 0.389633 0.382519 0.388374 0.378291 0.386924 0.375601 0.382573 0.367531 0.379965 0.364587 0.379766 0.364557 0.379391 0.364727 0.378897 0.365072 0.374846 0.368592
0 0.533808 0.525746 0.534290 0.527801 0.535324 0.529454 0.535385 0.529505 0.536818 0.530505 0.538429 0.530699 0.539973 0.530056 0.541215 0.528673 0.541966 0.526763 0.542111 0.524615 0.541629 0.522556 0.540592 0.520900 0.539159 0.519899 0.539092 0.519865 0.537483 0.519672 0.535942 0.520314 0.534702 0.521694 0.533953 0.523601
0 0.417065 0.524645 0.417263 0.525483 0.417687 0.526156 0.418271 0.526562 0.418928 0.526639 0.420781 0.526030 0.421395 0.525772 0.421889 0.525220 0.435325 0.502909 0.435623 0.502147 0.435679 0.501292 0.435485 0.500473 0.435072 0.499815 0.434500 0.499418 0.433859 0.499343 0.432311 0.499327 0.431683 0.499592 0.427743 0.502303 0.427528 0.502504 0.427108 0.503069 0.426546 0.503914 0.425928 0.504909 0.420713 0.513570 0.420135 0.514560 0.419688 0.515391 0.419439 0.515936 0.417123 0.523769
0 0.484520 0.535911 0.488647 0.548083 0.490952 0.549038 0.491113 0.548999 0.491596 0.548756 0.492328 0.548348 0.493198 0.547835 0.494071 0.547297 0.494813 0.546817 0.495312 0.546468 0.495491 0.546302 0.496255 0.543497 0.496298 0.543000 0.492218 0.530966 0.484697 0.535500
0 0.436131 0.381497 0.458239 0.414378 0.460160 0.412507 0.464073 0.406696 0.461534 0.402760 0.450460 0.386288 0.444923 0.378052 0.441850 0.373642 0.439855 0.375406
0 0.574966 0.450444 0.583136 0.452011 0.585081 0.450888 0.586524 0.437510 0.584536 0.435077 0.584090 0.434899 0.583342 0.434694 0.582406 0.434493 0.581427 0.434327 0.580554 0.434221 0.579922 0.434192 0.579625 0.434243 0.578710 0.434999 0.576376 0.437372
0 0.452741 0.430708 0.452826 0.431491 0.453085 0.432278 0.453477 0.432948 0.453944 0.433400 0.454414 0.433564 0.467675 0.434500 0.468688 0.434549 0.470795 0.434399 0.471357 0.434121 0.472193 0.432621 0.472825 0.430369 0.473036 0.427992 0.473036 0.424869 0.472827 0.423263 0.468563 0.421931 0.466616 0.421369 0.456750 0.419197 0.454655 0.420958 0.454328 0.421378 0.453997 0.422230 0.453713 0.423382 0.453517 0.424661
0 0.481273 0.435586 0.481297 0.435746 0.481416 0.436371 0.481613 0.437367 0.481856 0.438582 0.482109 0.439829 0.482332 0.440917 0.482492 0.441679 0.482565 0.442000 0.484786 0.443851 0.494352 0.440425 0.494287 0.439736 0.489955 0.418233 0.488343 0.418811 0.482445 0.432450
0 0.523775 0.532394 0.524010 0.536506 0.525433 0.540298 0.527825 0.543200 0.530828 0.544774 0.533989 0.544781 0.536832 0.543215 0.538923 0.540307 0.539505 0.539101 0.540174 0.536592 0.540271 0.535811 0.540445 0.533901 0.540301 0.531177 0.538883 0.527364 0.536479 0.524449 0.534485 0.523414 0.532384 0.522888 0.530293 0.522901 0.527462 0.524497 0.525398 0.527421 0.524764 0.528581 0.524110 0.531100
0 0.451178 0.512140 0.463466 0.526913 0.463682 0.526655 0.477307 0.506507 0.477598 0.506076 0.477880 0.505656 0.478151 0.505251 0.478406 0.504866 0.478641 0.504509 0.468824 0.492707 0.466370 0.489757 0.466200 0.489897 0.465810 0.490220 0.465638 0.490363 0.465356 0.490768 0.465066 0.491189 0.464774 0.491619 0.464483 0.492050 0.464197 0.492480
0 0.585984 0.546916 0.586440 0.547678 0.587548 0.549310 0.590872 0.554204 0.591980 0.555835 0.592640 0.556716 0.593496 0.557240 0.594223 0.556559 0.595461 0.555064 0.596699 0.553569 0.604125 0.544601 0.605362 0.543107 0.605859 0.542310 0.599141 0.532420 0.598233 0.532124 0.596270 0.532014 0.596003 0.532141 0.595496 0.532587 0.594828 0.533284 0.594100 0.534125 0.587968 0.541530 0.587287 0.542391 0.586755 0.543144 0.586452 0.543675
0 0.642972 0.748944 0.643628 0.750087 0.654348 0.766959 0.692309 0.724083 0.681590 0.707211 0.680760 0.706263
