0 0.573748 0.380719 0.588788 0.389922 0.589197 0.389415 0.592664 0.379342 0.577555 0.370097 0.577200 0.370692
0 0.507969 0.489155 0.508423 0.490077 0.514787 0.502979 0.515242 0.503901 0.517493 0.504521 0.517574 0.504542 0.517903 0.504627 0.534841 0.489774 0.525558 0.470954 0.508620 0.485807 0.508579 0.485873 0.508461 0.486068 0.508423 0.486131
0 0.477671 0.440184 0.480565 0.450574 0.480654 0.450800 0.527192 0.427754 0.527317 0.427422 0.524423 0.417032 0.506118 0.405845 0.503051 0.403971 0.487467 0.411688 0.486061 0.415777 0.483974 0.421847 0.479076 0.436095
0 0.530425 0.437945 0.530609 0.440084 0.531393 0.441965 0.532656 0.443304 0.534208 0.443896 0.535812 0.443651 0.537223 0.442607 0.537288 0.442508 0.538293 0.440820 0.538738 0.438747 0.538554 0.436605 0.537769 0.434720 0.536503 0.433379 0.534949 0.432786 0.533342 0.433031 0.531928 0.434077 0.530923 0.435766 0.530869 0.435876
0 0.530634 0.395730 0.540955 0.412976 0.566825 0.385454 0.567133 0.384926 0.556764 0.367600 0.530775 0.395249
0 0.519475 0.386897 0.519791 0.388115 0.520431 0.389079 0.523401 0.392804 0.527005 0.395734 0.527874 0.396298 0.528839 0.396375 0.529752 0.395955 0.530475 0.395101 0.533545 0.390952 0.535466 0.386335 0.535889 0.385177 0.535976 0.384898 0.536035 0.383609 0.535719 0.382388 0.535076 0.381421 0.532230 0.377146 0.529685 0.375493 0.527615 0.374185 0.526649 0.374107 0.525733 0.374529 0.525008 0.375385 0.522063 0.379001 0.520005 0.384172 0.519581 0.385333 0.519578 0.385350 0.519534 0.385611
0 0.410070 0.560181 0.416677 0.580522 0.432294 0.581667 0.433844 0.581780 0.434988 0.581120 0.435286 0.580748 0.422626 0.541773 0.422270 0.541965 0.421126 0.542626 0.420128 0.544210 0.412631 0.556114
0 0.572055 0.558511 0.574683 0.573714 0.575723 0.574743 0.582836 0.580674 0.587284 0.571191 0.586536 0.566862 0.584620 0.555776 0.577507 0.549844 0.576442 0.549158
0 0.539773 0.594125 0.540232 0.595213 0.555343 0.604688 0.559607 0.592600 0.558513 0.588997 0.558265 0.588772 0.557712 0.588368 0.556941 0.587845 0.556066 0.587283 0.548580 0.582588 0.547733 0.582071 0.547039 0.581675 0.546604 0.581460 0.546494 0.581460 0.543988 0.582174
0 0.574603 0.625404 0.581414 0.630422 0.583303 0.631222 0.583623 0.631021 0.583972 0.630365 0.590654 0.612667 0.590830 0.611932 0.590735 0.611539 0.589364 0.610559 0.582486 0.605942 0.582037 0.605716
0 0.433038 0.476953 0.433156 0.477530 0.435763 0.483243 0.437703 0.487261 0.438032 0.487535 0.439200 0.488349 0.439592 0.488185 0.443706 0.483631 0.443923 0.483120 0.443835 0.482579 0.441755 0.478726 0.438481 0.472917 0.438138 0.472591 0.437432 0.472068 0.436997 0.472092 0.434585 0.473241 0.433173 0.476343
0 0.552077 0.571283 0.562421 0.600411 0.562828 0.601382 0.562898 0.601461 0.564467 0.602990 0.564843 0.602805 0.565484 0.602402 0.566291 0.601842 0.567142 0.601210 0.567906 0.600604 0.568465 0.600116 0.568734 0.599822 0.568587 0.597237 0.568179 0.596265 0.554939 0.569190 0.554911 0.569179 0.554669 0.569329 0.554252 0.569617 0.553722 0.569998 0.553159 0.570416 0.552649 0.570807 0.552269 0.571111
0 0.484336 0.591257 0.490924 0.598015 0.495992 0.589231 0.496011 0.588822 0.489453 0.582095 0.484407 0.590838
0 0.460724 0.474996 0.461046 0.479286 0.462576 0.483085 0.464229 0.484887 0.465139 0.485838 0.465219 0.485871 0.466266 0.486292 0.468302 0.487110 0.471507 0.486682 0.474344 0.484651 0.475691 0.482456 0.476383 0.481327 0.476699 0.479931 0.477313 0.477216 0.476991 0.472943 0.475468 0.469159 0.475370 0.469036 0.473717 0.467233 0.472913 0.466364 0.471815 0.465884 0.469771 0.465062 0.466553 0.465492 0.463704 0.467531 0.462353 0.469735 0.461723 0.470918 0.461340 0.472270
0 0.543549 0.462750 0.543960 0.463182 0.544837 0.463791 0.546046 0.464487 0.547404 0.465164 0.548708 0.465721 0.549762 0.466073 0.550406 0.466168 0.550539 0.465988 0.552976 0.457208 0.553405 0.455660 0.558153 0.434606 0.557874 0.434256 0.557252 0.433784 0.556731 0.433471 0.555983 0.433063 0.555392 0.432769 0.554441 0.432383 0.553672 0.432162 0.553202 0.432139 0.553102 0.432318 0.546414 0.452445
