0 0.479135 0.114064 0.479373 0.118475 0.482634 0.127525 0.483478 0.128425 0.485831 0.130006 0.489334 0.132025 0.493455 0.134178 0.497572 0.136139 0.501065 0.137612 0.503404 0.138375 0.504230 0.138308 0.515160 0.136344 0.522308 0.122029 0.522566 0.117660 0.486365 0.099584
0 0.930884 0.494888 0.952055 0.528941 0.954136 0.529074 0.988346 0.507806 0.967078 0.473596 0.964937 0.473717
0 0.751559 0.398468 0.769006 0.434571 0.770244 0.434270 0.806513 0.416742 0.788986 0.380474 0.787661 0.381021
0 0.609733 0.216483 0.648795 0.225533 0.649480 0.224270 0.658572 0.185027 0.619330 0.175935 0.618783 0.177420
0 0.459281 0.747093 0.473491 0.754840 0.485001 0.750402 0.485421 0.749925 0.486660 0.747903 0.488530 0.744640 0.490745 0.740635 0.492965 0.736503 0.494849 0.732880 0.496109 0.730318 0.496553 0.729208 0.492939 0.716806 0.478890 0.709148 0.459746 0.744269
0 0.198460 0.118333 0.202610 0.123584 0.233736 0.148860 0.290140 0.143009 0.315417 0.111882 0.312840 0.106469 0.281279 0.080840 0.224089 0.086773
0 0.769934 0.741885 0.770403 0.747950 0.771590 0.754030 0.774069 0.757163 0.777880 0.761708 0.783740 0.764023 0.790763 0.763741 0.797872 0.760898 0.803970 0.755926 0.808121 0.749593 0.809688 0.742873 0.808440 0.736798 0.805997 0.733636 0.802136 0.729132 0.796259 0.726875 0.790669 0.724983 0.785063 0.725245 0.779403 0.727529 0.774546 0.731489 0.771221 0.736527
0 0.395027 0.939710 0.397507 0.947144 0.402642 0.953063 0.409652 0.956565 0.417468 0.957120 0.424902 0.954639 0.430821 0.949504 0.434323 0.942494 0.434436 0.941734 0.434989 0.933931 0.432514 0.926510 0.427387 0.920601 0.420389 0.917105 0.412586 0.916552 0.405166 0.919027 0.399257 0.924154 0.395760 0.931152 0.395581 0.931894
0 0.821876 0.836576 0.823986 0.844109 0.828819 0.850260 0.829385 0.850863 0.836215 0.854704 0.843995 0.855638 0.851541 0.853524 0.857703 0.848683 0.861544 0.841853 0.862478 0.834073 0.860364 0.826527 0.855523 0.820365 0.854912 0.819815 0.848093 0.815980 0.840326 0.815048 0.832793 0.817158 0.826642 0.821991 0.822808 0.828809
0 0.668848 0.590349 0.669789 0.592262 0.671825 0.595951 0.674648 0.600855 0.677830 0.606234 0.680894 0.611280 0.683378 0.615232 0.684904 0.617490 0.685236 0.617702 0.695954 0.616002 0.701153 0.612926 0.704404 0.601724 0.703740 0.600297 0.702235 0.597520 0.700117 0.593814 0.697711 0.589747 0.695388 0.585946 0.693503 0.582992 0.692344 0.581337 0.692085 0.581227 0.680637 0.578754 0.675449 0.581822
0 0.502078 0.152104 0.502814 0.159895 0.506474 0.166813 0.512503 0.171802 0.519983 0.174105 0.527774 0.173370 0.534692 0.169710 0.539681 0.163680 0.541984 0.156201 0.542056 0.155609 0.541320 0.147804 0.537653 0.140874 0.531614 0.135877 0.524121 0.133569 0.516316 0.134306 0.509387 0.137972 0.504389 0.144012 0.502082 0.151504
0 0.733493 0.451082 0.754259 0.690929 0.754627 0.693722 0.835705 0.686930 0.815460 0.445605 0.814808 0.443930
0 0.054854 0.207596 0.193982 0.405228 0.195385 0.405662 0.260960 0.359498 0.122470 0.162772 0.120731 0.161220
0 0.435475 0.421004 0.440886 0.501196 0.442997 0.516236 0.443584 0.518820 0.444318 0.520532 0.445088 0.521109 0.522818 0.515764 0.523568 0.515116 0.524123 0.513345 0.524397 0.510722 0.524348 0.507645 0.517315 0.403420 0.516951 0.400379 0.516330 0.397857 0.515547 0.396239 0.514721 0.395771 0.436944 0.400419 0.436263 0.401168 0.435770 0.403026 0.435538 0.405707
0 0.691894 0.743828 0.692283 0.745328 0.736716 0.802532 0.738053 0.803247 0.740161 0.803094 0.742719 0.802099 0.745339 0.800412 0.828660 0.735723 0.830959 0.733591 0.832599 0.731327 0.833332 0.729274 0.833044 0.727745 0.787422 0.671463 0.786137 0.670659 0.784080 0.670727 0.781563 0.671658 0.778970 0.673311 0.696357 0.737451 0.694098 0.739564 0.692531 0.741804
0 0.585094 0.533409 0.585430 0.534393 0.647467 0.580129 0.648578 0.580163 0.650245 0.579206 0.652214 0.577404 0.654184 0.575030 0.716028 0.490842 0.717688 0.488274 0.718772 0.485921 0.719115 0.484140 0.718668 0.483204 0.657044 0.436905 0.655921 0.436993 0.654244 0.438056 0.652270 0.439929 0.642176 0.451510 0.594592 0.516286 0.586685 0.529209 0.585535 0.531589
0 0.722469 0.503671 0.722524 0.504515 0.723267 0.506925 0.724582 0.510530 0.726271 0.514785 0.728079 0.519049 0.729732 0.522676 0.730981 0.525119 0.731635 0.526001 0.741212 0.530026 0.793405 0.551841 0.796797 0.552440 0.804283 0.549367 0.773554 0.474504 0.770428 0.474795 0.726023 0.493022
0 0.490914 0.850434 0.515164 0.882660 0.543070 0.865531 0.587406 0.825693 0.563316 0.793680 0.558671 0.796627 0.513472 0.830667
0 0.573307 0.877903 0.583898 0.914920 0.598550 0.962209 0.636963 0.950824 0.622946 0.903347 0.611975 0.866442 0.592212 0.870527
0 0.339717 0.703943 0.380397 0.744804 0.407575 0.764929 0.421349 0.749115 0.433962 0.734428 0.413218 0.714113 0.370445 0.677085 0.365930 0.673644
0 0.716376 0.097454 0.735054 0.104058 0.755514 0.107190 0.766410 0.069622 0.775681 0.021928 0.736801 0.012256 0.735048 0.018559 0.721411 0.073418
