0 0.577644 0.350075 0.581574 0.406645 0.611824 0.432964 0.613380 0.432034 0.640066 0.401362 0.637200 0.360109 0.636081 0.344003 0.605409 0.317317 0.578723 0.347989
0 0.331230 0.788375 0.342602 0.835411 0.361284 0.840115 0.363684 0.839880 0.367409 0.839210 0.371889 0.838208 0.427514 0.824759 0.432047 0.823582 0.435923 0.822415 0.438547 0.821435 0.439523 0.820794 0.453467 0.808607 0.442095 0.761571 0.415071 0.766104 0.360086 0.779397
0 0.260132 0.887352 0.286289 0.896478 0.326748 0.905029 0.342545 0.908367 0.371726 0.910936 0.381732 0.863591 0.366717 0.851157 0.364306 0.850223 0.360580 0.849153 0.356102 0.848107 0.300498 0.836356 0.295930 0.835490 0.291947 0.834931 0.289151 0.834765 0.287972 0.835017 0.270138 0.840007
0 0.087384 0.885331 0.087432 0.886015 0.088662 0.886908 0.090889 0.887874 0.093773 0.888764 0.096873 0.889444 0.196746 0.906975 0.199511 0.907327 0.201563 0.907307 0.202592 0.906920 0.221740 0.829938 0.221573 0.829310 0.220255 0.828470 0.217987 0.827548 0.215114 0.826681 0.199753 0.822956 0.123328 0.808872 0.109792 0.807282 0.107653 0.807229 0.106530 0.807533
0 0.785892 0.435375 0.785896 0.438139 0.786471 0.440190 0.787529 0.441219 0.859086 0.459273 0.860424 0.459109 0.861883 0.457780 0.863240 0.455493 0.864291 0.452592 0.892079 0.351161 0.892669 0.348073 0.892712 0.345248 0.892201 0.343116 0.891213 0.342000 0.819299 0.325252 0.817942 0.325312 0.816468 0.326543 0.815101 0.328756 0.814050 0.331616 0.786461 0.432322
0 0.493688 0.253826 0.493734 0.254606 0.544895 0.314385 0.545903 0.314408 0.547678 0.313621 0.549951 0.312144 0.552374 0.310202 0.630951 0.241369 0.633141 0.239271 0.634747 0.237350 0.635526 0.235899 0.635360 0.235139 0.584725 0.174899 0.583679 0.174996 0.581872 0.175886 0.579579 0.177431 0.567325 0.186937 0.506867 0.239898 0.496249 0.250427 0.494572 0.252359
0 0.109321 0.123596 0.110146 0.131392 0.113892 0.138278 0.114556 0.138900 0.120642 0.143821 0.128147 0.146037 0.135930 0.145213 0.142804 0.141473 0.147725 0.135387 0.149941 0.127882 0.149117 0.120099 0.145377 0.113225 0.144767 0.112559 0.138670 0.107630 0.131152 0.105410 0.123356 0.106235 0.116470 0.109981 0.111540 0.116078
0 0.530707 0.752181 0.530760 0.752616 0.531811 0.760381 0.535755 0.767152 0.541989 0.771900 0.549566 0.773900 0.557331 0.772848 0.564103 0.768905 0.568850 0.762671 0.570850 0.755094 0.569799 0.747328 0.569679 0.746903 0.565742 0.740144 0.559518 0.735404 0.551955 0.733408 0.544202 0.734457 0.537443 0.738394 0.532703 0.744618
0 0.855317 0.407442 0.855835 0.415174 0.858848 0.421874 0.863888 0.426521 0.870183 0.428410 0.873470 0.429041 0.880065 0.427893 0.884663 0.425174 0.889385 0.421960 0.892829 0.416944 0.894474 0.410885 0.894072 0.404700 0.891681 0.399326 0.888812 0.395675 0.883799 0.391000 0.877509 0.389069 0.874212 0.388499 0.867608 0.389609 0.861693 0.393599 0.857374 0.399862
0 0.409279 0.855861 0.410584 0.861372 0.413407 0.865377 0.418767 0.870573 0.423666 0.872930 0.427940 0.873946 0.433467 0.873291 0.438776 0.869710 0.443051 0.863747 0.444628 0.861363 0.446171 0.856918 0.446462 0.852277 0.446118 0.848555 0.444442 0.841667 0.440867 0.836699 0.435945 0.834404 0.431688 0.833344 0.426175 0.834058 0.419354 0.836101 0.415134 0.838991 0.411740 0.843756 0.409686 0.849678
0 0.723182 0.413526 0.763459 0.482647 0.767122 0.482406 0.802164 0.461987 0.781745 0.426946 0.758334 0.393143 0.757743 0.393387
0 0.754639 0.998716 0.757583 1.000000 0.838270 1.000000 0.841989 0.962268 0.838081 0.956985 0.832656 0.950471 0.831303 0.949807 0.828331 0.949105 0.824195 0.948472 0.819521 0.948002 0.815014 0.947766 0.811355 0.947801 0.809097 0.948101 0.798198 0.953921 0.755252 0.990739
0 0.664842 0.197973 0.666092 0.219006 0.669289 0.238058 0.695881 0.237084 0.752087 0.230869 0.758154 0.229808 0.753737 0.189988 0.700987 0.191177
0 0.039596 0.830443 0.053771 0.868340 0.099249 0.851330 0.103829 0.847314 0.106740 0.838779 0.106937 0.837474 0.106461 0.834653 0.105387 0.830748 0.103878 0.826350 0.102161 0.822123 0.100496 0.818705 0.099135 0.816614 0.089815 0.809850 0.044857 0.826666
0 0.270094 0.377472 0.270359 0.379905 0.270971 0.383663 0.271836 0.388174 0.272820 0.392744 0.273774 0.396670 0.274550 0.399353 0.275031 0.400386 0.283771 0.406024 0.286242 0.407098 0.333276 0.397519 0.325294 0.358324 0.323274 0.356686 0.275696 0.366375 0.270214 0.376733
0 0.217398 0.148591 0.217464 0.150791 0.217827 0.154415 0.218430 0.158909 0.219181 0.163583 0.219965 0.167717 0.220662 0.170681 0.221165 0.172024 0.232336 0.180570 0.279821 0.173554 0.273974 0.133984 0.271361 0.129752 0.223327 0.136850
