0 0.544389 0.541730 0.547677 0.563299 0.547869 0.563553 0.564111 0.559151 0.560809 0.537495 0.560566 0.537345
0 0.542381 0.442298 0.545818 0.473163 0.559112 0.486304 0.582260 0.481720 0.582639 0.481636 0.587589 0.472733 0.547526 0.433129 0.547308 0.433436
0 0.555565 0.417950 0.555631 0.418480 0.555762 0.419211 0.555938 0.420033 0.559629 0.435729 0.575463 0.429304 0.575793 0.428902 0.573358 0.418316 0.571864 0.412353 0.571672 0.411720 0.571516 0.411340 0.571420 0.411272 0.568008 0.411504 0.565631 0.412468 0.558501 0.415362 0.555574 0.417703
0 0.458451 0.628168 0.466199 0.632653 0.467545 0.628521 0.474303 0.607733 0.474832 0.605514 0.473896 0.602960 0.473757 0.602724 0.473292 0.602323 0.472574 0.601819 0.471710 0.601288 0.470831 0.600810 0.470070 0.600458 0.469542 0.600284 0.469328 0.600315 0.467290 0.601011 0.459400 0.625238
0 0.439975 0.401547 0.440076 0.401715 0.456236 0.406292 0.457951 0.395520 0.457657 0.394766 0.457384 0.394613 0.456795 0.394414 0.442128 0.390260 0.441573 0.390134 0.441379 0.390155 0.441034 0.392325
0 0.483195 0.450462 0.483835 0.454311 0.484204 0.455355 0.484688 0.455748 0.500008 0.451222 0.500321 0.450593 0.500329 0.449437 0.499689 0.445589
0 0.521342 0.617127 0.521440 0.617667 0.554620 0.620509 0.555153 0.609449 0.554901 0.608947 0.521872 0.606118
0 0.364168 0.571874 0.365705 0.574732 0.366045 0.575120 0.366680 0.575632 0.367512 0.576189 0.375066 0.580872 0.375965 0.581388 0.376793 0.581782 0.377421 0.581994 0.377755 0.581993 0.379310 0.581260 0.380690 0.580331 0.384865 0.568356 0.369896 0.559077 0.368392 0.559760
0 0.571216 0.437775 0.571605 0.441131 0.580235 0.447643 0.580419 0.447523 0.581922 0.446542 0.582434 0.445499 0.585762 0.437658 0.585443 0.436123 0.583973 0.435013 0.578092 0.430575 0.574526 0.431204 0.573670 0.431995 0.573479 0.432304 0.573132 0.433005 0.572681 0.433989 0.572194 0.435109 0.571745 0.436194 0.571402 0.437082 0.571216 0.437637
0 0.532818 0.247169 0.541933 0.265520 0.548815 0.259444 0.549039 0.258339 0.539882 0.239903 0.532969 0.246008
0 0.441574 0.384148 0.441808 0.384611 0.442942 0.386211 0.446344 0.391010 0.447478 0.392609 0.459475 0.377490 0.459382 0.377209 0.459312 0.376998 0.453619 0.368968
0 0.410337 0.524619 0.410353 0.526846 0.412544 0.529023 0.412619 0.529059 0.413062 0.529085 0.413807 0.529096 0.414741 0.529092 0.423071 0.528989 0.424047 0.528969 0.424914 0.528937 0.425538 0.528898 0.425826 0.528858 0.427884 0.526334 0.427608 0.486717 0.426771 0.486563 0.418422 0.486667
0 0.540769 0.583221 0.547988 0.607817 0.548208 0.608312 0.549110 0.610339 0.552257 0.608697 0.564843 0.602130 0.557454 0.576959 0.557187 0.576600 0.556399 0.575545 0.556141 0.575200 0.554126 0.574121 0.542570 0.580151 0.541800 0.580553
0 0.586507 0.604538 0.587609 0.608884 0.589404 0.615554 0.589657 0.615983 0.590220 0.616933 0.590641 0.617070 0.593210 0.616886 0.595271 0.614518 0.595541 0.614000 0.595561 0.613421 0.594386 0.607215 0.593455 0.602765 0.592511 0.601241 0.592260 0.600866 0.591847 0.600875 0.586871 0.603606 0.586547 0.604002
0 0.432050 0.466116 0.432116 0.467776 0.433055 0.470491 0.433176 0.470544 0.433780 0.470557 0.434775 0.470530 0.436010 0.470466 0.437297 0.470375 0.438445 0.470270 0.439279 0.470168 0.439673 0.470083 0.440389 0.467272 0.440323 0.465617 0.438578 0.463369 0.438495 0.463320 0.438046 0.463301 0.437299 0.463315 0.436367 0.463359 0.435394 0.463428 0.434528 0.463511 0.433903 0.463594 0.433614 0.463666
