0 0.155195 0.553279 0.167692 0.595091 0.174348 0.607156 0.190595 0.602108 0.194965 0.600604 0.231730 0.583276 0.378787 0.513965 0.382816 0.511510 0.395663 0.502845 0.378850 0.462898 0.372838 0.450698
0 0.198557 0.153084 0.206615 0.164968 0.207903 0.165579 0.210794 0.166435 0.214845 0.167406 0.219443 0.168345 0.258842 0.175763 0.263304 0.176530 0.266965 0.177012 0.269273 0.177135 0.269871 0.176878 0.280621 0.171852 0.289503 0.124681 0.287069 0.120342 0.207542 0.105367
0 0.553768 0.134233 0.570395 0.179261 0.581309 0.182650 0.582062 0.182751 0.584419 0.182201 0.588018 0.181085 0.592313 0.179574 0.629922 0.165686 0.634275 0.164004 0.638039 0.162400 0.640644 0.161118 0.641692 0.160353 0.645442 0.151549 0.647124 0.147520 0.630304 0.101972 0.554389 0.130005
0 0.121580 0.391627 0.122800 0.403951 0.122917 0.404507 0.124252 0.406347 0.126602 0.409192 0.129609 0.412609 0.156657 0.442577 0.159851 0.446032 0.162736 0.448986 0.164869 0.450988 0.165927 0.451734 0.179506 0.452254 0.215139 0.420093 0.161538 0.360705 0.157625 0.359095
0 0.263435 0.413728 0.276108 0.461188 0.287505 0.467669 0.289948 0.468041 0.291111 0.467846 0.293866 0.467209 0.297790 0.466227 0.302290 0.465048 0.306686 0.463851 0.310316 0.462816 0.312628 0.462101 0.313268 0.461814 0.319872 0.451756 0.307489 0.405381 0.302985 0.403167
0 0.265268 0.601470 0.299852 0.635317 0.321253 0.614010 0.349710 0.584934 0.360820 0.573582 0.379631 0.553803 0.345047 0.519955 0.327440 0.525694 0.326567 0.526387 0.324533 0.528296 0.321647 0.531131 0.318351 0.534459 0.278322 0.575358 0.275132 0.578657 0.272549 0.581410 0.270968 0.583196 0.270627 0.583743
0 0.278899 0.306545 0.316888 0.342696 0.343672 0.367852 0.358301 0.353972 0.371371 0.338537 0.344859 0.313093 0.306416 0.277424
0 0.674291 0.254427 0.754237 0.257360 0.757772 0.253986 0.759259 0.213457 0.718730 0.211970 0.676160 0.213799 0.675758 0.214453
0 0.635594 0.087778 0.652757 0.161686 0.653389 0.162605 0.655123 0.163127 0.657693 0.163171 0.672531 0.161569 0.751116 0.144704 0.766007 0.139927 0.768597 0.138775 0.770361 0.137503 0.771028 0.136304 0.753183 0.062543 0.752639 0.061543 0.750981 0.060950 0.748461 0.060856 0.745464 0.061277 0.643327 0.083195 0.640329 0.084062 0.637807 0.085238 0.636144 0.086543
0 0.406936 0.249442 0.414164 0.289070 0.414557 0.290037 0.454004 0.282842 0.446809 0.243396 0.446564 0.242214
0 0.051858 0.826379 0.089537 0.840344 0.091413 0.838788 0.105314 0.801281 0.067807 0.787380 0.065822 0.788700
0 0.399441 0.496258 0.438614 0.505646 0.438895 0.505620 0.448240 0.466627 0.448001 0.466473 0.408829 0.457085
0 0.865773 0.881734 0.885458 0.916667 0.887232 0.918585 0.922326 0.898810 0.902551 0.863716 0.900706 0.862049
0 0.114596 0.296572 0.116362 0.297504 0.156350 0.300455 0.159301 0.260466 0.157732 0.259363 0.117560 0.256399
