0 0.394865 0.338986 0.395345 0.339722 0.407923 0.353984 0.418619 0.337214 0.418245 0.336467 0.405610 0.322140
0 0.519556 0.517225 0.527826 0.523644 0.528020 0.523718 0.530214 0.523651 0.530525 0.523086 0.530948 0.521986 0.531419 0.520519 0.531867 0.518905 0.532225 0.517388 0.532438 0.516196 0.532474 0.515509 0.530843 0.513548 0.530655 0.513453 0.521249 0.511126 0.521005 0.511535 0.520677 0.512352 0.520317 0.513453 0.519979 0.514669 0.519716 0.515814 0.519568 0.516711
0 0.498353 0.637777 0.498683 0.637958 0.498700 0.637964 0.499378 0.635674 0.499048 0.635492 0.499032 0.635487
0 0.417111 0.665400 0.417769 0.668063 0.418093 0.668716 0.418654 0.669538 0.419368 0.670403 0.438588 0.691827 0.439340 0.692596 0.440008 0.693146 0.440491 0.693392 0.442797 0.694032 0.449239 0.683758 0.449822 0.681651 0.424430 0.653347 0.422307 0.656732 0.419123 0.661810 0.418062 0.663503
0 0.651545 0.574168 0.651948 0.576024 0.652854 0.577533 0.654124 0.578465 0.655906 0.579372 0.657363 0.579587 0.660996 0.580052 0.661619 0.579811 0.662378 0.579286 0.662884 0.578746 0.663407 0.577480 0.663526 0.576043 0.663224 0.574655 0.662547 0.573526 0.659460 0.570761 0.658175 0.569819 0.657902 0.569698 0.656636 0.569139 0.656367 0.569021 0.654927 0.568808 0.653535 0.569346 0.652403 0.570554 0.651704 0.572247
0 0.499238 0.588462 0.500881 0.590333 0.501072 0.590456 0.501614 0.590566 0.502426 0.590647 0.503383 0.590687 0.504338 0.590679 0.505145 0.590624 0.505680 0.590531 0.505862 0.590415 0.507588 0.588599 0.507711 0.575239 0.507623 0.574379 0.499368 0.574244 0.499247 0.587451
0 0.689880 0.290469 0.696840 0.296389 0.697744 0.295454 0.702204 0.286132 0.695212 0.280185 0.694320 0.281190
0 0.565133 0.498388 0.569825 0.519550 0.570147 0.519640 0.587075 0.523660 0.588271 0.523189 0.579198 0.482264 0.578835 0.482345 0.577645 0.482814
0 0.414184 0.544597 0.414389 0.545446 0.414822 0.546125 0.415418 0.546531 0.417778 0.547109 0.419067 0.547248 0.420298 0.546718 0.420389 0.546665 0.421373 0.545549 0.421961 0.544016 0.422066 0.542300 0.421669 0.540661 0.420832 0.539349 0.419683 0.538564 0.418396 0.538425 0.417166 0.538954 0.417071 0.538999 0.416086 0.540116 0.414542 0.542915 0.414238 0.543708
0 0.347449 0.682322 0.347866 0.683664 0.349056 0.685525 0.351341 0.688563 0.354335 0.690236 0.356124 0.691034 0.357230 0.691053 0.358256 0.690519 0.360595 0.688723 0.362910 0.685767 0.362984 0.685603 0.364251 0.681711 0.364277 0.677472 0.363058 0.673532 0.360778 0.670489 0.357784 0.668810 0.354531 0.668751 0.351517 0.670322 0.349201 0.673283 0.349118 0.673439 0.347852 0.677340 0.347456 0.680876
0 0.340606 0.466482 0.346216 0.474580 0.347326 0.473559 0.355889 0.462993 0.359009 0.457393 0.356730 0.453395 0.353361 0.449241 0.346654 0.455229
0 0.394395 0.763176 0.408615 0.774535 0.417134 0.755575 0.417465 0.754552 0.403302 0.743239 0.394817 0.762123
0 0.295600 0.564697 0.312125 0.581597 0.312494 0.581933 0.312888 0.582198 0.313305 0.582394 0.313738 0.582515 0.314179 0.582558 0.315045 0.582174 0.318428 0.580673 0.320723 0.575495 0.321337 0.574108 0.321101 0.573625 0.320820 0.573189 0.320498 0.572805 0.320141 0.572480 0.319752 0.572217 0.301114 0.561324 0.296460 0.562758
0 0.327755 0.664975 0.330409 0.667266 0.331082 0.667565 0.331981 0.667813 0.340205 0.669589 0.341191 0.669748 0.342110 0.669794 0.342821 0.669719 0.343215 0.669535 0.344241 0.668536 0.345845 0.666800 0.348661 0.644879 0.349189 0.640533 0.332892 0.637013 0.330959 0.638597
0 0.553223 0.691290 0.553429 0.695836 0.554175 0.698996 0.555669 0.705317 0.556416 0.708477 0.558201 0.712359 0.558373 0.712495 0.558759 0.712509 0.559302 0.712399 0.559919 0.712182 0.571715 0.706954 0.566731 0.685861 0.566426 0.685012 0.558552 0.688319 0.554678 0.690190 0.554084 0.690477 0.553599 0.690786 0.553296 0.691072
0 0.484759 0.350761 0.484828 0.351445 0.517550 0.358110 0.517631 0.357456 0.520141 0.335542 0.487269 0.328847
0 0.517303 0.448965 0.529240 0.484578 0.530312 0.486253 0.532895 0.486526 0.533083 0.486344 0.533531 0.485861 0.534173 0.485148 0.534910 0.484317 0.541248 0.477107 0.541965 0.476285 0.542549 0.475602 0.542913 0.475162 0.543001 0.475030 0.543368 0.471641 0.523856 0.441148 0.517503 0.448375
