0 0.053714 0.830207 0.086814 0.904054 0.131121 0.884194 0.135337 0.879803 0.137752 0.871147 0.137854 0.869821 0.137190 0.867027 0.135864 0.863192 0.134077 0.858896 0.117679 0.822312 0.115696 0.818195 0.113812 0.814868 0.112312 0.812835 0.102616 0.806801 0.058815 0.826433
0 0.811486 0.369801 0.813048 0.417776 0.853027 0.416474 0.861285 0.414520 0.859687 0.365423 0.849179 0.357827 0.848716 0.357667 0.846459 0.357592 0.842751 0.357613 0.838156 0.357728 0.833380 0.357919 0.829159 0.358155 0.826137 0.358402 0.824773 0.358622 0.821040 0.360247
0 0.601503 0.863082 0.602086 0.864364 0.603482 0.867062 0.605478 0.870764 0.607769 0.874906 0.627485 0.910133 0.629715 0.914069 0.631534 0.917183 0.632666 0.919002 0.632940 0.919251 0.645164 0.924537 0.687534 0.900823 0.685391 0.896242 0.646319 0.826432 0.604433 0.849875
0 0.289315 0.215329 0.290278 0.216631 0.329237 0.225701 0.338307 0.186743 0.337564 0.185304 0.298427 0.176192
0 0.562865 0.188671 0.598462 0.207127 0.616919 0.171530 0.617457 0.170018 0.581696 0.151477 0.563154 0.187238
0 0.346088 0.843617 0.375231 0.871426 0.403040 0.842283 0.403484 0.840714 0.374475 0.813033 0.346794 0.842042
0 0.678426 0.879490 0.693965 0.916454 0.694858 0.918372 0.731992 0.902761 0.716381 0.865627 0.715390 0.863951
0 0.918382 0.710482 0.919409 0.718237 0.923325 0.725008 0.929534 0.729766 0.930274 0.730162 0.937845 0.732184 0.945613 0.731156 0.952396 0.727232 0.957163 0.721012 0.959185 0.713441 0.958157 0.705673 0.954233 0.698890 0.948013 0.694124 0.947243 0.693790 0.939685 0.691771 0.931930 0.692798 0.925159 0.696715 0.920401 0.702924
0 0.729226 0.915594 0.730902 0.923238 0.731299 0.923967 0.735780 0.930400 0.742382 0.934628 0.750099 0.936009 0.757756 0.934330 0.764189 0.929850 0.768417 0.923248 0.769798 0.915531 0.768119 0.907873 0.767658 0.907172 0.763186 0.900750 0.756595 0.896529 0.748891 0.895151 0.741247 0.896827 0.734825 0.901300 0.730604 0.907890
0 0.206443 0.939030 0.207990 0.946716 0.212361 0.953224 0.218888 0.957564 0.226581 0.959076 0.234267 0.957529 0.240774 0.953158 0.245115 0.946630 0.245553 0.945863 0.247062 0.938183 0.245518 0.930511 0.241155 0.924014 0.234638 0.919681 0.226959 0.918172 0.219286 0.919716 0.212790 0.924080 0.212295 0.924809 0.207954 0.931337
0 0.247548 0.539586 0.249411 0.547201 0.254047 0.553522 0.260749 0.557590 0.268497 0.558782 0.276113 0.556919 0.276497 0.556821 0.282808 0.552193 0.286868 0.545503 0.288058 0.537768 0.286199 0.530166 0.281571 0.523855 0.274880 0.519795 0.267145 0.518605 0.266745 0.518637 0.259130 0.520499 0.252808 0.525136 0.248740 0.531837
0 0.000000 0.117016 0.000786 0.118057 0.003070 0.119806 0.078116 0.174251 0.080521 0.175992 0.082415 0.177356 0.083511 0.178136 0.083640 0.178212 0.130714 0.113301 0.129895 0.112603 0.128210 0.111292 0.125915 0.109568 0.123360 0.107694 0.038782 0.046359 0.036373 0.044633 0.034494 0.043330 0.033432 0.042648 0.033347 0.042691 0.000000 0.107602
0 0.112271 0.804728 0.112620 0.807218 0.113368 0.808796 0.114401 0.809222 0.189768 0.819224 0.190870 0.818424 0.191932 0.816528 0.192792 0.813825 0.195938 0.798498 0.204390 0.718569 0.204442 0.703659 0.204137 0.701114 0.203451 0.699453 0.202489 0.698931 0.127048 0.689623 0.125898 0.690310 0.124792 0.692109 0.123901 0.694747 0.123361 0.697822 0.112375 0.801705
0 0.219527 0.537615 0.220011 0.540773 0.221667 0.543505 0.224242 0.545395 0.227345 0.546156 0.230502 0.545672 0.236662 0.544628 0.239332 0.543010 0.256798 0.528145 0.257515 0.527266 0.258906 0.524843 0.260759 0.521247 0.262792 0.517023 0.279953 0.480277 0.281866 0.476051 0.283373 0.472453 0.284247 0.470027 0.284352 0.469145 0.285930 0.443232 0.285457 0.440147 0.283839 0.437477 0.281323 0.435630 0.276208 0.434124 0.273105 0.433363 0.269947 0.433847 0.267215 0.435503 0.265325 0.438078 0.220288 0.534513
0 0.577316 0.440674 0.589480 0.456678 0.602890 0.471861 0.630762 0.449557 0.672218 0.414638 0.646813 0.383658 0.642180 0.387451 0.598447 0.423314
0 0.270560 0.068626 0.275807 0.072243 0.324316 0.101284 0.347212 0.112600 0.358411 0.096872 0.367942 0.078004 0.336847 0.056005 0.291153 0.034259
0 0.000000 0.404793 0.000718 0.405044 0.003861 0.405509 0.008096 0.406115 0.012784 0.406772 0.017217 0.407381 0.020725 0.407849 0.022778 0.408105 0.023058 0.408110 0.034876 0.401315 0.079993 0.367191 0.081093 0.359267 0.076250 0.357640 0.000000 0.346519
