0 0.609581 0.685682 0.613140 0.707229 0.613661 0.708184 0.629896 0.703416 0.626320 0.681770 0.625741 0.680936
0 0.518805 0.567996 0.518932 0.568299 0.519243 0.568985 0.519691 0.569950 0.520208 0.571045 0.524668 0.580426 0.525174 0.581481 0.525588 0.582332 0.525849 0.582849 0.525917 0.582953 0.528459 0.584046 0.529869 0.582854 0.549375 0.553186 0.544905 0.543784 0.544392 0.543283 0.519295 0.564496
0 0.403353 0.414462 0.405651 0.416883 0.406075 0.417257 0.406645 0.417165 0.407742 0.416259 0.408380 0.415466 0.410520 0.412527 0.411265 0.411422 0.413163 0.408221 0.414779 0.405109 0.415207 0.404106 0.416114 0.401565 0.416271 0.400928 0.416207 0.400168 0.415828 0.399717 0.413531 0.397296 0.412390 0.398178 0.411252 0.399566 0.410665 0.400283 0.408622 0.403292 0.406579 0.406738 0.404858 0.410079 0.404109 0.411872 0.403726 0.412791
0 0.417893 0.490717 0.421880 0.512180 0.422193 0.512131 0.438225 0.506836 0.434254 0.485459 0.433990 0.485400
0 0.537498 0.531485 0.541281 0.541266 0.541471 0.541455 0.548840 0.536388 0.545040 0.526562 0.544834 0.526441
0 0.535911 0.414234 0.536232 0.436297 0.548555 0.436070 0.549198 0.436043 0.549764 0.435998 0.550169 0.435942 0.550350 0.435882 0.551113 0.431446 0.551065 0.428134 0.550920 0.418198 0.550029 0.413801 0.549959 0.413728 0.549646 0.413672 0.549140 0.413642 0.544438 0.413640 0.536136 0.413837
0 0.436022 0.569037 0.443355 0.593988 0.443518 0.594531 0.443685 0.595068 0.443857 0.595598 0.444030 0.596110 0.444202 0.596595 0.444367 0.596616 0.444744 0.596662 0.444908 0.596682 0.457082 0.589816 0.460126 0.588099 0.459998 0.587626 0.459857 0.587125 0.459704 0.586605 0.459543 0.586074 0.459375 0.585536 0.451449 0.560550 0.451261 0.560443
0 0.346452 0.730903 0.349040 0.738679 0.355238 0.743550 0.380198 0.714177 0.377379 0.706676 0.376398 0.705818 0.371445 0.701490
0 0.468178 0.454952 0.468324 0.455158 0.495971 0.479222 0.500482 0.470006 0.500485 0.469868 0.472711 0.445695
0 0.508284 0.528273 0.508911 0.531571 0.509089 0.531737 0.509570 0.532127 0.510283 0.532682 0.511119 0.533317 0.511949 0.533934 0.512646 0.534439 0.513102 0.534754 0.513250 0.534832 0.515653 0.534066 0.531947 0.518199 0.532767 0.516259 0.518220 0.505325 0.518012 0.505264
0 0.400958 0.575657 0.404835 0.593053 0.405805 0.597402 0.422113 0.590941 0.424255 0.588440 0.423313 0.584211 0.420485 0.571522 0.419542 0.567293 0.406854 0.572320 0.403682 0.573577
0 0.737080 0.609102 0.739549 0.612006 0.739676 0.612132 0.740182 0.612302 0.740991 0.612488 0.741979 0.612663 0.742996 0.612800 0.751297 0.613730 0.752183 0.613807 0.752801 0.613812 0.753057 0.613745 0.755890 0.611973 0.756256 0.610993 0.756536 0.606556 0.756956 0.599900 0.756729 0.598676 0.754379 0.597773 0.753266 0.597569 0.743396 0.596462 0.738461 0.595909 0.737910 0.595927
0 0.482313 0.569403 0.495417 0.583374 0.500656 0.574638 0.500647 0.573612 0.487723 0.559832 0.482556 0.568449
0 0.483576 0.380037 0.483652 0.380587 0.487754 0.401962 0.495769 0.399227 0.495750 0.398764 0.491629 0.377290
0 0.458671 0.360426 0.459144 0.362021 0.474823 0.400762 0.480634 0.396581 0.483540 0.394490 0.484300 0.390753 0.484189 0.390386 0.483915 0.389628 0.483518 0.388594 0.483059 0.387443 0.479103 0.377668 0.471191 0.358119 0.470745 0.357035 0.470382 0.356191 0.470158 0.355718 0.470108 0.355686 0.467489 0.354082
