0 0.388961 0.494417 0.404817 0.501081 0.405253 0.501076 0.410228 0.480032 0.394445 0.473399 0.393959 0.473277
0 0.503382 0.621418 0.503396 0.621906 0.511683 0.621953 0.511753 0.599854 0.511733 0.599682 0.511706 0.599454 0.506754 0.599426 0.505103 0.599417 0.503452 0.599408
0 0.501086 0.525132 0.501090 0.525233 0.510281 0.543638 0.524085 0.531384 0.514894 0.512978 0.514835 0.512927
0 0.413389 0.532165 0.416549 0.542416 0.418217 0.547467 0.418472 0.548239 0.418714 0.548871 0.418908 0.549266 0.419023 0.549364 0.422404 0.548715 0.424704 0.547463 0.429305 0.544958 0.431605 0.543705 0.434357 0.541014 0.434363 0.540809 0.434272 0.540325 0.434098 0.539636 0.433869 0.538846 0.429086 0.523601 0.413764 0.531944
0 0.573864 0.559495 0.573910 0.559817 0.574735 0.562222 0.575599 0.562942 0.585252 0.566523 0.587490 0.555798 0.586490 0.555161 0.576948 0.551620 0.575246 0.553419 0.575096 0.553591 0.574868 0.554223 0.574596 0.555217 0.574322 0.556423 0.574086 0.557658 0.573926 0.558736
0 0.546694 0.440955 0.555956 0.459175 0.566339 0.457336 0.571352 0.456448 0.572880 0.456177 0.573214 0.455976 0.574244 0.455046 0.556332 0.419812 0.555302 0.420743 0.555049 0.421105 0.548629 0.436357
0 0.534244 0.452383 0.534277 0.453763 0.534613 0.455203 0.535381 0.457849 0.537605 0.460959 0.540552 0.462696 0.542679 0.462764 0.543848 0.462734 0.544794 0.462272 0.546779 0.461248 0.546967 0.461093 0.549308 0.458116 0.550617 0.454170 0.550693 0.449858 0.549527 0.445834 0.547293 0.442713 0.544335 0.440968 0.542199 0.440900 0.541100 0.440866 0.540075 0.441394 0.538083 0.442422 0.535741 0.445399 0.535598 0.445617 0.534295 0.449547
0 0.428342 0.486439 0.428923 0.488045 0.430020 0.489451 0.430453 0.489910 0.431317 0.490502 0.432255 0.490752 0.433034 0.490858 0.434487 0.490645 0.435601 0.489834 0.436207 0.488551 0.436550 0.487453 0.436559 0.485896 0.436344 0.484004 0.435873 0.482726 0.434996 0.481609 0.433846 0.480821 0.432595 0.480482 0.431434 0.480643 0.430537 0.481281 0.429316 0.482502 0.428697 0.483776 0.428363 0.484880
0 0.467058 0.514160 0.467300 0.514843 0.467760 0.516077 0.468367 0.517675 0.469029 0.519395 0.469649 0.520979 0.470131 0.522189 0.470404 0.522842 0.470423 0.522833 0.471533 0.522073 0.477817 0.517767 0.492098 0.506455 0.491957 0.505950 0.491648 0.505044 0.491220 0.503877 0.490739 0.502627 0.490277 0.501486 0.490055 0.500973 0.489816 0.500451 0.489683 0.500187 0.474467 0.509074 0.473358 0.509832 0.467071 0.514134
0 0.436047 0.466336 0.436221 0.482079 0.436252 0.483362 0.436312 0.484456 0.436392 0.485196 0.436478 0.485469 0.438297 0.489951 0.448281 0.489754 0.448613 0.482056 0.448489 0.470863 0.448440 0.466494 0.447933 0.458376 0.437949 0.458573 0.436149 0.463329 0.436085 0.464011 0.436049 0.465067
0 0.559358 0.602987 0.559473 0.603549 0.559699 0.604483 0.560003 0.605648 0.562783 0.616037 0.563119 0.617260 0.563437 0.618360 0.563689 0.619169 0.563837 0.619565 0.566361 0.621417 0.575787 0.616933 0.575594 0.616019 0.575033 0.613922 0.570543 0.597146 0.570181 0.595987 0.569539 0.595108 0.568682 0.595369 0.562463 0.598328 0.560908 0.599068 0.560199 0.599552 0.559373 0.602885
0 0.422059 0.505616 0.422087 0.508834 0.430253 0.516574 0.431050 0.516384 0.440615 0.498445 0.432542 0.490793 0.431762 0.490687 0.429755 0.491182 0.429552 0.491376 0.429159 0.491955 0.428637 0.492830 0.428064 0.493867 0.423237 0.502920 0.422704 0.503958 0.422292 0.504835 0.422066 0.505417
