0 0.382097 0.257596 0.383172 0.261868 0.387472 0.278955 0.389539 0.283016 0.390044 0.284008 0.408827 0.275604 0.409661 0.272296 0.405449 0.255562 0.405341 0.255282 0.403684 0.250998 0.401319 0.248996
0 0.282337 0.228419 0.288233 0.249253 0.290654 0.252120 0.293743 0.250565 0.309033 0.242533 0.309343 0.238521 0.309365 0.238141 0.309223 0.237331 0.308937 0.236215 0.306016 0.225893 0.305630 0.224636 0.305200 0.223425 0.304792 0.222444 0.304468 0.221841 0.301087 0.218985
0 0.433194 0.529828 0.433841 0.534051 0.435650 0.537623 0.438347 0.540001 0.441521 0.540820 0.444689 0.539958 0.444725 0.539933 0.447403 0.537522 0.449184 0.533927 0.449737 0.531043 0.449945 0.529611 0.449727 0.528182 0.449152 0.525477 0.447344 0.521907 0.444649 0.519532 0.442722 0.518935 0.441648 0.518658 0.440576 0.518950 0.438311 0.519574 0.438271 0.519586 0.435592 0.521999 0.433809 0.525596
0 0.380991 0.676814 0.389328 0.695933 0.395063 0.691487 0.396497 0.690375 0.396734 0.689939 0.396911 0.689613 0.388608 0.670571 0.381468 0.676106
0 0.523811 0.602105 0.524644 0.606257 0.524743 0.606684 0.526711 0.610108 0.528561 0.611534 0.529513 0.612267 0.530602 0.612459 0.532721 0.612832 0.535847 0.611718 0.538415 0.609093 0.540034 0.605358 0.540458 0.601081 0.539622 0.596912 0.539464 0.596525 0.537503 0.593114 0.535660 0.591694 0.534772 0.591120 0.533628 0.590773 0.531518 0.590401 0.528404 0.591511 0.525846 0.594125 0.524781 0.596582 0.524275 0.598013 0.524090 0.599292
0 0.634496 0.348713 0.634520 0.349833 0.634623 0.351185 0.634789 0.352562 0.634993 0.353760 0.635120 0.354260 0.635280 0.354735 0.635391 0.354943 0.652053 0.352614 0.653295 0.352336 0.660334 0.350759 0.660569 0.350477 0.660699 0.349480 0.660702 0.347915 0.660578 0.346022 0.660345 0.344094 0.660040 0.342426 0.659710 0.341276 0.659405 0.340819 0.652352 0.342405 0.651108 0.342685 0.634686 0.347788 0.634554 0.347995
0 0.282632 0.659444 0.282921 0.681610 0.299545 0.681225 0.300464 0.680394 0.300176 0.658331 0.283628 0.658713
0 0.461516 0.463224 0.462824 0.465592 0.462974 0.465707 0.471861 0.470544 0.472151 0.470193 0.472586 0.469469 0.473101 0.468480 0.473615 0.467379 0.474050 0.466335 0.474340 0.465508 0.474439 0.465024 0.467283 0.456483 0.467124 0.456388 0.464958 0.455856 0.464583 0.456346 0.464014 0.457326 0.463337 0.458645 0.462655 0.460106 0.462070 0.461488 0.461670 0.462582
0 0.594524 0.644832 0.595150 0.647187 0.595383 0.647532 0.595962 0.648300 0.613796 0.668891 0.614094 0.668834 0.614511 0.668538 0.614984 0.668047 0.615441 0.667436 0.615811 0.666798 0.616039 0.666232 0.616089 0.665824 0.600559 0.642150 0.600317 0.641814 0.599739 0.641047 0.597967 0.640226 0.597541 0.640346 0.596933 0.640816 0.596235 0.641565 0.595552 0.642479 0.594987 0.643420 0.594626 0.644246
0 0.567059 0.393047 0.654977 0.454603 0.655691 0.454394 0.663421 0.434767 0.575097 0.372927 0.574753 0.373510
0 0.300897 0.777411 0.304612 0.787328 0.312049 0.782375 0.312911 0.781080 0.309213 0.771210 0.301810 0.776140
