0 0.708107 0.249632 0.863497 0.433429 0.926153 0.383782 0.926689 0.380335 0.771411 0.195854 0.709605 0.246777
0 0.589592 0.995415 0.590006 0.997696 0.669263 1.000000 0.670043 1.000000 0.697616 0.766772 0.696709 0.765550 0.617038 0.756401
0 0.411967 0.530971 0.525396 0.743067 0.596169 0.707161 0.598606 0.703858 0.484393 0.492413 0.413572 0.526910
0 0.252708 0.504647 0.253160 0.506483 0.253997 0.507237 0.328846 0.523765 0.329881 0.523309 0.331017 0.521725 0.332079 0.519256 0.336632 0.504687 0.353610 0.426127 0.355481 0.410976 0.355533 0.408287 0.355153 0.406374 0.354399 0.405530 0.279402 0.389685 0.278329 0.390025 0.277160 0.391509 0.276073 0.393911 0.275235 0.396867 0.253168 0.498971 0.252711 0.502009
0 0.000000 0.765577 0.065615 0.804147 0.066289 0.803346 0.067446 0.801600 0.068909 0.799175 0.070456 0.796439 0.120483 0.705261 0.121889 0.702612 0.122951 0.700435 0.123506 0.699062 0.123470 0.698701 0.053173 0.660131 0.052487 0.660807 0.051316 0.662453 0.049839 0.664819 0.048281 0.667545 0.001094 0.753988 0.000000 0.756400
0 0.653610 0.245373 0.653623 0.246187 0.653931 0.248059 0.654486 0.250702 0.655203 0.253715 0.680490 0.354594 0.681266 0.357539 0.681987 0.359987 0.682545 0.361568 0.682853 0.362039 0.760630 0.342543 0.760710 0.341812 0.760481 0.340006 0.759977 0.337398 0.759275 0.334386 0.733872 0.233043 0.733083 0.230107 0.732334 0.227714 0.731738 0.226229 0.731386 0.225877
0 0.488201 0.619251 0.488650 0.634939 0.494111 0.714234 0.495731 0.728540 0.496131 0.730867 0.496582 0.732204 0.497015 0.732345 0.576896 0.728394 0.577310 0.727314 0.577572 0.725180 0.577641 0.722317 0.577506 0.719162 0.569877 0.615877 0.569564 0.612969 0.569120 0.610731 0.568613 0.609505 0.568120 0.609474 0.488786 0.613018 0.488445 0.614185 0.488240 0.616374
0 0.835615 0.530005 0.871040 0.548581 0.876199 0.549257 0.930952 0.532175 0.949787 0.496258 0.913869 0.477423 0.908194 0.477732 0.869355 0.489849 0.854192 0.494580
0 0.846480 0.218538 0.851336 0.237623 0.879278 0.263259 0.920450 0.262207 0.936524 0.261796 0.966263 0.234686 0.960005 0.215636 0.932604 0.190038 0.875627 0.191494
0 0.508326 0.478598 0.508667 0.479476 0.509661 0.481915 0.511154 0.485542 0.512920 0.489806 0.534713 0.542295 0.536492 0.546568 0.538021 0.550219 0.539068 0.552694 0.539472 0.553614 0.553682 0.565490 0.598374 0.546934 0.588158 0.520768 0.566109 0.467666 0.554636 0.441594 0.509944 0.460150
0 0.435796 0.312254 0.440526 0.330158 0.487722 0.340849 0.494070 0.314550 0.506567 0.259379 0.512920 0.229608 0.465724 0.218918 0.453740 0.233036 0.453475 0.233581 0.452842 0.235846 0.451936 0.239487 0.450897 0.243950 0.438255 0.299763 0.437245 0.304345 0.436423 0.308330 0.435914 0.311106
0 0.455503 0.104698 0.477809 0.125735 0.521702 0.161421 0.544003 0.176651 0.574530 0.139103 0.567198 0.122098 0.566572 0.121016 0.564606 0.118931 0.561600 0.116161 0.558012 0.113129 0.513608 0.077028 0.510001 0.074210 0.506941 0.072048 0.504895 0.070871 0.486030 0.067151
0 0.767499 0.721235 0.767565 0.723573 0.767910 0.727271 0.768482 0.731769 0.769195 0.736389 0.769941 0.740433 0.770607 0.743289 0.771092 0.744519 0.782303 0.752746 0.798330 0.750487 0.792682 0.710421 0.789337 0.708016 0.773494 0.710249 0.767724 0.720617
0 0.771983 0.167007 0.778682 0.181537 0.815008 0.164790 0.818649 0.160915 0.811873 0.146216 0.798755 0.143769 0.796708 0.144468 0.793363 0.145846 0.789232 0.147693 0.784948 0.149726 0.781170 0.151632 0.778476 0.153119 0.777274 0.153961
0 0.240108 0.341063 0.241296 0.341789 0.278464 0.356572 0.293247 0.319404 0.292298 0.318575 0.254959 0.303724
0 0.800916 0.279175 0.826352 0.310076 0.857781 0.285243 0.858525 0.282330 0.833159 0.251442 0.801909 0.276295
0 0.696432 0.181815 0.736363 0.184158 0.739095 0.180507 0.741940 0.132035 0.732408 0.124595 0.730050 0.124021 0.726302 0.123509 0.721735 0.123138 0.717051 0.122966 0.712970 0.123018 0.710116 0.123287 0.708922 0.123730 0.701547 0.129665 0.699244 0.133897
0 0.595243 0.083132 0.610094 0.128776 0.621023 0.132283 0.621736 0.132484 0.624082 0.132086 0.627701 0.131153 0.632045 0.129825 0.636457 0.128304 0.640273 0.126818 0.642915 0.125593 0.643977 0.124815 0.648132 0.116401 0.649844 0.111966 0.634822 0.065794 0.596344 0.078312
0 0.765891 0.483822 0.784138 0.519417 0.787423 0.519642 0.830631 0.497492 0.832668 0.486447 0.832688 0.485611 0.831865 0.483260 0.830322 0.479753 0.828295 0.475623 0.826095 0.471506 0.824060 0.468035 0.822502 0.465739 0.821657 0.464967 0.812173 0.461485 0.808606 0.461925
0 0.817730 0.827330 0.817884 0.831160 0.820554 0.839027 0.822493 0.843458 0.825826 0.845258 0.830828 0.847157 0.840298 0.846483 0.843694 0.845589 0.847281 0.842490 0.850510 0.837653 0.852881 0.831821 0.854029 0.825893 0.853781 0.820780 0.852178 0.817263 0.845697 0.810586 0.842325 0.808859 0.837341 0.806940 0.833117 0.808129 0.825437 0.812583 0.822773 0.814928 0.820375 0.818551 0.818605 0.822904
0 0.377864 0.432586 0.383835 0.442641 0.383993 0.442719 0.385897 0.443169 0.389251 0.443923 0.393547 0.444865 0.398134 0.445853 0.402322 0.446739 0.405476 0.447389 0.407117 0.447702 0.416663 0.441040 0.417933 0.435148 0.416178 0.424481 0.416026 0.424345 0.413529 0.423711 0.409061 0.422675 0.403302 0.421394 0.397137 0.420066 0.391517 0.418894 0.387306 0.418060 0.385144 0.417690 0.379136 0.426681
0 0.810513 0.967146 0.814961 0.976840 0.815667 0.977912 0.820024 0.982095 0.831520 0.982106 0.833183 0.981404 0.835812 0.979456 0.839009 0.976555 0.842281 0.973146 0.845125 0.969755 0.847107 0.966900 0.847925 0.965018 0.847378 0.953603 0.846601 0.952586 0.842253 0.948412 0.832352 0.944398 0.830143 0.945392 0.826664 0.948018 0.822442 0.951877 0.818114 0.956386 0.814330 0.960866 0.811660 0.964644
0 0.669580 0.406218 0.671786 0.413723 0.676695 0.419813 0.683563 0.423560 0.691341 0.424394 0.698846 0.422188 0.699188 0.422054 0.705289 0.417136 0.709042 0.410257 0.709878 0.402465 0.707668 0.394948 0.702750 0.388847 0.695871 0.385094 0.688079 0.384258 0.680561 0.386468 0.680251 0.386663 0.674161 0.391572 0.670414 0.398440
0 0.148360 0.134728 0.151226 0.142021 0.156664 0.147663 0.157254 0.148268 0.164425 0.151394 0.172247 0.151538 0.179527 0.148677 0.185160 0.143248 0.188285 0.136077 0.188429 0.128255 0.185568 0.120975 0.185026 0.120322 0.179589 0.114680 0.172405 0.111549 0.164570 0.111405 0.157277 0.114271 0.151635 0.119709 0.148504 0.126893
