0 0.407484 0.151885 0.408541 0.155863 0.448534 0.156629 0.449453 0.108638 0.448868 0.104114 0.441282 0.097687 0.440284 0.097138 0.437595 0.096636 0.433621 0.096259 0.428970 0.096063 0.424356 0.096081 0.420488 0.096309 0.417958 0.096711 0.417148 0.097225 0.408413 0.103339
0 0.356251 0.753257 0.369927 0.799847 0.408751 0.788450 0.409794 0.785153 0.396274 0.739097 0.385550 0.734534 0.384821 0.734483 0.382445 0.734957 0.378787 0.735881 0.374403 0.737116 0.369952 0.738475 0.366107 0.739753 0.363451 0.740757 0.362389 0.741333
0 0.806853 0.151651 0.807365 0.159457 0.810826 0.166472 0.816707 0.171630 0.824115 0.174143 0.831921 0.173632 0.838936 0.170171 0.839520 0.169603 0.844687 0.163711 0.847204 0.156291 0.846692 0.148471 0.843225 0.141444 0.837334 0.136277 0.829913 0.133759 0.822093 0.134272 0.815066 0.137739 0.809899 0.143630 0.809367 0.144243
0 0.530517 0.170194 0.530850 0.178013 0.534149 0.185110 0.539913 0.190403 0.547264 0.193089 0.555083 0.192756 0.562180 0.189457 0.567473 0.183693 0.570159 0.176343 0.570280 0.175785 0.569947 0.167953 0.566642 0.160843 0.560868 0.155541 0.553505 0.152851 0.545672 0.153184 0.538563 0.156489 0.533261 0.162263 0.530570 0.169626
0 0.059828 0.539277 0.059995 0.543645 0.060422 0.548350 0.061044 0.552670 0.061764 0.555941 0.062472 0.557667 0.071512 0.564786 0.077528 0.564240 0.078474 0.564095 0.088029 0.559275 0.088494 0.556790 0.088614 0.552313 0.088373 0.546527 0.087807 0.540302 0.087003 0.534575 0.086080 0.530211 0.085178 0.527870 0.074911 0.524847 0.073957 0.524905 0.067941 0.525451 0.060330 0.534076 0.059946 0.535917
0 0.158561 0.174315 0.159779 0.182056 0.163865 0.188743 0.164443 0.189278 0.170766 0.193882 0.178371 0.195718 0.186098 0.194502 0.192773 0.190423 0.197378 0.184099 0.199213 0.176495 0.197998 0.168767 0.193919 0.162092 0.193392 0.161511 0.187057 0.156898 0.179440 0.155059 0.171699 0.156277 0.165012 0.160363 0.160400 0.166698
0 0.236776 0.834185 0.236998 0.834887 0.283688 0.898193 0.284835 0.898086 0.286769 0.897237 0.289197 0.895778 0.302086 0.886840 0.365283 0.837180 0.376302 0.827332 0.378024 0.825530 0.378902 0.824168 0.378801 0.823454 0.331561 0.760579 0.330460 0.760569 0.328563 0.761316 0.326160 0.762707 0.323617 0.764530 0.241480 0.829073 0.239202 0.831039 0.237550 0.832834
0 0.233663 0.367268 0.252439 0.443684 0.252996 0.444255 0.254661 0.444468 0.257182 0.444290 0.260173 0.443748 0.362025 0.420540 0.365012 0.419720 0.367519 0.418752 0.369165 0.417785 0.369699 0.416965 0.351605 0.340393 0.350961 0.339908 0.349220 0.339770 0.346650 0.339998 0.331833 0.342427 0.253467 0.360283 0.238638 0.364610 0.236063 0.365553 0.234315 0.366487
0 0.552780 0.620533 0.552947 0.623629 0.563526 0.727554 0.563980 0.730559 0.564650 0.732995 0.565432 0.734491 0.566208 0.734821 0.644231 0.728281 0.644819 0.727398 0.645192 0.725430 0.645296 0.722680 0.644738 0.707222 0.636598 0.627261 0.634076 0.612469 0.633438 0.609970 0.632703 0.608378 0.631980 0.607939 0.554028 0.615174 0.553366 0.615957 0.552927 0.617839
0 0.641272 0.247969 0.641337 0.252056 0.641501 0.256719 0.641739 0.261256 0.642016 0.264979 0.642288 0.267327 0.642516 0.267938 0.650543 0.276885 0.692252 0.315100 0.700244 0.314751 0.702559 0.312609 0.699025 0.231761 0.650516 0.233882 0.641462 0.243823 0.641316 0.245077
0 0.701960 0.557516 0.706975 0.563748 0.709368 0.564485 0.772414 0.513751 0.741973 0.475923 0.728955 0.474445 0.727938 0.475054 0.725650 0.476718 0.722442 0.479183 0.718798 0.482074 0.715268 0.484956 0.712386 0.487393 0.710587 0.489017 0.710150 0.489578 0.708045 0.501276
0 0.183917 0.129442 0.203485 0.164965 0.207551 0.169560 0.277623 0.130960 0.258323 0.095924 0.257770 0.094999 0.219440 0.109874
0 0.263191 0.611879 0.287058 0.634925 0.289635 0.637305 0.311263 0.656298 0.322716 0.666308 0.334419 0.666280 0.335769 0.665017 0.338135 0.662607 0.341154 0.659418 0.344364 0.655938 0.347271 0.652703 0.349430 0.650209 0.350513 0.648834 0.365728 0.619834 0.365987 0.618848 0.365685 0.616907 0.364867 0.614307 0.363659 0.611443 0.362246 0.608756 0.360843 0.606656 0.359665 0.605463 0.290526 0.582404 0.288718 0.584254 0.286533 0.586580 0.281598 0.591868 0.276162 0.597724 0.268763 0.605733 0.263858 0.611084
0 0.474587 0.460490 0.533473 0.502589 0.535150 0.502986 0.537690 0.502999 0.540705 0.502625 0.543733 0.501921 0.546311 0.500995 0.548045 0.499989 0.548671 0.499057 0.563502 0.470470 0.564027 0.469018 0.564828 0.465993 0.565784 0.461855 0.566747 0.457237 0.567570 0.452850 0.568126 0.449366 0.568332 0.447318 0.568156 0.447012 0.561562 0.437913 0.546726 0.434250 0.518645 0.427441 0.515211 0.426737 0.482620 0.421002 0.482287 0.421552 0.480735 0.428310 0.478506 0.438838 0.476918 0.446716 0.475524 0.454010 0.474939 0.457344
0 0.383296 0.888310 0.383300 0.889776 0.384233 0.891804 0.385952 0.894087 0.388197 0.896274 0.390622 0.898030 0.392857 0.899087 0.394560 0.899285 0.466373 0.894495 0.467919 0.890211 0.469192 0.886572 0.471778 0.879107 0.474428 0.871399 0.477786 0.861547 0.479732 0.855740 0.461235 0.848659 0.448645 0.843970 0.445332 0.842819 0.403495 0.830173 0.392698 0.834780 0.392290 0.835511 0.391336 0.837880 0.389982 0.841530 0.388433 0.845904 0.386927 0.850329 0.385697 0.854127 0.384929 0.856715 0.384741 0.857702
0 0.051852 0.774780 0.052530 0.776746 0.054073 0.779008 0.056247 0.781220 0.058719 0.783042 0.061109 0.784195 0.063054 0.784505 0.133675 0.780452 0.136386 0.776574 0.138087 0.773084 0.141165 0.765792 0.144030 0.758159 0.147273 0.748268 0.148683 0.742274 0.130215 0.734861 0.117424 0.729869 0.114141 0.728669 0.072646 0.715386 0.071010 0.715999 0.061473 0.719710 0.060616 0.720283 0.059231 0.722499 0.057530 0.726027 0.055772 0.730327 0.054227 0.734739 0.053133 0.738585 0.052657 0.741276
0 0.173096 0.690498 0.192383 0.710602 0.223988 0.737270 0.236328 0.747682 0.260269 0.764052 0.291476 0.727068 0.284455 0.709932 0.284037 0.709062 0.282279 0.707141 0.279451 0.704463 0.275983 0.701434 0.232547 0.664783 0.228950 0.661850 0.225755 0.659447 0.223446 0.657936 0.222376 0.657551 0.204303 0.653513
0 0.380192 0.671300 0.393018 0.697922 0.420638 0.748351 0.434983 0.771337 0.477425 0.748091 0.477054 0.729576 0.476643 0.728466 0.475412 0.725916 0.473551 0.722316 0.471342 0.718211 0.444041 0.668365 0.441809 0.664362 0.439885 0.661051 0.438559 0.658934 0.438036 0.658337 0.422634 0.648054
