0 0.723662 0.901665 0.724136 0.902950 0.725675 0.904491 0.728045 0.906052 0.730887 0.907395 0.828030 0.945808 0.830891 0.946720 0.833315 0.947055 0.834934 0.946763 0.835502 0.945889 0.866147 0.875907 0.865551 0.874638 0.863905 0.873113 0.861464 0.871564 0.847358 0.864439 0.772615 0.834884 0.758445 0.830828 0.755979 0.830437 0.754298 0.830646 0.753658 0.831426
0 0.000000 0.325369 0.030601 0.305025 0.010257 0.270585 0.008008 0.269531 0.000000 0.284587
0 0.673535 0.628819 0.674332 0.629410 0.710392 0.647141 0.728123 0.611080 0.692062 0.593350 0.691184 0.592923
0 0.571553 0.040121 0.575136 0.053718 0.589426 0.060917 0.607422 0.025194 0.608664 0.019705 0.594210 0.012423 0.582413 0.018564 0.582109 0.018750 0.581021 0.020552 0.579314 0.023701 0.577250 0.027714 0.575145 0.031977 0.573323 0.035833 0.572062 0.038692
0 0.129294 0.762997 0.165603 0.780440 0.167135 0.779155 0.184499 0.743013 0.148357 0.725649 0.146738 0.726687
0 0.581257 0.090845 0.594232 0.128785 0.632172 0.115810 0.632781 0.114042 0.619746 0.075927 0.581632 0.088961
0 0.204808 0.647374 0.205666 0.651275 0.208871 0.658510 0.213278 0.665398 0.220372 0.673422 0.226303 0.677213 0.242542 0.667109 0.254252 0.659757 0.256950 0.657939 0.289338 0.633980 0.292453 0.631052 0.293838 0.620885 0.293896 0.617993 0.292772 0.614230 0.290636 0.610172 0.287815 0.606442 0.284741 0.603612 0.250201 0.582646 0.247952 0.582298 0.245110 0.582599 0.242110 0.583505 0.239412 0.584877 0.237428 0.586504 0.236460 0.588138 0.206268 0.641468
0 0.467078 0.061676 0.467454 0.066685 0.519985 0.127021 0.556187 0.095502 0.556836 0.090826 0.557674 0.081496 0.557146 0.080249 0.555488 0.077800 0.552951 0.074522 0.549921 0.070914 0.523413 0.040467 0.520364 0.037094 0.517772 0.034481 0.516032 0.033026 0.503698 0.029792
0 0.584302 0.894647 0.586274 0.903879 0.606058 0.948841 0.617382 0.951097 0.619944 0.950540 0.623672 0.949282 0.627997 0.947513 0.632253 0.945506 0.635787 0.943569 0.638059 0.941999 0.638726 0.941035 0.643527 0.932354 0.640247 0.922472 0.620914 0.878537
0 0.168919 0.728188 0.169025 0.728744 0.172226 0.740709 0.217536 0.758163 0.220764 0.755213 0.249522 0.680561 0.204731 0.663306 0.192164 0.668679 0.191427 0.669760 0.190138 0.672398 0.188494 0.676193 0.186746 0.680564 0.172234 0.718234 0.170654 0.722501 0.169490 0.725996
0 0.467225 0.676899 0.471216 0.725290 0.551867 0.718638 0.547876 0.670248 0.547328 0.668302 0.538879 0.661411 0.537914 0.661273 0.535270 0.661308 0.531354 0.661508 0.526759 0.661845 0.486803 0.665140 0.482211 0.665562 0.478305 0.666006 0.475676 0.666406 0.474729 0.666702 0.467599 0.674878
0 0.666617 0.561116 0.688085 0.594867 0.690700 0.596186 0.759141 0.552653 0.737375 0.518433 0.734119 0.518180
0 0.674876 0.695945 0.674983 0.698319 0.675305 0.702048 0.675793 0.706567 0.676373 0.711194 0.676957 0.715231 0.677458 0.718067 0.677798 0.719267 0.688305 0.727575 0.736532 0.721947 0.731842 0.681757 0.729192 0.679680 0.681516 0.685244 0.675000 0.695292
0 0.035573 0.669966 0.070830 0.689819 0.075735 0.687650 0.099287 0.645825 0.093903 0.634638 0.092082 0.633207 0.088985 0.631192 0.085082 0.628900 0.080962 0.626674 0.077246 0.624852 0.074497 0.623710 0.073135 0.623422 0.059397 0.627657
0 0.718582 0.940273 0.718660 0.942372 0.718980 0.945915 0.719491 0.950366 0.720117 0.955053 0.720764 0.959268 0.721334 0.962374 0.721739 0.963895 0.732553 0.973545 0.780736 0.967546 0.775736 0.927393 0.772585 0.922509 0.724953 0.928440 0.718757 0.939942
