0 0.460047 0.526552 0.460202 0.527101 0.463854 0.532403 0.464240 0.532640 0.465150 0.532184 0.465531 0.531972 0.468109 0.528331 0.471700 0.523097 0.471903 0.522545 0.471847 0.521913 0.470807 0.518559 0.468455 0.516965 0.468005 0.516860 0.467450 0.517168 0.467047 0.517428 0.462914 0.522578 0.460213 0.526029
0 0.481136 0.387744 0.481470 0.389854 0.481502 0.390044 0.482414 0.391821 0.483767 0.392996 0.485354 0.393392 0.486935 0.392948 0.488267 0.391731 0.489149 0.389927 0.489446 0.387811 0.489427 0.387617 0.489094 0.385507 0.488180 0.383727 0.486824 0.382550 0.485234 0.382153 0.483651 0.382598 0.482317 0.383817 0.481433 0.385624
0 0.532914 0.587813 0.541412 0.611671 0.542381 0.614283 0.544418 0.614807 0.544650 0.614851 0.545196 0.614668 0.545970 0.614286 0.546857 0.613763 0.547718 0.613180 0.548422 0.612625 0.548861 0.612185 0.548969 0.611925 0.549953 0.609324 0.542763 0.589104 0.541314 0.585035 0.540369 0.583091
0 0.565678 0.542280 0.565937 0.544928 0.566169 0.546353 0.566793 0.547552 0.568205 0.550029 0.570922 0.552358 0.570968 0.552392 0.574149 0.553159 0.577308 0.552244 0.579964 0.549787 0.581712 0.546162 0.582287 0.541921 0.581601 0.537709 0.579759 0.534167 0.577040 0.531836 0.576990 0.531815 0.573811 0.531049 0.571516 0.531560 0.570447 0.531870 0.569548 0.532701 0.568000 0.534419 0.566252 0.538042
0 0.589086 0.537826 0.589195 0.538446 0.589439 0.539408 0.589783 0.540566 0.590174 0.541745 0.590552 0.542767 0.590862 0.543478 0.591055 0.543768 0.592790 0.544644 0.593863 0.545160 0.603104 0.539998 0.599878 0.529730 0.598736 0.529391 0.589601 0.534494
0 0.487363 0.599955 0.503929 0.600961 0.504684 0.578872 0.504665 0.578556 0.488165 0.577554 0.488118 0.577866
0 0.410693 0.572129 0.416572 0.592862 0.494323 0.553671 0.494349 0.553425 0.488497 0.532786 0.411102 0.571798
0 0.438370 0.402935 0.438667 0.414029 0.438919 0.420506 0.438969 0.421255 0.439027 0.421780 0.439084 0.422002 0.442425 0.422956 0.449874 0.422615 0.452357 0.422501 0.455639 0.421245 0.455673 0.421131 0.455693 0.420698 0.455695 0.420013 0.455681 0.419180 0.455191 0.402544 0.454987 0.402175
0 0.488386 0.386980 0.494545 0.394368 0.495556 0.393498 0.500514 0.385461 0.494360 0.378045 0.493355 0.378981
0 0.562626 0.402848 0.566038 0.424396 0.574118 0.422122 0.574246 0.421988 0.574416 0.421809 0.570991 0.400174 0.567746 0.401087 0.562878 0.402457
0 0.517764 0.285932 0.517895 0.286283 0.526268 0.305252 0.543803 0.291491 0.544180 0.291189 0.544551 0.290879 0.544913 0.290563 0.545260 0.290245 0.545587 0.289931 0.545401 0.288989 0.545350 0.288735 0.543661 0.284908 0.538593 0.273426 0.536903 0.269598 0.536556 0.269830 0.536193 0.270090 0.535820 0.270374 0.535444 0.270676 0.535067 0.270994
0 0.538771 0.481278 0.539269 0.483141 0.540263 0.484608 0.541603 0.485456 0.543084 0.485555 0.543160 0.485530 0.543517 0.485410 0.543594 0.485384 0.545008 0.484713 0.546121 0.483371 0.546765 0.481563 0.546840 0.479565 0.546336 0.477680 0.545330 0.476195 0.543974 0.475338 0.542476 0.475237 0.541062 0.475909 0.540989 0.475951 0.540653 0.476148 0.540582 0.476190 0.539481 0.477516 0.538846 0.479303
0 0.309515 0.503807 0.323039 0.516699 0.323850 0.516622 0.352723 0.462776 0.339261 0.449943 0.338521 0.449713
0 0.520270 0.631348 0.521122 0.637135 0.521125 0.637155 0.521173 0.637471 0.521405 0.638731 0.521981 0.639776 0.522813 0.640449 0.523775 0.640645 0.527886 0.640886 0.532079 0.640155 0.533024 0.639845 0.533808 0.639078 0.534312 0.637968 0.534460 0.636686 0.534813 0.630793 0.534092 0.625614 0.533860 0.624354 0.533782 0.624068 0.533777 0.624050 0.533203 0.623007 0.532373 0.622337 0.531413 0.622141 0.527182 0.621279 0.524438 0.622176 0.522187 0.622938 0.521405 0.623704 0.520902 0.624811 0.520755 0.626090
0 0.438236 0.481956 0.438492 0.484997 0.444147 0.489738 0.446974 0.492108 0.447579 0.492198 0.465155 0.454933 0.464753 0.454413 0.461926 0.452042 0.456272 0.447301 0.454145 0.448225 0.453984 0.448371 0.453644 0.448924 0.453178 0.449801 0.452657 0.450867 0.448222 0.460269 0.439353 0.479074 0.438860 0.480158 0.438475 0.481087 0.438256 0.481718
0 0.575090 0.476550 0.583910 0.489655 0.586116 0.492931 0.586511 0.492899 0.587720 0.492800 0.588130 0.492766 0.603219 0.474713 0.603106 0.471599 0.602544 0.470762 0.594664 0.459054 0.594101 0.458218 0.591935 0.457948 0.590247 0.458720 0.589834 0.458909
