0 0.508590 0.425586 0.508929 0.425802 0.509581 0.426087 0.510448 0.426400 0.511395 0.426690 0.512279 0.426915 0.512963 0.427038 0.513342 0.427043 0.517065 0.415167 0.517089 0.415000 0.516760 0.412076 0.516296 0.411811 0.515420 0.411448 0.514267 0.411044 0.513009 0.410658 0.511837 0.410349 0.510926 0.410164 0.510416 0.410131 0.509164 0.412571 0.509123 0.412731
0 0.443957 0.581710 0.451984 0.584591 0.452204 0.584204 0.454354 0.573551 0.446365 0.570683 0.446118 0.571009
0 0.431443 0.443214 0.471903 0.482094 0.472032 0.482175 0.481708 0.464276 0.481623 0.464111 0.441163 0.425232
0 0.410387 0.538515 0.411676 0.541543 0.412063 0.541906 0.412726 0.542411 0.413562 0.542981 0.421050 0.547848 0.421930 0.548394 0.422717 0.548831 0.423289 0.549092 0.423561 0.549138 0.425397 0.548272 0.426250 0.547720 0.426973 0.545742 0.431852 0.507285 0.424433 0.502462 0.423559 0.502491
0 0.427650 0.550129 0.444084 0.553094 0.444212 0.552972 0.444307 0.552881 0.445415 0.541969 0.429047 0.539016 0.428925 0.539083 0.428762 0.539173 0.428539 0.541364 0.427872 0.547938
0 0.476236 0.451349 0.492547 0.489979 0.492581 0.490025 0.507001 0.479201 0.507033 0.479105 0.490722 0.440475
0 0.578759 0.550156 0.580244 0.552861 0.580336 0.552922 0.581742 0.553848 0.594973 0.557312 0.597179 0.555670 0.601085 0.529146 0.598775 0.528480 0.582576 0.524238
0 0.509986 0.481199 0.511071 0.491603 0.514748 0.495132 0.522414 0.492496 0.528986 0.479492 0.527843 0.469222 0.524327 0.465372 0.516589 0.468133 0.511840 0.477530
0 0.491262 0.436205 0.491303 0.436353 0.491578 0.436578 0.492045 0.436845 0.496486 0.438875 0.504402 0.442142 0.504756 0.441603 0.509459 0.420554 0.497678 0.415570 0.497058 0.415337 0.496503 0.415172 0.496096 0.415099 0.495901 0.415130 0.494178 0.419036 0.492091 0.428527 0.491398 0.431681
0 0.528417 0.404914 0.534644 0.412138 0.541146 0.402175 0.542108 0.399887 0.541768 0.397204 0.541679 0.396898 0.541313 0.396302 0.540726 0.395506 0.540006 0.394631 0.539266 0.393813 0.538618 0.393176 0.538162 0.392819 0.535735 0.392494 0.529082 0.402690
0 0.564928 0.398496 0.565057 0.403587 0.565278 0.410827 0.565432 0.411409 0.565813 0.411788 0.568365 0.413050 0.570902 0.411785 0.571279 0.411405 0.571425 0.410821 0.571510 0.410166 0.571626 0.402514 0.571686 0.397430 0.571522 0.396904 0.571115 0.396682 0.565650 0.396702 0.565247 0.396928 0.565091 0.397454
0 0.528600 0.502144 0.544175 0.509438 0.544378 0.509481 0.560865 0.446895 0.545218 0.439567 0.545012 0.439843
0 0.563739 0.543037 0.572352 0.549557 0.573189 0.550130 0.575122 0.549078 0.575315 0.548922 0.575666 0.548350 0.576123 0.547446 0.576616 0.546350 0.580728 0.536691 0.581179 0.535573 0.581518 0.534607 0.581694 0.533941 0.581679 0.533677 0.581433 0.530767 0.572720 0.524172 0.571889 0.523896
0 0.364602 0.691696 0.370095 0.699978 0.382517 0.685329 0.383054 0.684482 0.377586 0.676238 0.365221 0.690820
0 0.569302 0.569003 0.570764 0.579861 0.571751 0.580974 0.580008 0.578997 0.578525 0.567988 0.577446 0.567053
0 0.525861 0.437273 0.526665 0.437929 0.527073 0.438008 0.527494 0.438085 0.527922 0.438157 0.528350 0.438224 0.528775 0.438285 0.548476 0.441016 0.550543 0.418988 0.550365 0.418755 0.529940 0.415494 0.529504 0.415427 0.529080 0.415369 0.528671 0.415321 0.528285 0.415282 0.527927 0.415255 0.526274 0.432869
0 0.544008 0.430345 0.544321 0.432458 0.545217 0.434249 0.546559 0.435447 0.548143 0.435870 0.549727 0.435452 0.551070 0.434258 0.551158 0.434144 0.552058 0.432352 0.552376 0.430237 0.552062 0.428121 0.551165 0.426327 0.549820 0.425126 0.548234 0.424703 0.546647 0.425122 0.545301 0.426318 0.545223 0.426445 0.544325 0.428234
