0 0.521854 0.383079 0.521859 0.383230 0.534298 0.410488 0.534774 0.411385 0.536453 0.412639 0.536747 0.412530 0.537300 0.412140 0.538029 0.411530 0.538822 0.410792 0.539561 0.410036 0.540133 0.409378 0.540452 0.408916 0.540469 0.408723 0.540125 0.406160 0.539648 0.405263 0.524516 0.380600 0.524310 0.380647 0.523933 0.380887 0.523441 0.381284 0.522911 0.381778 0.522422 0.382293 0.522051 0.382749
0 0.566005 0.446719 0.574185 0.448383 0.574526 0.448145 0.575780 0.437189 0.567563 0.435517 0.567253 0.435813
0 0.248667 0.649796 0.250487 0.653604 0.255992 0.660324 0.257827 0.662563 0.260895 0.664722 0.261028 0.664689 0.261330 0.664410 0.261754 0.663928 0.262235 0.663315 0.262701 0.662665 0.270726 0.650710 0.258518 0.635809 0.257366 0.636493 0.251805 0.644638 0.248944 0.649118 0.248713 0.649565
0 0.324153 0.529760 0.333119 0.535724 0.335026 0.535316 0.336398 0.534588 0.336698 0.534316 0.337120 0.533636 0.337601 0.532650 0.338068 0.531508 0.338450 0.530383 0.338689 0.529444 0.338749 0.528833 0.338711 0.525468 0.335010 0.510707 0.333533 0.509725 0.331608 0.509837
0 0.531756 0.572938 0.532832 0.576256 0.533053 0.576446 0.533596 0.576786 0.534380 0.577226 0.535284 0.577696 0.543077 0.581620 0.543960 0.582048 0.544685 0.582368 0.545140 0.582531 0.545258 0.582511 0.547709 0.581561 0.554787 0.556566 0.554161 0.555919 0.538717 0.548144 0.537551 0.552262
0 0.508506 0.742697 0.508945 0.764712 0.508981 0.765776 0.525558 0.765189 0.525118 0.743086 0.525018 0.742113
0 0.345501 0.594055 0.345568 0.596210 0.346248 0.598168 0.347438 0.599629 0.348956 0.600372 0.350573 0.600283 0.352040 0.599377 0.352295 0.599206 0.353389 0.597622 0.353945 0.595601 0.353879 0.593449 0.353200 0.591496 0.352012 0.590037 0.350496 0.589295 0.348883 0.589384 0.348623 0.589538 0.347155 0.590444 0.346059 0.592030
0 0.436119 0.491944 0.443997 0.495481 0.444253 0.495501 0.449534 0.474590 0.449301 0.474473 0.441424 0.470937
0 0.512175 0.538501 0.512184 0.539293 0.512504 0.549552 0.512577 0.551498 0.512824 0.551848 0.513407 0.551968 0.528255 0.551145 0.528839 0.550961 0.529090 0.550583 0.529159 0.547308 0.528693 0.537586
0 0.501116 0.399381 0.502762 0.410192 0.518979 0.405803 0.519067 0.405369 0.517413 0.394508 0.501121 0.398918
0 0.416413 0.569084 0.416778 0.569301 0.417164 0.569521 0.417564 0.569739 0.417971 0.569952 0.418382 0.570158 0.437325 0.579473 0.443459 0.558984 0.443402 0.558752 0.424505 0.548695 0.424098 0.548481 0.423695 0.548277 0.423300 0.548083 0.422918 0.547903 0.422557 0.547739 0.417656 0.564108 0.416431 0.568200 0.416417 0.568877
0 0.432250 0.413159 0.432335 0.413631 0.432575 0.414263 0.432934 0.414958 0.433357 0.415609 0.433779 0.416117 0.434136 0.416405 0.448739 0.418404 0.449324 0.417960 0.449766 0.417261 0.450632 0.415606 0.451498 0.413728 0.452565 0.411104 0.453148 0.409289 0.453019 0.408916 0.447327 0.404173 0.446707 0.403684 0.441375 0.399759 0.438539 0.397686 0.436243 0.398407 0.435918 0.398768 0.435466 0.399512 0.434959 0.400526 0.434472 0.401653 0.434081 0.402721 0.433847 0.403565
