0 0.557078 0.402305 0.557089 0.404457 0.557717 0.406440 0.558866 0.407951 0.560362 0.408761 0.561976 0.408746 0.563463 0.407909 0.564597 0.406376 0.564708 0.406215 0.565316 0.404218 0.565305 0.402062 0.564676 0.400076 0.563525 0.398562 0.562026 0.397751 0.560409 0.397766 0.558920 0.398604 0.557784 0.400140 0.557685 0.400311
0 0.434320 0.417225 0.434621 0.417604 0.441311 0.424096 0.460788 0.388419 0.460607 0.387905 0.453887 0.381383
0 0.545213 0.302820 0.561445 0.306895 0.561692 0.306119 0.564760 0.284389 0.548463 0.280298 0.548269 0.281177
0 0.568473 0.510349 0.568718 0.513633 0.568757 0.513799 0.569049 0.514306 0.569550 0.515078 0.570182 0.515997 0.575849 0.524033 0.576520 0.524962 0.577129 0.525763 0.577584 0.526316 0.577817 0.526535 0.580703 0.526690 0.588002 0.517539 0.576564 0.501318 0.575688 0.501303
0 0.567760 0.532810 0.568441 0.538075 0.568479 0.538185 0.568706 0.538572 0.569062 0.539132 0.569451 0.539716 0.569770 0.540167 0.569933 0.540364 0.576377 0.544670 0.577627 0.543219 0.575326 0.534103 0.575294 0.533990 0.575070 0.533599 0.574715 0.533036 0.574323 0.532452 0.574001 0.532005 0.573834 0.531814 0.569816 0.530423
0 0.431340 0.732691 0.443903 0.753906 0.454511 0.742738 0.457162 0.739947 0.457362 0.738829 0.458142 0.734462 0.445866 0.713732 0.443418 0.713858 0.435626 0.722060 0.433029 0.724795 0.432952 0.725052 0.431858 0.728725 0.431779 0.728992
0 0.486365 0.395606 0.486419 0.396023 0.498191 0.411472 0.509778 0.395776 0.509817 0.395357 0.497998 0.379847
0 0.682032 0.447205 0.682047 0.448460 0.682156 0.449498 0.682341 0.450162 0.684227 0.454944 0.694206 0.455401 0.696005 0.447129 0.696412 0.431319 0.695014 0.424038 0.685034 0.423581 0.682903 0.428362 0.682679 0.429162 0.682515 0.430291 0.682435 0.431577
0 0.545973 0.525712 0.554061 0.533334 0.554686 0.533719 0.556771 0.533075 0.556955 0.532912 0.557331 0.532360 0.557842 0.531502 0.558409 0.530469 0.572833 0.503258 0.573365 0.502216 0.573778 0.501333 0.574007 0.500743 0.574019 0.500535 0.573962 0.497355 0.568507 0.492214 0.565780 0.489644 0.565028 0.489763
0 0.544448 0.609354 0.544461 0.610648 0.544846 0.611837 0.544852 0.611853 0.544955 0.612111 0.545653 0.613015 0.546557 0.613495 0.550408 0.615036 0.554731 0.615504 0.555704 0.615486 0.556598 0.614973 0.557276 0.614043 0.557636 0.612838 0.558858 0.607276 0.559143 0.601939 0.559129 0.600641 0.558744 0.599450 0.558610 0.599222 0.558601 0.599207 0.557905 0.598305 0.557003 0.597827 0.552918 0.595789 0.548849 0.595822 0.547879 0.595840 0.546987 0.596352 0.546310 0.597279 0.545952 0.598482 0.544486 0.603530
0 0.367921 0.660939 0.378780 0.677722 0.391367 0.663243 0.391865 0.662495 0.381056 0.645789 0.368526 0.660201
0 0.520999 0.550537 0.522840 0.561292 0.522945 0.561574 0.539153 0.556642 0.537303 0.545837 0.537132 0.545627
0 0.624979 0.373212 0.629323 0.385080 0.632328 0.385603 0.632664 0.385415 0.633289 0.385030 0.634108 0.384504 0.634997 0.383919 0.635822 0.383361 0.636458 0.382915 0.636809 0.382650 0.638322 0.378869 0.633927 0.366863 0.626424 0.371746
