0 0.614233 0.718748 0.707704 0.939798 0.708658 0.941818 0.782680 0.910517 0.688780 0.688452 0.687916 0.687591
0 0.741161 0.076393 0.751001 0.123374 0.762623 0.128230 0.764885 0.128109 0.768507 0.127586 0.772942 0.126740 0.812183 0.118521 0.816771 0.117478 0.820829 0.116392 0.823745 0.115428 0.825072 0.114732 0.833109 0.102430 0.823155 0.054906 0.743949 0.071496
0 0.860622 0.835701 0.866814 0.848623 0.871079 0.852677 0.872433 0.853508 0.875303 0.854934 0.879253 0.856738 0.883679 0.858645 0.887900 0.860360 0.891268 0.861621 0.893270 0.862235 0.906816 0.859367 0.925792 0.814058 0.916060 0.806879 0.879165 0.791427
0 0.796751 0.575017 0.813688 0.619929 0.826035 0.625779 0.827327 0.625620 0.830148 0.624836 0.834071 0.623543 0.838495 0.621941 0.876268 0.607696 0.880504 0.606033 0.883891 0.604569 0.885913 0.603527 0.886263 0.603066 0.893034 0.592761 0.875901 0.547330 0.871605 0.546789
0 0.928104 0.373348 0.928412 0.374715 0.929588 0.377450 0.931452 0.381137 0.933721 0.385217 0.936054 0.389075 0.938098 0.392130 0.939543 0.393916 0.961166 0.417165 0.962472 0.417779 0.964777 0.418137 0.967731 0.418184 0.970883 0.417913 0.973750 0.417364 0.975891 0.416623 0.976983 0.415803 0.998907 0.373896 1.000000 0.371692 1.000000 0.322215 0.972000 0.337828 0.968931 0.339556 0.931597 0.362615
0 0.816739 0.219033 0.816809 0.220363 0.831650 0.248842 0.832746 0.250651 0.834864 0.253491 0.837680 0.256930 0.840770 0.260451 0.843667 0.263521 0.845934 0.265676 0.847226 0.266588 0.858430 0.266784 0.859169 0.266246 0.870764 0.257028 0.892720 0.239410 0.895381 0.237104 0.920269 0.214297 0.919145 0.210834 0.916581 0.206611 0.910630 0.199347 0.903266 0.191360 0.898587 0.186813 0.895078 0.184005 0.894044 0.183689 0.823448 0.205989 0.822372 0.206838 0.820999 0.208674 0.819539 0.211219 0.818217 0.214084 0.817233 0.216828
0 0.763154 0.858048 0.766218 0.869569 0.766819 0.870365 0.768976 0.871891 0.772366 0.873917 0.776469 0.876134 0.780657 0.878199 0.784286 0.879797 0.786799 0.880682 0.819553 0.885835 0.821654 0.885333 0.824125 0.884029 0.826589 0.882123 0.828668 0.879906 0.830043 0.877717 0.830507 0.875892 0.835234 0.804933 0.831368 0.802090 0.827991 0.800092 0.821002 0.796276 0.813734 0.792553 0.804381 0.788083 0.798790 0.785795 0.789269 0.803230 0.782883 0.815260 0.781299 0.818382
0 0.496321 0.709145 0.536305 0.714036 0.541196 0.674052 0.541008 0.673255 0.501207 0.668386 0.496338 0.708186
0 0.080944 0.829284 0.110626 0.856517 0.112410 0.854883 0.139519 0.825337 0.109973 0.798229 0.108177 0.799602
0 0.596802 0.428183 0.611888 0.465334 0.612403 0.465174 0.649725 0.450019 0.634570 0.412697 0.597248 0.427852
0 0.436055 0.690850 0.455729 0.726208 0.469872 0.718338 0.473603 0.705896 0.473192 0.704823 0.471952 0.702313 0.470076 0.698752 0.467845 0.694678 0.465598 0.690706 0.463674 0.687435 0.462362 0.685361 0.461866 0.684803 0.450767 0.680889 0.436785 0.688669
0 0.551750 0.561725 0.551755 0.562279 0.551859 0.563962 0.552046 0.566517 0.552288 0.569557 0.560819 0.673207 0.561081 0.676289 0.561325 0.678964 0.561513 0.680828 0.561617 0.681595 0.641530 0.675017 0.641604 0.674562 0.641567 0.672956 0.641423 0.670445 0.641196 0.667409 0.632625 0.563284 0.632350 0.560208 0.632070 0.557581 0.631829 0.555805 0.631663 0.555148
0 0.701819 0.271506 0.701908 0.272299 0.743538 0.338332 0.744681 0.338504 0.746672 0.337975 0.749207 0.336825 0.751899 0.335230 0.839034 0.277612 0.841456 0.275825 0.843222 0.274130 0.844065 0.272786 0.843855 0.271997 0.802808 0.205578 0.801609 0.205519 0.799572 0.206145 0.797008 0.207360 0.783362 0.215108 0.716320 0.259440 0.704603 0.268463 0.702766 0.270159
0 0.865482 0.921665 0.865584 0.924815 0.872084 1.000000 0.954563 1.000000 0.949109 0.931709 0.947561 0.917215 0.947173 0.914837 0.946728 0.913435 0.946294 0.913225 0.866284 0.915744 0.865861 0.916755 0.865579 0.918834
0 0.098252 0.030363 0.129730 0.104110 0.130615 0.104217 0.132485 0.103829 0.135054 0.103007 0.137934 0.101874 0.233585 0.061047 0.236355 0.059769 0.238613 0.058531 0.240016 0.057522 0.240349 0.056894 0.208872 0.000000 0.189368 0.000000 0.177848 0.002375 0.173228 0.003345 0.115367 0.020847 0.101962 0.027420 0.099764 0.028678 0.098461 0.029711
0 0.012948 0.372575 0.048938 0.405169 0.054093 0.406252 0.063268 0.405488 0.064459 0.404933 0.066697 0.403104 0.069640 0.400284 0.072842 0.396898 0.075821 0.393458 0.078127 0.390484 0.079409 0.388425 0.080944 0.376604 0.045365 0.344383 0.040109 0.342584
0 0.656277 0.524112 0.675251 0.568203 0.687028 0.573267 0.688120 0.573001 0.690740 0.572046 0.694491 0.570547 0.698799 0.568734 0.703003 0.566884 0.706456 0.565283 0.708632 0.564174 0.709200 0.563726 0.714444 0.552998 0.695251 0.508397 0.693020 0.508301
0 0.463687 0.281216 0.464327 0.282206 0.466050 0.284444 0.468592 0.287587 0.471568 0.291161 0.474530 0.294625 0.477029 0.297457 0.478689 0.299228 0.479253 0.299665 0.491027 0.301443 0.527713 0.270489 0.528034 0.267836 0.501941 0.236911 0.464831 0.268222
