0 0.440685 0.412699 0.440809 0.413284 0.441049 0.414243 0.441371 0.415430 0.441723 0.416661 0.442053 0.417748 0.442309 0.418525 0.442452 0.418874 0.443114 0.419806 0.445658 0.421513 0.454943 0.416914 0.452068 0.406598 0.450947 0.404413 0.441445 0.409119 0.440698 0.412576
0 0.422799 0.686333 0.454482 0.691550 0.454690 0.690674 0.454842 0.689036 0.454327 0.687099 0.451535 0.676601 0.450458 0.672552 0.449136 0.667582 0.432752 0.664884 0.426955 0.676515 0.424156 0.682131 0.423303 0.683843 0.422951 0.684687
0 0.489911 0.362734 0.489983 0.363155 0.490159 0.363991 0.490413 0.365115 0.490707 0.366355 0.493242 0.376855 0.493532 0.378029 0.493774 0.378961 0.493932 0.379510 0.493982 0.379591 0.496188 0.381522 0.511906 0.374912 0.515048 0.373563 0.515222 0.372101 0.510104 0.350908 0.491030 0.359096
0 0.613250 0.302538 0.626675 0.315345 0.627184 0.314603 0.636828 0.296630 0.623348 0.283772 0.622855 0.284637
0 0.494996 0.438246 0.495038 0.438330 0.515075 0.455923 0.515794 0.456465 0.517720 0.456658 0.517934 0.456321 0.518296 0.455600 0.518750 0.454603 0.519229 0.453482 0.519660 0.452405 0.519977 0.451536 0.520132 0.451006 0.520102 0.450897 0.518967 0.448784 0.518246 0.448242 0.496602 0.434484 0.496441 0.434690 0.496186 0.435158 0.495875 0.435818 0.495555 0.436567 0.495275 0.437293 0.495079 0.437882
0 0.450511 0.554169 0.451249 0.558362 0.452187 0.560906 0.452826 0.562101 0.453755 0.562880 0.455854 0.564155 0.459021 0.564874 0.462145 0.563914 0.462205 0.563862 0.464809 0.561368 0.466496 0.557721 0.467010 0.553474 0.466270 0.549276 0.464391 0.545768 0.461658 0.543485 0.458490 0.542773 0.455369 0.543740 0.455305 0.543779 0.453289 0.545614 0.452404 0.546464 0.451831 0.547707 0.451021 0.549926
0 0.440981 0.441496 0.441251 0.441764 0.456945 0.448763 0.462194 0.427838 0.462020 0.427506 0.446254 0.420475
0 0.439604 0.480852 0.442325 0.491120 0.443145 0.491596 0.489050 0.467538 0.486236 0.457270 0.485922 0.456953 0.485606 0.456634 0.467637 0.446037 0.464633 0.444266 0.449368 0.452368 0.443086 0.470694
0 0.557542 0.538382 0.557569 0.538499 0.562446 0.549660 0.564403 0.551075 0.564807 0.550778 0.565527 0.550096 0.566455 0.549134 0.567449 0.548038 0.568360 0.546971 0.569052 0.546094 0.569418 0.545541 0.569402 0.545397 0.568689 0.542561 0.561299 0.534237 0.560991 0.534439 0.560445 0.534937 0.559744 0.535654 0.558995 0.536481 0.558313 0.537290 0.557802 0.537958
0 0.450624 0.259566 0.450665 0.261264 0.451078 0.262956 0.451799 0.264387 0.452720 0.265342 0.453702 0.265675 0.455201 0.266104 0.456319 0.265679 0.457128 0.265275 0.457969 0.264072 0.458402 0.262270 0.458359 0.260144 0.458272 0.259592 0.457965 0.258320 0.457846 0.258019 0.456941 0.256222 0.455783 0.255030 0.454551 0.254626 0.453433 0.255068 0.452618 0.255461 0.451786 0.256680 0.450962 0.258119
0 0.468346 0.473845 0.469048 0.495936 0.469190 0.495955 0.477436 0.495489 0.476737 0.473498 0.476630 0.473376
0 0.480729 0.550668 0.480734 0.551025 0.480930 0.551544 0.481288 0.552147 0.481752 0.552742 0.482252 0.553237 0.482711 0.553557 0.483059 0.553653 0.497894 0.552085 0.498196 0.551095 0.498452 0.550157 0.498978 0.548166 0.499521 0.546059 0.500215 0.543300 0.500623 0.541592 0.500594 0.541562 0.494210 0.538304 0.493525 0.537991 0.484886 0.534553 0.482664 0.535773 0.482587 0.535898 0.482396 0.536483 0.482122 0.537438 0.481806 0.538618 0.481496 0.539842 0.481241 0.540922 0.481079 0.541692 0.481034 0.542036
0 0.488364 0.398572 0.521484 0.399526 0.522094 0.381889 0.522072 0.379142 0.488522 0.378176 0.488433 0.380919
0 0.518990 0.554217 0.519060 0.554990 0.519162 0.555573 0.522021 0.562129 0.523959 0.566437 0.524306 0.566773 0.524742 0.566697 0.529428 0.563145 0.529686 0.562696 0.529607 0.561442 0.529535 0.560897 0.527431 0.556705 0.524370 0.550823 0.524009 0.550433 0.523534 0.550361 0.520848 0.550951 0.519165 0.553655
0 0.528337 0.463820 0.530355 0.464227 0.559607 0.464358 0.561230 0.464342 0.562328 0.461704 0.562491 0.461027 0.562601 0.459981 0.562642 0.458723 0.562607 0.457444 0.562503 0.456337 0.562344 0.455569 0.561258 0.453330 0.557867 0.452262 0.528365 0.452693
0 0.584586 0.434267 0.584677 0.435183 0.585289 0.437615 0.585770 0.438511 0.586811 0.439048 0.587552 0.439176 0.589477 0.439031 0.590189 0.438499 0.590909 0.437412 0.591526 0.435936 0.591946 0.434296 0.592103 0.432747 0.591973 0.431525 0.591578 0.430816 0.590182 0.428895 0.589141 0.428351 0.588396 0.428246 0.586542 0.429552 0.586012 0.429961 0.585478 0.430780 0.585020 0.431886 0.584707 0.433109
0 0.577169 0.327796 0.577300 0.328645 0.577568 0.329755 0.577931 0.330958 0.587954 0.361231 0.588361 0.362353 0.588753 0.363234 0.589069 0.363739 0.591119 0.365582 0.600180 0.360249 0.601338 0.358633 0.587851 0.317896 0.584795 0.319694 0.581740 0.321492 0.578685 0.323291 0.577785 0.325310 0.577194 0.327337
