0 0.508541 0.517044 0.509976 0.519815 0.519773 0.522614 0.521522 0.511728 0.521276 0.511594 0.511591 0.508828 0.509585 0.510550 0.509533 0.510783 0.509409 0.511473 0.509233 0.512515 0.509032 0.513750 0.508835 0.514992 0.508673 0.516054 0.508570 0.516775
0 0.524091 0.339255 0.525143 0.340132 0.542180 0.342295 0.550950 0.323584 0.551184 0.322772 0.547415 0.314548 0.542219 0.303212 0.541161 0.302331 0.524201 0.338515
0 0.417578 0.505462 0.417792 0.506727 0.419108 0.512099 0.421168 0.516855 0.421729 0.517915 0.422551 0.518608 0.423510 0.518829 0.423686 0.518786 0.423697 0.518783 0.424644 0.518498 0.428848 0.516972 0.432221 0.514008 0.433014 0.513262 0.433532 0.512168 0.433697 0.510892 0.433484 0.509630 0.432523 0.504232 0.430116 0.499527 0.429557 0.498470 0.428736 0.497778 0.427780 0.497558 0.427603 0.497552 0.426654 0.497838 0.422792 0.499330 0.419058 0.502339 0.418263 0.503087 0.417743 0.504184
0 0.289921 0.793661 0.306518 0.794928 0.307405 0.793577 0.308351 0.771549 0.291830 0.770287 0.290871 0.771532
0 0.506632 0.390822 0.507216 0.393541 0.507673 0.394056 0.508553 0.394529 0.509723 0.394891 0.511005 0.395086 0.512206 0.395086 0.513147 0.394890 0.513683 0.394527 0.514711 0.392054 0.514774 0.391454 0.514182 0.379124 0.513847 0.378720 0.513190 0.378349 0.512310 0.378068 0.511344 0.377921 0.510439 0.377930 0.509734 0.378093 0.509337 0.378385 0.506677 0.390220
0 0.592434 0.443661 0.608941 0.443849 0.610201 0.443200 0.610286 0.429841 0.607960 0.427776 0.607540 0.427689 0.606810 0.427625 0.605882 0.427595 0.604898 0.427603 0.604010 0.427648 0.603353 0.427723 0.603027 0.427817 0.600772 0.430549 0.592448 0.441460
0 0.611522 0.151161 0.631752 0.211608 0.646864 0.202617 0.647540 0.201248 0.627217 0.140523 0.612036 0.149555
0 0.414718 0.579134 0.417805 0.582430 0.418246 0.582655 0.418984 0.582914 0.419905 0.583169 0.431516 0.586036 0.432477 0.586246 0.433326 0.586378 0.433933 0.586413 0.434208 0.586344 0.437861 0.584849 0.439679 0.571757 0.434427 0.569760 0.422950 0.566926 0.416536 0.566043
0 0.643629 0.352735 0.656922 0.365788 0.657552 0.365249 0.667381 0.347455 0.654035 0.334350 0.653419 0.335012
0 0.401168 0.459652 0.403897 0.472538 0.404998 0.472855 0.436844 0.460864 0.435945 0.456618 0.434596 0.450249 0.434146 0.448126 0.431685 0.446160 0.431411 0.446157 0.430812 0.446293 0.429978 0.446547 0.429037 0.446880 0.421002 0.449905 0.412967 0.452931 0.404932 0.455957 0.404034 0.456316 0.403325 0.456643 0.402912 0.456888
0 0.581567 0.620566 0.581791 0.622197 0.582982 0.624748 0.583132 0.624972 0.583759 0.625061 0.584770 0.625000 0.586011 0.624798 0.587291 0.624485 0.588413 0.624112 0.589204 0.623734 0.589544 0.623410 0.589992 0.620517 0.589768 0.618882 0.589567 0.618616 0.587689 0.616747 0.587215 0.616691 0.586459 0.616745 0.585534 0.616900 0.584582 0.617132 0.583745 0.617407 0.583150 0.617682 0.582888 0.617918
0 0.344490 0.588893 0.352048 0.593506 0.355210 0.591938 0.370910 0.584151 0.374083 0.582577 0.374660 0.582199 0.381547 0.562136 0.373388 0.532891 0.365865 0.528299 0.365247 0.528429
0 0.473671 0.483964 0.473695 0.484184 0.473832 0.484853 0.474062 0.485869 0.474350 0.487079 0.476918 0.497645 0.477219 0.498858 0.477486 0.499886 0.477677 0.500572 0.477765 0.500812 0.479839 0.502205 0.480070 0.502180 0.481640 0.501501 0.505793 0.479497 0.505859 0.479260 0.503286 0.468670 0.474692 0.481024
0 0.520932 0.526462 0.521087 0.526596 0.529298 0.528260 0.533969 0.529178 0.534477 0.529269 0.534797 0.529318 0.534880 0.529315 0.536197 0.525114 0.537320 0.515289 0.537694 0.512015 0.537376 0.507482 0.537295 0.507465 0.535216 0.507042 0.523426 0.504646
0 0.512115 0.459620 0.512535 0.461517 0.513468 0.463054 0.514770 0.463999 0.516245 0.464207 0.517668 0.463647 0.518821 0.462404 0.519044 0.461959 0.519761 0.460201 0.519919 0.458211 0.519494 0.456292 0.518550 0.454736 0.517232 0.453780 0.515739 0.453570 0.514300 0.454136 0.513133 0.455395 0.512416 0.457152 0.512292 0.457579 0.512271 0.457653
0 0.358076 0.462531 0.371988 0.474846 0.373451 0.475133 0.374364 0.473299 0.377531 0.447041 0.376425 0.443488 0.376114 0.443154 0.375535 0.442602 0.374776 0.441917 0.373952 0.441201 0.373187 0.440563 0.372596 0.440099 0.372270 0.439880 0.369159 0.440272
