0 0.246804 0.430093 0.246872 0.431064 0.251292 0.440903 0.297763 0.454977 0.300074 0.455491 0.323262 0.378925 0.321219 0.377526 0.274749 0.363452 0.265529 0.369459 0.264953 0.370167 0.263929 0.372532 0.262613 0.376195 0.261207 0.380599 0.249506 0.419235 0.248229 0.423691 0.247280 0.427504
0 0.707407 0.310718 0.744775 0.324989 0.750500 0.320895 0.768027 0.275005 0.761950 0.265330 0.761431 0.264685 0.759249 0.263471 0.755733 0.261874 0.751421 0.260137 0.746975 0.258529 0.743079 0.257295 0.740327 0.256625 0.739138 0.256618 0.729785 0.260400 0.724533 0.265877
0 0.014715 0.654615 0.022269 0.682216 0.045349 0.734878 0.060500 0.759081 0.104821 0.739656 0.106231 0.720046 0.105621 0.717403 0.104345 0.713658 0.102597 0.709376 0.079783 0.657323 0.077821 0.653137 0.075933 0.649666 0.074407 0.647435 0.059036 0.635190
0 0.719604 0.607461 0.721577 0.625874 0.721794 0.626473 0.722996 0.628509 0.724999 0.631668 0.727499 0.635473 0.759014 0.682768 0.761641 0.686656 0.764008 0.690054 0.765756 0.692446 0.766618 0.693467 0.782853 0.702376 0.823122 0.675542 0.809834 0.653060 0.777950 0.605213 0.759873 0.580626
0 0.329903 0.392697 0.506153 0.557480 0.555942 0.504959 0.560616 0.499663 0.383287 0.333862 0.377875 0.338468
0 0.309358 0.293072 0.310229 0.294018 0.486188 0.457231 0.540592 0.398578 0.540779 0.398112 0.364012 0.234150
0 0.695219 0.974863 0.696117 0.977048 0.739932 1.000000 0.764530 1.000000 0.788909 0.981219 0.921399 0.858078 0.863179 0.802390 0.861515 0.801005
0 0.080429 0.667710 0.306776 0.755687 0.333929 0.688657 0.336256 0.681730 0.111677 0.594441 0.081772 0.660617
0 0.707105 0.557644 0.720619 0.595395 0.721635 0.595834 0.759560 0.582257 0.745983 0.544332 0.744856 0.544129
0 0.861086 0.976304 0.862744 0.978492 0.902925 0.978995 0.903428 0.938814 0.901584 0.936808 0.861587 0.936307
0 0.598915 0.980163 0.599369 0.982368 0.612711 1.000000 0.650947 1.000000 0.636460 0.966366
0 0.275672 0.269777 0.277466 0.273623 0.281659 0.281069 0.285666 0.283667 0.289826 0.286127 0.295273 0.285859 0.302091 0.282466 0.305627 0.280687 0.308892 0.277563 0.311383 0.273571 0.312720 0.269324 0.313036 0.263893 0.312998 0.257462 0.310703 0.252682 0.306719 0.250044 0.302526 0.247640 0.294195 0.246822 0.289837 0.247084 0.285133 0.249489 0.280795 0.253665 0.277476 0.258982 0.275677 0.264637
0 0.883622 0.284289 0.886115 0.289777 0.893946 0.297246 0.895478 0.296590 0.899005 0.295017 0.903990 0.292769 0.909680 0.290183 0.915221 0.287650 0.919777 0.285550 0.922657 0.284202 0.923414 0.283815 0.922941 0.272967 0.920442 0.267467 0.909526 0.263050 0.908392 0.263502 0.905741 0.264658 0.901977 0.266342 0.897675 0.268297 0.893498 0.270221 0.890086 0.271819 0.887960 0.272849 0.887439 0.273154
0 0.363912 0.060896 0.364157 0.061684 0.366091 0.064089 0.369415 0.067740 0.373622 0.072083 0.378080 0.076464 0.382117 0.080224 0.385125 0.082796 0.386647 0.083788 0.396524 0.079479 0.400749 0.075180 0.401068 0.063370 0.400934 0.062782 0.399523 0.060972 0.397045 0.058212 0.393878 0.054924 0.390509 0.051612 0.387454 0.048786 0.385183 0.046878 0.384040 0.046178 0.372355 0.046541 0.368121 0.050849
0 0.395516 0.248762 0.397070 0.256442 0.397247 0.256861 0.401614 0.263352 0.408133 0.267676 0.415810 0.269178 0.423477 0.267626 0.429968 0.263260 0.434292 0.256741 0.435794 0.249064 0.434243 0.241397 0.434129 0.240951 0.429755 0.234450 0.423225 0.230118 0.415535 0.228613 0.407854 0.230167 0.401353 0.234542 0.397021 0.241072
0 0.782559 0.262854 0.782646 0.266183 0.785306 0.275255 0.787137 0.278613 0.792132 0.280916 0.795386 0.281566 0.804905 0.281701 0.808258 0.279966 0.811838 0.276229 0.815094 0.271059 0.817522 0.265251 0.818752 0.259699 0.818593 0.255256 0.817076 0.252600 0.810620 0.245144 0.805627 0.242814 0.802348 0.242244 0.792881 0.246340 0.790384 0.247681 0.787725 0.250502 0.785307 0.254373 0.783494 0.258708
0 0.595641 0.734628 0.596746 0.737340 0.604071 0.744678 0.605128 0.745019 0.607868 0.745344 0.611876 0.745603 0.616540 0.745756 0.621142 0.745780 0.624975 0.745671 0.627455 0.745447 0.628205 0.745140 0.637201 0.738116 0.638132 0.689570 0.636553 0.687403 0.596560 0.686637
0 0.272450 0.837885 0.272635 0.839113 0.273763 0.841722 0.275665 0.845315 0.278050 0.849344 0.280552 0.853189 0.282786 0.856259 0.284411 0.858086 0.295511 0.862807 0.336765 0.837201 0.338631 0.833347 0.317537 0.799361 0.276754 0.824675 0.274173 0.828428
0 0.890609 0.231694 0.918746 0.270582 0.923587 0.267930 0.956369 0.244211 0.927906 0.204873 0.913917 0.204360 0.912628 0.205287 0.910053 0.207146 0.906586 0.209652 0.902750 0.212426 0.899125 0.215050 0.896259 0.217127 0.894584 0.218343 0.894361 0.218509
