0 0.499520 0.269163 0.499521 0.270221 0.572888 0.302603 0.670032 0.082504 0.670816 0.080582 0.597112 0.048051
0 0.521057 0.368825 0.532835 0.448150 0.770811 0.412816 0.772057 0.412415 0.760225 0.332725 0.521154 0.368221
0 0.317292 0.741754 0.348791 0.981385 0.428668 0.970884 0.428994 0.968727 0.397639 0.730194 0.318128 0.740646
0 0.737648 0.267765 0.817731 0.272008 0.819193 0.270958 0.831982 0.029605 0.751530 0.025343 0.750379 0.027518
0 0.058003 0.782680 0.097778 0.789052 0.099621 0.787727 0.105964 0.748135 0.066371 0.741792 0.064375 0.742905
0 0.067129 0.493246 0.071418 0.505451 0.073077 0.506975 0.075961 0.509252 0.079630 0.511935 0.083520 0.514612 0.087034 0.516872 0.089634 0.518368 0.090925 0.518875 0.104705 0.516461 0.113960 0.503410 0.081331 0.480272 0.076491 0.480044
0 0.421686 0.508730 0.456395 0.529173 0.456595 0.529039 0.476944 0.494488 0.442393 0.474140 0.442128 0.474021
0 0.768820 0.874513 0.770057 0.876237 0.807839 0.890207 0.821809 0.852425 0.820334 0.850810 0.782725 0.836904
0 0.737085 0.317838 0.737352 0.320385 0.738128 0.323338 0.770989 0.422586 0.772153 0.425495 0.773542 0.427955 0.774945 0.429593 0.776150 0.430157 0.848047 0.403670 0.848927 0.403054 0.849293 0.401373 0.849089 0.398883 0.848345 0.395962 0.815740 0.296724 0.814569 0.293820 0.813161 0.291412 0.811732 0.289867 0.810499 0.289421 0.738157 0.315383 0.737367 0.316080
0 0.454443 0.657755 0.454875 0.658755 0.456446 0.659813 0.458919 0.660765 0.461916 0.661467 0.564859 0.679218 0.567904 0.679558 0.570513 0.679482 0.572288 0.679002 0.572960 0.678192 0.586645 0.602322 0.586099 0.601365 0.584428 0.600346 0.581890 0.599421 0.567071 0.595572 0.487866 0.581914 0.472721 0.580596 0.470059 0.580625 0.468204 0.581035 0.467440 0.581767
0 0.276241 0.210976 0.276327 0.218812 0.279406 0.226018 0.279785 0.226489 0.285377 0.231959 0.292637 0.234872 0.300459 0.234787 0.307653 0.231713 0.313123 0.226122 0.316037 0.218861 0.315951 0.211039 0.312877 0.203846 0.312555 0.203336 0.306954 0.197856 0.299681 0.194937 0.291846 0.195023 0.284640 0.198102 0.279160 0.203703
0 0.489798 0.983573 0.491605 0.991198 0.496194 0.997550 0.502858 1.000000 0.518225 1.000000 0.524577 0.996514 0.528690 0.989845 0.529937 0.982108 0.529886 0.981280 0.528082 0.973668 0.523501 0.967327 0.516843 0.963220 0.509120 0.961975 0.501508 0.963780 0.495167 0.968361 0.491060 0.975019 0.489815 0.982742
0 0.110482 0.156742 0.112587 0.166930 0.113804 0.169059 0.117267 0.171327 0.122448 0.173388 0.128554 0.174921 0.134644 0.175692 0.139780 0.175583 0.143180 0.174613 0.144331 0.172935 0.150200 0.164277 0.151347 0.158622 0.149757 0.155987 0.144084 0.147514 0.141470 0.145838 0.137591 0.144312 0.133033 0.143167 0.128485 0.142576 0.124633 0.142629 0.122063 0.143318 0.113113 0.149020 0.111606 0.151071
0 0.547036 0.482146 0.549464 0.489586 0.554553 0.495531 0.561530 0.499076 0.569333 0.499681 0.569452 0.499681 0.576905 0.497249 0.582860 0.492151 0.586411 0.485162 0.587017 0.477346 0.584586 0.469893 0.579488 0.463937 0.572498 0.460387 0.564682 0.459781 0.557229 0.462212 0.557131 0.462277 0.551186 0.467366 0.547641 0.474343
0 0.359405 0.173092 0.371006 0.211855 0.372480 0.215148 0.418465 0.201386 0.423880 0.189510 0.423515 0.188219 0.422678 0.185357 0.421493 0.181358 0.420144 0.176834 0.418836 0.172480 0.417772 0.168965 0.417113 0.166826 0.416959 0.166386 0.405921 0.159170
0 0.121211 0.145270 0.159064 0.159434 0.174232 0.130185 0.181476 0.100993 0.143673 0.086843 0.128081 0.115920
0 0.703511 0.903291 0.705863 0.907954 0.733257 0.937733 0.768992 0.904860 0.768290 0.890824 0.767316 0.889634 0.765250 0.887278 0.762410 0.884117 0.759225 0.880629 0.756176 0.877340 0.753723 0.874747 0.752237 0.873242 0.751948 0.873059 0.738837 0.870794
