0 0.445146 0.431569 0.462508 0.469866 0.462681 0.470006 0.462853 0.470144 0.463023 0.470280 0.470105 0.464573 0.452982 0.426802 0.452327 0.425782
0 0.413244 0.577993 0.427028 0.590264 0.427320 0.589903 0.436487 0.571598 0.422758 0.559375 0.422448 0.559614
0 0.454062 0.485927 0.462485 0.515854 0.462829 0.516858 0.464310 0.518548 0.464386 0.518602 0.464792 0.518445 0.465466 0.518102 0.466307 0.517625 0.467185 0.517086 0.467971 0.516566 0.468543 0.516144 0.468816 0.515884 0.468837 0.513311 0.468494 0.512309 0.457068 0.484184 0.457011 0.484118 0.456734 0.484194 0.456278 0.484401 0.455713 0.484709 0.455126 0.485069 0.454605 0.485428 0.454231 0.485729
0 0.490887 0.353279 0.490990 0.354962 0.518627 0.379230 0.524087 0.368176 0.524367 0.366646 0.523809 0.364226 0.523682 0.363906 0.523256 0.363355 0.522595 0.362657 0.521800 0.361917 0.507854 0.349671 0.500881 0.343548 0.500081 0.342887 0.499402 0.342410 0.498951 0.342189 0.496411 0.342097
0 0.495131 0.379482 0.495187 0.380859 0.498627 0.393243 0.506367 0.389421 0.506440 0.388143 0.502961 0.375615 0.500597 0.374816 0.500090 0.374926 0.499330 0.375208 0.498433 0.375618 0.497537 0.376093 0.496780 0.376561 0.496276 0.376950 0.496103 0.377200
0 0.460606 0.438133 0.460848 0.442432 0.462306 0.446279 0.462330 0.446313 0.464053 0.448320 0.464883 0.449271 0.465922 0.449726 0.467848 0.450467 0.471070 0.450145 0.473953 0.448202 0.475416 0.446204 0.476130 0.445098 0.476471 0.443712 0.477069 0.440845 0.476827 0.436549 0.475354 0.432661 0.472903 0.429851 0.469832 0.428505 0.466609 0.428828 0.463723 0.430771 0.461616 0.434039
0 0.511225 0.466576 0.521288 0.484024 0.521386 0.483950 0.534532 0.470471 0.524422 0.452943 0.511276 0.466423
0 0.521853 0.395173 0.521889 0.395415 0.522030 0.395923 0.522254 0.396617 0.522527 0.397394 0.524309 0.402458 0.527924 0.412351 0.542764 0.402711 0.542960 0.402264 0.537556 0.387226 0.537271 0.386484 0.537017 0.385896 0.536832 0.385550 0.536744 0.385499 0.533403 0.386441 0.526702 0.390794 0.524469 0.392245
0 0.407849 0.477001 0.407870 0.481312 0.409126 0.485285 0.410646 0.487285 0.411579 0.488334 0.412444 0.488866 0.414422 0.489938 0.414765 0.489979 0.417985 0.489952 0.420953 0.488283 0.422447 0.486265 0.423215 0.485227 0.424429 0.481250 0.424408 0.476956 0.423157 0.472999 0.420865 0.469982 0.417882 0.468364 0.417552 0.468237 0.414319 0.468264 0.411339 0.469940 0.409839 0.471966 0.409224 0.473054 0.408654 0.474364
0 0.444553 0.452702 0.445088 0.463762 0.445339 0.463928 0.453596 0.463219 0.453065 0.452209 0.452848 0.451989
0 0.427164 0.590572 0.427705 0.601604 0.444254 0.600162 0.444508 0.599704 0.443970 0.588722 0.427497 0.590158
0 0.388849 0.486534 0.400125 0.508621 0.403064 0.509270 0.403348 0.509116 0.403901 0.508701 0.404639 0.508091 0.405449 0.507376 0.406209 0.506665 0.406806 0.506065 0.407147 0.505668 0.408090 0.502329 0.404695 0.476122 0.403766 0.474302 0.402654 0.474005
