0 0.626288 0.284873 0.626483 0.288825 0.627257 0.292367 0.629262 0.299760 0.631651 0.307492 0.635126 0.317500 0.637682 0.323555 0.638447 0.323413 0.670022 0.314560 0.673355 0.313498 0.714327 0.298598 0.715271 0.297799 0.720544 0.288566 0.720884 0.287899 0.720636 0.285575 0.719837 0.281945 0.718608 0.277564 0.717137 0.273103 0.715651 0.269248 0.714378 0.266591 0.694534 0.238598 0.692801 0.237610 0.690201 0.236859 0.687130 0.236459 0.684059 0.236471 0.681457 0.236894 0.679722 0.237663
0 0.445556 0.474479 0.446181 0.475145 0.448868 0.477723 0.453510 0.482127 0.457119 0.485536 0.466041 0.493918 0.469376 0.497033 0.473264 0.500643 0.475036 0.502255 0.486456 0.491478 0.530108 0.443638 0.530193 0.431864 0.529897 0.431455 0.528311 0.429848 0.525676 0.427286 0.522392 0.424160 0.518964 0.420948 0.515919 0.418147 0.513722 0.416183 0.512709 0.415355 0.500961 0.416130 0.477228 0.440692 0.460463 0.458515
0 0.229342 0.543787 0.261865 0.551417 0.265305 0.552127 0.293440 0.556924 0.308294 0.559396 0.318402 0.553684 0.318784 0.552145 0.319471 0.549069 0.320359 0.544921 0.321314 0.540332 0.322190 0.535992 0.322857 0.532556 0.323213 0.530548 0.323202 0.530276 0.321698 0.498238 0.321305 0.497116 0.319958 0.495492 0.317860 0.493614 0.315332 0.491770 0.312761 0.490241 0.310542 0.489262 0.309011 0.488981 0.237423 0.504323 0.237026 0.505234 0.235829 0.509583 0.234305 0.515963 0.231982 0.526604 0.230177 0.535790 0.229496 0.540539
0 0.724820 0.238527 0.724858 0.239652 0.732849 0.247995 0.776397 0.252567 0.779904 0.252793 0.793160 0.253265 0.812904 0.253873 0.813373 0.253645 0.814330 0.249150 0.815085 0.243620 0.815850 0.234043 0.816406 0.223481 0.816554 0.217448 0.816431 0.213696 0.816196 0.213248 0.751086 0.180684 0.749585 0.180275 0.747218 0.180432 0.744347 0.181133 0.741410 0.182271 0.738859 0.183672 0.737082 0.185120 0.736349 0.186395 0.726558 0.215512 0.726388 0.216255 0.726116 0.218717 0.725782 0.222520 0.725437 0.227087 0.725134 0.231729 0.724917 0.235745
0 0.241010 0.100601 0.242194 0.102427 0.274990 0.125327 0.297890 0.092532 0.296962 0.090660 0.264015 0.067655
0 0.588618 0.689058 0.589026 0.689928 0.629290 0.691113 0.630475 0.650849 0.629878 0.650158 0.589798 0.648978
0 0.836010 0.785791 0.837566 0.787098 0.871166 0.809315 0.893381 0.775712 0.891569 0.774457 0.858123 0.752342
0 0.841598 0.721337 0.867214 0.752058 0.868901 0.753216 0.899763 0.727482 0.874029 0.696619 0.872319 0.695721
0 0.201737 0.638744 0.226531 0.644778 0.238961 0.646382 0.244059 0.626228 0.246038 0.606672 0.221159 0.600974 0.208777 0.599241
0 0.676555 0.028670 0.678249 0.034455 0.688297 0.040228 0.689789 0.040293 0.692794 0.039797 0.696856 0.038815 0.701360 0.037497 0.705626 0.036040 0.709011 0.034666 0.711000 0.033582 0.716070 0.023382 0.716556 0.022312 0.714859 0.016514 0.708193 0.008073 0.706227 0.007932 0.702214 0.008557 0.696762 0.009855 0.690710 0.011627 0.684990 0.013600 0.680483 0.015469 0.677875 0.016949 0.677555 0.017815
0 0.731951 0.267802 0.732394 0.275616 0.735792 0.282666 0.741630 0.287878 0.749017 0.290460 0.756831 0.290017 0.763881 0.286619 0.764335 0.286252 0.769556 0.280404 0.772143 0.273004 0.771699 0.265177 0.768296 0.258114 0.762448 0.252894 0.755047 0.250307 0.747220 0.250750 0.740158 0.254154 0.739745 0.254576 0.734534 0.260414
0 0.245909 0.862628 0.248481 0.870030 0.253691 0.875884 0.260744 0.879299 0.268566 0.879754 0.275968 0.877182 0.281822 0.871972 0.282197 0.871333 0.285606 0.864292 0.286060 0.856482 0.283492 0.849093 0.278291 0.843250 0.271251 0.839840 0.263441 0.839386 0.256052 0.841954 0.250209 0.847155 0.249779 0.847753 0.246363 0.854806
0 0.057039 0.288154 0.057116 0.290399 0.059356 0.295799 0.066769 0.303180 0.069095 0.304023 0.073323 0.303761 0.078808 0.302429 0.084708 0.300233 0.090114 0.297509 0.094195 0.294678 0.096330 0.292174 0.096354 0.282023 0.096196 0.279797 0.093984 0.274398 0.083476 0.269933 0.081715 0.269340 0.078545 0.269567 0.074448 0.270577 0.070044 0.272217 0.065998 0.274239 0.062920 0.276338 0.061281 0.278197
0 0.769836 0.084891 0.772240 0.092336 0.777310 0.098292 0.784273 0.101857 0.792071 0.102484 0.799515 0.100080 0.805472 0.095009 0.805998 0.094312 0.809568 0.087337 0.810197 0.079526 0.807789 0.072069 0.802709 0.066102 0.795734 0.062531 0.787923 0.061903 0.780466 0.064311 0.774499 0.069390 0.774027 0.070130 0.770463 0.077093
0 0.449857 0.210488 0.456870 0.289457 0.457509 0.289996 0.459270 0.290348 0.461885 0.290459 0.464955 0.290311 0.569024 0.281259 0.572063 0.280876 0.574585 0.280318 0.576208 0.279672 0.576684 0.279036 0.570367 0.200007 0.569629 0.199541 0.567782 0.199254 0.565111 0.199187 0.549851 0.199721 0.469779 0.206685 0.454747 0.208786 0.452161 0.209310 0.450444 0.209908
0 0.784118 0.514931 0.784187 0.515919 0.819176 0.584225 0.820351 0.584690 0.822426 0.584508 0.825086 0.583706 0.827925 0.582404 0.920013 0.533086 0.922580 0.531493 0.924465 0.529862 0.925384 0.528440 0.925196 0.527446 0.890822 0.458811 0.889581 0.458450 0.887450 0.458724 0.884754 0.459589 0.870371 0.465756 0.799518 0.503701 0.787097 0.511889 0.785141 0.513516
0 0.032151 0.666029 0.032229 0.667969 0.032517 0.668826 0.112091 0.678353 0.112612 0.678004 0.113219 0.676496 0.113820 0.674058 0.114324 0.671062 0.128463 0.567561 0.128789 0.564482 0.128886 0.561811 0.128738 0.559954 0.128370 0.559194 0.048890 0.548975 0.048422 0.549435 0.047859 0.551040 0.047288 0.553542 0.044663 0.568309 0.033785 0.647943 0.032294 0.663303
0 0.472596 0.797063 0.479930 0.807906 0.528087 0.814114 0.533260 0.773984 0.532880 0.770853 0.485274 0.764715 0.475682 0.773124 0.475597 0.773673 0.475291 0.775957 0.474810 0.779622 0.474228 0.784114 0.473633 0.788754 0.473113 0.792843 0.472749 0.795762
0 0.244602 0.621599 0.244843 0.622475 0.246205 0.624652 0.248483 0.627801 0.251330 0.631440 0.254307 0.635009 0.256958 0.637961 0.258877 0.639844 0.259772 0.640374 0.270157 0.642077 0.272784 0.640453 0.310121 0.610287 0.284983 0.579173 0.282497 0.580089 0.244729 0.610603
0 0.402501 0.437081 0.405770 0.448865 0.406443 0.449256 0.408611 0.450508 0.411947 0.452430 0.415940 0.454730 0.419978 0.457053 0.423440 0.459043 0.425796 0.460396 0.426690 0.460906 0.438283 0.457754 0.462228 0.416152 0.461791 0.415183 0.426723 0.394998
0 0.743476 0.743779 0.751315 0.791134 0.754220 0.794500 0.794140 0.787892 0.786210 0.739989 0.782939 0.737246 0.775232 0.731490 0.773964 0.731334 0.771083 0.731503 0.767031 0.731967 0.762420 0.732658 0.757946 0.733471 0.754285 0.734283 0.751991 0.734971 0.751418 0.735432
0 0.562304 0.750201 0.563025 0.753094 0.570226 0.760617 0.571237 0.761012 0.573936 0.761449 0.577913 0.761861 0.582561 0.762185 0.587166 0.762371 0.591020 0.762390 0.593534 0.762240 0.594327 0.761945 0.603426 0.755319 0.606095 0.706837 0.604883 0.704473 0.564943 0.702274
0 0.604516 0.515749 0.605969 0.515968 0.646420 0.518898 0.652279 0.437997 0.611828 0.435068 0.610295 0.435958
0 0.518195 0.326984 0.519180 0.339594 0.555194 0.371326 0.581638 0.341314 0.583547 0.337602 0.546690 0.305127 0.534549 0.306650 0.533980 0.307090 0.532264 0.308862 0.529662 0.311698 0.526570 0.315166 0.523464 0.318733 0.520822 0.321849 0.519046 0.324040 0.518406 0.324972
0 0.545415 0.540326 0.550765 0.550331 0.551953 0.551509 0.598668 0.566698 0.611326 0.527768 0.564611 0.512579 0.563134 0.512292 0.552879 0.517371 0.552525 0.518220 0.551660 0.520682 0.550415 0.524378 0.548978 0.528749 0.547567 0.533135 0.546395 0.536874 0.545639 0.539400
