0 0.704925 0.357007 0.889665 0.511124 0.891459 0.511175 0.943067 0.449312 0.757478 0.294485 0.756297 0.295428
0 0.853696 0.073511 0.855450 0.113570 0.895509 0.111815 0.901022 0.106404 0.899243 0.065787 0.858626 0.067566
0 0.165608 0.517025 0.169260 0.557517 0.209752 0.553865 0.213742 0.553125 0.210141 0.513189 0.206100 0.513373
0 0.171377 0.462395 0.177827 0.502340 0.181509 0.502314 0.228895 0.494661 0.234494 0.485325 0.234698 0.484438 0.234578 0.481879 0.234153 0.478040 0.233489 0.473501 0.232685 0.468949 0.231863 0.465070 0.231147 0.462452 0.230646 0.461495 0.222518 0.455173 0.219311 0.454655
0 0.372980 0.913522 0.373067 0.913892 0.380151 0.931002 0.428353 0.935279 0.431432 0.903588 0.436432 0.847241 0.438435 0.821667 0.390233 0.817390 0.380246 0.832985 0.380006 0.834344 0.379639 0.837339 0.379200 0.841514 0.378758 0.846232 0.373699 0.903235 0.373322 0.907755 0.373070 0.911368
0 0.532530 0.115474 0.542305 0.171192 0.575052 0.194163 0.598023 0.161417 0.599386 0.156709 0.589475 0.100216 0.556274 0.076926 0.532983 0.110127
0 0.784823 0.728430 0.809495 0.769604 0.813073 0.772721 0.882489 0.731126 0.857533 0.689476 0.853447 0.687311 0.844182 0.685190 0.842942 0.685417 0.840320 0.686552 0.836719 0.688419 0.832682 0.690735 0.798292 0.711342 0.794420 0.713764 0.791290 0.715931 0.789374 0.717515 0.788968 0.718274
0 0.034852 0.424742 0.076953 0.448931 0.081788 0.449515 0.090805 0.446507 0.091801 0.445782 0.093557 0.443580 0.095804 0.440238 0.098203 0.436262 0.118176 0.401500 0.120370 0.397482 0.122033 0.394019 0.122913 0.391635 0.122872 0.390696 0.121643 0.380149 0.080024 0.356236 0.075168 0.354574
0 0.237168 0.744903 0.249590 0.777952 0.251149 0.780727 0.253557 0.784251 0.256445 0.787984 0.259369 0.791351 0.261880 0.793836 0.263594 0.795062 0.274986 0.796089 0.287575 0.786893 0.311240 0.769472 0.313982 0.767306 0.339036 0.746367 0.339420 0.745227 0.335700 0.739283 0.329280 0.730620 0.324214 0.724387 0.319269 0.718860 0.316833 0.716501 0.313872 0.714906 0.244637 0.732020 0.243079 0.733204 0.241309 0.735249 0.239600 0.737844 0.238212 0.740592 0.237358 0.743071
0 0.262715 0.440221 0.263096 0.442910 0.263962 0.445887 0.265180 0.448696 0.266563 0.450907 0.267899 0.452182 0.332812 0.482408 0.336088 0.480611 0.338937 0.478474 0.344826 0.473673 0.350942 0.468397 0.358802 0.461229 0.363490 0.456495 0.363260 0.455881 0.342437 0.430438 0.340132 0.427804 0.310097 0.396167 0.309227 0.395657 0.298493 0.394477 0.297854 0.394449 0.295918 0.395618 0.292979 0.397809 0.289485 0.400688 0.285973 0.403814 0.282981 0.406707 0.280969 0.408921 0.262875 0.438230
0 0.572924 0.263796 0.577416 0.275736 0.621962 0.293616 0.623371 0.291230 0.653516 0.216129 0.646006 0.213115 0.593383 0.235593 0.581916 0.241395 0.581681 0.241907 0.580796 0.244051 0.579394 0.247504 0.577688 0.251739 0.575942 0.256105 0.574423 0.259930 0.573363 0.262630
0 0.267889 0.862400 0.275637 0.864736 0.326057 0.837675 0.337564 0.830499 0.338043 0.829185 0.338977 0.826318 0.340223 0.822339 0.341594 0.817847 0.342881 0.813522 0.343891 0.810017 0.344471 0.807861 0.344531 0.807388 0.339590 0.795519 0.293633 0.781664 0.291248 0.784920
