0 0.239268 0.344769 0.239499 0.346360 0.239932 0.348227 0.240500 0.350081 0.241115 0.351637 0.241684 0.352656 0.242118 0.352987 0.243332 0.352514 0.248992 0.350307 0.250204 0.349834 0.265987 0.342199 0.266070 0.342034 0.266116 0.341615 0.266103 0.341158 0.265923 0.340023 0.265614 0.338689 0.265222 0.337358 0.264806 0.336229 0.264429 0.335475 0.264148 0.335211 0.247621 0.340157 0.239517 0.343310 0.239275 0.343698
0 0.484648 0.351701 0.484650 0.352077 0.484927 0.354561 0.485284 0.354959 0.485940 0.355415 0.486798 0.355860 0.487725 0.356227 0.488583 0.356461 0.489243 0.356526 0.489603 0.356412 0.490883 0.354545 0.491119 0.353500 0.496397 0.322535 0.496406 0.322321 0.496178 0.322029 0.495746 0.321703 0.495176 0.321394 0.494556 0.321148 0.493980 0.321004 0.493536 0.320983 0.493293 0.321088 0.484885 0.350654
0 0.558863 0.313740 0.559582 0.316586 0.567043 0.324737 0.567242 0.324665 0.567701 0.324264 0.568350 0.323595 0.569090 0.322758 0.569808 0.321883 0.570393 0.321103 0.570756 0.320539 0.570841 0.320277 0.565913 0.309115 0.563927 0.307756 0.563667 0.307881 0.563063 0.308442 0.562206 0.309352 0.561229 0.310471 0.560276 0.311632 0.559493 0.312660 0.558996 0.313400
0 0.581572 0.289951 0.606819 0.318494 0.617522 0.301663 0.618063 0.300750 0.592700 0.272076 0.581947 0.288984
0 0.580608 0.640062 0.580979 0.640707 0.589254 0.641772 0.590852 0.619706 0.590435 0.619157 0.582198 0.618097
0 0.673507 0.768873 0.674306 0.770111 0.690289 0.776217 0.694869 0.754905 0.693976 0.753737 0.678066 0.747659
0 0.545400 0.548503 0.545925 0.549064 0.554419 0.556154 0.556482 0.555204 0.556658 0.555062 0.557009 0.554512 0.557482 0.553637 0.558004 0.552570 0.558496 0.551476 0.558882 0.550522 0.559103 0.549854 0.559126 0.549574 0.558850 0.546718 0.550357 0.539627 0.549781 0.539174
0 0.367531 0.236827 0.367772 0.236883 0.368228 0.236977 0.368830 0.237094 0.390174 0.241142 0.390825 0.241263 0.391423 0.241369 0.391875 0.241444 0.392114 0.241476 0.393756 0.218714 0.393517 0.218662 0.393063 0.218570 0.392463 0.218453 0.391808 0.218327 0.370340 0.214256 0.369734 0.214142 0.369275 0.214059 0.369031 0.214018
0 0.334242 0.484467 0.334382 0.485477 0.334650 0.486678 0.335006 0.487887 0.335394 0.488917 0.335754 0.489611 0.337307 0.491138 0.339167 0.491240 0.357896 0.482623 0.352510 0.461814 0.350805 0.461372 0.349226 0.462098 0.334583 0.480613 0.334251 0.483802
0 0.435673 0.272608 0.436855 0.276786 0.437144 0.277807 0.453116 0.283383 0.458134 0.257828 0.457942 0.256715 0.457155 0.252162 0.456051 0.249997 0.452789 0.248858 0.443005 0.245442 0.440809 0.246455
