0 0.496962 0.541810 0.505284 0.560998 0.519675 0.549902 0.519585 0.549673 0.511301 0.530573 0.496975 0.541618
0 0.526775 0.467381 0.531139 0.488609 0.547249 0.482721 0.542867 0.461408 0.526883 0.467250
0 0.445035 0.432856 0.474148 0.486848 0.474267 0.486908 0.487703 0.474028 0.487646 0.473908 0.458533 0.419917
0 0.438261 0.543086 0.438696 0.544767 0.439581 0.546099 0.440780 0.546877 0.442112 0.546985 0.443373 0.546405 0.443440 0.546350 0.444437 0.545172 0.445020 0.543575 0.445246 0.541571 0.445285 0.540714 0.445075 0.539902 0.444648 0.539259 0.444068 0.538883 0.442585 0.538014 0.441255 0.537907 0.439995 0.538486 0.439924 0.538532 0.438926 0.539711 0.438342 0.541310
0 0.417253 0.392062 0.418582 0.393056 0.425546 0.396687 0.428728 0.386471 0.427368 0.385506 0.420434 0.381810
0 0.498765 0.437748 0.498786 0.439031 0.498844 0.439664 0.505871 0.440067 0.507110 0.440138 0.523667 0.439715 0.523765 0.439631 0.523872 0.439015 0.523972 0.437962 0.524048 0.436631 0.524089 0.435226 0.524089 0.434471 0.524072 0.433591 0.524048 0.433038 0.523972 0.432589 0.507500 0.430255 0.500461 0.429846 0.499217 0.429774 0.499130 0.429911 0.499028 0.430779 0.498926 0.432241 0.498841 0.434077 0.498784 0.436009
0 0.559244 0.494401 0.559438 0.495201 0.559998 0.495589 0.565180 0.496164 0.565934 0.496119 0.566346 0.495613 0.567660 0.474547 0.567317 0.473931 0.566069 0.473793 0.561507 0.473594 0.561366 0.473654 0.560823 0.473889 0.560766 0.473914 0.560475 0.474660
0 0.492169 0.458535 0.495070 0.485097 0.495127 0.485269 0.511537 0.482082 0.511671 0.481873 0.508770 0.455311 0.506813 0.453552 0.506634 0.453527 0.506103 0.453579 0.505302 0.453700 0.504353 0.453873 0.496071 0.455481 0.495122 0.455677 0.494320 0.455867 0.493789 0.456021 0.493609 0.456116
0 0.493711 0.484713 0.493721 0.484740 0.493736 0.484775 0.500331 0.485193 0.501980 0.485297 0.501985 0.485263 0.501988 0.485238 0.502775 0.463164 0.494498 0.462639
0 0.524620 0.510422 0.524677 0.510603 0.524831 0.511064 0.525058 0.511735 0.525323 0.512512 0.525587 0.513278 0.525807 0.513915 0.525952 0.514325 0.525998 0.514446 0.540456 0.520551 0.540802 0.520156 0.541710 0.518982 0.542798 0.517495 0.544381 0.515237 0.545535 0.513491 0.545865 0.512843 0.540859 0.506408 0.540809 0.506344 0.536076 0.500318 0.533796 0.497489 0.531353 0.497502 0.531208 0.497661 0.530827 0.498165 0.530268 0.498936 0.529617 0.499858 0.528972 0.500790 0.528430 0.501592 0.528072 0.502144 0.527955 0.502360
0 0.437889 0.566637 0.439244 0.577545 0.458315 0.595746 0.474675 0.592133 0.488327 0.566706 0.488354 0.566553 0.488380 0.566401 0.487032 0.555544 0.438173 0.566333
0 0.525734 0.520861 0.525838 0.523008 0.526551 0.524939 0.527764 0.526359 0.527812 0.526405 0.529343 0.527099 0.530956 0.526960 0.532407 0.526008 0.533474 0.524387 0.533995 0.522346 0.533890 0.520195 0.533176 0.518261 0.531961 0.516838 0.531906 0.516809 0.530378 0.516116 0.528767 0.516255 0.527319 0.517206 0.526254 0.518823
0 0.463441 0.416369 0.470277 0.441681 0.470616 0.442348 0.471960 0.444540 0.472185 0.444634 0.472753 0.444753 0.473576 0.444881 0.474530 0.444998 0.475470 0.445086 0.476255 0.445132 0.476766 0.445129 0.476924 0.445077 0.478843 0.443238 0.480446 0.416912 0.480220 0.415952 0.463576 0.414150
0 0.446241 0.291932 0.446487 0.292885 0.450931 0.302191 0.464890 0.290341 0.464728 0.289376 0.460264 0.280027
0 0.578159 0.575132 0.578283 0.576611 0.578535 0.577551 0.579522 0.579758 0.580201 0.580358 0.581254 0.580712 0.582520 0.580763 0.583804 0.580503 0.584909 0.579973 0.585665 0.579253 0.585957 0.578456 0.586590 0.575922 0.586470 0.574440 0.586202 0.573505 0.584475 0.571918 0.583961 0.571477 0.583171 0.571221 0.582225 0.571187 0.581266 0.571381 0.580440 0.571773 0.579869 0.572305 0.578538 0.574146
