0 0.343028 0.626463 0.378583 0.659530 0.391020 0.658543 0.391503 0.658079 0.393167 0.656336 0.395762 0.653577 0.398891 0.650223 0.402073 0.646791 0.404819 0.643807 0.406710 0.641727 0.407459 0.640867 0.407211 0.628416 0.372062 0.595727 0.370583 0.596834
0 0.232134 0.641023 0.240235 0.649947 0.240800 0.650293 0.243097 0.650885 0.246781 0.651631 0.251288 0.652419 0.255927 0.653126 0.259983 0.653644 0.262838 0.653895 0.264057 0.653840 0.274672 0.645862 0.282413 0.598491 0.242937 0.592039 0.239965 0.593103
0 0.111702 0.803552 0.128493 0.840366 0.172669 0.820217 0.176410 0.816557 0.178990 0.807508 0.179032 0.806268 0.178307 0.803552 0.176927 0.799775 0.175102 0.795508 0.173106 0.791397 0.171242 0.788061 0.169790 0.786005 0.159811 0.780164 0.116139 0.800082
0 0.034342 0.930633 0.114601 0.940997 0.119005 0.935957 0.125153 0.888353 0.115710 0.880456 0.113550 0.879697 0.109968 0.878914 0.105505 0.878226 0.065743 0.873091 0.061063 0.872599 0.056862 0.872376 0.053776 0.872458 0.052276 0.872832 0.045812 0.878107 0.040561 0.882478
0 0.796461 0.709005 0.824503 0.747963 0.832094 0.753763 0.865317 0.729849 0.836620 0.689980 0.828926 0.685638 0.819292 0.684467 0.818127 0.684759 0.815653 0.686078 0.812251 0.688219 0.808433 0.690859 0.804777 0.693599 0.801834 0.696025 0.800051 0.697770 0.799701 0.698568
0 0.291053 0.949289 0.338412 0.960002 0.349454 0.951397 0.349855 0.949907 0.350598 0.946859 0.351570 0.942720 0.352625 0.938114 0.361471 0.899011 0.362450 0.894625 0.363210 0.891109 0.363633 0.888998 0.363656 0.888615 0.357910 0.876716 0.311093 0.866125 0.308909 0.870358
0 0.332935 0.246783 0.383612 0.307816 0.384478 0.307856 0.386152 0.307106 0.388380 0.305681 0.390821 0.303796 0.471024 0.236865 0.473291 0.234821 0.475023 0.232943 0.475956 0.231517 0.475950 0.230760 0.425809 0.169279 0.424903 0.169358 0.423196 0.170209 0.420947 0.171704 0.408682 0.180923 0.346972 0.232420 0.335892 0.242682 0.334089 0.244569 0.333050 0.246010
0 0.056651 0.999690 0.057631 1.000000 0.167393 1.000000 0.194076 0.994576 0.196155 0.993813 0.197301 0.992293 0.197342 0.990250 0.196273 0.987993 0.194259 0.985867 0.181525 0.976698 0.108924 0.942056 0.094199 0.938134 0.091449 0.937993 0.089291 0.938716 0.088055 0.940198 0.056798 0.997652
0 0.554675 0.717919 0.555006 0.719054 0.618187 0.762375 0.619272 0.762543 0.620896 0.761684 0.622811 0.759930 0.624725 0.757546 0.684753 0.672053 0.686363 0.669419 0.687411 0.666954 0.687739 0.665033 0.687297 0.663949 0.624517 0.620056 0.623423 0.620009 0.621792 0.620973 0.619873 0.622798 0.610069 0.634354 0.563882 0.700133 0.556214 0.713461 0.555100 0.715954
0 0.605970 0.574765 0.625081 0.579532 0.645224 0.584021 0.654624 0.551036 0.665044 0.495346 0.626049 0.486151 0.624541 0.491708 0.611567 0.546769
0 0.665067 0.489178 0.665998 0.500761 0.673386 0.556846 0.679733 0.561715 0.681810 0.562429 0.731070 0.498223 0.692546 0.468667 0.679760 0.470028 0.678964 0.470795 0.677176 0.472898 0.674668 0.476015 0.671821 0.479673 0.669063 0.483321 0.666812 0.486407 0.665407 0.488465
0 0.426905 0.064157 0.427741 0.069138 0.431124 0.077770 0.432050 0.078705 0.434503 0.080253 0.438106 0.082177 0.442314 0.084187 0.446493 0.085980 0.450010 0.087284 0.452334 0.087902 0.464171 0.085655 0.517119 0.065741 0.520422 0.058455 0.520659 0.053350 0.446955 0.019935
0 0.275118 0.518498 0.321125 0.574801 0.322473 0.575687 0.324801 0.576425 0.327755 0.576901 0.330882 0.577042 0.333705 0.576826 0.335790 0.576288 0.336822 0.575509 0.358091 0.552279 0.358722 0.551106 0.360101 0.548479 0.362019 0.544796 0.364182 0.540622 0.366258 0.536598 0.367929 0.533342 0.368938 0.531351 0.369135 0.530923 0.364972 0.520193 0.326940 0.498572 0.323820 0.496962 0.293726 0.482655 0.291712 0.485960 0.289197 0.490477 0.284794 0.498873 0.279912 0.508438 0.277109 0.514081 0.275348 0.517818
0 0.155969 0.158183 0.157332 0.229306 0.161366 0.231795 0.164881 0.233495 0.172149 0.236700 0.179701 0.239794 0.189413 0.243459 0.195211 0.245275 0.203227 0.227098 0.208586 0.214574 0.209900 0.211330 0.224615 0.170269 0.220603 0.159052 0.219960 0.158317 0.217701 0.156984 0.214168 0.155256 0.209899 0.153397 0.205549 0.151693 0.201788 0.150405 0.199191 0.149731 0.166047 0.147350 0.164008 0.148031 0.161663 0.149541 0.159371 0.151650 0.157483 0.154034 0.156289 0.156328
0 0.187090 0.892489 0.187285 0.899489 0.187916 0.910627 0.188740 0.919748 0.189518 0.923840 0.190485 0.925870 0.223940 0.923855 0.227445 0.923584 0.255720 0.920972 0.270622 0.919584 0.278737 0.910875 0.278902 0.910687 0.278925 0.908709 0.278805 0.905247 0.278558 0.900829 0.278224 0.896123 0.277852 0.891838 0.277498 0.888621 0.277216 0.886963 0.267047 0.855565 0.266311 0.854851 0.264528 0.853869 0.261970 0.852770 0.259027 0.851722 0.256149 0.850885 0.253779 0.850387 0.252276 0.850305 0.187401 0.885883 0.187178 0.887328
0 0.508673 0.317192 0.511147 0.388941 0.513989 0.390904 0.517098 0.392435 0.523955 0.395483 0.531399 0.398559 0.541396 0.402395 0.547870 0.404542 0.548493 0.404178 0.561752 0.374071 0.563065 0.370826 0.572911 0.343422 0.577784 0.329752 0.578058 0.328883 0.573971 0.318149 0.572142 0.317002 0.568925 0.315403 0.564812 0.313597 0.560433 0.311861 0.556461 0.310462 0.553506 0.309614 0.552016 0.309445 0.518896 0.306443 0.517094 0.307227 0.514893 0.308797 0.512631 0.310914 0.510654 0.313255 0.509264 0.315459
