0 0.118123 0.942792 0.145323 0.962914 0.201313 0.980973 0.219504 0.945276 0.214889 0.941979 0.164460 0.916329 0.136435 0.906858
0 0.188490 0.535259 0.188539 0.537891 0.188902 0.541802 0.189524 0.546394 0.190310 0.550961 0.191138 0.554802 0.191882 0.557331 0.192428 0.558163 0.200378 0.565192 0.248369 0.557816 0.251245 0.557156 0.239094 0.478084 0.236077 0.477831 0.228079 0.479060 0.194232 0.525199 0.188761 0.534305
0 0.004664 0.129342 0.005977 0.210256 0.011623 0.213568 0.059617 0.212789 0.066061 0.202429 0.066503 0.200151 0.066762 0.196472 0.066801 0.191949 0.066613 0.187265 0.066226 0.183127 0.065699 0.180160 0.065111 0.178820 0.058968 0.172794 0.018324 0.133448 0.012755 0.129211
0 0.845364 0.237784 0.845572 0.238747 0.867171 0.306318 0.869124 0.307788 0.872083 0.308588 0.879047 0.309920 0.886918 0.311062 0.897882 0.312208 0.905428 0.312508 0.906916 0.311788 0.911690 0.279440 0.912138 0.275973 0.915430 0.246847 0.917163 0.231400 0.910254 0.222086 0.908658 0.221332 0.905482 0.220514 0.901210 0.219758 0.896498 0.219180 0.892069 0.218868 0.888603 0.218871 0.886626 0.219187 0.852692 0.224797 0.851403 0.225950 0.849828 0.227984 0.848208 0.230591 0.846789 0.233371 0.845791 0.235897
0 0.741715 0.511201 0.741767 0.512903 0.742281 0.515401 0.743180 0.518315 0.744327 0.521197 0.745545 0.523606 0.746648 0.525175 0.747469 0.525666 0.778929 0.535728 0.780752 0.535990 0.784111 0.536282 0.788494 0.536561 0.793230 0.536783 0.797591 0.536914 0.800907 0.536935 0.802674 0.536842 0.811065 0.528661 0.812108 0.513455 0.814034 0.484688 0.814196 0.481186 0.815068 0.448067 0.813863 0.447881 0.806481 0.447455 0.795531 0.446930 0.787567 0.446595 0.780417 0.446342 0.777305 0.446264 0.774947 0.446336
0 0.672455 0.673607 0.680985 0.744568 0.681955 0.746232 0.683756 0.748220 0.686117 0.750227 0.688675 0.751947 0.691038 0.753115 0.692845 0.753555 0.727097 0.745140 0.730024 0.743895 0.733807 0.741917 0.737865 0.739506 0.741574 0.737035 0.744366 0.734882 0.745814 0.733377 0.748224 0.722172 0.740665 0.708584 0.726319 0.683014 0.724506 0.680024 0.706785 0.652531 0.705746 0.652104 0.699425 0.655136 0.690052 0.660473 0.683238 0.664723 0.677124 0.668907 0.674463 0.670992
0 0.291787 0.242137 0.294580 0.245538 0.297205 0.248281 0.302762 0.253811 0.308631 0.259445 0.316308 0.266544 0.321043 0.270608 0.335215 0.256716 0.344835 0.247166 0.347255 0.244633 0.376108 0.211877 0.376538 0.200084 0.376226 0.199324 0.374633 0.197395 0.371998 0.194589 0.368724 0.191334 0.365312 0.188130 0.362287 0.185469 0.360113 0.183759 0.359120 0.183259 0.330157 0.168786 0.328017 0.168747 0.325284 0.169334 0.322376 0.170458 0.319738 0.171947 0.317774 0.173573 0.316783 0.175088
0 0.727009 0.798833 0.755029 0.813221 0.769717 0.819923 0.792650 0.830387 0.807339 0.837089 0.830777 0.846179 0.850864 0.802153 0.839485 0.787543 0.838200 0.786781 0.835442 0.785374 0.831632 0.783537 0.827348 0.781548 0.775642 0.757957 0.771516 0.756109 0.768157 0.754675 0.766074 0.753873 0.765589 0.753827 0.747096 0.754808
0 0.175353 0.565385 0.183226 0.603199 0.197661 0.652603 0.204022 0.663660 0.250844 0.652307 0.255137 0.637640 0.255173 0.636297 0.254764 0.633385 0.253973 0.629348 0.252921 0.624798 0.251765 0.620422 0.237868 0.571304 0.236764 0.567696 0.235893 0.565451 0.235386 0.564915 0.222851 0.553869
0 0.455491 0.298624 0.456098 0.301390 0.492048 0.319150 0.545757 0.300959 0.563517 0.265010 0.564407 0.261736 0.527956 0.243729 0.512664 0.248908 0.488789 0.256994 0.473498 0.262173
0 0.420884 0.494329 0.422139 0.498861 0.424852 0.504053 0.428608 0.509106 0.432827 0.513241 0.436860 0.515824 0.440090 0.516464 0.449657 0.514236 0.452061 0.512500 0.456535 0.509159 0.457697 0.498428 0.457947 0.496037 0.456976 0.492649 0.454934 0.488776 0.452131 0.485004 0.448990 0.481903 0.445984 0.479941 0.443569 0.479419 0.433019 0.477520 0.430574 0.479184 0.426107 0.482550 0.421274 0.491147
0 0.077784 0.384601 0.078039 0.387124 0.079373 0.390629 0.081583 0.394586 0.084334 0.398396 0.087211 0.401484 0.089780 0.403383 0.091650 0.403802 0.102781 0.406000 0.107577 0.402776 0.109085 0.400894 0.114620 0.392513 0.114337 0.389156 0.112595 0.384467 0.109655 0.379163 0.105969 0.374058 0.102106 0.369942 0.098658 0.367442 0.096154 0.366939 0.085972 0.368888 0.081152 0.372098 0.079702 0.374040
0 0.354152 0.712482 0.359704 0.722780 0.365434 0.724692 0.376262 0.724082 0.376484 0.723679 0.377447 0.721035 0.379002 0.716560 0.380912 0.710935 0.382891 0.705006 0.384640 0.699665 0.385895 0.695719 0.386466 0.693766 0.378210 0.686805 0.372493 0.684897 0.361837 0.689756 0.361650 0.690013 0.360906 0.691962 0.359717 0.695313 0.358262 0.699555 0.356767 0.704036 0.355460 0.708069 0.354542 0.711034
0 0.408117 0.222140 0.408715 0.229953 0.408872 0.230417 0.412410 0.237394 0.418348 0.242487 0.425783 0.244919 0.433583 0.244322 0.440560 0.240784 0.445653 0.234846 0.448084 0.227411 0.447487 0.219611 0.447397 0.219129 0.443853 0.212139 0.437905 0.207038 0.430457 0.204602 0.422644 0.205200 0.415655 0.208744 0.410553 0.214692
0 0.147533 0.465759 0.148106 0.473574 0.151627 0.480575 0.157558 0.485696 0.164998 0.488156 0.165574 0.488177 0.173376 0.487605 0.180364 0.484090 0.185476 0.478169 0.187933 0.470741 0.187361 0.462940 0.183846 0.455951 0.177925 0.450839 0.170497 0.448383 0.169930 0.448294 0.162115 0.448867 0.155115 0.452388 0.149994 0.458319
0 0.634694 0.639126 0.636567 0.641060 0.670196 0.663731 0.715536 0.596474 0.681907 0.573804 0.679413 0.572791
0 0.842081 0.903845 0.857756 0.949213 0.861892 0.954406 0.938380 0.927978 0.922524 0.882086 0.917695 0.877719 0.909699 0.874437 0.908292 0.874243 0.905369 0.874678 0.901378 0.875673 0.896923 0.877078 0.859029 0.890171 0.854771 0.891777 0.851345 0.893344 0.849267 0.894637
0 0.271157 0.576476 0.283796 0.656408 0.331755 0.648825 0.333678 0.647124 0.339910 0.638687 0.339977 0.637598 0.339748 0.634867 0.339258 0.630911 0.338581 0.626330 0.332320 0.586731 0.331557 0.582206 0.330821 0.578410 0.330224 0.575916 0.329857 0.575109 0.321184 0.568106 0.273773 0.575602
0 0.168251 0.403221 0.209652 0.472754 0.212970 0.473065 0.254213 0.448508 0.256029 0.436925 0.255882 0.436221 0.254819 0.434049 0.253005 0.430745 0.250714 0.426808 0.230204 0.392360 0.227778 0.388376 0.225577 0.384937 0.223933 0.382563 0.223099 0.381619 0.209970 0.378380
0 0.629100 0.467326 0.653133 0.508876 0.665258 0.512299 0.666272 0.511855 0.668729 0.510555 0.672256 0.508596 0.676313 0.506278 0.711258 0.486066 0.715213 0.483750 0.718449 0.481797 0.720473 0.480505 0.720977 0.480071 0.724954 0.468461 0.700644 0.426431 0.698351 0.427271
0 0.139953 0.724198 0.141053 0.725629 0.143123 0.727136 0.145847 0.728488 0.242439 0.768268 0.245384 0.769251 0.248083 0.769707 0.250123 0.769569 0.251193 0.768857 0.279466 0.698259 0.279383 0.697138 0.278179 0.695722 0.276039 0.694227 0.262778 0.687137 0.188460 0.656530 0.173606 0.652042 0.170865 0.651528 0.168761 0.651581 0.167615 0.652196 0.139988 0.723060
0 0.528463 0.625354 0.607364 0.639633 0.607567 0.639155 0.607958 0.637545 0.608476 0.635048 0.609042 0.632045 0.627647 0.529238 0.628172 0.526207 0.628573 0.523630 0.628787 0.521900 0.628782 0.521281 0.549881 0.507002 0.549728 0.507596 0.549382 0.509298 0.548896 0.511847 0.548342 0.514858 0.529822 0.617196 0.529282 0.620229 0.528834 0.622844 0.528546 0.624645
