0 0.452170 0.481128 0.452617 0.483913 0.452983 0.485298 0.453715 0.486392 0.455394 0.488408 0.458295 0.490282 0.461506 0.490531 0.463278 0.489713 0.464311 0.489231 0.464489 0.489141 0.464589 0.489090 0.466981 0.486227 0.468368 0.482348 0.468540 0.478045 0.467467 0.473975 0.465314 0.470757 0.462409 0.468884 0.459196 0.468640 0.459142 0.468652 0.456889 0.469650 0.455856 0.470135 0.455042 0.471113 0.453720 0.472946 0.452337 0.476827
0 0.541176 0.536828 0.541335 0.536898 0.541716 0.537035 0.542260 0.537216 0.542886 0.537415 0.563880 0.543952 0.564487 0.544136 0.564978 0.544277 0.565279 0.544353 0.565345 0.544352 0.569107 0.522869 0.568924 0.522811 0.567969 0.522512 0.567342 0.522316 0.547067 0.516004 0.545836 0.515621 0.545022 0.515369 0.544939 0.515345
0 0.401293 0.595344 0.401442 0.595939 0.402929 0.598973 0.405373 0.600116 0.405810 0.600144 0.406147 0.599831 0.406850 0.599082 0.410000 0.593386 0.411997 0.589660 0.412072 0.589134 0.411843 0.588635 0.407617 0.584157 0.407220 0.583994 0.406897 0.584256 0.405731 0.585445 0.403878 0.589334 0.401398 0.594785
0 0.577188 0.546599 0.587017 0.565278 0.587418 0.565579 0.588515 0.566369 0.603726 0.528828 0.602629 0.528038 0.602158 0.527910 0.585053 0.527187
0 0.442831 0.609623 0.442842 0.609998 0.443026 0.610773 0.443355 0.611831 0.443780 0.613009 0.444235 0.614128 0.444649 0.615015 0.444961 0.615534 0.447176 0.617041 0.447229 0.617065 0.462215 0.606961 0.465224 0.604913 0.466019 0.602515 0.462267 0.592713 0.444623 0.604720 0.443327 0.607170
0 0.411542 0.509939 0.419130 0.514397 0.419500 0.514331 0.426156 0.494190 0.418603 0.489752 0.418229 0.489705
0 0.490127 0.473015 0.490478 0.473906 0.490870 0.474730 0.491737 0.476468 0.492681 0.478299 0.493954 0.480685 0.494782 0.482148 0.494869 0.482151 0.500594 0.477220 0.501188 0.476671 0.508380 0.469433 0.508453 0.469265 0.508980 0.466330 0.508977 0.466180 0.508762 0.465637 0.508365 0.464781 0.507849 0.463745 0.507291 0.462686 0.506778 0.461767 0.506389 0.461130 0.506181 0.460871 0.501074 0.455400 0.500872 0.455200 0.500456 0.455106 0.499888 0.455135 0.499256 0.455282 0.498656 0.455523 0.498179 0.455823 0.497900 0.456135
0 0.444446 0.559560 0.450576 0.566996 0.450773 0.566728 0.461883 0.550449 0.459442 0.547486 0.457000 0.544523 0.455779 0.543042 0.455677 0.543141 0.455601 0.543215
0 0.544696 0.661821 0.545213 0.663692 0.571024 0.691951 0.577382 0.681627 0.576839 0.677254 0.576592 0.676860 0.576090 0.676207 0.575411 0.675394 0.574657 0.674545 0.568264 0.667544 0.555477 0.653544 0.554757 0.652780 0.554175 0.652212 0.553819 0.651926 0.550982 0.651615
0 0.503725 0.565692 0.508489 0.581243 0.511229 0.589136 0.518865 0.584723 0.516402 0.576932 0.511759 0.562645 0.511311 0.561308
0 0.585050 0.498115 0.590326 0.506613 0.613626 0.509537 0.613887 0.509559 0.614149 0.509581 0.626954 0.495445 0.627740 0.484319 0.628840 0.468730 0.629157 0.464236 0.623856 0.455699 0.623289 0.455902
0 0.513793 0.530511 0.514407 0.530723 0.514596 0.530788 0.515009 0.530814 0.515438 0.530840 0.515873 0.530863 0.516307 0.530884 0.516738 0.530902 0.536414 0.531687 0.537036 0.509642 0.536754 0.509610 0.516421 0.508589 0.515564 0.508547 0.515156 0.508528 0.514771 0.508511 0.514414 0.508496 0.513917 0.526108
0 0.440894 0.592510 0.450479 0.596906 0.453001 0.594998 0.453541 0.593906 0.453664 0.593544 0.453891 0.592761 0.454187 0.591676 0.454508 0.590454 0.454805 0.589280 0.455033 0.588331 0.455158 0.587749 0.455161 0.587626 0.454295 0.584284 0.444929 0.579989 0.443641 0.581860
0 0.463829 0.517952 0.475357 0.533830 0.487266 0.518460 0.487317 0.518386 0.475835 0.502571 0.475738 0.502582
