0 0.463369 0.395084 0.463477 0.397236 0.463540 0.397413 0.464256 0.399343 0.465472 0.400760 0.467001 0.401450 0.468613 0.401306 0.470060 0.400351 0.471123 0.398730 0.471640 0.396690 0.471532 0.394542 0.471483 0.394360 0.470766 0.392427 0.469548 0.391007 0.468015 0.390316 0.466401 0.390461 0.464951 0.391417 0.463887 0.393041
0 0.443892 0.568716 0.444425 0.572967 0.446139 0.576622 0.448770 0.579125 0.451920 0.580095 0.455108 0.579383 0.457849 0.577099 0.457877 0.577049 0.457904 0.577000 0.458000 0.576824 0.458635 0.575636 0.459753 0.573543 0.460479 0.569346 0.459946 0.565097 0.458936 0.562502 0.458356 0.561265 0.457466 0.560418 0.455604 0.558943 0.452456 0.557974 0.449270 0.558686 0.447615 0.560017 0.446687 0.560790 0.446565 0.560929 0.446496 0.561008 0.444619 0.564516
0 0.434084 0.476331 0.435286 0.483698 0.438772 0.498819 0.441000 0.506327 0.450544 0.502415 0.451239 0.497405 0.451248 0.497167 0.451144 0.496482 0.450943 0.495456 0.450676 0.494243 0.447230 0.479297 0.446936 0.478078 0.446659 0.477032 0.446441 0.476317 0.446314 0.476044 0.443629 0.472419
0 0.466253 0.409817 0.468193 0.415087 0.476020 0.434592 0.479934 0.444344 0.481959 0.448957 0.487098 0.445823 0.489184 0.444136 0.473559 0.405200 0.468290 0.408002
0 0.492681 0.414145 0.492767 0.415130 0.493913 0.416722 0.499642 0.424678 0.523512 0.394120 0.523784 0.392891 0.516828 0.383233 0.514189 0.383764 0.513813 0.384134 0.513237 0.384797 0.512549 0.385652 0.494481 0.408782 0.493791 0.409691 0.493211 0.410509 0.492828 0.411110 0.492700 0.411403
0 0.444592 0.596772 0.450533 0.617580 0.469261 0.608073 0.470495 0.604547 0.470466 0.604173 0.470308 0.603386 0.470043 0.602305 0.469713 0.601095 0.466770 0.590786 0.466423 0.589626 0.466111 0.588689 0.465881 0.588116 0.465769 0.587996 0.463696 0.586367 0.448310 0.594100 0.445225 0.595666
0 0.407996 0.552051 0.408282 0.553285 0.408900 0.554279 0.409757 0.554882 0.413346 0.557381 0.417686 0.558031 0.418651 0.558152 0.419576 0.557770 0.419771 0.557630 0.420515 0.556808 0.420966 0.555669 0.422550 0.550754 0.423323 0.545122 0.423413 0.543839 0.423127 0.542608 0.422511 0.541616 0.421656 0.541015 0.417678 0.538747 0.413746 0.537873 0.412784 0.537753 0.411861 0.538133 0.411646 0.538226 0.410901 0.539050 0.410449 0.540192 0.408463 0.545346 0.408199 0.549105
0 0.542286 0.620008 0.542456 0.620490 0.550215 0.624390 0.556065 0.603699 0.555840 0.603284 0.548112 0.599400
0 0.407139 0.607480 0.408478 0.618418 0.424885 0.614846 0.425230 0.614320 0.423896 0.603432 0.407564 0.606988
0 0.430726 0.447070 0.437914 0.452838 0.438768 0.453486 0.447301 0.434582 0.446566 0.433670 0.439378 0.427902
0 0.501973 0.505740 0.502056 0.507121 0.540526 0.548116 0.545854 0.539847 0.545909 0.539221 0.545964 0.538593 0.545620 0.534235 0.543925 0.512789 0.543585 0.508494 0.530723 0.495011 0.527356 0.495394 0.515677 0.496724 0.510708 0.497290 0.507341 0.497674
0 0.416523 0.501581 0.421612 0.522612 0.421925 0.522522 0.437636 0.515765 0.432568 0.494817 0.432297 0.494796
0 0.523397 0.623872 0.523613 0.625016 0.524185 0.626005 0.526361 0.629383 0.529626 0.634449 0.530135 0.635137 0.542786 0.620645 0.542395 0.619540 0.535933 0.609512 0.533689 0.609674 0.533501 0.609694 0.533055 0.610039 0.532420 0.610657 0.531691 0.611453 0.525416 0.618642 0.524702 0.619498 0.524109 0.620288 0.523727 0.620890 0.523615 0.621215
0 0.525080 0.521237 0.527544 0.531747 0.527744 0.531977 0.528001 0.531905 0.528570 0.531682 0.542879 0.525719 0.543424 0.525477 0.543623 0.525359 0.543127 0.523241 0.540915 0.514692 0.540845 0.514666
