0 0.533789 0.389626 0.535900 0.411509 0.552313 0.408694 0.552554 0.408274 0.550433 0.386289 0.533944 0.389117
0 0.489725 0.526267 0.506423 0.526482 0.506519 0.513123 0.506445 0.512973 0.504838 0.510675 0.504643 0.510658 0.504099 0.510639 0.503291 0.510621 0.502340 0.510606 0.494068 0.510500 0.493116 0.510490 0.492305 0.510488 0.491757 0.510493 0.491557 0.510504 0.489821 0.512909
0 0.484057 0.538631 0.484651 0.549789 0.501387 0.548205 0.501368 0.547543 0.500783 0.536538 0.484276 0.538100
0 0.433891 0.594307 0.449234 0.602518 0.449546 0.601579 0.452414 0.592050 0.452886 0.590405 0.452804 0.589851 0.452324 0.589381 0.438534 0.582000 0.437929 0.581890 0.437548 0.582197 0.436156 0.586043
0 0.453110 0.533267 0.453278 0.533767 0.453458 0.534284 0.453644 0.534808 0.453834 0.535329 0.454027 0.535846 0.462925 0.559396 0.477834 0.549830 0.477798 0.549478 0.468974 0.525032 0.468784 0.524509 0.468597 0.524002 0.468413 0.523513 0.468236 0.523051 0.468069 0.522624 0.456158 0.530267 0.453180 0.532178 0.453165 0.532406 0.453124 0.533035
0 0.334627 0.495637 0.335670 0.502170 0.337061 0.510881 0.337409 0.513059 0.337757 0.515236 0.338118 0.516306 0.339600 0.516157 0.340590 0.515909 0.343820 0.514993 0.348663 0.513618 0.349298 0.513404 0.350143 0.510549 0.350198 0.509835 0.350142 0.508777 0.349984 0.507537 0.348261 0.496748 0.348023 0.495508 0.347742 0.494454 0.347460 0.493744 0.345857 0.491851 0.344433 0.491776 0.334644 0.494555
0 0.512298 0.618960 0.512470 0.620618 0.520588 0.623443 0.530824 0.615445 0.532943 0.604621 0.532489 0.603183 0.524483 0.600397 0.514387 0.608285
0 0.526247 0.499768 0.526460 0.501198 0.526577 0.501713 0.526959 0.501961 0.532370 0.502438 0.532789 0.502260 0.532990 0.501773 0.533299 0.496925 0.533716 0.489542 0.533602 0.488655 0.533500 0.488087 0.533154 0.487693 0.530734 0.486276 0.528115 0.487265 0.527710 0.487593 0.527515 0.488136 0.526745 0.494929
0 0.436436 0.413294 0.456542 0.446491 0.456741 0.446736 0.457707 0.445696 0.464807 0.424935 0.464645 0.424589 0.454200 0.407344 0.438922 0.411807 0.437406 0.412250
0 0.484904 0.466882 0.484930 0.468099 0.485026 0.469052 0.485176 0.469594 0.494410 0.472297 0.494694 0.472377 0.496745 0.471406 0.496975 0.470807 0.497177 0.469638 0.497321 0.468077 0.497384 0.466359 0.497358 0.464742 0.497246 0.463470 0.497065 0.462737 0.495094 0.461548 0.494811 0.461445 0.485416 0.463100 0.485229 0.463539 0.485066 0.464413 0.484952 0.465587
0 0.574329 0.514571 0.574705 0.518835 0.575742 0.521311 0.576276 0.522584 0.577134 0.523488 0.578803 0.525245 0.581902 0.526415 0.582231 0.526521 0.585442 0.526018 0.587307 0.524629 0.588113 0.523873 0.588946 0.522766 0.590269 0.520531 0.591150 0.516383 0.590773 0.512101 0.589731 0.509616 0.589042 0.508323 0.588333 0.507430 0.586658 0.505666 0.583546 0.504491 0.583212 0.504473 0.580014 0.504974 0.577202 0.507069 0.576524 0.508213 0.575206 0.510439
0 0.460268 0.437603 0.463133 0.444164 0.473238 0.465389 0.475699 0.464532 0.476487 0.464187 0.477332 0.463591 0.478104 0.462835 0.478685 0.462035 0.480304 0.459481 0.478694 0.456044 0.468097 0.433512 0.467268 0.431750
