0 0.506277 0.563026 0.506306 0.563315 0.511461 0.578505 0.511722 0.579263 0.511939 0.579877 0.512078 0.580254 0.512120 0.580336 0.515479 0.579515 0.522266 0.575406 0.524528 0.574036 0.527202 0.571204 0.527174 0.571114 0.527046 0.570730 0.526578 0.569352 0.521405 0.554173 0.521307 0.553925
0 0.501486 0.414733 0.501557 0.416189 0.501699 0.418781 0.503125 0.422646 0.505553 0.425489 0.507550 0.426621 0.508585 0.427090 0.509677 0.426996 0.511834 0.426598 0.514733 0.424696 0.516865 0.421460 0.517501 0.419005 0.517853 0.417625 0.517906 0.417383 0.517917 0.417329 0.517709 0.413028 0.516281 0.409161 0.513853 0.406316 0.510793 0.404928 0.507567 0.405206 0.504666 0.407109 0.502533 0.410347 0.501492 0.414428
0 0.439765 0.512768 0.440090 0.515964 0.448707 0.522781 0.449293 0.522520 0.457717 0.503591 0.449199 0.496852 0.448611 0.496816 0.446543 0.497538 0.446375 0.497752 0.446039 0.498370 0.445585 0.499298 0.445082 0.500395 0.440832 0.509947 0.440359 0.511041 0.439991 0.511961 0.439782 0.512567
0 0.452107 0.611640 0.452209 0.614484 0.453587 0.618384 0.455980 0.621284 0.457990 0.622247 0.459093 0.622531 0.460120 0.622672 0.462253 0.622537 0.465178 0.620699 0.467353 0.617509 0.467484 0.617039 0.468573 0.612998 0.468420 0.608709 0.467047 0.604824 0.464664 0.601936 0.461633 0.600484 0.460540 0.600553 0.458416 0.600688 0.455503 0.602518 0.453336 0.605696 0.453149 0.606120 0.452427 0.608799 0.452138 0.609988
0 0.482988 0.522497 0.499438 0.525698 0.500638 0.514732 0.500635 0.514664 0.484261 0.511477 0.484188 0.511530
0 0.397004 0.472448 0.399949 0.494263 0.400408 0.494289 0.449266 0.482561 0.446334 0.460846 0.446087 0.460666
0 0.433951 0.413686 0.434520 0.415704 0.435624 0.417279 0.435735 0.417421 0.437205 0.418310 0.438818 0.418382 0.440329 0.417625 0.441508 0.416155 0.442175 0.414195 0.442229 0.412044 0.441661 0.410029 0.441561 0.409874 0.440456 0.408300 0.438984 0.407409 0.437367 0.407337 0.435854 0.408095 0.434673 0.409568 0.434005 0.411531
0 0.433413 0.491929 0.434020 0.496068 0.434202 0.497225 0.434737 0.498210 0.435542 0.498874 0.437862 0.500144 0.440643 0.500850 0.443434 0.500220 0.445753 0.499014 0.446568 0.498373 0.447120 0.497405 0.447325 0.496255 0.448031 0.492142 0.448014 0.491230 0.447438 0.485208 0.447263 0.484043 0.446733 0.483048 0.445930 0.482375 0.444976 0.482128 0.436627 0.481996 0.435665 0.482213 0.434847 0.482861 0.434297 0.483841 0.434099 0.485003 0.433427 0.491016
0 0.538073 0.411543 0.538996 0.413368 0.550455 0.416337 0.553108 0.416568 0.553194 0.416537 0.553582 0.416228 0.554209 0.415690 0.554983 0.415004 0.555785 0.414273 0.556494 0.413608 0.557004 0.413110 0.557237 0.412854 0.557960 0.409144 0.552357 0.398069 0.538513 0.410520
0 0.571650 0.439546 0.571776 0.439909 0.572124 0.440599 0.572642 0.441512 0.573251 0.442509 0.573859 0.443440 0.574375 0.444165 0.574720 0.444573 0.579975 0.449849 0.580253 0.449948 0.580728 0.449930 0.581325 0.449799 0.581954 0.449574 0.582520 0.449289 0.582934 0.448989 0.583134 0.448718 0.590145 0.430677 0.590134 0.430416 0.589709 0.429384 0.588962 0.427940 0.587601 0.425596 0.586319 0.423633 0.585522 0.422695 0.584811 0.422147 0.579298 0.427821 0.578737 0.428437 0.571984 0.436476
0 0.568814 0.504618 0.583226 0.515460 0.583609 0.515532 0.591778 0.496227 0.577299 0.485335 0.576945 0.485402
0 0.413658 0.552611 0.415631 0.555052 0.416072 0.555214 0.416812 0.555405 0.417737 0.555596 0.418706 0.555758 0.419569 0.555866 0.420194 0.555903 0.420487 0.555864 0.422819 0.553534 0.424191 0.540455 0.416017 0.538930 0.415046 0.539381
