0 0.055689 0.562421 0.090384 0.582887 0.092261 0.582508 0.112634 0.547971 0.078098 0.527599 0.076155 0.527726
0 0.783752 0.765659 0.810757 0.795300 0.812187 0.796659 0.841965 0.769531 0.814836 0.739754 0.813393 0.738655
0 0.215289 0.082657 0.216594 0.084569 0.256661 0.086135 0.258227 0.046068 0.257114 0.043978 0.216862 0.042405
0 0.126631 0.587686 0.158068 0.612715 0.159631 0.612200 0.184546 0.580906 0.153252 0.555992 0.151660 0.556249
0 0.256160 0.097658 0.256272 0.102183 0.257808 0.142523 0.258048 0.147247 0.258378 0.151434 0.258749 0.154442 0.259102 0.155816 0.269277 0.165454 0.317242 0.163628 0.314199 0.083686 0.312051 0.078873 0.263531 0.080720 0.256367 0.091874 0.256194 0.094037
0 0.790004 0.170754 0.858471 0.212134 0.863455 0.208132 0.884433 0.173422 0.815015 0.131467 0.810694 0.136521
0 0.491263 0.209069 0.491364 0.212413 0.491440 0.213707 0.491635 0.216630 0.491919 0.220734 0.492248 0.225398 0.492572 0.229919 0.492844 0.233613 0.493022 0.235922 0.493078 0.236490 0.502164 0.245372 0.550043 0.241963 0.551213 0.235927 0.548307 0.195095 0.499308 0.198583
0 0.640113 0.498920 0.640615 0.510650 0.641081 0.511281 0.642777 0.513106 0.645443 0.515844 0.648674 0.519080 0.677148 0.547304 0.680464 0.550557 0.683373 0.553344 0.685433 0.555244 0.686330 0.555963 0.699208 0.555877 0.733389 0.521392 0.675915 0.464423 0.673904 0.464829
0 0.084114 0.177273 0.092842 0.189010 0.094280 0.189588 0.097298 0.190414 0.101435 0.191362 0.106064 0.192289 0.145472 0.199659 0.149905 0.200427 0.153483 0.200922 0.155664 0.201068 0.167504 0.195667 0.176328 0.148485 0.172586 0.144422 0.093040 0.129545
0 0.366451 0.128546 0.366629 0.129844 0.418058 0.185702 0.419103 0.186138 0.420900 0.185686 0.423173 0.184418 0.435299 0.175567 0.495043 0.121801 0.505517 0.110313 0.507167 0.108050 0.508030 0.106109 0.507972 0.104784 0.456024 0.049393 0.455015 0.048844 0.453249 0.049195 0.450996 0.050395 0.448599 0.052262 0.370950 0.122141 0.368790 0.124376 0.367210 0.126626
0 0.570549 0.393090 0.577349 0.472985 0.577888 0.472957 0.579560 0.472829 0.582107 0.472623 0.585143 0.472368 0.688768 0.463548 0.691852 0.463282 0.694535 0.463043 0.696410 0.462869 0.697190 0.462785 0.690390 0.382890 0.689949 0.382839 0.688355 0.382900 0.685852 0.383063 0.671004 0.384193 0.590834 0.391016 0.575641 0.392443 0.573007 0.392718 0.571219 0.392945
0 0.527068 0.704824 0.541819 0.784093 0.542437 0.784016 0.544164 0.783726 0.546735 0.783268 0.561608 0.780552 0.640512 0.765846 0.655493 0.762998 0.658104 0.762490 0.659892 0.762124 0.660581 0.761958 0.645576 0.682737 0.645049 0.682726 0.643396 0.682941 0.640869 0.683349 0.637852 0.683890 0.534911 0.703076 0.531885 0.703662 0.529332 0.704200 0.527641 0.704608
0 0.033167 0.149491 0.067132 0.170740 0.070843 0.166449 0.100813 0.118461 0.112590 0.091286 0.078399 0.069895 0.055834 0.095119
0 0.501020 0.163603 0.520853 0.167987 0.540945 0.169313 0.544596 0.144144 0.552600 0.088175 0.553491 0.081874 0.513830 0.076202 0.505948 0.125912
0 0.529901 0.609615 0.530706 0.615060 0.539203 0.671001 0.543783 0.700450 0.583657 0.694394 0.579263 0.661960 0.569511 0.603599
0 0.565782 0.137464 0.569419 0.168369 0.571760 0.184080 0.577756 0.224320 0.582592 0.250277 0.630455 0.243145 0.636511 0.225644 0.636556 0.224369 0.636322 0.221459 0.635844 0.217355 0.635195 0.212686 0.626761 0.156083 0.626043 0.151580 0.625369 0.147951 0.624841 0.145748 0.624540 0.145307 0.613645 0.130332
0 0.582739 0.612201 0.610702 0.622185 0.665268 0.640310 0.690983 0.648156 0.706237 0.602232 0.693358 0.588925 0.692230 0.588517 0.689532 0.587594 0.685678 0.586295 0.681251 0.584818 0.627316 0.566903 0.622969 0.565465 0.619346 0.564280 0.616993 0.563526 0.616275 0.563320 0.597993 0.566278
0 0.279140 0.866399 0.279219 0.874235 0.282291 0.881444 0.287888 0.886929 0.295158 0.889854 0.302993 0.889775 0.310202 0.886703 0.315687 0.881106 0.316004 0.880451 0.318924 0.873194 0.318845 0.865372 0.315778 0.858175 0.310191 0.852699 0.302934 0.849780 0.295112 0.849858 0.287915 0.852925 0.282439 0.858512 0.282065 0.859130
0 0.082244 0.305765 0.084415 0.313298 0.089304 0.319427 0.096166 0.323218 0.096860 0.323522 0.104637 0.324396 0.112157 0.322229 0.118275 0.317348 0.122060 0.310498 0.122934 0.302721 0.120767 0.295201 0.115886 0.289083 0.109036 0.285298 0.108362 0.284929 0.100572 0.284053 0.093039 0.286224 0.086911 0.291113 0.083119 0.297975
0 0.791569 0.537147 0.791935 0.544965 0.795266 0.552046 0.801053 0.557315 0.808416 0.559967 0.808947 0.560070 0.816778 0.559703 0.823872 0.556366 0.829150 0.550570 0.831807 0.543194 0.831440 0.535363 0.828103 0.528269 0.822306 0.522991 0.814930 0.520334 0.814389 0.520300 0.806571 0.520666 0.799490 0.523997 0.794221 0.529784
0 0.173753 0.472589 0.174859 0.480347 0.178849 0.487091 0.185117 0.491794 0.192707 0.493742 0.193235 0.493753 0.200979 0.492648 0.207712 0.488665 0.212407 0.482408 0.214352 0.474831 0.213247 0.467087 0.209264 0.460354 0.203007 0.455659 0.195430 0.453714 0.194905 0.453635 0.187148 0.454741 0.180404 0.458731 0.175700 0.464999
0 0.886010 0.592495 0.888934 0.599751 0.894413 0.605335 0.901611 0.608398 0.902302 0.608584 0.910138 0.608659 0.917406 0.605730 0.923000 0.600242 0.926068 0.593031 0.926142 0.585195 0.923213 0.577927 0.917725 0.572334 0.910514 0.569265 0.909809 0.569146 0.901987 0.569072 0.894731 0.571996 0.889147 0.577475 0.886084 0.584673
