0 0.537054 0.484873 0.590855 0.544343 0.591273 0.544548 0.770504 0.382403 0.716456 0.322659 0.715464 0.323471
0 0.847863 0.677425 0.875328 0.742964 0.876824 0.744336 0.879179 0.745773 0.882037 0.747056 0.884959 0.747988 0.887497 0.748426 0.889264 0.748304 0.920369 0.730915 0.922970 0.728964 0.926133 0.726045 0.929371 0.722604 0.932187 0.719172 0.934150 0.716274 0.934960 0.714354 0.934243 0.702963 0.923062 0.691963 0.901942 0.671317 0.899371 0.668953 0.874874 0.647575 0.873419 0.647307 0.867934 0.651868 0.860309 0.659557 0.854988 0.665555 0.850435 0.671345 0.848613 0.674156
0 0.794653 0.774919 0.795317 0.776766 0.796667 0.779134 0.798500 0.781661 0.800535 0.783960 0.802459 0.785679 0.803979 0.786556 0.840002 0.786837 0.843331 0.786347 0.847595 0.785361 0.852141 0.784027 0.856269 0.782552 0.859348 0.781162 0.860906 0.780069 0.866137 0.769803 0.861991 0.754774 0.854123 0.726463 0.853111 0.723118 0.842988 0.692089 0.841629 0.691436 0.834405 0.692825 0.823852 0.695686 0.816249 0.698119 0.809495 0.700655 0.806606 0.702010 0.804619 0.704025 0.794778 0.773874
0 0.823669 0.971296 0.823745 0.971997 0.838915 1.000000 0.878130 1.000000 0.899879 0.992020 0.902113 0.990094 0.927171 0.967707 0.926033 0.966006 0.920878 0.959867 0.913499 0.951396 0.908250 0.945515 0.903656 0.940514 0.901742 0.938536 0.900624 0.937824 0.830845 0.957566 0.830234 0.957953 0.829174 0.959381 0.827827 0.961635 0.826397 0.964370 0.825104 0.967169 0.824146 0.969601
0 0.768422 0.607770 0.769449 0.620118 0.769733 0.620617 0.771253 0.622353 0.773772 0.625059 0.776910 0.628326 0.804869 0.657059 0.808160 0.660400 0.811113 0.663319 0.813283 0.665374 0.814337 0.666251 0.827960 0.667016 0.862760 0.633155 0.806325 0.575155 0.802824 0.574296
0 0.359509 0.304493 0.362715 0.352942 0.364284 0.354623 0.372097 0.361786 0.373181 0.361908 0.375927 0.361889 0.379914 0.361735 0.384538 0.361467 0.389102 0.361127 0.392916 0.360765 0.395404 0.360437 0.396183 0.360192 0.404197 0.351981 0.401028 0.304086 0.399884 0.301821
0 0.228355 0.797521 0.228466 0.802231 0.228721 0.806781 0.229079 0.810473 0.229485 0.812743 0.237228 0.822806 0.285745 0.820891 0.288194 0.817224 0.286616 0.777255 0.238654 0.779148 0.228927 0.789129 0.228605 0.790430 0.228404 0.793376
0 0.236541 0.345642 0.261160 0.377753 0.263890 0.379150 0.301982 0.349944 0.302733 0.337495 0.302434 0.336981 0.301067 0.335092 0.298840 0.332117 0.296092 0.328508 0.293237 0.324810 0.290707 0.321580 0.288883 0.319307 0.288046 0.318339 0.275073 0.316099
0 0.438397 0.148321 0.439241 0.153146 0.454495 0.190123 0.492059 0.205747 0.506726 0.211847 0.543703 0.196594 0.544312 0.192373 0.528846 0.154881 0.475889 0.132855
0 0.472563 0.320801 0.472689 0.321622 0.497896 0.352806 0.529079 0.327599 0.529213 0.326805 0.503890 0.295478
0 0.084958 0.526246 0.105916 0.560647 0.107722 0.560369 0.141965 0.539507 0.121103 0.505264 0.119359 0.505288
0 0.427083 0.950803 0.467128 0.955169 0.471493 0.915124 0.471624 0.913222 0.431763 0.908876 0.431449 0.910758
0 0.797942 0.866138 0.799311 0.867820 0.834523 0.887181 0.853884 0.851969 0.852266 0.850360 0.817215 0.831087
