0 0.608656 0.334053 0.619649 0.350548 0.632021 0.335890 0.632629 0.335135 0.621585 0.318563 0.609156 0.333289
0 0.631005 0.305898 0.631107 0.307184 0.631486 0.309487 0.631858 0.310395 0.632484 0.311300 0.633269 0.312062 0.634092 0.312567 0.634827 0.312735 0.636688 0.312611 0.637579 0.312290 0.638279 0.311085 0.638698 0.310213 0.639168 0.307645 0.639076 0.306616 0.638573 0.305408 0.637736 0.304205 0.636691 0.303189 0.635596 0.302513 0.634616 0.302278 0.633900 0.302523 0.632127 0.303824 0.631435 0.305036
0 0.618721 0.399756 0.634641 0.405800 0.635278 0.405290 0.637526 0.394650 0.638633 0.388688 0.638707 0.388063 0.638699 0.387699 0.635778 0.385451 0.635645 0.385381 0.626085 0.381753 0.622675 0.381603 0.622530 0.381882 0.622339 0.382441 0.622131 0.383193 0.621938 0.384026
0 0.658789 0.356932 0.669433 0.379212 0.672687 0.379336 0.672755 0.379312 0.673143 0.379017 0.673794 0.378493 0.674608 0.377822 0.675461 0.377104 0.682488 0.371136 0.683246 0.370485 0.683792 0.370002 0.684042 0.369761 0.685292 0.365993 0.676505 0.347070 0.674711 0.343314 0.660625 0.355277
0 0.373575 0.687143 0.378554 0.708224 0.386460 0.704905 0.386655 0.704553 0.386914 0.704085 0.381954 0.683088 0.378805 0.684410 0.374081 0.686394 0.373792 0.686821
0 0.322261 0.300725 0.323069 0.307465 0.323284 0.308332 0.323651 0.309479 0.324114 0.310730 0.324602 0.311893 0.325041 0.312789 0.325362 0.313283 0.327417 0.315480 0.331385 0.319722 0.334540 0.321828 0.336224 0.322140 0.336896 0.322038 0.337749 0.321720 0.338654 0.321236 0.339474 0.320658 0.340086 0.320074 0.342035 0.317214 0.337882 0.305222 0.330115 0.295890
0 0.323235 0.482686 0.331494 0.483948 0.332266 0.484022 0.333208 0.473060 0.332440 0.472936 0.324181 0.471674
0 0.502365 0.556584 0.502393 0.557239 0.527119 0.578921 0.528717 0.579569 0.530724 0.577680 0.530819 0.577540 0.531012 0.576937 0.531271 0.575960 0.531558 0.574760 0.533986 0.564134 0.534256 0.562898 0.534466 0.561817 0.534585 0.561058 0.534594 0.560736 0.533584 0.558268 0.533200 0.557601 0.504771 0.546055
0 0.584191 0.253577 0.598213 0.265299 0.624589 0.209210 0.625163 0.207871 0.611076 0.196095 0.584579 0.252442
0 0.571579 0.522128 0.571707 0.522559 0.571852 0.523024 0.572011 0.523517 0.572181 0.524028 0.572361 0.524555 0.580893 0.549189 0.581160 0.549542 0.596184 0.540292 0.588477 0.516428 0.588305 0.515905 0.588126 0.515379 0.587940 0.514852 0.587750 0.514334 0.587560 0.513833 0.586788 0.513088 0.586582 0.512891 0.583582 0.514738
0 0.562452 0.540987 0.589565 0.566436 0.594344 0.558542 0.594764 0.556760 0.567631 0.531293 0.563002 0.539286
0 0.452613 0.363068 0.452827 0.363684 0.454591 0.366779 0.455163 0.366876 0.456277 0.366450 0.457007 0.365919 0.459546 0.363846 0.460455 0.363037 0.462892 0.360566 0.465087 0.358053 0.465724 0.357199 0.467204 0.354947 0.467522 0.354348 0.467599 0.353593 0.467452 0.352931 0.465679 0.349823 0.464536 0.350206 0.463239 0.351126 0.462570 0.351601 0.460081 0.353798 0.457459 0.356457 0.455114 0.359159 0.453989 0.360695 0.453413 0.361482 0.453140 0.362022
0 0.451846 0.247000 0.451858 0.248197 0.452024 0.249510 0.452318 0.250742 0.452697 0.251707 0.453102 0.252258 0.454858 0.253995 0.455478 0.254086 0.456610 0.253773 0.458293 0.252144 0.458674 0.251538 0.458876 0.250347 0.458868 0.248749 0.458651 0.246989 0.458256 0.245339 0.457746 0.244052 0.457199 0.243325 0.455234 0.242737 0.454611 0.242668 0.453476 0.242975 0.453011 0.243751 0.451990 0.246101
