0 0.429841 0.465864 0.430163 0.466021 0.446650 0.467907 0.447358 0.456916 0.447115 0.456717 0.430552 0.454822
0 0.443920 0.531926 0.455713 0.547549 0.455916 0.547331 0.467580 0.531680 0.455842 0.516128 0.455638 0.516202
0 0.419762 0.547638 0.420393 0.552064 0.423637 0.574106 0.425975 0.575681 0.426065 0.575734 0.426519 0.575684 0.427268 0.575537 0.428200 0.575317 0.429169 0.575056 0.430028 0.574795 0.430644 0.574574 0.430925 0.574427 0.431719 0.573571 0.433404 0.570443 0.429705 0.544494 0.421596 0.546549
0 0.477053 0.665174 0.484124 0.671141 0.493074 0.652283 0.493169 0.650194 0.486195 0.644309 0.477367 0.662909
0 0.485616 0.596288 0.487231 0.618448 0.497203 0.617157 0.498814 0.614053 0.498798 0.613651 0.498747 0.612810 0.498670 0.611657 0.498579 0.610367 0.497779 0.599388 0.497686 0.598154 0.497607 0.597157 0.497552 0.596550 0.497530 0.596426 0.495639 0.593910 0.485781 0.595187
0 0.558500 0.503938 0.558996 0.508176 0.560678 0.511830 0.560739 0.511939 0.560849 0.512135 0.561738 0.512992 0.563320 0.514401 0.566463 0.515395 0.569661 0.514717 0.571659 0.513486 0.572601 0.512720 0.573254 0.511536 0.574342 0.508990 0.575112 0.504811 0.574620 0.500566 0.573687 0.498357 0.573114 0.497109 0.572977 0.496948 0.572900 0.496858 0.570287 0.494337 0.567141 0.493341 0.563940 0.494023 0.561174 0.496278 0.559264 0.499759
0 0.432295 0.756094 0.432382 0.760865 0.440341 0.768979 0.460628 0.733606 0.461078 0.730936 0.455833 0.725588 0.453210 0.722914 0.450399 0.724346 0.450127 0.724666 0.449675 0.725352 0.449111 0.726299 0.434036 0.752585 0.433441 0.753658 0.432902 0.754700 0.432500 0.755556
0 0.518742 0.565171 0.525678 0.583334 0.526306 0.584893 0.570832 0.554352 0.570386 0.552669 0.562957 0.534843
0 0.465938 0.535984 0.475080 0.541452 0.477512 0.540157 0.477619 0.539873 0.477865 0.539174 0.478211 0.538165 0.478605 0.536999 0.478989 0.535853 0.479303 0.534900 0.479500 0.534283 0.479551 0.534097 0.478743 0.530937 0.469706 0.525532 0.469356 0.525827
0 0.531151 0.602042 0.532083 0.606152 0.532157 0.606396 0.532908 0.607711 0.534261 0.609914 0.537111 0.611950 0.540329 0.612376 0.542373 0.611552 0.543350 0.610937 0.544274 0.610200 0.545925 0.608396 0.547453 0.604596 0.547772 0.600306 0.547154 0.597580 0.546756 0.596014 0.546649 0.595794 0.545956 0.594666 0.544608 0.592472 0.541769 0.590445 0.538564 0.590020 0.535482 0.591263 0.532990 0.593984 0.531470 0.597769
0 0.540669 0.575373 0.540740 0.575940 0.541086 0.576304 0.546194 0.578308 0.546605 0.578241 0.547432 0.577314 0.547661 0.576864 0.548328 0.571919 0.549142 0.564870 0.549088 0.564252 0.548791 0.563747 0.546603 0.561588 0.544038 0.561866 0.543627 0.562092 0.543135 0.562683 0.542908 0.563190 0.541513 0.570506
0 0.589601 0.522476 0.590224 0.523711 0.590760 0.524399 0.592403 0.525751 0.593205 0.525874 0.594255 0.525547 0.595394 0.524819 0.596445 0.523802 0.597248 0.522652 0.597678 0.521546 0.597671 0.520654 0.597353 0.518020 0.596733 0.516778 0.596184 0.516106 0.594097 0.515757 0.593495 0.515677 0.592710 0.515930 0.591860 0.516478 0.591076 0.517237 0.590474 0.518093 0.590145 0.518917 0.589608 0.521361
0 0.433615 0.537397 0.438382 0.540506 0.440832 0.541561 0.442685 0.536347 0.448759 0.515762 0.451796 0.505469 0.453021 0.500252 0.448147 0.497488 0.445740 0.496303
0 0.580645 0.470784 0.583632 0.481072 0.584017 0.480985 0.591769 0.476985 0.588768 0.466649 0.588361 0.466802
0 0.451025 0.478497 0.451073 0.479313 0.451197 0.480443 0.451378 0.481713 0.451587 0.482930 0.451793 0.483905 0.451964 0.484490 0.452075 0.484597 0.453974 0.486133 0.454186 0.486181 0.463079 0.484326 0.463787 0.484139 0.470393 0.482083 0.470512 0.482000 0.470345 0.480189 0.469964 0.477311 0.469628 0.475133 0.469268 0.473093 0.469070 0.472144 0.468755 0.471186 0.454343 0.466894 0.453963 0.466944 0.453458 0.467191 0.452905 0.467598 0.452388 0.468102 0.451988 0.468626 0.451765 0.469090
0 0.565573 0.431064 0.565584 0.431817 0.565723 0.433083 0.565968 0.434670 0.566281 0.436338 0.566616 0.437837 0.566922 0.438940 0.567154 0.439480 0.569347 0.439874 0.570553 0.439471 0.570712 0.439335 0.571996 0.436683 0.571995 0.436123 0.571897 0.435171 0.571715 0.433972 0.571478 0.432711 0.571223 0.431582 0.570987 0.430757 0.570809 0.430361 0.568732 0.428794 0.567522 0.429198 0.565691 0.430940
0 0.422874 0.404481 0.423887 0.413218 0.424909 0.417249 0.425261 0.417630 0.425878 0.417657 0.440419 0.413573 0.440946 0.413225 0.441082 0.412707 0.440859 0.410962 0.439272 0.400916 0.439051 0.399937
0 0.552000 0.403469 0.554078 0.425317 0.570464 0.422547 0.570747 0.422236 0.568661 0.400299 0.552209 0.403081
