0 0.546687 0.763653 0.548375 0.776668 0.548934 0.779867 0.557162 0.777970 0.555455 0.764804 0.554821 0.761777 0.552943 0.761040 0.552353 0.760871 0.551520 0.760860 0.550571 0.761007 0.549648 0.761291 0.548890 0.761669 0.548414 0.762084
0 0.530937 0.452555 0.558996 0.507173 0.559268 0.507206 0.572985 0.494678 0.544797 0.439809 0.531080 0.452337
0 0.666394 0.655553 0.672482 0.676073 0.673276 0.676884 0.688737 0.668730 0.682622 0.648115 0.681785 0.647436
0 0.702492 0.547906 0.711550 0.566311 0.712522 0.566615 0.723178 0.557581 0.723670 0.557106 0.724009 0.556684 0.724143 0.556379 0.723061 0.552144 0.721696 0.549370 0.718966 0.543823 0.717600 0.541049 0.717472 0.540857 0.714961 0.537769 0.714667 0.537828 0.714208 0.538063 0.713653 0.538436 0.709393 0.541867
0 0.499647 0.538987 0.499790 0.539125 0.500414 0.538053 0.500417 0.538039 0.500274 0.537901 0.499651 0.538973
0 0.473046 0.752964 0.473150 0.754841 0.473254 0.755350 0.473621 0.756127 0.474196 0.757053 0.474891 0.757988 0.487117 0.773083 0.493230 0.780630 0.493934 0.781423 0.494532 0.781946 0.494935 0.782120 0.497555 0.783224 0.504363 0.773421 0.504313 0.770295 0.480085 0.740381 0.475598 0.746842 0.473355 0.750072
0 0.546237 0.639780 0.546618 0.661841 0.546833 0.662586 0.555144 0.662332 0.554761 0.640169 0.554510 0.639526
0 0.696239 0.765005 0.696895 0.769320 0.701501 0.775621 0.702789 0.776223 0.703556 0.776392 0.704514 0.776384 0.705517 0.776202 0.713778 0.773969 0.714669 0.773640 0.715309 0.773215 0.718061 0.771145 0.717390 0.766729 0.712420 0.760632
0 0.492361 0.746191 0.502226 0.763969 0.515559 0.750816 0.515497 0.749812 0.505672 0.732105 0.492391 0.745205
0 0.485675 0.404226 0.486660 0.408297 0.486689 0.408391 0.488200 0.410967 0.488910 0.412071 0.489885 0.412727 0.491636 0.413560 0.494844 0.413878 0.497912 0.412545 0.499706 0.411140 0.500545 0.410191 0.501051 0.408892 0.501863 0.405943 0.502146 0.401670 0.501178 0.397589 0.501140 0.397502 0.499066 0.394239 0.496199 0.392291 0.492977 0.391961 0.489894 0.393302 0.487423 0.396107 0.485942 0.399945
0 0.370648 0.782470 0.370750 0.783062 0.384352 0.792455 0.384810 0.792565 0.385396 0.792472 0.386023 0.792189 0.386592 0.791760 0.387018 0.791251 0.387236 0.790740 0.389413 0.783700 0.389538 0.783218 0.389699 0.782296 0.389871 0.781074 0.390027 0.779739 0.390145 0.778491 0.390207 0.777518 0.390203 0.776968 0.388653 0.774299 0.380115 0.772346 0.376327 0.771698 0.372286 0.771126 0.372033 0.771713 0.371556 0.773699 0.371198 0.775653 0.370874 0.778410 0.370671 0.781119
0 0.475052 0.447470 0.475097 0.448306 0.477839 0.476817 0.477955 0.477655 0.478124 0.478361 0.478319 0.478829 0.478512 0.478986 0.494362 0.476133 0.494510 0.475959 0.494603 0.475477 0.494627 0.474761 0.494476 0.470622 0.492366 0.448685 0.491720 0.444525 0.491557 0.443801 0.491370 0.443306 0.491187 0.443118 0.475356 0.446161 0.475192 0.446309 0.475086 0.446769
0 0.459945 0.374751 0.461019 0.378499 0.461245 0.378757 0.461785 0.379172 0.462555 0.379680 0.463440 0.380204 0.486309 0.393073 0.487181 0.393538 0.487914 0.393877 0.488397 0.394038 0.488556 0.393996 0.490825 0.393303 0.492109 0.389247 0.492018 0.387966 0.461244 0.370648
0 0.349308 0.269766 0.349987 0.270802 0.352141 0.273421 0.352708 0.273367 0.354081 0.273098 0.354827 0.272526 0.357280 0.270172 0.358119 0.269225 0.360181 0.266208 0.361862 0.263036 0.362273 0.261917 0.363066 0.258898 0.363165 0.258068 0.363148 0.257319 0.362529 0.256222 0.360365 0.253591 0.358934 0.253795 0.356912 0.255294 0.354612 0.257867 0.352392 0.261114 0.350603 0.264525 0.349521 0.267565
0 0.679843 0.496421 0.680161 0.498090 0.680934 0.499469 0.682044 0.500350 0.683322 0.500597 0.683532 0.500598 0.684785 0.500174 0.690406 0.498117 0.690942 0.497583 0.691284 0.496817 0.691380 0.495935 0.691215 0.495070 0.690815 0.494356 0.690241 0.493900 0.684465 0.492020 0.683185 0.491773 0.682976 0.491782 0.681724 0.492206 0.680689 0.493236 0.680028 0.494716
0 0.598691 0.377209 0.614021 0.385385 0.614282 0.385123 0.617355 0.374879 0.612506 0.367447 0.604625 0.363244 0.601757 0.366989
0 0.278848 0.727806 0.280211 0.730450 0.280455 0.730632 0.281050 0.730844 0.281905 0.731054 0.282889 0.731229 0.283855 0.731344 0.284657 0.731380 0.285173 0.731333 0.285324 0.731209 0.287361 0.729076 0.287597 0.727395 0.287142 0.724470 0.286828 0.724217 0.286044 0.723923 0.284906 0.723635 0.283589 0.723395 0.282295 0.723242 0.281223 0.723198 0.280538 0.723271 0.280344 0.723448 0.279090 0.726122
0 0.455268 0.545476 0.455311 0.547196 0.455403 0.548814 0.455532 0.550087 0.455676 0.550820 0.455816 0.550901 0.457929 0.551882 0.467323 0.549166 0.467422 0.548724 0.467484 0.547849 0.467500 0.546673 0.467468 0.545376 0.467392 0.544159 0.467285 0.543207 0.467162 0.542666 0.467042 0.542617 0.457481 0.540942 0.455461 0.542144 0.455349 0.542744 0.455282 0.543914
