0 0.533877 0.565414 0.534033 0.565714 0.540012 0.573375 0.562994 0.541489 0.557015 0.533828 0.556754 0.533674
0 0.497025 0.417920 0.497031 0.418108 0.497036 0.418248 0.504750 0.437722 0.512053 0.432579 0.512074 0.432464 0.512102 0.432308 0.504357 0.412756 0.499957 0.415854
0 0.549733 0.508754 0.552952 0.518917 0.553195 0.519004 0.560853 0.514692 0.557619 0.504482 0.557355 0.504462
0 0.498209 0.544348 0.503865 0.555544 0.504570 0.554980 0.510175 0.549947 0.510404 0.548383 0.510166 0.547277 0.508322 0.543626 0.507400 0.541801 0.505555 0.538150 0.502761 0.536737 0.502600 0.536829 0.502150 0.537189 0.501481 0.537761 0.500693 0.538459 0.499905 0.539177 0.499236 0.539806 0.498788 0.540252 0.498630 0.540447 0.498246 0.543434 0.498213 0.544244
0 0.527493 0.522108 0.527566 0.522593 0.528029 0.523070 0.541448 0.531582 0.542040 0.531774 0.542418 0.531575 0.543840 0.528526 0.546627 0.519824 0.531698 0.510354 0.531377 0.511106 0.528069 0.520377
0 0.585641 0.368450 0.601058 0.376319 0.601464 0.375823 0.607389 0.355184 0.591911 0.347283 0.591543 0.347894
0 0.545070 0.457270 0.554427 0.461600 0.556951 0.460059 0.557088 0.459767 0.557330 0.459040 0.557639 0.457989 0.557967 0.456773 0.558266 0.455580 0.558488 0.454593 0.558599 0.453963 0.558584 0.453785 0.557794 0.450639 0.552644 0.436472 0.551066 0.435742 0.550483 0.436476
0 0.517239 0.575886 0.517448 0.581646 0.517533 0.582935 0.517576 0.583138 0.518026 0.584288 0.518772 0.585121 0.519700 0.585511 0.523706 0.586724 0.527964 0.586710 0.528933 0.586596 0.529795 0.585996 0.530420 0.585002 0.530712 0.583764 0.531704 0.578154 0.531612 0.572746 0.531526 0.571454 0.531076 0.570304 0.531001 0.570132 0.530257 0.569301 0.529331 0.568913 0.525219 0.567336 0.521088 0.567717 0.520121 0.567830 0.519260 0.568429 0.518637 0.569420 0.518346 0.570655
0 0.462830 0.458296 0.462852 0.459574 0.462895 0.460874 0.462951 0.461995 0.463011 0.462767 0.463067 0.463073 0.464744 0.465068 0.465470 0.465787 0.482008 0.465082 0.485307 0.464933 0.485028 0.453934 0.484678 0.452856 0.464417 0.453771 0.462897 0.456358 0.462854 0.456555 0.462830 0.457236
0 0.557620 0.382210 0.557927 0.384323 0.558817 0.386118 0.560155 0.387322 0.561737 0.387752 0.563322 0.387342 0.564668 0.386155 0.564779 0.385959 0.565684 0.384172 0.566007 0.382060 0.565699 0.379943 0.564807 0.378145 0.563467 0.376939 0.561883 0.376508 0.560295 0.376919 0.558946 0.378108 0.558042 0.379895 0.557942 0.380101
0 0.485130 0.395543 0.486793 0.398567 0.504020 0.411972 0.505662 0.412195 0.507338 0.390298 0.507422 0.389030 0.487487 0.386319 0.485636 0.388936 0.485598 0.389041 0.485526 0.389634 0.485433 0.390627 0.485332 0.391866 0.485239 0.393163 0.485168 0.394317 0.485130 0.395153
0 0.564886 0.549322 0.565055 0.549404 0.565442 0.549558 0.565991 0.549761 0.566616 0.549982 0.570708 0.551428 0.578770 0.554216 0.582936 0.532754 0.582613 0.532624 0.570510 0.528440 0.569907 0.528233 0.569415 0.528065 0.569109 0.527963 0.569037 0.527941 0.567404 0.531940 0.566781 0.535147 0.564913 0.544768
0 0.478890 0.294958 0.478975 0.295778 0.479816 0.299924 0.481114 0.302169 0.481782 0.303324 0.484575 0.305463 0.487769 0.306013 0.490878 0.304892 0.492562 0.303161 0.493428 0.302270 0.493973 0.301006 0.495032 0.298547 0.495445 0.294288 0.495427 0.293462 0.494583 0.289300 0.493279 0.287045 0.492621 0.286254 0.491656 0.285157 0.489804 0.283739 0.486598 0.283186 0.483476 0.284311 0.481785 0.286050 0.480948 0.287310 0.480369 0.288213 0.479305 0.290682
0 0.431173 0.761622 0.431175 0.761732 0.452627 0.776418 0.453391 0.776853 0.455340 0.776713 0.455461 0.776375 0.455711 0.775604 0.456051 0.774520 0.456432 0.773287 0.456793 0.772091 0.457083 0.771112 0.457255 0.770499 0.457285 0.770345 0.455987 0.768365 0.455224 0.767931 0.432490 0.757510 0.432390 0.757718 0.432204 0.758216 0.431961 0.758930 0.431699 0.759749 0.431457 0.760549 0.431272 0.761207
0 0.473670 0.390634 0.477656 0.412523 0.478167 0.414523 0.481375 0.413484 0.482591 0.410281 0.482569 0.410154 0.482461 0.409556 0.482284 0.408580 0.482065 0.407373 0.479884 0.395396 0.479679 0.394274 0.479529 0.393457 0.479457 0.393071 0.479218 0.391828 0.476954 0.389571
0 0.566822 0.465753 0.570615 0.477953 0.573231 0.479151 0.573503 0.479026 0.574085 0.478727 0.574889 0.478297 0.575792 0.477803 0.576656 0.477320 0.577346 0.476924 0.577759 0.476674 0.577832 0.476608 0.579145 0.473434 0.575307 0.461094 0.574447 0.461538
