0 0.431621 0.420524 0.431881 0.421564 0.432400 0.423051 0.433540 0.424238 0.434382 0.425089 0.435524 0.425475 0.436790 0.425336 0.437991 0.424696 0.438945 0.423650 0.439508 0.422356 0.439844 0.420706 0.439950 0.419024 0.439682 0.417989 0.439175 0.416495 0.438129 0.415417 0.436702 0.414923 0.435113 0.415091 0.433605 0.415895 0.432412 0.417212 0.431715 0.418838
0 0.502621 0.445269 0.534213 0.570774 0.534371 0.571100 0.550131 0.564047 0.518393 0.437964 0.502633 0.445017
0 0.584676 0.608782 0.589785 0.617460 0.590198 0.618001 0.596736 0.611157 0.591604 0.602440 0.591184 0.601970
0 0.507603 0.596686 0.507925 0.600959 0.507957 0.601364 0.508967 0.603873 0.509470 0.604982 0.510336 0.606090 0.511990 0.607892 0.515085 0.609136 0.518303 0.608705 0.520184 0.607358 0.521115 0.606482 0.521847 0.605532 0.523198 0.603328 0.524131 0.599200 0.523808 0.594910 0.523713 0.594530 0.522707 0.592032 0.522189 0.590747 0.521343 0.589824 0.519696 0.588029 0.516613 0.586790 0.513408 0.587219 0.511534 0.588561 0.510571 0.589251 0.509879 0.590379 0.508532 0.592575
0 0.426983 0.598317 0.439690 0.613160 0.441638 0.610195 0.442972 0.607676 0.442901 0.606961 0.431098 0.593174 0.430555 0.593172 0.428931 0.595352
0 0.445135 0.569650 0.446709 0.571182 0.447525 0.571392 0.471444 0.575333 0.471509 0.575082 0.471611 0.574539 0.471734 0.573787 0.471861 0.572941 0.471972 0.572131 0.472049 0.571480 0.472081 0.571087 0.472063 0.571013 0.448807 0.562744 0.447993 0.562533 0.446101 0.563164 0.446036 0.563555 0.445907 0.564378 0.445735 0.565507 0.445545 0.566772 0.445367 0.567982 0.445226 0.568954 0.445145 0.569540
0 0.566912 0.438330 0.575094 0.439969 0.575440 0.439693 0.577910 0.417773 0.569690 0.416126 0.569371 0.416511
0 0.451991 0.441641 0.452239 0.445680 0.452396 0.445850 0.452750 0.446229 0.453640 0.447178 0.453940 0.447495 0.454023 0.447580 0.457300 0.447335 0.459001 0.444496 0.458493 0.440121 0.458341 0.439946 0.457989 0.439563 0.457534 0.439074 0.457096 0.438611 0.456794 0.438299 0.456709 0.438220 0.453702 0.438786 0.453087 0.438963 0.452042 0.440707
0 0.401316 0.390376 0.411765 0.407743 0.412774 0.408797 0.420499 0.400533 0.420379 0.396763 0.420366 0.396702 0.420118 0.396257 0.419673 0.395497 0.419100 0.394537 0.418484 0.393521 0.417919 0.392603 0.417490 0.391923 0.417263 0.391583 0.414355 0.390700 0.402618 0.388983
0 0.541363 0.424972 0.549617 0.424988 0.550307 0.423945 0.550331 0.401628 0.541963 0.401612 0.541387 0.402961
0 0.550264 0.386974 0.550283 0.387348 0.550470 0.388115 0.550797 0.389156 0.551212 0.390315 0.554950 0.400156 0.555393 0.401260 0.555799 0.402145 0.556104 0.402677 0.558320 0.404127 0.567166 0.398154 0.567787 0.397214 0.560252 0.377373 0.559577 0.377734 0.556597 0.379745 0.552128 0.382763 0.551324 0.383400 0.550854 0.384468
0 0.470938 0.470236 0.482288 0.486431 0.482370 0.486493 0.494460 0.471428 0.494435 0.471297 0.483084 0.455102
