0 0.501222 0.300125 0.501612 0.304593 0.502726 0.309159 0.504394 0.313132 0.506367 0.315912 0.514063 0.321279 0.517371 0.323225 0.522810 0.322007 0.525643 0.320957 0.533488 0.315201 0.535030 0.312080 0.535596 0.307151 0.535096 0.301169 0.533604 0.295053 0.531351 0.289744 0.528685 0.286059 0.526015 0.284556 0.516290 0.282602 0.510836 0.283798 0.508031 0.284926 0.502734 0.294066 0.501615 0.296428
0 0.753780 0.114711 0.756313 0.122112 0.761485 0.127982 0.768510 0.131424 0.776317 0.131917 0.783718 0.129384 0.789587 0.124212 0.790086 0.123565 0.793534 0.116528 0.794028 0.108708 0.791490 0.101294 0.786310 0.095414 0.779273 0.091966 0.771453 0.091472 0.764038 0.094010 0.758159 0.099191 0.757715 0.099880 0.754273 0.106904
0 0.846367 0.295142 0.847749 0.306610 0.848762 0.307924 0.851096 0.310089 0.854395 0.312775 0.858160 0.315576 0.861823 0.318070 0.864833 0.319880 0.866729 0.320730 0.877985 0.318665 0.878832 0.318257 0.882438 0.313411 0.885192 0.303020 0.883898 0.301254 0.880810 0.298340 0.876397 0.294722 0.871337 0.290958 0.866410 0.287627 0.862375 0.285241 0.859846 0.284164 0.859203 0.284551 0.849964 0.290306
0 0.548901 0.774925 0.548985 0.775398 0.550602 0.783066 0.555032 0.789530 0.561597 0.793808 0.569300 0.795248 0.576967 0.793630 0.583431 0.789201 0.587710 0.782636 0.589149 0.774933 0.587532 0.767266 0.587381 0.766806 0.582960 0.760353 0.576406 0.756082 0.568716 0.754646 0.561062 0.756260 0.554609 0.760682 0.550338 0.767235
0 0.342164 0.607890 0.343877 0.615537 0.348385 0.621947 0.355002 0.626143 0.362722 0.627488 0.370369 0.625776 0.376779 0.621268 0.376991 0.621060 0.381180 0.614453 0.382523 0.606747 0.380813 0.599113 0.376313 0.592714 0.369707 0.588525 0.362000 0.587182 0.354366 0.588892 0.354116 0.589045 0.347706 0.593553 0.343510 0.600171
0 0.862995 0.247684 0.937649 0.276976 0.943749 0.273866 0.958600 0.236019 0.882905 0.206319 0.877641 0.210357
0 0.625723 0.462475 0.648950 0.483901 0.672736 0.503213 0.725277 0.442038 0.702656 0.420012 0.678394 0.401148
0 0.305023 0.217959 0.305025 0.222093 0.305148 0.225022 0.305371 0.226303 0.314685 0.236173 0.362652 0.237932 0.365584 0.157986 0.364030 0.154032 0.315508 0.152252 0.307730 0.161978 0.307442 0.162451 0.307130 0.164693 0.306842 0.168367 0.306621 0.172911 0.305142 0.213253
0 0.577137 0.836542 0.578029 0.840433 0.607496 0.879023 0.671814 0.829910 0.669850 0.826140 0.640719 0.787990 0.629945 0.787734 0.629045 0.787911 0.626826 0.789174 0.623630 0.791327 0.619939 0.794045 0.588075 0.818376 0.584439 0.821254 0.581398 0.823864 0.579412 0.825811 0.578787 0.826799
0 0.395680 0.668205 0.425951 0.706356 0.445499 0.692186 0.495380 0.650442 0.465277 0.612504 0.447170 0.615888 0.446899 0.616004 0.445239 0.617233 0.442449 0.619383 0.438952 0.622129 0.435275 0.625056 0.431973 0.627722 0.406840 0.648202 0.404369 0.650241 0.403145 0.651308
0 0.560138 0.469051 0.561390 0.471953 0.563281 0.474727 0.567728 0.480633 0.572752 0.486894 0.579748 0.495110 0.584562 0.500212 0.585507 0.500333 0.611446 0.480219 0.614151 0.478002 0.636057 0.458794 0.647622 0.448577 0.649129 0.437165 0.648184 0.435348 0.646211 0.432449 0.643513 0.428912 0.640502 0.425280 0.637641 0.422111 0.635370 0.419890 0.634033 0.418954 0.606207 0.400234 0.604312 0.400092 0.601668 0.400434 0.598680 0.401208 0.595804 0.402296 0.593482 0.403531 0.592066 0.404724
0 0.444929 0.596977 0.445338 0.598688 0.446514 0.600955 0.448279 0.603431 0.450363 0.605738 0.452446 0.607522 0.454210 0.608512 0.455386 0.608556 0.487324 0.608018 0.488761 0.607863 0.491726 0.607176 0.495770 0.606059 0.500274 0.604683 0.504543 0.603262 0.507924 0.602011 0.509901 0.601123 0.510177 0.600733 0.514830 0.590705 0.514774 0.590072 0.503496 0.547885 0.502454 0.544539 0.491672 0.513313 0.491204 0.513118 0.484669 0.514887 0.474429 0.517952 0.466742 0.520376 0.459601 0.522747 0.456320 0.523917 0.453162 0.525348
0 0.136208 0.439124 0.136559 0.442793 0.169547 0.449002 0.173021 0.449549 0.216548 0.454613 0.226081 0.448476 0.226509 0.447066 0.227143 0.444075 0.227887 0.439958 0.228627 0.435339 0.229254 0.430914 0.229671 0.427351 0.229815 0.425192 0.226967 0.393265 0.226442 0.392069 0.224952 0.390435 0.222726 0.388612 0.220102 0.386880 0.217482 0.385504 0.215268 0.384693 0.213797 0.384572 0.142667 0.402918 0.142173 0.403678 0.140989 0.407841 0.139638 0.414122 0.137750 0.424765 0.136455 0.434104
0 0.340170 0.753705 0.378074 0.783787 0.394992 0.776255 0.395426 0.775899 0.396943 0.774149 0.399313 0.771271 0.402174 0.767704 0.437750 0.722878 0.440653 0.719181 0.443144 0.715935 0.444840 0.713635 0.445485 0.712632 0.448979 0.694445 0.411074 0.664363 0.394210 0.685190 0.368919 0.717057 0.359044 0.729500
0 0.438904 0.089833 0.464112 0.106902 0.513541 0.134412 0.538567 0.145301 0.562100 0.103017 0.551922 0.087546 0.551185 0.086551 0.548946 0.084808 0.545542 0.082581 0.541495 0.080211 0.491490 0.052381 0.487434 0.050241 0.484006 0.048665 0.481729 0.047895 0.462437 0.047549
0 0.354222 0.280223 0.393389 0.308642 0.410861 0.287296 0.420190 0.274440 0.444083 0.241510 0.460373 0.216325 0.421207 0.187906 0.404629 0.196161 0.403962 0.196505 0.402310 0.198291 0.399924 0.201252 0.397169 0.204933 0.363561 0.251251 0.360869 0.255076 0.358663 0.258445 0.357279 0.260841 0.356927 0.261903
0 0.707578 0.255636 0.743515 0.273422 0.797237 0.255271 0.801385 0.251862 0.819418 0.215424 0.782981 0.197390 0.743805 0.210626 0.728510 0.215794 0.725364 0.219699
0 0.777988 0.082345 0.782674 0.085462 0.833770 0.109761 0.862115 0.118768 0.879462 0.082358 0.851830 0.063314 0.795221 0.046176
0 0.602219 0.924023 0.637906 0.930148 0.691936 0.926329 0.694197 0.886329 0.688207 0.885386 0.631741 0.882227 0.604495 0.883756 0.602596 0.902514
0 0.873984 0.670044 0.877203 0.673982 0.915241 0.715901 0.937702 0.738683 0.967575 0.711587 0.948830 0.687935 0.903660 0.643127
