0 0.331339 0.571076 0.364618 0.606432 0.366166 0.605216 0.395292 0.577800 0.362393 0.542848 0.349884 0.542384 0.349016 0.543070 0.346937 0.544916 0.343962 0.547642 0.340546 0.550831 0.337214 0.553993 0.334478 0.556643 0.332756 0.558375 0.332308 0.558928
0 0.385241 0.438633 0.386552 0.439335 0.434109 0.445844 0.443291 0.438720 0.443490 0.437892 0.443907 0.435375 0.444478 0.431557 0.445117 0.427014 0.445727 0.422434 0.446216 0.418506 0.446511 0.415826 0.446565 0.414805 0.438834 0.405129 0.390728 0.398545
0 0.619520 0.232092 0.653020 0.253951 0.679250 0.213751 0.681322 0.210442 0.678213 0.200550 0.677679 0.199652 0.675681 0.197882 0.672524 0.195509 0.668688 0.192896 0.664763 0.190445 0.661352 0.188532 0.658977 0.187449 0.657998 0.187360 0.647436 0.188331 0.620902 0.228995
0 0.244809 0.673766 0.245591 0.684487 0.245886 0.685400 0.247403 0.687514 0.249912 0.690508 0.253030 0.693927 0.256278 0.697243 0.259157 0.699947 0.261227 0.701627 0.262173 0.702028 0.272605 0.703170 0.275204 0.700848 0.310085 0.667873 0.282606 0.638806 0.280093 0.640411
0 0.058587 0.376560 0.069811 0.456140 0.071777 0.456340 0.309426 0.422824 0.298254 0.343608 0.297327 0.342889
0 0.147735 0.650838 0.167831 0.891101 0.247919 0.884402 0.249071 0.882644 0.229066 0.643480 0.149345 0.650148
0 0.453045 0.484492 0.456186 0.494844 0.456266 0.494853 0.458728 0.495054 0.463189 0.495414 0.468970 0.495879 0.475200 0.496379 0.485331 0.497189 0.487699 0.497376 0.492434 0.487679 0.492916 0.481671 0.492899 0.481630 0.485716 0.472480 0.483898 0.472301 0.480553 0.472008 0.476192 0.471644 0.471483 0.471266 0.467149 0.470932 0.463856 0.470693 0.462104 0.470585 0.453528 0.478470
0 0.322360 0.833157 0.324473 0.840703 0.329313 0.846866 0.336143 0.850706 0.343923 0.851642 0.351469 0.849529 0.357632 0.844689 0.361473 0.837859 0.361711 0.837278 0.362645 0.829511 0.360535 0.821978 0.355704 0.815826 0.348885 0.811992 0.341119 0.811058 0.333586 0.813168 0.327433 0.817999 0.323599 0.824818 0.323296 0.825377
0 0.063627 0.274756 0.065142 0.279945 0.066960 0.283120 0.076229 0.287326 0.078931 0.288504 0.082841 0.288784 0.087365 0.288126 0.091820 0.286630 0.095533 0.284522 0.097943 0.282119 0.103093 0.274470 0.104331 0.270570 0.102793 0.265398 0.101052 0.262188 0.094928 0.255145 0.091348 0.253522 0.086131 0.253105 0.080072 0.253965 0.074103 0.255969 0.069146 0.258809 0.065959 0.262048 0.065025 0.265187
0 0.127294 0.211949 0.128417 0.219704 0.132423 0.226439 0.138701 0.231129 0.139322 0.231591 0.146903 0.233517 0.154645 0.232396 0.161369 0.228397 0.166050 0.222130 0.167976 0.214548 0.166856 0.206806 0.162856 0.200083 0.162276 0.199567 0.155998 0.194877 0.148403 0.192947 0.140648 0.194070 0.133913 0.198076 0.129223 0.204354
0 0.628855 0.364321 0.630737 0.371917 0.635383 0.378215 0.642085 0.382256 0.649823 0.383424 0.657420 0.381542 0.663718 0.376896 0.663999 0.376684 0.668047 0.369970 0.669217 0.362219 0.667332 0.354609 0.662678 0.348301 0.655965 0.344252 0.648213 0.343083 0.640603 0.344967 0.634295 0.349622 0.634064 0.349880 0.630023 0.356582
0 0.872914 0.157184 0.897186 0.208752 0.930561 0.224811 0.956293 0.211808 0.965341 0.176179 0.958494 0.161631 0.947802 0.138915 0.940954 0.124367 0.907334 0.107789 0.882199 0.122062
0 0.034136 0.110021 0.036271 0.111808 0.072142 0.129726 0.090059 0.093854 0.088172 0.091984 0.052135 0.073985
0 0.549682 0.203364 0.558716 0.216570 0.570521 0.217454 0.571185 0.217308 0.573260 0.216150 0.576427 0.214158 0.580206 0.211634 0.584027 0.208959 0.587313 0.206537 0.589567 0.204734 0.590444 0.203826 0.592791 0.190448 0.583653 0.177089 0.550257 0.199934
0 0.661620 0.755015 0.662364 0.756189 0.692275 0.783169 0.719256 0.753258 0.718251 0.752097 0.688477 0.725240
