0 0.437478 0.530342 0.437522 0.531290 0.437709 0.532472 0.438009 0.533705 0.438377 0.534801 0.438757 0.535592 0.439089 0.535956 0.448338 0.534264 0.448710 0.534076 0.450342 0.532238 0.450461 0.531474 0.450386 0.530214 0.450131 0.528647 0.449732 0.527011 0.449251 0.525551 0.448759 0.524487 0.448331 0.523982 0.446199 0.523764 0.445821 0.523929 0.437583 0.529772
0 0.423420 0.564386 0.423799 0.568671 0.425385 0.572428 0.427021 0.574374 0.427889 0.575278 0.428954 0.575670 0.431062 0.576232 0.434287 0.575703 0.437120 0.573576 0.438431 0.571516 0.439115 0.570358 0.439416 0.568943 0.440012 0.566024 0.440015 0.565987 0.439637 0.561712 0.438056 0.557962 0.435512 0.555309 0.432392 0.554154 0.429168 0.554676 0.426333 0.556796 0.424319 0.560194 0.424306 0.560227 0.424249 0.560379 0.423947 0.561795
0 0.445357 0.553564 0.445499 0.553811 0.445818 0.554225 0.446151 0.554594 0.446942 0.555319 0.447846 0.556042 0.448724 0.556652 0.449441 0.557054 0.449888 0.557189 0.449998 0.557036 0.459322 0.538860 0.459956 0.537444 0.462913 0.530836 0.463547 0.529419 0.463186 0.528893 0.462394 0.528080 0.461294 0.527102 0.460050 0.526108 0.458850 0.525246 0.457874 0.524645 0.457270 0.524399 0.457132 0.524546 0.453537 0.532590 0.452903 0.534009
0 0.504871 0.477875 0.505229 0.479974 0.506162 0.481730 0.507528 0.482877 0.509119 0.483239 0.510693 0.482762 0.512010 0.481518 0.512031 0.481486 0.512893 0.479662 0.513165 0.477537 0.512806 0.475434 0.511872 0.473675 0.510504 0.472526 0.508910 0.472163 0.507333 0.472641 0.506013 0.473887 0.505152 0.475712 0.505143 0.475753
0 0.475893 0.467769 0.476387 0.471149 0.476573 0.471331 0.477042 0.471774 0.477720 0.472408 0.478506 0.473138 0.485297 0.479436 0.486073 0.480154 0.486725 0.480753 0.487152 0.481142 0.487291 0.481262 0.489709 0.480683 0.499147 0.462636 0.501032 0.459022 0.501043 0.458549 0.487335 0.445835
0 0.578007 0.504122 0.584391 0.511140 0.584780 0.511191 0.590067 0.502640 0.583654 0.495589 0.583270 0.495610
0 0.474143 0.525936 0.488048 0.538091 0.492607 0.528817 0.495231 0.523460 0.495525 0.522855 0.495720 0.522447 0.495787 0.522300 0.493471 0.518954 0.487237 0.513505 0.485159 0.511689 0.481935 0.510191 0.481856 0.510328 0.481650 0.510726 0.481349 0.511325 0.480998 0.512033 0.478705 0.516664
0 0.439172 0.372122 0.444116 0.411653 0.444755 0.412663 0.452896 0.410853 0.456422 0.372134 0.456150 0.369963 0.455643 0.368460 0.453970 0.367260 0.453722 0.367126 0.453137 0.367096 0.452302 0.367174 0.451346 0.367349 0.443130 0.369176 0.442201 0.369420 0.441446 0.369695 0.440978 0.369960
0 0.425193 0.511671 0.430222 0.531719 0.430710 0.532089 0.431898 0.531559 0.436288 0.529591 0.436433 0.529523 0.436908 0.528969 0.436954 0.528130 0.432242 0.509344 0.431826 0.508711 0.431197 0.508649 0.431040 0.508669 0.426601 0.510444 0.425413 0.510974
0 0.458061 0.453651 0.458107 0.454750 0.459027 0.457044 0.459086 0.457189 0.459511 0.457293 0.460235 0.457340 0.461149 0.457325 0.462115 0.457248 0.462987 0.457121 0.463633 0.456965 0.463954 0.456802 0.464676 0.454431 0.464629 0.453334 0.461648 0.421675 0.461611 0.421547 0.461329 0.421448 0.460847 0.421394 0.460235 0.421392 0.459590 0.421443 0.459008 0.421540 0.458580 0.421667 0.458370 0.421805
0 0.565919 0.603383 0.566103 0.603479 0.566512 0.603572 0.567082 0.603646 0.567728 0.603691 0.589276 0.604611 0.589895 0.604619 0.590387 0.604590 0.590679 0.604528 0.590725 0.604441 0.591255 0.582392 0.591049 0.582314 0.590623 0.582238 0.590043 0.582174 0.589396 0.582133 0.567947 0.581218 0.567327 0.581205 0.566825 0.581223 0.566516 0.581268 0.566449 0.581333
