0 0.288944 0.779399 0.289010 0.780597 0.351913 0.826041 0.352773 0.826302 0.354245 0.825551 0.356105 0.823902 0.358068 0.821606 0.421434 0.738557 0.423190 0.735979 0.424458 0.733528 0.425046 0.731579 0.424865 0.730428 0.362386 0.684428 0.361513 0.684287 0.360031 0.685142 0.358166 0.686862 0.348240 0.697945 0.299486 0.761844 0.290968 0.774934 0.289632 0.777410
0 0.407781 0.795853 0.408384 0.797426 0.409664 0.799624 0.418040 0.811973 0.466836 0.875839 0.476921 0.887651 0.478845 0.889647 0.480413 0.890916 0.481387 0.891265 0.543149 0.841900 0.543430 0.841236 0.542926 0.839700 0.541713 0.837526 0.539975 0.835046 0.476554 0.752039 0.474569 0.749647 0.472651 0.747723 0.471093 0.746560 0.470133 0.746336 0.407948 0.795146
0 0.722328 0.888326 0.723355 0.896081 0.723740 0.896763 0.727664 0.903546 0.733884 0.908312 0.741455 0.910333 0.749223 0.909305 0.756006 0.905381 0.760772 0.899160 0.762793 0.891590 0.761765 0.883821 0.757841 0.877038 0.757398 0.876390 0.751188 0.871633 0.743630 0.869615 0.735875 0.870641 0.729104 0.874559 0.724346 0.880768
0 0.175613 0.350171 0.175658 0.352297 0.190302 0.381244 0.190818 0.382261 0.192547 0.384446 0.195228 0.387470 0.198451 0.390867 0.201719 0.394116 0.204532 0.396719 0.206460 0.398277 0.207211 0.398558 0.218994 0.398048 0.251604 0.369035 0.254125 0.366602 0.263619 0.356915 0.277434 0.342666 0.273331 0.337913 0.266186 0.330256 0.260523 0.324421 0.254975 0.318916 0.252227 0.316329 0.248838 0.313621 0.181888 0.338885 0.180385 0.339899 0.178773 0.341882 0.177299 0.344532 0.176189 0.347444
0 0.767683 0.204161 0.767760 0.205956 0.768168 0.209243 0.768845 0.213524 0.769690 0.218151 0.770573 0.222426 0.771363 0.225703 0.771939 0.227484 0.785298 0.257234 0.786186 0.257977 0.788130 0.258848 0.790834 0.259715 0.793885 0.260445 0.796816 0.260927 0.799177 0.261086 0.800610 0.260899 0.861507 0.218885 0.861709 0.217627 0.861420 0.212776 0.860586 0.206039 0.858807 0.195157 0.856916 0.186091 0.855489 0.181818 0.853960 0.179405 0.820803 0.184920 0.817345 0.185572 0.789681 0.191516 0.775118 0.194682
0 0.554059 0.588107 0.554100 0.591115 0.554439 0.593559 0.555022 0.595068 0.605265 0.647907 0.606198 0.647662 0.610459 0.646263 0.616649 0.644135 0.626912 0.640513 0.635718 0.637320 0.640202 0.635586 0.643184 0.634297 0.632811 0.602663 0.631627 0.599359 0.621015 0.572726 0.615354 0.558684 0.605286 0.553180 0.605042 0.553221 0.603119 0.553868 0.599804 0.555025 0.595604 0.556514 0.591162 0.558107 0.587162 0.559560 0.584217 0.560650 0.582774 0.561211 0.556337 0.579455 0.555554 0.580313 0.554846 0.582259 0.554321 0.584997
0 0.828679 0.424108 0.831912 0.443672 0.834232 0.456981 0.834912 0.460419 0.845122 0.502881 0.854561 0.509953 0.855413 0.510052 0.857953 0.509783 0.861798 0.509185 0.866360 0.508350 0.870939 0.507405 0.874831 0.506497 0.877441 0.505764 0.878372 0.505317 0.906750 0.490112 0.908038 0.488341 0.909145 0.485741 0.909900 0.482709 0.910188 0.479708 0.909966 0.477200 0.909268 0.475565 0.868911 0.416336 0.864394 0.416874 0.860597 0.417515 0.852836 0.418955 0.844841 0.420537 0.834652 0.422687
0 0.158336 0.920238 0.198540 0.947170 0.216718 0.920058 0.248201 0.873060 0.262019 0.852408 0.221815 0.825477 0.205559 0.834347 0.204656 0.835555 0.202861 0.838117 0.200446 0.841642 0.197781 0.845592 0.165932 0.893138 0.163435 0.896893 0.161498 0.899863 0.160417 0.901596 0.160353 0.901830
0 0.583695 0.888497 0.626445 0.911171 0.640954 0.889151 0.660331 0.852619 0.667896 0.838356 0.679890 0.810409 0.637140 0.787734 0.621877 0.798222 0.621285 0.798640 0.619923 0.800618 0.618001 0.803849 0.615808 0.807845 0.589178 0.858053 0.587039 0.862224 0.585269 0.865953 0.584137 0.868677 0.583817 0.869978
0 0.267411 0.680666 0.345882 0.698024 0.346586 0.697119 0.398422 0.462784 0.397956 0.462613 0.319485 0.445255
0 0.171028 0.826230 0.251155 0.832437 0.252292 0.830917 0.270829 0.591634 0.191068 0.585455 0.189650 0.585848
