0 0.239379 0.938197 0.244563 0.944411 0.301553 0.949564 0.314809 0.948394 0.316615 0.947216 0.319494 0.945036 0.323005 0.942184 0.326610 0.939100 0.329754 0.936257 0.331956 0.934090 0.332883 0.932928 0.334537 0.918803 0.303789 0.881944 0.242357 0.933189
0 0.532916 0.441115 0.535767 0.469559 0.542033 0.525781 0.542732 0.531483 0.582550 0.527043 0.577566 0.470547 0.572999 0.436645 0.552734 0.438671
0 0.180109 0.488325 0.190316 0.544630 0.193839 0.555983 0.194191 0.556581 0.196003 0.558138 0.199004 0.560419 0.202734 0.563075 0.206620 0.565698 0.210066 0.567885 0.212544 0.569301 0.213678 0.569733 0.223572 0.567679 0.226731 0.566905 0.254074 0.527454 0.188322 0.481883 0.184719 0.481674
0 0.668249 0.268341 0.673015 0.279836 0.718831 0.294149 0.721361 0.291769 0.745492 0.214526 0.737768 0.212113 0.687081 0.238669 0.675446 0.245302 0.674942 0.246513 0.673968 0.249287 0.672675 0.253199 0.671257 0.257657 0.669929 0.261988 0.668891 0.265539 0.668300 0.267771
0 0.730595 0.341875 0.765601 0.374717 0.768672 0.373269 0.796356 0.343760 0.760946 0.310538 0.747706 0.311646 0.746752 0.312563 0.744691 0.314676 0.741838 0.317660 0.738626 0.321065 0.735538 0.324376 0.733041 0.327093 0.731514 0.328806 0.731191 0.329249
0 0.875268 0.632684 0.881979 0.644267 0.883345 0.644779 0.886233 0.645857 0.890203 0.647338 0.894648 0.648996 0.898886 0.650575 0.902265 0.651833 0.904269 0.652578 0.904597 0.652697 0.917521 0.648349 0.934478 0.602851 0.896564 0.588720 0.892031 0.587706
0 0.209328 0.684318 0.245768 0.716407 0.258962 0.714775 0.259886 0.713804 0.261879 0.711606 0.264636 0.708520 0.267739 0.705011 0.270721 0.701609 0.273131 0.698828 0.274605 0.697089 0.274914 0.696660 0.275109 0.683915 0.239085 0.652192 0.236069 0.653952
0 0.111885 0.613919 0.113044 0.654365 0.161579 0.652975 0.165446 0.651226 0.171839 0.643808 0.172245 0.642702 0.172536 0.639933 0.172668 0.635928 0.172622 0.631291 0.172405 0.626723 0.172048 0.622914 0.171607 0.620439 0.171148 0.619680 0.164301 0.611243 0.116321 0.612617
0 0.455789 0.599574 0.461247 0.610483 0.507478 0.625326 0.519846 0.586800 0.519619 0.585808 0.473917 0.571135 0.463168 0.576592 0.462838 0.577569 0.461995 0.580153 0.460766 0.583953 0.459338 0.588388 0.457933 0.592776 0.456765 0.596444 0.456012 0.598830
0 0.115329 0.593642 0.116505 0.600592 0.118885 0.604163 0.124721 0.609880 0.131470 0.614564 0.141056 0.618920 0.147855 0.619533 0.159184 0.604605 0.167264 0.593560 0.169099 0.590984 0.190314 0.558168 0.191841 0.553441 0.189354 0.544107 0.188205 0.541099 0.185653 0.537842 0.182088 0.534837 0.178055 0.532545 0.174174 0.531317 0.134428 0.526409 0.132157 0.526755 0.129608 0.528000 0.127169 0.529953 0.125216 0.532318 0.124045 0.534730
0 0.318487 0.297463 0.330674 0.313301 0.339104 0.323958 0.341331 0.326684 0.370425 0.359514 0.382062 0.361235 0.382833 0.360739 0.384904 0.359160 0.387958 0.356739 0.391532 0.353844 0.395086 0.350912 0.398086 0.348385 0.400075 0.346646 0.400750 0.345960 0.418039 0.320719 0.418772 0.319475 0.419008 0.317260 0.418715 0.314413 0.417935 0.311364 0.416788 0.308574 0.415447 0.306468 0.414114 0.305364 0.350389 0.271764 0.346500 0.274240 0.343386 0.276565 0.337127 0.281487 0.330779 0.286675 0.322871 0.293406
0 0.483402 0.104951 0.483774 0.109551 0.484401 0.113367 0.485896 0.121133 0.487602 0.129105 0.489998 0.139230 0.491668 0.145123 0.511191 0.141530 0.524519 0.138947 0.527942 0.138206 0.570183 0.127244 0.577153 0.117653 0.577335 0.116762 0.577109 0.114193 0.576506 0.110336 0.575620 0.105778 0.574586 0.101219 0.573563 0.097361 0.572707 0.094794 0.556221 0.065887 0.554477 0.064612 0.551889 0.063541 0.548852 0.062838 0.545829 0.062610 0.543286 0.062892 0.541609 0.063640
0 0.709655 0.612526 0.710067 0.613314 0.730579 0.638830 0.732860 0.641481 0.762606 0.673334 0.763691 0.674054 0.775002 0.675307 0.777035 0.674236 0.780057 0.672129 0.783606 0.669307 0.787136 0.666203 0.790107 0.663294 0.792061 0.661026 0.810086 0.631581 0.810312 0.629638 0.809984 0.626974 0.809150 0.623997 0.807938 0.621163 0.806534 0.618905 0.805153 0.617568 0.740774 0.587076 0.737236 0.588618 0.734287 0.590654 0.728275 0.595329 0.722096 0.600537 0.714239 0.607698
0 0.078610 0.540351 0.079054 0.556530 0.119501 0.555419 0.123850 0.554786 0.123410 0.538792 0.112969 0.530690 0.112562 0.530675 0.110385 0.530712 0.106774 0.530796 0.102276 0.530915 0.097569 0.531049 0.093365 0.531180 0.090299 0.531286 0.088840 0.531353
0 0.492188 0.346022 0.492224 0.346728 0.527532 0.365732 0.546536 0.330424 0.546750 0.329643 0.511279 0.310552
0 0.770976 0.469257 0.789356 0.504784 0.792701 0.504839 0.807076 0.497402 0.809207 0.486343 0.809193 0.485508 0.808335 0.483162 0.806761 0.479661 0.804712 0.475539 0.802503 0.471430 0.800473 0.467965 0.798932 0.465674 0.798116 0.464904 0.788484 0.461464 0.785187 0.461905
0 0.416047 0.323195 0.416190 0.323846 0.416820 0.326169 0.417842 0.329814 0.419100 0.334224 0.420400 0.338721 0.421543 0.342614 0.422354 0.345309 0.422710 0.346396 0.433529 0.352617 0.448908 0.348200 0.437867 0.309754 0.437149 0.307555 0.421593 0.312022
0 0.155701 0.682288 0.156288 0.684006 0.157839 0.686941 0.160120 0.690645 0.162779 0.694550 0.165410 0.698055 0.167607 0.700624 0.169036 0.701865 0.180406 0.703667 0.181123 0.703212 0.186104 0.699819 0.192119 0.690950 0.191279 0.688654 0.189180 0.684761 0.186142 0.679863 0.182624 0.674697 0.179154 0.670041 0.176254 0.666596 0.174367 0.664887 0.163919 0.667248 0.163164 0.667622 0.158171 0.671023
0 0.079195 0.335253 0.079693 0.346266 0.080898 0.347917 0.085247 0.351874 0.095069 0.355424 0.097635 0.354911 0.101394 0.352623 0.105773 0.348906 0.110097 0.344331 0.113701 0.339602 0.116032 0.335447 0.116737 0.332500 0.112365 0.323183 0.111095 0.321585 0.106771 0.317618 0.095463 0.318042 0.093542 0.318469 0.090736 0.320211 0.087473 0.323001 0.084245 0.326416 0.081539 0.329941 0.079766 0.333044
0 0.660495 0.171472 0.660836 0.182947 0.661985 0.184529 0.664322 0.187023 0.667490 0.190050 0.671011 0.193152 0.674353 0.195863 0.677013 0.197772 0.678584 0.198587 0.690062 0.197527 0.694047 0.193005 0.694484 0.192317 0.698132 0.182224 0.696654 0.180103 0.693562 0.176750 0.689324 0.172675 0.684593 0.168506 0.680097 0.164885 0.676528 0.162367 0.674431 0.161337 0.664850 0.166203 0.660857 0.170735
0 0.167403 0.605576 0.168209 0.612311 0.171627 0.619005 0.177132 0.624627 0.183877 0.628310 0.190823 0.629493 0.196905 0.628001 0.201198 0.624075 0.204013 0.621122 0.205870 0.615365 0.207015 0.609148 0.206335 0.603774 0.203593 0.598446 0.199208 0.593968 0.193841 0.591015 0.188299 0.590035 0.183423 0.591183 0.176441 0.592966 0.172102 0.596845 0.169319 0.599832
0 0.026641 0.922253 0.028049 0.929962 0.032301 0.936544 0.038747 0.941000 0.046408 0.942648 0.054116 0.941240 0.060699 0.936989 0.061454 0.936238 0.065901 0.929803 0.067547 0.922155 0.066142 0.914459 0.061897 0.907888 0.055462 0.903441 0.047814 0.901795 0.040119 0.903201 0.033548 0.907445 0.032745 0.908146 0.028289 0.914592
0 0.654654 0.058533 0.670876 0.095097 0.685698 0.100809 0.708839 0.109726 0.723661 0.115437 0.760224 0.099214 0.763839 0.093650 0.747392 0.056578 0.693872 0.035955 0.656801 0.052404
0 0.829618 0.277545 0.845887 0.314087 0.882429 0.297817 0.887747 0.295006 0.908301 0.241461 0.891806 0.204411 0.854756 0.220906 0.849890 0.224734 0.835310 0.262716
0 0.863996 0.886716 0.872323 0.903257 0.873565 0.904329 0.876119 0.906319 0.879599 0.908923 0.883471 0.911743 0.929935 0.945149 0.933593 0.947743 0.936462 0.949704 0.938104 0.950732 0.956603 0.953299 0.984852 0.914009 0.957969 0.894152 0.912040 0.861130 0.892245 0.847426
0 0.296664 0.472170 0.310036 0.496441 0.331673 0.531681 0.340121 0.545440 0.356343 0.569370 0.397581 0.544051 0.396294 0.525577 0.395950 0.524759 0.394698 0.522502 0.392729 0.519151 0.390343 0.515214 0.360607 0.466782 0.358156 0.462840 0.356001 0.459476 0.354470 0.457198 0.353796 0.456357 0.337903 0.446850
0 0.316133 0.181952 0.316147 0.186513 0.316907 0.243736 0.317017 0.248447 0.317207 0.252570 0.317447 0.255474 0.317701 0.256718 0.326488 0.273020 0.374875 0.272376 0.375510 0.245934 0.374758 0.189370 0.373358 0.158328 0.324971 0.158971 0.316621 0.175500 0.316391 0.175992 0.316219 0.178257
