0 0.570350 0.545416 0.573163 0.567166 0.573559 0.567462 0.581734 0.565564 0.585707 0.564545 0.586315 0.564389 0.586795 0.564236 0.587074 0.564108 0.587110 0.564025 0.587362 0.559483 0.585672 0.546423 0.584295 0.542258 0.584086 0.542252 0.583661 0.542305 0.583086 0.542407 0.582447 0.542545
0 0.616916 0.583733 0.617049 0.584985 0.617535 0.586056 0.619398 0.590050 0.619797 0.590529 0.623403 0.594387 0.624167 0.595112 0.625093 0.595383 0.626040 0.595158 0.626864 0.594472 0.629872 0.590782 0.632969 0.586940 0.633546 0.585896 0.633788 0.584653 0.633657 0.583400 0.633174 0.582328 0.630466 0.577358 0.627741 0.574473 0.627295 0.574001 0.626532 0.573272 0.625607 0.572998 0.624659 0.573222 0.622373 0.574643 0.619972 0.576640 0.618295 0.579680 0.617155 0.582490
0 0.611771 0.746556 0.612091 0.749612 0.612348 0.749774 0.613065 0.750102 0.614134 0.750547 0.615393 0.751041 0.616647 0.751508 0.617703 0.751876 0.618399 0.752088 0.618630 0.752112 0.619942 0.749673 0.620569 0.736430 0.620365 0.736327 0.619821 0.736099 0.619021 0.735781 0.618084 0.735422 0.617153 0.735075 0.616369 0.734794 0.615849 0.734620 0.615674 0.734580
0 0.627616 0.356174 0.649703 0.369286 0.650488 0.369667 0.652467 0.369428 0.652610 0.369223 0.652875 0.368568 0.653221 0.367563 0.653596 0.366361 0.653941 0.365146 0.654205 0.364106 0.654346 0.363399 0.654343 0.363133 0.652985 0.361273 0.652199 0.360892 0.628841 0.351976 0.628767 0.352129 0.628611 0.352577 0.628397 0.353252 0.628158 0.354052 0.627930 0.354855 0.627746 0.355540 0.627636 0.356003
0 0.321505 0.217298 0.321536 0.217906 0.323334 0.222998 0.326066 0.230357 0.326399 0.230874 0.326873 0.231078 0.329619 0.231152 0.329919 0.230858 0.331814 0.228387 0.332033 0.227826 0.331974 0.227168 0.329699 0.219509 0.328079 0.214339 0.327756 0.213885 0.327311 0.213851 0.322325 0.216442 0.321800 0.216879
0 0.309590 0.418639 0.321641 0.433913 0.322459 0.434215 0.333861 0.418221 0.321866 0.403017 0.321045 0.402571
0 0.626059 0.285076 0.626278 0.285917 0.626979 0.286930 0.628052 0.287964 0.629336 0.288863 0.630639 0.289492 0.631764 0.289756 0.632541 0.289614 0.632850 0.289084 0.636046 0.280891 0.636609 0.279446 0.643165 0.259661 0.643029 0.259019 0.642538 0.258255 0.641766 0.257487 0.640833 0.256833 0.639881 0.256395 0.639387 0.256301 0.638826 0.256297 0.638485 0.256385 0.638254 0.256814 0.629815 0.275460 0.626622 0.283633
0 0.446404 0.212877 0.447016 0.216159 0.447158 0.216741 0.461033 0.226519 0.461613 0.226446 0.462192 0.224986 0.462963 0.223040 0.462708 0.221128 0.462535 0.219838 0.447769 0.209432
0 0.665605 0.381493 0.677981 0.403031 0.678252 0.403489 0.678530 0.403928 0.678813 0.404344 0.679097 0.404732 0.679375 0.405084 0.681999 0.402404 0.689870 0.394363 0.692493 0.391683 0.692749 0.391314 0.693598 0.390089 0.693386 0.389632 0.693151 0.389167 0.692895 0.388702 0.692624 0.388245 0.692339 0.387799 0.678996 0.367594 0.665860 0.381012
0 0.540565 0.283612 0.541154 0.287868 0.549997 0.293822 0.557439 0.274171 0.558104 0.271560 0.549159 0.265538 0.546529 0.267720 0.546337 0.268104 0.546006 0.268895 0.545587 0.269972 0.541832 0.279888 0.541390 0.281084 0.540993 0.282212 0.540704 0.283100
0 0.422769 0.742093 0.439342 0.744857 0.440035 0.742058 0.442494 0.715846 0.440625 0.714163 0.440156 0.713835 0.439402 0.713543 0.438475 0.713330 0.437516 0.713228 0.436670 0.713254 0.436064 0.713403 0.434302 0.714480 0.423857 0.737142 0.422977 0.739884
0 0.461707 0.772527 0.461893 0.774250 0.461982 0.774808 0.462339 0.775649 0.462912 0.776644 0.463612 0.777640 0.464332 0.778486 0.464961 0.779050 0.467907 0.780570 0.475146 0.770650 0.476282 0.758275 0.470365 0.750600 0.466262 0.753749 0.465726 0.754329 0.465072 0.755171 0.464401 0.756145 0.463812 0.757107 0.463396 0.757909 0.463215 0.758431 0.462787 0.761436 0.462349 0.764513 0.461901 0.767662
0 0.542963 0.564145 0.543136 0.564402 0.559621 0.566842 0.561451 0.544863 0.561205 0.544683 0.544786 0.542253
0 0.336203 0.356824 0.339861 0.366834 0.341691 0.368356 0.370539 0.361860 0.372023 0.360895 0.372232 0.357037 0.372139 0.356551 0.371881 0.355692 0.371499 0.354591 0.367875 0.344674 0.367424 0.343494 0.366972 0.342411 0.366587 0.341589 0.366328 0.341152 0.363228 0.339268
0 0.559580 0.505678 0.560325 0.527670 0.560568 0.527781 0.577127 0.526783 0.576379 0.504704 0.576074 0.504685
0 0.669554 0.746495 0.669576 0.748647 0.670214 0.750625 0.670507 0.751056 0.671666 0.752560 0.673168 0.753358 0.674786 0.753329 0.676271 0.752477 0.677399 0.750931 0.677998 0.748928 0.677976 0.746772 0.677337 0.744791 0.677032 0.744371 0.675875 0.742870 0.674375 0.742073 0.672761 0.742102 0.671278 0.742953 0.670152 0.744495
0 0.464132 0.719204 0.476448 0.734098 0.532299 0.651995 0.532151 0.651298 0.519892 0.636472 0.464296 0.718199
0 0.610219 0.587011 0.610986 0.587966 0.647330 0.630043 0.658391 0.613465 0.622118 0.571184 0.621300 0.570305
0 0.638439 0.759744 0.639075 0.760937 0.646254 0.766471 0.650405 0.756899 0.649718 0.755724 0.642571 0.750215
0 0.357408 0.779336 0.363542 0.800502 0.371479 0.796413 0.372082 0.795022 0.374700 0.788076 0.374771 0.787656 0.374715 0.787232 0.369346 0.768707 0.369173 0.768343 0.368909 0.768096 0.368594 0.768001 0.368276 0.768075 0.361329 0.771655
