0 0.546047 0.528946 0.547243 0.532094 0.547483 0.532225 0.548043 0.532516 0.548837 0.532921 0.549745 0.533380 0.557540 0.537296 0.558420 0.537736 0.559134 0.538088 0.559574 0.538300 0.559672 0.538338 0.562205 0.537131 0.565738 0.524630 0.550112 0.516780 0.549539 0.516588
0 0.485289 0.445331 0.485649 0.447433 0.485673 0.447523 0.486607 0.449279 0.487974 0.450424 0.489566 0.450784 0.491139 0.450305 0.492456 0.449059 0.493314 0.447237 0.493585 0.445115 0.493574 0.445021 0.493214 0.442919 0.492278 0.441160 0.490909 0.440014 0.489315 0.439652 0.487738 0.440132 0.486420 0.441380 0.485559 0.443206
0 0.514767 0.376599 0.521649 0.396606 0.529152 0.392018 0.529218 0.391771 0.526068 0.380374 0.522579 0.370232 0.514973 0.374884
0 0.405283 0.433433 0.406568 0.437588 0.410424 0.450053 0.410528 0.450111 0.411965 0.450912 0.414422 0.452276 0.432735 0.442206 0.431477 0.438136 0.427700 0.425927 0.426441 0.421858 0.426104 0.421499 0.424721 0.420030 0.405979 0.430336
0 0.543272 0.563133 0.543300 0.564354 0.543684 0.565428 0.545084 0.569273 0.545521 0.569959 0.548811 0.574207 0.549499 0.574981 0.550382 0.575325 0.551326 0.575186 0.552187 0.574585 0.558745 0.567737 0.559390 0.566766 0.559718 0.565576 0.559682 0.564347 0.559286 0.563268 0.556969 0.558000 0.556555 0.557290 0.554120 0.554523 0.553432 0.553766 0.552551 0.553436 0.551612 0.553582 0.549215 0.554528 0.546720 0.556281 0.544846 0.559094 0.543604 0.561951
0 0.440091 0.445328 0.440259 0.446156 0.440599 0.447223 0.441060 0.448365 0.441571 0.449406 0.442053 0.450187 0.442433 0.450589 0.442653 0.450551 0.451645 0.446397 0.453001 0.444129 0.453020 0.443512 0.452781 0.442414 0.452321 0.441001 0.451709 0.439486 0.451038 0.438098 0.450408 0.437044 0.449915 0.436487 0.449634 0.436512 0.447434 0.436883 0.440121 0.444864
0 0.552073 0.562992 0.552273 0.573492 0.552995 0.574857 0.561134 0.573902 0.560894 0.563410 0.560205 0.562001
0 0.509526 0.407033 0.517738 0.426127 0.546379 0.404229 0.546592 0.403789 0.538343 0.384607 0.509570 0.406606
0 0.566264 0.559312 0.566759 0.562805 0.566819 0.562880 0.567164 0.563259 0.567742 0.563884 0.568465 0.564661 0.574916 0.571567 0.575676 0.572378 0.576361 0.573105 0.576867 0.573637 0.577116 0.573892 0.579883 0.573784 0.580498 0.573001 0.582589 0.569529 0.584680 0.566056 0.585725 0.564320 0.586148 0.563379 0.573142 0.549455 0.572473 0.549002
0 0.484430 0.483589 0.484563 0.484088 0.484839 0.484730 0.486638 0.488185 0.497086 0.505359 0.499240 0.508401 0.499649 0.508887 0.499982 0.509152 0.500186 0.509156 0.512619 0.495655 0.512674 0.495387 0.512563 0.494898 0.512300 0.494262 0.511927 0.493578 0.498348 0.471257 0.497924 0.470631 0.497516 0.470165 0.497186 0.469928 0.496985 0.469957 0.484462 0.483309
0 0.517378 0.508179 0.523372 0.509552 0.535074 0.512163 0.540591 0.513359 0.542239 0.500227 0.539190 0.497157 0.539054 0.497111 0.538563 0.496988 0.537791 0.496807 0.536855 0.496595 0.525208 0.493997 0.524256 0.493787 0.523438 0.493613 0.522877 0.493501 0.522659 0.493468 0.519026 0.495048
0 0.483591 0.427694 0.483657 0.427983 0.486245 0.430717 0.487539 0.432084 0.490127 0.434817 0.500378 0.417565 0.500379 0.417376 0.500379 0.417234 0.493884 0.410372
0 0.440310 0.544801 0.441495 0.547588 0.442687 0.548074 0.444924 0.547834 0.445023 0.547748 0.445259 0.547038 0.445595 0.545815 0.445980 0.544264 0.446357 0.542620 0.446669 0.541129 0.446869 0.540016 0.446926 0.539451 0.445193 0.537597 0.444004 0.537112 0.441817 0.538516 0.441739 0.538568 0.441558 0.539091 0.441300 0.540008 0.441007 0.541177 0.440722 0.542420 0.440489 0.543546 0.440344 0.544382
0 0.455480 0.511196 0.461307 0.519168 0.461750 0.518949 0.487607 0.500712 0.488789 0.499176 0.488829 0.495944 0.488712 0.495769 0.488349 0.495260 0.487795 0.494494 0.487135 0.493589 0.481361 0.485690 0.480693 0.484779 0.480116 0.483998 0.479718 0.483465 0.479559 0.483262 0.477004 0.483222
0 0.533877 0.621794 0.533895 0.622649 0.533932 0.623063 0.535837 0.626090 0.545849 0.626599 0.546168 0.615475 0.545640 0.614155 0.535743 0.613651 0.534122 0.616427 0.534070 0.616526 0.534011 0.617113 0.533955 0.618099 0.533910 0.619334 0.533883 0.620631
