0 0.473614 0.558821 0.485457 0.574376 0.497123 0.558584 0.497136 0.558315 0.485347 0.542832 0.473735 0.558551
0 0.502311 0.474116 0.504788 0.484615 0.520535 0.478011 0.520630 0.477910 0.518142 0.467363 0.502322 0.473998
0 0.657746 0.648494 0.657773 0.648900 0.657870 0.649561 0.658023 0.650375 0.658208 0.651217 0.658396 0.651960 0.658560 0.652488 0.658674 0.652723 0.672706 0.662139 0.673080 0.662186 0.674104 0.661703 0.675357 0.660760 0.677211 0.658969 0.678596 0.657222 0.679039 0.656064 0.679006 0.654959 0.674551 0.647578 0.674083 0.646832 0.670361 0.641165 0.668409 0.638206 0.667970 0.637853 0.665778 0.637463 0.665353 0.637578 0.664715 0.638003 0.663961 0.638673 0.663204 0.639486 0.662559 0.640320 0.662123 0.641048 0.657793 0.648402
0 0.485274 0.750680 0.485311 0.751340 0.486644 0.759002 0.487794 0.764170 0.488029 0.764624 0.488358 0.764657 0.490182 0.764337 0.493887 0.761762 0.494107 0.761348 0.494090 0.760744 0.492823 0.755681 0.490603 0.748308 0.490363 0.747787 0.490015 0.747577 0.487980 0.747458 0.486882 0.747678 0.485443 0.750121
0 0.530233 0.383930 0.531166 0.388076 0.533210 0.391421 0.536052 0.393457 0.539259 0.393875 0.542346 0.392614 0.542384 0.392591 0.544882 0.389839 0.546410 0.386014 0.546810 0.383033 0.546921 0.381562 0.546605 0.380149 0.545806 0.377547 0.543764 0.374193 0.540919 0.372149 0.538959 0.371705 0.537864 0.371561 0.536810 0.371992 0.534610 0.372991 0.534577 0.373026 0.532078 0.375784 0.530552 0.379613
0 0.488725 0.575341 0.492010 0.597014 0.511550 0.614308 0.519678 0.612118 0.509823 0.547098 0.509778 0.546882 0.501688 0.549062 0.499835 0.552784 0.488777 0.574996 0.488751 0.575168
0 0.441478 0.428942 0.441707 0.429327 0.454048 0.444031 0.462363 0.431806 0.462780 0.431164 0.463123 0.430591 0.463342 0.430174 0.463401 0.429976 0.461484 0.426211 0.455926 0.419589 0.454073 0.417382 0.451050 0.415260 0.450931 0.415300 0.450660 0.415584 0.450281 0.416069 0.449849 0.416683 0.447028 0.420695
0 0.403382 0.441484 0.403606 0.442746 0.404176 0.443798 0.407021 0.448307 0.410261 0.451347 0.411089 0.452028 0.411293 0.452139 0.411306 0.452145 0.412264 0.452352 0.413209 0.452054 0.413996 0.451296 0.417465 0.447934 0.418948 0.444729 0.420154 0.442101 0.420309 0.440823 0.420085 0.439564 0.419517 0.438514 0.417095 0.434293 0.413446 0.430984 0.413434 0.430974 0.412608 0.430294 0.412406 0.430134 0.411446 0.429927 0.410499 0.430225 0.409710 0.430985 0.406651 0.434635 0.404048 0.439099 0.403537 0.440203
0 0.464998 0.396007 0.465142 0.398156 0.465201 0.398331 0.465950 0.400239 0.467189 0.401620 0.468730 0.402264 0.470338 0.402072 0.471769 0.401074 0.472805 0.399422 0.473288 0.397368 0.473144 0.395223 0.473098 0.395042 0.472348 0.393131 0.471107 0.391748 0.469563 0.391103 0.467952 0.391295 0.466519 0.392294 0.465481 0.393949
0 0.562196 0.436093 0.578691 0.437238 0.579007 0.436986 0.579180 0.432569 0.579438 0.425945 0.562877 0.424795 0.562625 0.425096
0 0.512159 0.409836 0.523633 0.414535 0.531819 0.417002 0.543777 0.419366 0.544522 0.415393 0.544597 0.414685 0.540763 0.408378 0.538032 0.403886 0.521893 0.399021 0.516446 0.402752 0.512951 0.405146 0.512829 0.405839
0 0.513224 0.377972 0.514337 0.399933 0.530807 0.398450 0.530931 0.398042 0.529814 0.375993 0.513277 0.377482
0 0.493402 0.419585 0.493553 0.421423 0.513310 0.423347 0.515267 0.420870 0.515444 0.419950 0.515479 0.419588 0.515536 0.418768 0.515608 0.417616 0.515683 0.416308 0.515749 0.415044 0.515797 0.414019 0.515818 0.413389 0.515811 0.413250 0.514220 0.410426 0.497387 0.408681 0.494018 0.408353
0 0.509675 0.548778 0.509892 0.549875 0.514855 0.563419 0.518796 0.571645 0.526032 0.566424 0.524905 0.559968 0.516920 0.543600
0 0.542374 0.580012 0.545376 0.581855 0.557383 0.589225 0.558129 0.589092 0.558312 0.588612 0.558498 0.588106 0.558682 0.587583 0.558862 0.587054 0.559037 0.586519 0.566920 0.561951 0.551890 0.552726 0.551689 0.552847 0.543181 0.577490 0.543000 0.578021 0.542827 0.578544 0.542664 0.579056 0.542512 0.579548
0 0.599358 0.336198 0.599390 0.336810 0.599588 0.337540 0.601114 0.341294 0.610929 0.359120 0.613115 0.362109 0.613562 0.362551 0.613967 0.362731 0.614268 0.362624 0.626515 0.350785 0.626677 0.350397 0.626664 0.349796 0.626480 0.349074 0.626152 0.348341 0.613396 0.325173 0.612976 0.324545 0.612530 0.324124 0.612128 0.323971 0.611830 0.324111 0.599498 0.335795
0 0.539558 0.480512 0.540164 0.484553 0.541398 0.486015 0.545101 0.490400 0.546335 0.491861 0.547501 0.491769 0.548612 0.491577 0.553099 0.484840 0.553598 0.484017 0.546028 0.475052 0.543364 0.475263 0.542865 0.475547 0.542683 0.475768 0.542278 0.476332 0.541712 0.477152 0.541070 0.478105 0.540450 0.479046 0.539945 0.479834 0.539631 0.480349
