0 0.558156 0.553991 0.571301 0.574698 0.571586 0.575144 0.571868 0.575585 0.572146 0.576017 0.572417 0.576433 0.572674 0.576826 0.572701 0.576806 0.572775 0.576750 0.572802 0.576729 0.585514 0.562382 0.585265 0.561976 0.585000 0.561550 0.584723 0.561110 0.584439 0.560666 0.584150 0.560218 0.570788 0.539659 0.558159 0.553911
0 0.441615 0.389175 0.441757 0.390452 0.442430 0.395686 0.444536 0.400843 0.445033 0.401951 0.445167 0.402190 0.445942 0.402958 0.446879 0.403272 0.447835 0.403085 0.451813 0.401775 0.455609 0.399387 0.456438 0.398726 0.457015 0.397692 0.457250 0.396443 0.457110 0.395169 0.456200 0.389440 0.456099 0.389186 0.454226 0.384522 0.453729 0.383414 0.452951 0.382644 0.452012 0.382329 0.449628 0.382773 0.446827 0.383323 0.444397 0.385261 0.442429 0.386886 0.441852 0.387922
0 0.533097 0.553364 0.533176 0.553927 0.536102 0.560062 0.536456 0.560408 0.536866 0.560331 0.539941 0.557744 0.544608 0.553768 0.545121 0.553182 0.545399 0.552728 0.545429 0.552117 0.544838 0.548647 0.542695 0.546413 0.542259 0.546173 0.541820 0.546289 0.537327 0.549575 0.534146 0.551953 0.533335 0.552928
0 0.490968 0.601156 0.492724 0.609217 0.504657 0.642970 0.512265 0.638396 0.511173 0.634048 0.499150 0.598492 0.498498 0.596630 0.495898 0.597074 0.495103 0.597262 0.494216 0.597694 0.493369 0.598305 0.492691 0.599002
0 0.444386 0.524943 0.447413 0.535265 0.455155 0.531229 0.455360 0.531086 0.452347 0.520811 0.452128 0.520907
0 0.509718 0.498663 0.509779 0.500814 0.510451 0.502770 0.511635 0.504234 0.513148 0.504983 0.513171 0.504992 0.514786 0.504911 0.516256 0.504012 0.517356 0.502432 0.517919 0.500411 0.517858 0.498256 0.517184 0.496296 0.515999 0.494830 0.514483 0.494080 0.512867 0.494160 0.512845 0.494170 0.511378 0.495067 0.510280 0.496645
0 0.411304 0.595522 0.411565 0.600013 0.412969 0.622329 0.412994 0.622377 0.415264 0.624105 0.415714 0.624190 0.416467 0.624200 0.417410 0.624133 0.418396 0.624001 0.419275 0.623822 0.419912 0.623626 0.420210 0.623441 0.421127 0.622022 0.423088 0.618824 0.421561 0.592490 0.413331 0.593338
0 0.462369 0.551238 0.462373 0.551548 0.462486 0.552297 0.462690 0.553371 0.462954 0.554607 0.470110 0.586533 0.470392 0.587731 0.470646 0.588700 0.470833 0.589292 0.470926 0.589416 0.472936 0.591388 0.474536 0.590751 0.482536 0.587563 0.482735 0.586563 0.473281 0.544385 0.463791 0.548166 0.463373 0.548723
0 0.494439 0.438316 0.494464 0.438598 0.510837 0.441797 0.510887 0.441529 0.522937 0.331871 0.506489 0.328658
0 0.545345 0.591565 0.545650 0.592580 0.556027 0.621217 0.556094 0.621379 0.556385 0.621406 0.556856 0.621293 0.557436 0.621057 0.558036 0.620734 0.558564 0.620374 0.558940 0.620032 0.559105 0.619760 0.551804 0.589607 0.551498 0.588590 0.551373 0.588324 0.549986 0.586604 0.549558 0.586607 0.548859 0.586810 0.547996 0.587180 0.547098 0.587662 0.546302 0.588184 0.545728 0.588666 0.545463 0.589036
0 0.495432 0.467381 0.495453 0.467530 0.543729 0.482964 0.543930 0.482886 0.547806 0.461331 0.499308 0.445826
0 0.501786 0.606300 0.501837 0.606413 0.502361 0.606907 0.503281 0.607708 0.504457 0.608693 0.505707 0.609711 0.506839 0.610605 0.507678 0.611237 0.508096 0.611511 0.508744 0.610084 0.512411 0.602002 0.520143 0.582307 0.519858 0.582071 0.519266 0.581585 0.518459 0.580926 0.517559 0.580193 0.516706 0.579500 0.516301 0.579172 0.515870 0.578824 0.515633 0.578634 0.515577 0.578593 0.506097 0.596813 0.502433 0.604876
0 0.482613 0.572615 0.496676 0.585097 0.498315 0.581816 0.498353 0.579946 0.498237 0.579228 0.485175 0.567634 0.484612 0.567749 0.483011 0.570955
0 0.605386 0.530721 0.605537 0.531292 0.605826 0.532216 0.606208 0.533351 0.606625 0.534523 0.607011 0.535552 0.607309 0.536280 0.607473 0.536597 0.616921 0.533313 0.618478 0.531155 0.618466 0.530975 0.618242 0.530214 0.617843 0.528988 0.617328 0.527485 0.616776 0.525930 0.616269 0.524558 0.615884 0.523575 0.615679 0.523131 0.613427 0.523286 0.605393 0.530587
0 0.519552 0.567933 0.524700 0.576092 0.525422 0.577052 0.563492 0.533469 0.562934 0.532321 0.557618 0.524355 0.534549 0.523030 0.521971 0.537429
0 0.384312 0.529381 0.388223 0.539130 0.388734 0.538951 0.403291 0.528571 0.399398 0.518866 0.398936 0.518953
