0 0.596906 0.694079 0.597808 0.734167 0.598258 0.735245 0.638530 0.734339 0.637624 0.694067 0.636994 0.693178
0 0.279583 0.816888 0.294290 0.854389 0.331791 0.839683 0.332562 0.838126 0.317923 0.800796 0.280593 0.815435
0 0.167946 0.885054 0.199129 0.910555 0.224629 0.879372 0.225891 0.877633 0.194851 0.852250 0.193446 0.853872
0 0.575821 0.952754 0.576169 0.954833 0.616089 0.959436 0.620691 0.919516 0.620139 0.917599 0.580402 0.913017
0 0.755102 0.868110 0.777058 0.901662 0.778333 0.903511 0.812040 0.881454 0.789983 0.847748 0.788654 0.846154
0 0.769262 0.357191 0.769311 0.357869 0.773113 0.369060 0.818359 0.385085 0.822040 0.383756 0.849057 0.307474 0.803288 0.291264 0.790800 0.297194 0.790111 0.298326 0.788916 0.301011 0.787398 0.304838 0.785786 0.309228 0.772401 0.347020 0.770935 0.351319 0.769833 0.354890
0 0.040712 0.665676 0.045419 0.714002 0.057198 0.720703 0.059312 0.720696 0.062891 0.720481 0.067389 0.720089 0.107568 0.716176 0.112283 0.715669 0.116480 0.715127 0.119517 0.714632 0.120933 0.714260 0.130238 0.703800 0.125584 0.656026 0.045961 0.663782
0 0.810503 0.136115 0.812023 0.149393 0.853449 0.173639 0.857535 0.169866 0.898413 0.100025 0.856508 0.075498 0.843017 0.080563 0.842102 0.081908 0.840401 0.084627 0.838176 0.088305 0.835763 0.092385 0.815511 0.126986 0.813268 0.130862 0.811529 0.133957 0.810557 0.135803
0 0.329692 0.555031 0.329752 0.556856 0.330256 0.559442 0.334225 0.574072 0.360024 0.650193 0.365814 0.664360 0.367005 0.666772 0.368093 0.668336 0.368914 0.668811 0.443154 0.642931 0.443643 0.642226 0.443666 0.640469 0.443218 0.637927 0.442367 0.634988 0.408836 0.536054 0.407719 0.533185 0.406511 0.530843 0.405399 0.529384 0.404551 0.529029 0.330087 0.554247
0 0.615539 0.409987 0.651334 0.481737 0.652013 0.481448 0.653684 0.480657 0.656094 0.479484 0.658873 0.478107 0.752362 0.431467 0.755070 0.430106 0.757274 0.428977 0.758640 0.428253 0.758959 0.428044 0.723164 0.356294 0.722813 0.356440 0.721421 0.357111 0.719199 0.358203 0.705934 0.364778 0.633937 0.400697 0.620223 0.407582 0.617831 0.408791 0.616187 0.409635
0 0.075799 0.738190 0.075800 0.741309 0.083480 0.845488 0.083930 0.848485 0.084760 0.850883 0.085841 0.852317 0.087009 0.852569 0.162438 0.848879 0.163456 0.847913 0.164227 0.845873 0.164636 0.843070 0.165117 0.827454 0.159207 0.747297 0.156491 0.732590 0.155695 0.730129 0.154660 0.728602 0.153545 0.728242 0.078166 0.732629 0.077081 0.733492 0.076250 0.735445
0 0.633671 0.127242 0.633827 0.127914 0.683621 0.188910 0.684745 0.188834 0.686626 0.187974 0.688979 0.186458 0.691444 0.184517 0.770673 0.116436 0.772859 0.114380 0.774417 0.112535 0.775112 0.111183 0.774837 0.110528 0.725572 0.049078 0.724408 0.049272 0.722493 0.050236 0.720119 0.051821 0.707600 0.061372 0.646640 0.113754 0.636098 0.124020 0.634470 0.125874
0 0.193008 0.512279 0.206262 0.583435 0.206933 0.584944 0.208556 0.586775 0.210883 0.588651 0.213559 0.590282 0.216174 0.591420 0.218327 0.591891 0.219692 0.591624 0.249189 0.582045 0.250181 0.581461 0.252558 0.579942 0.255962 0.577719 0.259871 0.575132 0.263683 0.572579 0.266814 0.570451 0.268786 0.569074 0.269301 0.568655 0.270969 0.557157 0.248189 0.519824 0.246241 0.516905 0.238466 0.506012 0.226924 0.489936 0.226744 0.489928 0.223006 0.492226 0.218397 0.495177 0.210401 0.500447 0.201575 0.506345 0.196530 0.509764 0.193388 0.511954
0 0.801206 0.565381 0.801339 0.566991 0.843348 0.627151 0.844699 0.627007 0.849685 0.626244 0.856519 0.625097 0.867462 0.623160 0.876493 0.621464 0.880636 0.620558 0.882821 0.619903 0.877353 0.587056 0.876713 0.583604 0.870985 0.555543 0.867942 0.540733 0.858469 0.533693 0.856783 0.533975 0.853557 0.534546 0.849282 0.535318 0.844614 0.536172 0.840271 0.536978 0.836918 0.537611 0.835066 0.537976 0.805033 0.551818 0.804340 0.552508 0.803504 0.554289 0.802653 0.556889 0.801917 0.559912 0.801408 0.562895
0 0.883922 0.598723 0.894960 0.615300 0.902657 0.626732 0.904689 0.629575 0.931439 0.663938 0.933008 0.664655 0.943061 0.666776 0.944034 0.666923 0.946377 0.665997 0.949737 0.664136 0.953598 0.661624 0.957370 0.658846 0.960472 0.656229 0.962428 0.654175 0.982202 0.626566 0.982724 0.624629 0.982711 0.621933 0.982162 0.618891 0.981162 0.615968 0.979864 0.613613 0.978467 0.612183 0.917741 0.576015 0.913458 0.577346 0.910131 0.579150 0.903520 0.583314 0.896856 0.587966 0.888555 0.594380
0 0.519160 0.392978 0.529983 0.464261 0.532926 0.465630 0.536155 0.466708 0.543280 0.468862 0.551019 0.471041 0.561418 0.473767 0.568156 0.475303 0.568814 0.475062 0.578481 0.443524 0.579412 0.440147 0.586094 0.411913 0.589568 0.396955 0.584253 0.386708 0.582342 0.385870 0.578991 0.384718 0.574711 0.383428 0.570158 0.382200 0.566033 0.381220 0.562967 0.380640 0.561427 0.380546 0.529199 0.381077 0.528089 0.381149 0.526411 0.382186 0.524419 0.384031 0.522418 0.386402 0.520716 0.388937 0.519572 0.391246
0 0.324594 0.712309 0.324628 0.720145 0.327656 0.727372 0.333221 0.732889 0.340474 0.735858 0.348309 0.735824 0.355536 0.732795 0.361054 0.727230 0.361293 0.726840 0.364256 0.719600 0.364222 0.711778 0.361199 0.704563 0.355644 0.699055 0.348404 0.696092 0.340581 0.696126 0.333367 0.699149 0.327859 0.704704 0.327563 0.705057
0 0.413386 0.335419 0.414724 0.343143 0.414871 0.343412 0.419057 0.350025 0.425454 0.354533 0.433090 0.356248 0.440801 0.354912 0.447413 0.350726 0.451921 0.344329 0.453637 0.336693 0.452301 0.328982 0.452219 0.328688 0.448025 0.322064 0.441617 0.317548 0.433968 0.315830 0.426244 0.317168 0.419620 0.321361 0.415104 0.327770
0 0.328940 0.818604 0.330162 0.826345 0.334254 0.833027 0.340591 0.837637 0.348210 0.839469 0.355950 0.838247 0.362633 0.834156 0.367243 0.827819 0.367471 0.827255 0.369300 0.819649 0.368080 0.811922 0.363995 0.805251 0.357669 0.800649 0.350063 0.798820 0.342336 0.800040 0.335665 0.804125 0.331063 0.810451 0.330773 0.810985
0 0.910236 0.770198 0.910411 0.778019 0.913565 0.785178 0.919219 0.790584 0.919941 0.791084 0.927245 0.793921 0.935080 0.793745 0.942251 0.790586 0.947666 0.784922 0.950503 0.777618 0.950328 0.769783 0.947168 0.762612 0.941504 0.757197 0.940746 0.756755 0.933454 0.753923 0.925633 0.754098 0.918474 0.757252 0.913068 0.762906
0 0.228198 0.484939 0.228598 0.487356 0.230244 0.490616 0.232883 0.494223 0.236115 0.497634 0.239453 0.500334 0.242393 0.501912 0.244489 0.502130 0.255602 0.502775 0.259827 0.498915 0.261406 0.496939 0.265578 0.487843 0.265100 0.484619 0.262941 0.480254 0.259427 0.475414 0.255097 0.470844 0.250617 0.467249 0.246678 0.465180 0.243880 0.464947 0.234251 0.468284 0.230001 0.472132 0.228486 0.474162
0 0.837116 0.295788 0.837244 0.296381 0.840525 0.307990 0.885563 0.324592 0.890020 0.322564 0.918009 0.246633 0.910416 0.243834 0.845592 0.273732 0.844819 0.274891 0.843532 0.277591 0.841926 0.281419 0.840245 0.285795 0.838741 0.290059 0.837643 0.293567
0 0.094260 0.379083 0.124576 0.387923 0.178925 0.403729 0.183876 0.405165 0.195065 0.366694 0.135004 0.348489 0.105523 0.340356
0 0.853948 0.201122 0.880071 0.231499 0.929800 0.189699 0.951701 0.170288 0.925405 0.139709 0.900614 0.160983 0.857690 0.197895
0 0.526690 0.882310 0.526998 0.886729 0.547093 0.930931 0.620762 0.897439 0.619382 0.892897 0.616071 0.885614 0.563103 0.865755 0.552603 0.863405 0.551699 0.863305 0.549265 0.863980 0.545675 0.865324 0.541473 0.867134 0.537293 0.869135 0.533765 0.871027 0.531424 0.872523 0.530629 0.873394
