0 0.476881 0.529897 0.477527 0.534099 0.479335 0.537652 0.481093 0.539546 0.482011 0.540351 0.483091 0.540630 0.485202 0.540834 0.488369 0.539982 0.491049 0.537589 0.492239 0.535551 0.492848 0.534334 0.493059 0.532902 0.493457 0.529811 0.493454 0.529744 0.492814 0.525544 0.491010 0.521986 0.488315 0.519616 0.485141 0.518794 0.481971 0.519648 0.479289 0.522046 0.477505 0.525622 0.476889 0.529830
0 0.565927 0.580822 0.568773 0.591181 0.569090 0.591601 0.576895 0.587789 0.574036 0.577382 0.573697 0.577027
0 0.404462 0.544963 0.404790 0.545265 0.405139 0.545574 0.405503 0.545885 0.405874 0.546193 0.406251 0.546496 0.423632 0.560270 0.432459 0.541612 0.432445 0.541376 0.415236 0.526901 0.414864 0.526592 0.414496 0.526293 0.414133 0.526006 0.413781 0.525736 0.413447 0.525487 0.406394 0.540393 0.404631 0.544120 0.404595 0.544297 0.404501 0.544765
0 0.486389 0.631067 0.486429 0.631409 0.492668 0.638607 0.505779 0.651901 0.506097 0.651754 0.506629 0.651203 0.507294 0.650333 0.507710 0.649701 0.508239 0.648842 0.508609 0.648196 0.509057 0.647258 0.509265 0.646605 0.509203 0.646336 0.497441 0.630920 0.492153 0.624810 0.491219 0.623731 0.490806 0.623987 0.490095 0.624784 0.489193 0.626001 0.488236 0.627455 0.487368 0.628926 0.486720 0.630194
0 0.510553 0.499095 0.519561 0.517555 0.519639 0.517626 0.526589 0.511597 0.517545 0.493062 0.517505 0.493078 0.517475 0.493090
0 0.485408 0.237794 0.485575 0.239301 0.486055 0.240380 0.487195 0.242129 0.488097 0.242736 0.489016 0.243198 0.490085 0.242971 0.491160 0.241941 0.492030 0.240906 0.492577 0.239901 0.492943 0.238662 0.493073 0.237379 0.492945 0.236248 0.492690 0.234155 0.492080 0.232812 0.491170 0.232219 0.490253 0.231744 0.488503 0.232052 0.487646 0.232248 0.486791 0.233085 0.486066 0.234432 0.485581 0.236084
0 0.536364 0.460440 0.552863 0.461171 0.553474 0.460722 0.553585 0.456272 0.554078 0.434095 0.552228 0.431974 0.552107 0.431875 0.551625 0.431775 0.550854 0.431688 0.549911 0.431628 0.541586 0.431259 0.540619 0.431235 0.539779 0.431250 0.539194 0.431303 0.538953 0.431386 0.537407 0.433357 0.537022 0.434042
0 0.447662 0.588437 0.456956 0.593512 0.459470 0.591813 0.459595 0.591458 0.459844 0.590689 0.460180 0.589625 0.460551 0.588427 0.466837 0.567966 0.469980 0.557735 0.470333 0.556575 0.470617 0.555621 0.470789 0.555016 0.470823 0.554855 0.469989 0.551610 0.460802 0.546593 0.460350 0.547134
0 0.642479 0.514850 0.657958 0.522499 0.658592 0.522590 0.664353 0.501869 0.648812 0.494188 0.648216 0.494211
0 0.513069 0.477834 0.521169 0.479949 0.521414 0.479717 0.523339 0.466607 0.521915 0.464065 0.521757 0.463969 0.521251 0.463790 0.520471 0.463555 0.519538 0.463300 0.518595 0.463065 0.517786 0.462885 0.517236 0.462788 0.517027 0.462789 0.515145 0.464467 0.514972 0.464873
0 0.373882 0.499417 0.373942 0.500131 0.374857 0.502938 0.384764 0.504935 0.386081 0.504878 0.388548 0.483115 0.378755 0.481141 0.377353 0.480923 0.375873 0.483097 0.375653 0.483792 0.375439 0.484848 0.375263 0.486105 0.374018 0.497087 0.373908 0.498348
0 0.509905 0.820157 0.524128 0.832269 0.524188 0.832236 0.524369 0.831906 0.524642 0.831331 0.524967 0.830597 0.526636 0.826668 0.534547 0.807232 0.535871 0.803809 0.536065 0.803266 0.536144 0.802976 0.521876 0.791055 0.521814 0.791053 0.521632 0.791346 0.521357 0.791891 0.521031 0.792604 0.520704 0.793377 0.510422 0.818637 0.510146 0.819347 0.509964 0.819881
0 0.575796 0.549176 0.575837 0.549948 0.575922 0.550265 0.577102 0.552362 0.584658 0.564225 0.585637 0.564967 0.587301 0.565148 0.588658 0.542957 0.587645 0.542466 0.577773 0.541393 0.576327 0.543646 0.576211 0.543840 0.576082 0.544507 0.575960 0.545544 0.575863 0.546794 0.575805 0.548069
