0 0.393535 0.313544 0.394058 0.321362 0.397533 0.328386 0.397710 0.328681 0.403598 0.333830 0.411009 0.336335 0.418814 0.335813 0.425826 0.332343 0.430975 0.326455 0.433480 0.319044 0.432957 0.311239 0.432842 0.310914 0.429367 0.303890 0.423468 0.298732 0.416045 0.296223 0.408226 0.296746 0.401202 0.300221 0.396044 0.306120
0 0.611773 0.894821 0.612026 0.895708 0.618498 0.905172 0.620432 0.905947 0.623849 0.906836 0.628230 0.907701 0.632901 0.908409 0.637145 0.908853 0.640311 0.908963 0.641917 0.908725 0.651075 0.901633 0.651982 0.895661 0.649553 0.885028 0.649284 0.884338 0.646665 0.883343 0.642107 0.882195 0.636300 0.881067 0.630121 0.880130 0.624498 0.879523 0.620279 0.879339 0.618107 0.879607 0.612677 0.888863
0 0.146820 0.520705 0.147216 0.523386 0.149656 0.528536 0.157298 0.535277 0.159816 0.536332 0.164143 0.536112 0.169620 0.534649 0.175405 0.532165 0.180606 0.529042 0.184425 0.525763 0.186282 0.522830 0.185932 0.512958 0.185455 0.510300 0.183043 0.505150 0.179858 0.503895 0.170556 0.500733 0.167313 0.500929 0.163224 0.502038 0.158906 0.503892 0.155011 0.506212 0.152129 0.508647 0.150697 0.510829
0 0.365860 0.459869 0.367712 0.467483 0.372338 0.473809 0.379032 0.477883 0.379240 0.477921 0.386970 0.479120 0.394571 0.477271 0.400885 0.472653 0.404953 0.465971 0.406152 0.458240 0.404303 0.450640 0.399685 0.444325 0.393002 0.440258 0.392818 0.440155 0.385075 0.438954 0.377461 0.440806 0.371136 0.445432 0.367061 0.452126
0 0.225563 0.260780 0.225647 0.263899 0.226119 0.266632 0.226906 0.268564 0.227887 0.269399 0.304291 0.271014 0.305257 0.270626 0.306122 0.269072 0.306754 0.266592 0.308740 0.251813 0.311783 0.171497 0.310947 0.155891 0.310515 0.153098 0.309786 0.151077 0.308870 0.150136 0.232440 0.149219 0.231416 0.149502 0.230501 0.150965 0.229834 0.153385 0.229518 0.156393
0 0.289427 0.751438 0.295071 0.799663 0.375447 0.790255 0.376871 0.786938 0.371291 0.739264 0.361566 0.733083 0.360837 0.732883 0.358400 0.732926 0.354629 0.733206 0.350096 0.733681 0.310276 0.738341 0.305653 0.738939 0.301629 0.739571 0.298812 0.740143 0.297634 0.740566
0 0.079582 0.704805 0.153496 0.738694 0.158258 0.735415 0.174970 0.698966 0.102072 0.665543 0.096526 0.667848
0 0.276674 0.617341 0.314599 0.632749 0.318837 0.629714 0.336904 0.585244 0.331730 0.574786 0.331102 0.574342 0.328872 0.573277 0.325384 0.571753 0.321166 0.570002 0.316853 0.568287 0.313098 0.566868 0.310468 0.565959 0.309367 0.565700 0.307151 0.566464 0.295164 0.571830
0 0.120668 0.123835 0.127377 0.136828 0.128726 0.137629 0.131584 0.138951 0.135513 0.140591 0.139917 0.142303 0.177451 0.156394 0.181677 0.157922 0.185096 0.159040 0.187191 0.159577 0.199900 0.156251 0.216770 0.111313 0.213496 0.106819 0.137734 0.078377
0 0.627241 0.562945 0.627319 0.566294 0.627813 0.573663 0.628579 0.581652 0.629899 0.592367 0.631084 0.599289 0.631760 0.599928 0.664535 0.597381 0.668016 0.597016 0.696876 0.593027 0.712156 0.590859 0.719704 0.582145 0.719889 0.580115 0.719815 0.576614 0.719492 0.572177 0.718970 0.567485 0.718329 0.563258 0.717668 0.560146 0.717087 0.558620 0.704141 0.527662 0.702620 0.526506 0.700212 0.525342 0.697284 0.524348 0.694284 0.523675 0.691672 0.523427 0.689847 0.523640 0.627725 0.559857
0 0.368396 0.115122 0.368783 0.116554 0.380560 0.144801 0.381061 0.145456 0.382619 0.147462 0.384995 0.150510 0.387827 0.154138 0.390690 0.157798 0.393150 0.160938 0.394835 0.163082 0.395489 0.163904 0.407099 0.164776 0.442540 0.139117 0.445298 0.136944 0.455569 0.128441 0.470703 0.115713 0.470650 0.115251 0.468003 0.111293 0.464663 0.106689 0.458775 0.099052 0.452224 0.090809 0.448450 0.086206 0.446060 0.083478 0.445733 0.083290 0.375894 0.102469 0.374428 0.103172 0.372719 0.104873 0.371026 0.107314 0.369609 0.110120 0.368686 0.112863
0 0.094428 0.758118 0.108597 0.799513 0.109769 0.802823 0.121347 0.834043 0.123173 0.833655 0.126982 0.832445 0.135575 0.829413 0.146110 0.825573 0.152753 0.823085 0.157675 0.821166 0.159077 0.820556 0.165646 0.747910 0.165697 0.747294 0.164925 0.745863 0.163447 0.743834 0.161487 0.741516 0.159346 0.739265 0.157352 0.737425 0.155810 0.736277 0.154953 0.735995 0.121856 0.739158 0.121627 0.739211 0.119703 0.739872 0.116375 0.741044 0.112147 0.742546 0.107669 0.744150 0.103628 0.745608 0.100644 0.746697 0.099173 0.747251
0 0.542168 0.206802 0.543325 0.210808 0.544880 0.214164 0.548464 0.221019 0.552465 0.228074 0.557977 0.237056 0.561705 0.242313 0.579258 0.232974 0.591322 0.226527 0.594352 0.224778 0.631188 0.201457 0.631834 0.200308 0.635076 0.190274 0.635217 0.189474 0.634434 0.187190 0.632844 0.183767 0.630689 0.179728 0.628300 0.175692 0.626043 0.172280 0.624265 0.170014 0.599024 0.147164 0.597097 0.146533 0.594381 0.146333 0.591292 0.146595 0.588303 0.147278 0.585871 0.148280 0.584367 0.149444
0 0.645073 0.841011 0.645740 0.842581 0.724426 0.859879 0.776319 0.623823 0.775053 0.623256 0.696729 0.606038
0 0.136100 0.570779 0.179411 0.638711 0.180880 0.638075 0.383741 0.508738 0.340629 0.441117 0.339895 0.440847
0 0.216135 0.918222 0.247764 0.927036 0.307713 0.927723 0.313140 0.888028 0.307807 0.886634 0.251740 0.879002 0.221599 0.878263
0 0.244334 0.650468 0.244338 0.653244 0.244582 0.657262 0.245030 0.661909 0.245611 0.666472 0.246237 0.670247 0.246812 0.672661 0.247248 0.673346 0.255231 0.681436 0.299934 0.717157 0.307976 0.716259 0.310171 0.713788 0.301292 0.634282 0.253588 0.639609 0.250740 0.641223 0.244569 0.649357
0 0.877110 0.662905 0.877281 0.667551 0.877623 0.671581 0.878086 0.674385 0.878599 0.675534 0.885060 0.682397 0.925681 0.721766 0.930602 0.724330 0.938693 0.724204 0.937428 0.643289 0.932429 0.641651 0.884434 0.642402 0.878222 0.651399 0.877738 0.652116 0.877357 0.654556 0.877137 0.658344
