0 0.590320 0.476403 0.590374 0.477607 0.590604 0.478275 0.592317 0.479959 0.602004 0.480785 0.602361 0.480325 0.602727 0.479450 0.603045 0.478292 0.603267 0.477029 0.603359 0.475856 0.603306 0.474952 0.603118 0.474455 0.594648 0.469420 0.594174 0.469404 0.592091 0.469825 0.591632 0.470455 0.591160 0.471630 0.590746 0.473171 0.590451 0.474846
0 0.528233 0.413239 0.528283 0.417547 0.529565 0.421500 0.531006 0.423704 0.531791 0.424719 0.532808 0.425257 0.534888 0.426085 0.538118 0.426019 0.541083 0.424309 0.542444 0.422495 0.543205 0.421448 0.543304 0.421268 0.543332 0.421217 0.543360 0.421166 0.544551 0.417159 0.544501 0.412850 0.543218 0.408893 0.540897 0.405893 0.537892 0.404305 0.534660 0.404372 0.531693 0.406082 0.529443 0.409177 0.529424 0.409235 0.529337 0.409501 0.528934 0.410857
0 0.501575 0.545787 0.501760 0.546165 0.502154 0.546868 0.502698 0.547789 0.503308 0.548789 0.503894 0.549718 0.504366 0.550435 0.504653 0.550831 0.504710 0.550844 0.506597 0.550199 0.507239 0.549498 0.524751 0.527551 0.524647 0.527284 0.524397 0.526803 0.524041 0.526180 0.523633 0.525510 0.523235 0.524898 0.522908 0.524435 0.522702 0.524193 0.522647 0.524208 0.503056 0.542761 0.502415 0.543460
0 0.550904 0.570249 0.550929 0.571045 0.550985 0.571391 0.552408 0.573401 0.552953 0.574165 0.572957 0.575730 0.573935 0.553503 0.573091 0.552891 0.569795 0.552634 0.553376 0.551403 0.551763 0.553712 0.551684 0.553893 0.551595 0.554550 0.551509 0.555581 0.551440 0.556831 0.550955 0.567842 0.550913 0.569124
0 0.556661 0.524661 0.557360 0.532120 0.557902 0.537035 0.558123 0.537526 0.558544 0.537697 0.563849 0.537097 0.564214 0.536837 0.564729 0.535526 0.564819 0.534999 0.564091 0.530097 0.562925 0.523187 0.562707 0.522641 0.562291 0.522316 0.559665 0.521368 0.557351 0.522859 0.557030 0.523266 0.556735 0.524083
0 0.483176 0.476391 0.505681 0.509293 0.508149 0.506293 0.513084 0.500291 0.513270 0.496976 0.513160 0.496785 0.512810 0.496248 0.512273 0.495447 0.511632 0.494503 0.500406 0.478090 0.494792 0.469884 0.494149 0.468950 0.493608 0.468175 0.493251 0.467678 0.493132 0.467534 0.490579 0.467389
0 0.388262 0.502330 0.389790 0.503228 0.409966 0.502924 0.410995 0.502890 0.412767 0.501830 0.412958 0.501597 0.413273 0.500938 0.413662 0.499955 0.414068 0.498796 0.414429 0.497637 0.414690 0.496652 0.414813 0.495990 0.414777 0.495754 0.414325 0.492821 0.396199 0.482164 0.394999 0.481957
0 0.548000 0.375791 0.561072 0.389233 0.571154 0.371804 0.571480 0.371215 0.558348 0.357712 0.548221 0.375221
0 0.584881 0.519525 0.584938 0.521676 0.585608 0.523634 0.586789 0.525101 0.588301 0.525854 0.588453 0.525898 0.590069 0.525822 0.591541 0.524927 0.592643 0.523349 0.593208 0.521330 0.593151 0.519175 0.592480 0.517213 0.591296 0.515744 0.589782 0.514990 0.589627 0.514964 0.588014 0.515040 0.586545 0.515934 0.585445 0.517509
0 0.436267 0.526745 0.438280 0.548752 0.446542 0.547400 0.450714 0.546674 0.451351 0.546563 0.451904 0.546453 0.452287 0.546362 0.452443 0.546302 0.452865 0.541783 0.451963 0.531918 0.451662 0.528630 0.450438 0.524379 0.450345 0.524380 0.450016 0.524422 0.449502 0.524497 0.448880 0.524596 0.436501 0.526632
0 0.465889 0.586431 0.470369 0.595727 0.484313 0.583781 0.484376 0.583446 0.481699 0.577890 0.479914 0.574187 0.466026 0.586085
0 0.427389 0.518547 0.433913 0.528685 0.434668 0.528357 0.447197 0.514024 0.440747 0.504002 0.437997 0.503681 0.437771 0.503851 0.437291 0.504325 0.436629 0.505032 0.435886 0.505864 0.429564 0.513096 0.428857 0.513923 0.428296 0.514616 0.427966 0.515069 0.427917 0.515214
0 0.445497 0.438361 0.445747 0.438643 0.453989 0.439229 0.454868 0.417250 0.454661 0.416870 0.446381 0.416281
0 0.398462 0.445396 0.398927 0.445646 0.446172 0.465446 0.451122 0.444448 0.450897 0.444193 0.403435 0.424302
0 0.547381 0.574832 0.552442 0.595783 0.553669 0.598023 0.556885 0.596642 0.557738 0.593219 0.557756 0.593100 0.557654 0.592511 0.557446 0.591541 0.557165 0.590337 0.554581 0.579642 0.554270 0.578393 0.553978 0.577294 0.553749 0.576512 0.553618 0.576166 0.553002 0.575291 0.550524 0.573482
