0 0.378953 0.779895 0.379290 0.782057 0.379497 0.782933 0.379919 0.783983 0.380491 0.785047 0.381126 0.785960 0.381727 0.786583 0.384228 0.788527 0.391997 0.780088 0.393231 0.776887 0.388017 0.768354 0.380337 0.776696
0 0.599310 0.753047 0.605340 0.760579 0.612356 0.759327 0.623529 0.738619 0.621354 0.734081 0.620740 0.733191 0.619961 0.732341 0.619136 0.731663 0.618392 0.731260 0.617441 0.731014 0.613884 0.731934 0.600244 0.751345
0 0.435147 0.726258 0.435171 0.727518 0.435239 0.728864 0.435987 0.740058 0.438980 0.784833 0.439082 0.786042 0.439201 0.786913 0.439319 0.787314 0.441001 0.790897 0.444367 0.790497 0.445638 0.783856 0.441242 0.718075 0.437953 0.718466 0.435986 0.722136 0.435242 0.724719 0.435172 0.725275
0 0.312518 0.588467 0.322127 0.592096 0.325035 0.588033 0.325378 0.587241 0.325729 0.586140 0.326034 0.584896 0.329231 0.569850 0.329446 0.568646 0.329539 0.567661 0.329495 0.567043 0.328543 0.561899 0.318934 0.558270 0.315830 0.566360 0.312595 0.581582
0 0.395266 0.713194 0.396982 0.724040 0.413251 0.719465 0.413648 0.718459 0.411941 0.707663 0.395746 0.712217
0 0.456020 0.615967 0.463473 0.621047 0.471093 0.601174 0.471490 0.599786 0.464140 0.594776 0.456624 0.614376
0 0.445500 0.504486 0.445647 0.525809 0.445725 0.526046 0.446044 0.526251 0.446555 0.526392 0.447180 0.526447 0.468738 0.526748 0.469378 0.526710 0.469931 0.526584 0.470313 0.526389 0.470466 0.526156 0.470463 0.504835 0.470363 0.504615 0.470026 0.504425 0.469502 0.504295 0.466421 0.503925 0.449835 0.503693 0.446641 0.503976 0.446075 0.504091 0.445674 0.504270
0 0.702988 0.631854 0.703410 0.633932 0.704396 0.635636 0.705796 0.636708 0.706150 0.636943 0.707754 0.637219 0.709315 0.636656 0.710596 0.635339 0.711401 0.633469 0.711608 0.631330 0.711185 0.629249 0.710198 0.627542 0.708795 0.626468 0.708436 0.626251 0.706835 0.625975 0.705277 0.626537 0.703998 0.627852 0.703195 0.629719
0 0.404112 0.264507 0.404552 0.265587 0.416215 0.281243 0.427957 0.265692 0.427625 0.264613 0.415908 0.248885
0 0.617145 0.269514 0.617212 0.269857 0.617335 0.270478 0.617698 0.270889 0.620200 0.272285 0.622828 0.271004 0.623229 0.270610 0.623409 0.269995 0.623942 0.262206 0.624288 0.256808 0.624152 0.256245 0.624016 0.255723 0.623618 0.255478 0.618109 0.255366 0.617690 0.255594 0.617503 0.256148 0.617349 0.261528
