0 0.464843 0.399603 0.465588 0.402015 0.465982 0.403135 0.467492 0.404024 0.496497 0.409079 0.499833 0.399012 0.499831 0.397845 0.472337 0.381649 0.470095 0.383481 0.469843 0.384010 0.469493 0.384912 0.469098 0.386048 0.465732 0.396207 0.465354 0.397401 0.465053 0.398465 0.464874 0.399238
0 0.428607 0.438062 0.429423 0.438769 0.439051 0.441871 0.440805 0.439938 0.440928 0.439772 0.441120 0.439141 0.441353 0.438142 0.441592 0.436928 0.443535 0.426206 0.443743 0.424955 0.443890 0.423855 0.443954 0.423071 0.443925 0.422724 0.442928 0.420476 0.442268 0.419557 0.432529 0.416419
0 0.477990 0.613795 0.493146 0.622600 0.495953 0.614611 0.497048 0.610628 0.496947 0.610056 0.496464 0.609561 0.482841 0.601647 0.482252 0.601519 0.481897 0.601826 0.481353 0.603436 0.478277 0.612849
0 0.538991 0.391253 0.541282 0.393222 0.545019 0.390844 0.545059 0.390774 0.545254 0.390382 0.545550 0.389773 0.545869 0.389110 0.546125 0.388570 0.546251 0.388297 0.547553 0.378849 0.546159 0.377652 0.540241 0.383133 0.540197 0.383197 0.539999 0.383586 0.539701 0.384195 0.539382 0.384861 0.539129 0.385404 0.539009 0.385679
0 0.459862 0.580826 0.460345 0.582884 0.461383 0.584539 0.462816 0.585539 0.464427 0.585732 0.465971 0.585087 0.467212 0.583705 0.467269 0.583561 0.468017 0.581653 0.468162 0.579508 0.467679 0.577453 0.466644 0.575801 0.465213 0.574803 0.463604 0.574610 0.462063 0.575254 0.460824 0.576634 0.460756 0.576766 0.460007 0.578677
0 0.439003 0.470477 0.439268 0.473875 0.439321 0.474020 0.439634 0.474504 0.440159 0.475253 0.440816 0.476153 0.441504 0.477065 0.442117 0.477850 0.442562 0.478387 0.442771 0.478595 0.445506 0.478637 0.459587 0.460059 0.447975 0.444414 0.447374 0.443771 0.446187 0.445337
0 0.568911 0.451288 0.568986 0.454210 0.569014 0.454466 0.569277 0.455074 0.569733 0.455941 0.570314 0.456935 0.570932 0.457906 0.571493 0.458709 0.571913 0.459221 0.572127 0.459363 0.574117 0.459828 0.585729 0.461426 0.586720 0.460980 0.588016 0.459575 0.577482 0.442299 0.576597 0.442958
0 0.535970 0.671045 0.536283 0.672512 0.536908 0.675178 0.537432 0.677333 0.537973 0.679484 0.538258 0.680575 0.538671 0.682008 0.538707 0.682031 0.553338 0.683435 0.553716 0.683445 0.554199 0.683205 0.554714 0.682752 0.555183 0.682155 0.555532 0.681505 0.555711 0.680903 0.555649 0.672106 0.555536 0.671465 0.555318 0.670458 0.555029 0.669240 0.554713 0.667997 0.554419 0.666921 0.554192 0.666176 0.554066 0.665875 0.551827 0.664480 0.543157 0.667760 0.542470 0.668060 0.539824 0.669219
0 0.465094 0.432300 0.465427 0.434022 0.465468 0.434100 0.466270 0.435519 0.467418 0.436421 0.468737 0.436669 0.469680 0.436570 0.470304 0.436356 0.470818 0.435839 0.471145 0.435099 0.471768 0.433625 0.471954 0.431866 0.471620 0.430146 0.471587 0.430064 0.470784 0.428643 0.469635 0.427740 0.468314 0.427492 0.467023 0.427937 0.465957 0.429007 0.465280 0.430539
0 0.552227 0.381618 0.568075 0.387777 0.568231 0.387520 0.568545 0.387002 0.568862 0.386479 0.569330 0.384342 0.569680 0.382739 0.569356 0.382117 0.554134 0.376202 0.553648 0.376509 0.553035 0.377920
0 0.381671 0.776338 0.396018 0.787428 0.410347 0.774863 0.410971 0.773428 0.411378 0.772178 0.383886 0.750927 0.383353 0.752080 0.382729 0.753514
0 0.629602 0.609767 0.630670 0.613691 0.630971 0.613964 0.631542 0.614477 0.632297 0.615153 0.652905 0.633592 0.653734 0.634333 0.655138 0.635583 0.655501 0.635903 0.655548 0.635941 0.658833 0.635849 0.662555 0.628454 0.664416 0.624756 0.636683 0.599943 0.635121 0.598801
0 0.493984 0.506739 0.494185 0.508021 0.494670 0.509507 0.495366 0.510970 0.496164 0.512185 0.496942 0.512964 0.497581 0.513190 0.499597 0.512787 0.500577 0.511967 0.501075 0.511520 0.501492 0.508612 0.501568 0.507950 0.501411 0.506991 0.501046 0.505882 0.500527 0.504790 0.499933 0.503880 0.499353 0.503289 0.498876 0.503108 0.496721 0.502358 0.496214 0.502786 0.495745 0.503182 0.495237 0.503612 0.494097 0.505859
