0 0.036375 0.209802 0.039942 0.225481 0.045512 0.249960 0.049080 0.265639 0.078591 0.287118 0.105463 0.284776 0.122291 0.250572 0.109646 0.194998 0.080267 0.174046 0.053084 0.175020
0 0.204368 0.278181 0.218385 0.290283 0.219652 0.290771 0.222512 0.291605 0.226528 0.292657 0.231091 0.293768 0.286412 0.306789 0.290848 0.307796 0.294503 0.308549 0.296822 0.308935 0.297449 0.308893 0.315393 0.304313 0.326480 0.257210 0.297071 0.248629 0.241102 0.235455 0.215455 0.231077
0 0.324440 0.867806 0.343722 0.903485 0.398684 0.919882 0.434363 0.900600 0.435263 0.895106 0.416245 0.859916 0.377259 0.848285 0.362038 0.843744 0.326848 0.862762
0 0.485427 0.627975 0.506522 0.671526 0.532449 0.660402 0.584196 0.635337 0.609173 0.621804 0.588078 0.578253 0.569567 0.577698 0.568648 0.577996 0.566216 0.579049 0.562646 0.580696 0.558477 0.582686 0.507329 0.607461 0.503177 0.609501 0.499656 0.611290 0.497298 0.612556 0.496466 0.613106
0 0.813685 0.142879 0.818621 0.182671 0.858413 0.177735 0.860063 0.176251 0.855105 0.136276 0.815129 0.141234
0 0.951527 0.882260 0.959740 0.895991 0.965054 0.900569 0.999780 0.879800 0.991472 0.865910 0.985855 0.861728 0.977354 0.860600 0.975938 0.860596 0.973166 0.861533 0.969464 0.863267 0.965391 0.865535 0.961562 0.867994 0.958554 0.870273 0.956824 0.872028
0 0.779483 0.378300 0.817567 0.390532 0.819025 0.390029 0.831313 0.351771 0.793054 0.339483 0.791715 0.340217
0 0.188354 0.889490 0.204725 0.926296 0.241530 0.909925 0.242715 0.908047 0.226419 0.871410 0.189782 0.887705
0 0.956936 0.850546 0.959039 0.852160 0.997241 0.864936 0.999822 0.831820 1.000000 0.826734 1.000000 0.825237 0.969654 0.812519
0 0.588444 0.257680 0.595206 0.267180 0.637448 0.278444 0.640872 0.279209 0.654044 0.281749 0.673502 0.285417 0.673558 0.285214 0.674562 0.280849 0.675792 0.275460 0.677916 0.266105 0.680255 0.255774 0.681588 0.249865 0.682415 0.246182 0.682511 0.245733 0.623913 0.203542 0.622363 0.202889 0.619908 0.202666 0.616923 0.202909 0.613863 0.203580 0.611200 0.204576 0.609338 0.205745 0.608561 0.206908 0.593721 0.234079 0.593368 0.235144 0.592665 0.237850 0.591719 0.241788 0.590674 0.246355 0.589693 0.250848 0.588924 0.254578 0.588486 0.256976
0 0.067044 0.690035 0.067409 0.696165 0.068081 0.700984 0.070594 0.713011 0.071878 0.717552 0.073915 0.722920 0.075562 0.725460 0.089766 0.722960 0.154680 0.709110 0.161458 0.699479 0.161775 0.698306 0.161667 0.695519 0.161154 0.691546 0.160312 0.686988 0.159270 0.682532 0.158184 0.678851 0.157219 0.676503 0.156521 0.675849 0.146451 0.669728 0.113980 0.676404 0.097019 0.679897 0.090059 0.681384 0.068951 0.685944 0.067435 0.686566
0 0.845955 0.935590 0.846582 0.938368 0.848555 0.944955 0.851117 0.952431 0.855090 0.962880 0.858269 0.970114 0.859605 0.971606 0.890574 0.960867 0.893865 0.959682 0.935862 0.944381 0.941009 0.933854 0.940963 0.932325 0.940252 0.929296 0.938985 0.925230 0.937355 0.920751 0.935614 0.916546 0.934027 0.913261 0.932838 0.911395 0.912831 0.883675 0.912385 0.883163 0.910777 0.882672 0.908251 0.882278 0.905193 0.882041 0.902071 0.881997 0.899364 0.882154 0.897483 0.882486 0.896715 0.882943 0.846399 0.933836
0 0.629822 0.916495 0.631932 0.924028 0.632159 0.924758 0.637000 0.930920 0.643830 0.934762 0.651610 0.935696 0.659156 0.933582 0.665318 0.928742 0.669159 0.921911 0.670093 0.914131 0.667980 0.906585 0.667692 0.905887 0.662859 0.899735 0.656041 0.895900 0.648274 0.894968 0.640741 0.897077 0.634589 0.901910 0.630755 0.908728
0 0.529826 0.762262 0.529900 0.770088 0.529951 0.770553 0.533018 0.777768 0.538614 0.783258 0.545884 0.786191 0.553723 0.786117 0.560938 0.783049 0.566429 0.777454 0.569361 0.770183 0.569287 0.762344 0.569168 0.761893 0.566106 0.754691 0.560520 0.749210 0.553262 0.746282 0.545437 0.746356 0.538234 0.749418 0.532753 0.755004
0 0.899574 0.521122 0.900211 0.527133 0.902646 0.532108 0.906746 0.536475 0.911578 0.540450 0.915431 0.541290 0.921327 0.542419 0.927394 0.540522 0.932701 0.535874 0.936430 0.529182 0.938004 0.521473 0.937181 0.513934 0.934091 0.507724 0.929215 0.503790 0.925372 0.502905 0.919462 0.501840 0.913419 0.503792 0.907998 0.505898 0.903784 0.509637 0.900828 0.514981
0 0.207732 0.795006 0.210139 0.805837 0.211163 0.807785 0.213597 0.810302 0.217071 0.813008 0.221058 0.815494 0.224958 0.817385 0.228181 0.818394 0.230237 0.818367 0.241184 0.815862 0.244314 0.810904 0.245297 0.809117 0.247070 0.798947 0.245760 0.796336 0.242543 0.792954 0.237908 0.789317 0.232566 0.785987 0.227339 0.783475 0.223033 0.782167 0.220303 0.782259 0.211796 0.788231 0.208638 0.793185
0 0.648293 0.834934 0.648730 0.845639 0.649062 0.846416 0.651511 0.851937 0.662130 0.856397 0.663981 0.856109 0.667189 0.855096 0.671266 0.853509 0.675585 0.851594 0.679482 0.849644 0.682361 0.847958 0.683783 0.846794 0.687617 0.835924 0.685168 0.830402 0.684755 0.829662 0.677119 0.822149 0.674636 0.822588 0.670374 0.823973 0.664979 0.826092 0.659266 0.828626 0.654093 0.831194 0.650239 0.833408
0 0.357088 0.471068 0.381204 0.548316 0.427553 0.533847 0.428381 0.533460 0.433732 0.523424 0.433546 0.522518 0.432842 0.520001 0.431729 0.516261 0.430375 0.511863 0.418428 0.473592 0.417035 0.469191 0.415809 0.465439 0.414936 0.462906 0.414550 0.461981 0.404541 0.457094 0.403437 0.456598
0 0.309113 0.335886 0.311731 0.338137 0.350655 0.347351 0.369083 0.269502 0.367263 0.266297 0.327797 0.256955
0 0.805426 0.450144 0.805527 0.450946 0.809180 0.461575 0.854513 0.477351 0.858612 0.477089 0.885208 0.400659 0.839351 0.384701 0.835472 0.386019 0.826682 0.390153 0.825950 0.391164 0.824728 0.393751 0.823204 0.397516 0.821607 0.401890 0.808430 0.439755 0.806998 0.444087 0.805943 0.447734
0 0.282618 0.734788 0.353345 0.774906 0.373404 0.739542 0.375144 0.736249 0.305390 0.696683 0.302677 0.699425
0 0.129005 0.405508 0.129931 0.406867 0.131807 0.408486 0.134347 0.410116 0.225325 0.461451 0.228125 0.462834 0.230741 0.463750 0.232772 0.464060 0.233910 0.463717 0.270715 0.395540 0.270759 0.394651 0.269728 0.393296 0.267781 0.391681 0.255473 0.383367 0.185474 0.343869 0.171301 0.337241 0.168651 0.336262 0.166566 0.335859 0.165365 0.336095 0.129168 0.404615
0 0.250241 0.518751 0.251259 0.518947 0.253313 0.519322 0.256089 0.519818 0.259167 0.520360 0.274314 0.523003 0.343403 0.534915 0.354354 0.536772 0.355795 0.537008 0.356068 0.537038 0.370187 0.456983 0.369259 0.456730 0.367256 0.456304 0.364482 0.455771 0.361362 0.455212 0.358374 0.454713 0.268084 0.440251 0.265766 0.439900 0.264412 0.439742 0.264224 0.439799
