0 0.576560 0.602294 0.576605 0.602877 0.576741 0.603842 0.576950 0.605044 0.578943 0.615750 0.579193 0.617010 0.579446 0.618140 0.579664 0.618970 0.579815 0.619372 0.582306 0.621513 0.598608 0.616289 0.601849 0.615217 0.597827 0.593607 0.596708 0.592538 0.577482 0.598900
0 0.502226 0.415465 0.514956 0.429497 0.525481 0.412524 0.525583 0.412172 0.512802 0.398083 0.502235 0.415125
0 0.604464 0.477471 0.604700 0.478322 0.604929 0.478823 0.606866 0.481019 0.609586 0.480927 0.610051 0.480740 0.610370 0.480274 0.612896 0.473865 0.614567 0.469296 0.614584 0.468752 0.614159 0.467375 0.613859 0.467004 0.608861 0.464729 0.608421 0.464763 0.608111 0.465173 0.606617 0.469813 0.604508 0.476881
0 0.598291 0.559499 0.598862 0.562350 0.600005 0.563071 0.609396 0.567724 0.615213 0.546854 0.613648 0.546078 0.612349 0.545551 0.601737 0.552034 0.599892 0.553755 0.599593 0.554368 0.599238 0.555334 0.598881 0.556507 0.598576 0.557709 0.598369 0.558759
0 0.494625 0.541706 0.494796 0.542983 0.495322 0.544075 0.497761 0.548525 0.501087 0.552059 0.501886 0.552800 0.502836 0.553077 0.503794 0.552848 0.504613 0.552148 0.508020 0.548784 0.510601 0.544461 0.511156 0.543396 0.511364 0.542129 0.511193 0.540852 0.511167 0.540758 0.511165 0.540752 0.510641 0.539663 0.508195 0.535025 0.504890 0.531698 0.504093 0.530959 0.503145 0.530683 0.502190 0.530911 0.501373 0.531610 0.497959 0.534767 0.495400 0.539278 0.494845 0.540340 0.494844 0.540346 0.494637 0.541611
0 0.405959 0.449320 0.407033 0.449900 0.416865 0.451497 0.418470 0.449122 0.418626 0.448466 0.418784 0.447438 0.418920 0.446195 0.419921 0.435245 0.420015 0.433971 0.420053 0.432855 0.420029 0.432066 0.419946 0.431726 0.418862 0.429648 0.417924 0.428835 0.407978 0.427219
0 0.533029 0.392285 0.548942 0.415164 0.565478 0.415996 0.582638 0.394778 0.582828 0.394537 0.583018 0.394294 0.583332 0.383219 0.533494 0.380714 0.533341 0.381260
0 0.440582 0.486026 0.443150 0.507926 0.443410 0.507890 0.459760 0.504481 0.457203 0.482682 0.457006 0.482602
0 0.555127 0.476821 0.570270 0.485720 0.570593 0.485654 0.577298 0.465371 0.562085 0.456431 0.561801 0.456631
0 0.489335 0.418207 0.489457 0.419147 0.489603 0.419434 0.489990 0.420039 0.490559 0.420869 0.491223 0.421797 0.491883 0.422685 0.492439 0.423398 0.492807 0.423828 0.492929 0.423909 0.495373 0.424205 0.502482 0.414988 0.502488 0.414793 0.502500 0.414401 0.502535 0.413201 0.501949 0.412292 0.497238 0.405831 0.496044 0.405809 0.494832 0.407379 0.489987 0.413660
0 0.425527 0.535076 0.426222 0.546120 0.459354 0.542415 0.459541 0.542220 0.458849 0.531227 0.425869 0.534915
0 0.520242 0.566867 0.520376 0.569699 0.520480 0.571277 0.520527 0.571441 0.521010 0.572757 0.521950 0.575315 0.524378 0.578167 0.527439 0.579563 0.530668 0.579292 0.533573 0.577393 0.535712 0.574157 0.536760 0.570076 0.536556 0.565771 0.535132 0.561897 0.534991 0.561649 0.532574 0.558808 0.529525 0.557418 0.527401 0.557596 0.526354 0.557787 0.525326 0.558330 0.523415 0.559579 0.521285 0.562802
