0 0.104306 0.149382 0.106120 0.150988 0.323290 0.254515 0.357799 0.182124 0.357144 0.180662 0.138974 0.076658
0 0.162775 0.620452 0.165203 0.627906 0.170300 0.633863 0.177289 0.637416 0.185104 0.638023 0.192558 0.635595 0.193087 0.635362 0.199033 0.630273 0.202580 0.623297 0.203187 0.615495 0.200762 0.608054 0.195674 0.602108 0.188698 0.598560 0.180896 0.597954 0.180346 0.598123 0.172892 0.600551 0.166936 0.605648 0.163382 0.612636
0 0.455347 0.035113 0.455422 0.042952 0.455499 0.043738 0.458565 0.050939 0.464153 0.056419 0.471412 0.059342 0.479238 0.059266 0.486438 0.056200 0.491918 0.050613 0.494842 0.043353 0.494766 0.035528 0.494757 0.034728 0.491685 0.027515 0.486088 0.022025 0.478816 0.019097 0.470977 0.019173 0.463764 0.022244 0.458275 0.027842
0 0.045917 0.850003 0.048612 0.857361 0.053916 0.863128 0.061025 0.866426 0.068855 0.866753 0.076213 0.864058 0.076941 0.863432 0.082699 0.858137 0.085990 0.851040 0.086317 0.843224 0.083627 0.835879 0.078331 0.830121 0.071235 0.826830 0.063419 0.826503 0.056073 0.829193 0.055309 0.829760 0.049542 0.835065 0.046244 0.842173
0 0.521439 0.953446 0.521687 0.958688 0.567114 0.975834 0.577995 0.968349 0.579009 0.966421 0.580455 0.963096 0.582113 0.958881 0.583727 0.954426 0.585051 0.950413 0.585881 0.947457 0.586092 0.946008 0.580472 0.932973 0.535565 0.916023
0 0.146547 0.319277 0.172684 0.360197 0.176425 0.361794 0.210135 0.340262 0.184296 0.299810 0.180646 0.297496 0.171099 0.295786 0.169889 0.296011 0.167308 0.297195 0.163749 0.299157 0.159754 0.301599 0.155939 0.304145 0.152889 0.306405 0.151070 0.308032 0.150757 0.308780
0 0.588657 0.759662 0.596572 0.798871 0.597688 0.802326 0.645283 0.792719 0.651236 0.781459 0.651254 0.780929 0.650905 0.778673 0.650241 0.775032 0.649363 0.770561 0.648407 0.765948 0.647519 0.761902 0.646836 0.759040 0.646460 0.757798 0.635709 0.750165
0 0.664193 0.209016 0.667992 0.256866 0.707867 0.253700 0.710270 0.250852 0.706427 0.202450 0.696543 0.196275 0.695886 0.195946 0.693491 0.195813 0.689721 0.195895 0.685151 0.196182 0.680483 0.196629 0.676435 0.197167 0.673626 0.197713 0.672481 0.198185 0.666091 0.205652
0 0.390643 0.285530 0.390716 0.286324 0.448917 0.339574 0.449858 0.339503 0.451476 0.338536 0.453526 0.336819 0.455694 0.334612 0.525725 0.257102 0.527668 0.254758 0.529075 0.252649 0.529734 0.251096 0.529544 0.250336 0.471810 0.196569 0.470847 0.196761 0.469209 0.197834 0.467147 0.199622 0.456179 0.210452 0.402296 0.270090 0.392880 0.281821 0.391404 0.283949
0 0.624990 0.935808 0.688717 0.984473 0.689254 0.984413 0.690451 0.983390 0.692128 0.981558 0.701576 0.970157 0.750408 0.906210 0.759259 0.893650 0.760711 0.891383 0.761573 0.889709 0.761714 0.888883 0.697987 0.840218 0.697443 0.840405 0.696244 0.841531 0.694571 0.843425 0.692679 0.845799 0.629560 0.928454 0.627724 0.930963 0.626211 0.933240 0.625251 0.934942
0 0.860226 0.096344 0.862020 0.200328 0.862136 0.203338 0.862360 0.205787 0.862659 0.207305 0.862987 0.207659 0.943159 0.206275 0.943537 0.205407 0.943837 0.203447 0.944013 0.200693 0.944340 0.185151 0.942952 0.104703 0.942105 0.090100 0.941840 0.087699 0.941482 0.086266 0.941084 0.086018 0.860913 0.087402 0.860607 0.088373 0.860369 0.090414 0.860236 0.093212
0 0.875403 1.000000 0.957703 1.000000 0.961111 0.928431 0.960979 0.925280 0.960404 0.922458 0.959473 0.920394 0.958330 0.919402 0.882994 0.919292 0.881871 0.919522 0.880880 0.920942 0.880172 0.923334 0.878025 0.937878
0 0.247666 0.303625 0.248003 0.305954 0.248703 0.309635 0.249659 0.314106 0.250723 0.318680 0.251733 0.322654 0.252533 0.325421 0.253002 0.326561 0.263182 0.332543 0.296754 0.325407 0.320630 0.320099 0.341954 0.315247 0.341198 0.311107 0.339453 0.303040 0.336576 0.290157 0.334643 0.281753 0.333322 0.276592 0.332929 0.275847 0.317236 0.278561 0.254413 0.293278 0.247741 0.303001
0 0.528673 0.907128 0.529462 0.909288 0.530947 0.911793 0.532902 0.914263 0.535027 0.916317 0.536998 0.917642 0.538513 0.918037 0.611085 0.922961 0.611490 0.922717 0.613460 0.919577 0.616362 0.914321 0.621213 0.904943 0.625410 0.896285 0.627594 0.891101 0.629103 0.886682 0.628856 0.886209 0.611515 0.876746 0.599829 0.870458 0.596691 0.868876 0.556824 0.850775 0.545694 0.853941 0.545113 0.854872 0.543805 0.857305 0.541970 0.860869 0.539884 0.865025 0.537863 0.869145 0.536212 0.872608 0.535181 0.874888 0.534930 0.875635 0.528701 0.905645
0 0.174890 0.435202 0.210492 0.468219 0.213800 0.468582 0.268199 0.409924 0.262334 0.404484 0.259586 0.403380 0.202404 0.405534 0.192375 0.406163 0.191343 0.406714 0.189214 0.408532 0.186310 0.411344 0.183076 0.414719 0.180008 0.418138 0.177579 0.421077 0.176159 0.423087 0.175962 0.423862
0 0.389131 0.818144 0.434261 0.836058 0.445553 0.829802 0.445820 0.829383 0.446727 0.827315 0.448136 0.823910 0.449832 0.819687 0.451555 0.815296 0.453039 0.811412 0.454059 0.808628 0.454458 0.807367 0.449769 0.795039 0.427349 0.743104 0.419913 0.740152 0.390398 0.814508
0 0.647537 0.398523 0.687551 0.425035 0.700199 0.422619 0.700972 0.421750 0.702646 0.419476 0.704967 0.416141 0.707581 0.412256 0.710086 0.408416 0.712096 0.405213 0.713306 0.403135 0.713532 0.402497 0.712068 0.390439 0.680424 0.366547 0.673599 0.362024 0.669631 0.365178
0 0.180080 0.169270 0.199320 0.192871 0.240598 0.241499 0.271587 0.215661 0.230825 0.166603 0.211277 0.143259
