0 0.446499 0.414143 0.447111 0.415125 0.456886 0.417255 0.458647 0.414975 0.458732 0.414838 0.458865 0.414224 0.459025 0.413228 0.459189 0.412001 0.459332 0.410728 0.459431 0.409601 0.459473 0.408790 0.459450 0.408421 0.457734 0.405312 0.447846 0.403157
0 0.492757 0.450408 0.494438 0.472393 0.494460 0.472503 0.510883 0.470271 0.510927 0.470152 0.509246 0.448166
0 0.479047 0.573596 0.479092 0.575320 0.480507 0.577225 0.480864 0.577482 0.481338 0.577523 0.487090 0.577734 0.491002 0.576535 0.491379 0.576331 0.491485 0.575970 0.491378 0.573130 0.490496 0.568642 0.490258 0.568339 0.489828 0.568279 0.486462 0.568428 0.480233 0.570758 0.479808 0.570963 0.479581 0.571328
0 0.549787 0.454966 0.566294 0.455092 0.566561 0.454912 0.566656 0.432813 0.550082 0.432686 0.549882 0.432955
0 0.394807 0.465851 0.395015 0.468988 0.396209 0.472970 0.398467 0.476035 0.398519 0.476095 0.401497 0.477774 0.404743 0.477814 0.407759 0.476207 0.410087 0.473202 0.411373 0.469256 0.411422 0.464971 0.410227 0.460999 0.410184 0.460929 0.407927 0.457871 0.405750 0.456432 0.404737 0.455861 0.403633 0.455847 0.401709 0.456151 0.398693 0.457751 0.396361 0.460752 0.395266 0.463046 0.394826 0.464390
0 0.417781 0.483812 0.426236 0.502901 0.426523 0.502928 0.437288 0.494531 0.437825 0.494100 0.438262 0.493729 0.438534 0.493475 0.438599 0.493376 0.437628 0.489011 0.436365 0.486159 0.432575 0.477601 0.430176 0.474359 0.430015 0.474414 0.429661 0.474632 0.429167 0.474980 0.424954 0.478181
0 0.571589 0.459345 0.576046 0.468608 0.576395 0.468464 0.604312 0.444587 0.599835 0.435281 0.599379 0.435577
0 0.435371 0.420293 0.443589 0.422522 0.443862 0.421180 0.447806 0.398051 0.448816 0.389249 0.440642 0.387017 0.437239 0.402663
0 0.542152 0.621833 0.542197 0.622267 0.542286 0.622950 0.542405 0.623777 0.542536 0.624622 0.542659 0.625355 0.542755 0.625864 0.542809 0.626072 0.566746 0.622066 0.567563 0.621852 0.569128 0.620305 0.569079 0.619985 0.568960 0.619213 0.568789 0.618106 0.568592 0.616835 0.568399 0.615593 0.568140 0.613928 0.568112 0.613758 0.566212 0.613123 0.565398 0.613338 0.542157 0.621712
0 0.387509 0.487931 0.387694 0.489205 0.388230 0.490287 0.389037 0.491013 0.392889 0.493940 0.396701 0.495304 0.397654 0.495564 0.397904 0.495575 0.398856 0.495328 0.399666 0.494615 0.400209 0.493542 0.402612 0.488792 0.403176 0.485102 0.403614 0.482081 0.403429 0.480810 0.402894 0.479730 0.402090 0.479006 0.398740 0.476156 0.394445 0.474725 0.393494 0.474467 0.393478 0.474463 0.393233 0.474404 0.392278 0.474651 0.391466 0.475366 0.390922 0.476442 0.389009 0.481275 0.387703 0.486660
0 0.543727 0.540117 0.544915 0.544110 0.547160 0.547193 0.547349 0.547383 0.550319 0.549093 0.553554 0.549158 0.556562 0.547567 0.558883 0.544562 0.560166 0.540602 0.560214 0.536289 0.559021 0.532279 0.556768 0.529183 0.553797 0.527473 0.553674 0.527410 0.552488 0.527341 0.550360 0.527299 0.547365 0.528884 0.545053 0.531876 0.544209 0.534481 0.543850 0.535882 0.543759 0.537279
0 0.398353 0.567280 0.408698 0.584758 0.409741 0.583790 0.411037 0.582426 0.412403 0.566969 0.412254 0.563877 0.412019 0.563242 0.411585 0.562352 0.411020 0.561341 0.410408 0.560363 0.409842 0.559564 0.409407 0.559067 0.409170 0.558946 0.407290 0.558330 0.406218 0.559005
0 0.579467 0.554404 0.579888 0.556482 0.580872 0.558188 0.582272 0.559261 0.582413 0.559363 0.584017 0.559641 0.585578 0.559080 0.586859 0.557765 0.587665 0.555896 0.587874 0.553758 0.587453 0.551676 0.586467 0.549968 0.585065 0.548893 0.584919 0.548809 0.583318 0.548531 0.581760 0.549092 0.580480 0.550404 0.579676 0.552270
0 0.406770 0.499957 0.416649 0.517717 0.416840 0.517677 0.416983 0.517646 0.423616 0.511086 0.413776 0.493398 0.413628 0.493386 0.413430 0.493371 0.412098 0.494688
0 0.401027 0.500830 0.401028 0.501642 0.401095 0.502507 0.404268 0.530383 0.404387 0.531154 0.404542 0.531720 0.404709 0.531994 0.420918 0.529965 0.421057 0.529907 0.421160 0.529526 0.421211 0.528880 0.421204 0.528066 0.421138 0.527209 0.418082 0.499367 0.417967 0.498581 0.417820 0.497990 0.417663 0.497686 0.401368 0.499807 0.401211 0.499838 0.401091 0.500197
0 0.431553 0.418113 0.431824 0.418925 0.432373 0.420094 0.433114 0.421443 0.433937 0.422769 0.434716 0.423872 0.435336 0.424586 0.435702 0.424802 0.437818 0.423977 0.444165 0.414424 0.444217 0.414173 0.444028 0.413558 0.443627 0.412673 0.443074 0.411652 0.442454 0.410653 0.441862 0.409828 0.441390 0.409305 0.441109 0.409162 0.432697 0.415204 0.431600 0.417783
