0 0.440951 0.481267 0.455975 0.490630 0.456151 0.490668 0.459648 0.480692 0.444685 0.471366 0.444463 0.471251 0.443760 0.473254
0 0.431297 0.398281 0.432301 0.409333 0.433074 0.410369 0.461927 0.416797 0.463565 0.416532 0.464908 0.413572 0.464931 0.413436 0.464906 0.412819 0.464835 0.411818 0.464730 0.410584 0.463736 0.399633 0.463612 0.398350 0.463488 0.397207 0.463382 0.396379 0.463311 0.395991 0.461137 0.393464
0 0.570745 0.608919 0.570969 0.610178 0.571537 0.611227 0.573981 0.615333 0.574151 0.615598 0.577802 0.619043 0.578630 0.619724 0.579591 0.619930 0.580537 0.619631 0.581326 0.618871 0.584405 0.615095 0.586984 0.610752 0.587494 0.609647 0.587649 0.608366 0.587424 0.607104 0.586854 0.606053 0.584028 0.601424 0.583836 0.601191 0.580568 0.598268 0.579742 0.597589 0.578783 0.597384 0.577839 0.597683 0.575895 0.599486 0.573606 0.601692 0.572124 0.604898 0.570899 0.607642
0 0.421154 0.313774 0.430255 0.378989 0.430574 0.379542 0.446804 0.375516 0.437744 0.310598 0.437458 0.309729
0 0.468033 0.594194 0.469275 0.594286 0.485015 0.585203 0.485083 0.584813 0.485994 0.562836 0.472507 0.552568 0.471168 0.551549 0.469932 0.551458 0.469794 0.551694
0 0.426470 0.422007 0.426589 0.422219 0.430800 0.423205 0.432867 0.423632 0.443020 0.425082 0.445063 0.423186 0.445156 0.422700 0.445285 0.421799 0.445429 0.420618 0.445568 0.419337 0.445679 0.418148 0.445747 0.417232 0.445761 0.416727 0.443824 0.411177 0.443387 0.410524 0.442826 0.410081 0.442229 0.409916 0.429947 0.410581 0.427731 0.410858 0.427569 0.411219 0.427425 0.411943 0.427028 0.414707 0.426864 0.416136 0.426648 0.418424 0.426516 0.420292
0 0.464714 0.400390 0.465117 0.401529 0.474412 0.406092 0.476494 0.404288 0.476590 0.404177 0.476802 0.403610 0.477098 0.402674 0.477432 0.401511 0.477754 0.400297 0.478016 0.399214 0.478178 0.398427 0.478215 0.398056 0.477001 0.394560 0.467599 0.389944
0 0.469569 0.354005 0.477434 0.373415 0.477564 0.373446 0.477896 0.373313 0.478378 0.373036 0.478938 0.372658 0.497819 0.359057 0.498374 0.358632 0.498845 0.358222 0.499159 0.357890 0.499269 0.357685 0.491405 0.338276 0.491286 0.338214 0.490964 0.338321 0.490486 0.338582 0.489926 0.338956 0.470958 0.352619 0.470405 0.353047 0.469947 0.353461 0.469653 0.353797
0 0.506823 0.448671 0.515905 0.453941 0.518276 0.452585 0.518489 0.452033 0.518590 0.451734 0.518830 0.451010 0.519171 0.449970 0.519562 0.448774 0.519943 0.447605 0.520255 0.446643 0.520450 0.446035 0.520499 0.445873 0.519647 0.442536 0.510353 0.437143 0.506982 0.447470
0 0.550536 0.413072 0.551681 0.419565 0.552509 0.424210 0.552842 0.425726 0.553091 0.426146 0.553522 0.426206 0.558801 0.424274 0.559152 0.423928 0.559212 0.423395 0.558901 0.421869 0.557889 0.417287 0.556471 0.410888 0.556221 0.410413 0.555786 0.410205 0.553100 0.409965 0.550873 0.412013 0.550575 0.412491
0 0.396738 0.436989 0.400905 0.449121 0.401812 0.449587 0.416838 0.440412 0.416589 0.439480 0.415215 0.435477 0.414528 0.433476 0.413153 0.429474 0.412710 0.428391 0.411903 0.427730 0.410064 0.426845 0.409773 0.426854 0.409180 0.427072 0.408375 0.427468 0.407481 0.427979 0.399907 0.432604 0.399064 0.433152 0.398403 0.433652 0.398026 0.434026
0 0.540658 0.581511 0.540845 0.581887 0.547864 0.587823 0.565674 0.550387 0.558654 0.544451 0.558386 0.544247
0 0.577900 0.439078 0.581412 0.441580 0.585539 0.443479 0.589223 0.434151 0.592384 0.420987 0.584795 0.416614 0.584193 0.418185 0.579570 0.432466
