0 0.667406 0.461226 0.683439 0.466468 0.685560 0.466079 0.690331 0.440130 0.688109 0.437520 0.687794 0.437278 0.687148 0.436974 0.686269 0.436653 0.678178 0.434009 0.677203 0.433722 0.676283 0.433515 0.675561 0.433418 0.675145 0.433446 0.672320 0.435499 0.672306 0.435548 0.668192 0.456951
0 0.478316 0.472429 0.481517 0.482658 0.481601 0.482737 0.496874 0.474242 0.496859 0.474123 0.493659 0.463895
0 0.464485 0.481005 0.464685 0.481722 0.465164 0.482834 0.465849 0.484173 0.466636 0.485536 0.467407 0.486719 0.468045 0.487544 0.468455 0.487884 0.470571 0.487112 0.477111 0.477747 0.477210 0.477585 0.477075 0.477042 0.476726 0.476200 0.476216 0.475188 0.475623 0.474160 0.475038 0.473275 0.474551 0.472668 0.474236 0.472432 0.465752 0.478251 0.465612 0.478520
0 0.416105 0.579852 0.423188 0.599831 0.438172 0.590386 0.438420 0.590025 0.431365 0.570125 0.416440 0.579532
0 0.484411 0.610709 0.484514 0.611999 0.484979 0.613139 0.485735 0.613955 0.489152 0.616981 0.493095 0.619107 0.494028 0.619475 0.494995 0.619338 0.495850 0.618718 0.496462 0.617709 0.498948 0.612913 0.500326 0.607897 0.500602 0.606652 0.500600 0.606392 0.500498 0.605105 0.500034 0.603968 0.499279 0.603155 0.495907 0.599622 0.491938 0.598015 0.491007 0.597648 0.490042 0.597785 0.489189 0.598403 0.488579 0.599410 0.486133 0.603680 0.484724 0.609198 0.484449 0.610439
0 0.440048 0.575242 0.451175 0.591710 0.463526 0.576874 0.463693 0.576522 0.452617 0.560129 0.440322 0.574897
0 0.437753 0.601018 0.438224 0.604656 0.445042 0.610956 0.446551 0.611971 0.447772 0.609412 0.451492 0.599587 0.442650 0.593635 0.439998 0.595090 0.439833 0.595441 0.439522 0.596192 0.439111 0.597229 0.438664 0.598393 0.438249 0.599505 0.437930 0.600395 0.437756 0.600926
0 0.564715 0.380858 0.567091 0.384128 0.575535 0.391116 0.578788 0.392506 0.578918 0.392281 0.579162 0.391803 0.579483 0.391145 0.582116 0.385580 0.586517 0.376140 0.572390 0.364448 0.572090 0.365002 0.565457 0.379220 0.565132 0.379920 0.564877 0.380477 0.564731 0.380806
0 0.495641 0.518204 0.495650 0.518351 0.495815 0.519432 0.502155 0.550218 0.502407 0.550247 0.502863 0.550198 0.503453 0.550080 0.504087 0.549909 0.504668 0.549712 0.505108 0.549520 0.505338 0.549361 0.502197 0.517713 0.502176 0.517567 0.502013 0.516488 0.500871 0.514427 0.500495 0.514428 0.499814 0.514534 0.498934 0.514730 0.497985 0.514986 0.497112 0.515262 0.496447 0.515518 0.496091 0.515714
0 0.483633 0.510492 0.483882 0.512623 0.484723 0.514465 0.486029 0.515738 0.487601 0.516247 0.489200 0.515915 0.490581 0.514793 0.490598 0.514768 0.491550 0.513029 0.491931 0.510937 0.491683 0.508809 0.490843 0.506970 0.489539 0.505700 0.487970 0.505192 0.486374 0.505523 0.486350 0.505532 0.484969 0.506655 0.484015 0.508396
0 0.534952 0.475048 0.543759 0.481323 0.546915 0.478451 0.547067 0.478199 0.547376 0.477536 0.547794 0.476564 0.548259 0.475430 0.553825 0.461544 0.554262 0.460427 0.554604 0.459502 0.554798 0.458910 0.554815 0.458741 0.554852 0.453646 0.546045 0.447371 0.542922 0.454660 0.537421 0.468386
0 0.408944 0.454614 0.410957 0.459324 0.411033 0.459396 0.411358 0.459643 0.411847 0.459998 0.412366 0.460365 0.412778 0.460647 0.412970 0.460766 0.420173 0.461771 0.420958 0.459825 0.416358 0.452371 0.416279 0.452304 0.415951 0.452062 0.415463 0.451709 0.414945 0.451341 0.414536 0.451054 0.414345 0.450927 0.410246 0.451389
0 0.462295 0.463743 0.465555 0.471114 0.466423 0.473007 0.466665 0.473202 0.480760 0.461721 0.476455 0.452324 0.476414 0.452242
