0 0.466795 0.573834 0.467036 0.578133 0.468493 0.581980 0.470943 0.584792 0.474013 0.586139 0.477237 0.585817 0.480123 0.583875 0.482231 0.580608 0.483242 0.576514 0.483253 0.576465 0.483011 0.572169 0.481556 0.568324 0.479997 0.566274 0.479168 0.565323 0.478129 0.564867 0.476039 0.564168 0.472817 0.564489 0.469933 0.566431 0.468634 0.568386 0.467920 0.569491 0.467805 0.569741
0 0.438073 0.581407 0.438195 0.583557 0.438925 0.585481 0.440151 0.586886 0.441688 0.587557 0.443300 0.587395 0.444743 0.586421 0.445797 0.584786 0.445890 0.584640 0.446393 0.582595 0.446271 0.580449 0.445542 0.578528 0.444318 0.577126 0.442784 0.576455 0.441174 0.576618 0.439734 0.577589 0.439630 0.577723 0.438577 0.579358
0 0.453788 0.511039 0.453833 0.512024 0.453928 0.512550 0.470315 0.515345 0.478571 0.516067 0.478703 0.516045 0.478861 0.515285 0.479019 0.513906 0.479156 0.512116 0.479249 0.510187 0.479286 0.508406 0.479260 0.507043 0.479175 0.506305 0.477938 0.506197 0.470935 0.505591 0.454399 0.505518 0.454269 0.505518 0.454181 0.505838 0.454065 0.506453 0.453981 0.507046 0.453868 0.508343 0.453800 0.509746
0 0.430553 0.400467 0.432379 0.411252 0.432688 0.411657 0.464893 0.401963 0.463076 0.391228 0.462906 0.390728
0 0.627562 0.441098 0.627625 0.441184 0.627963 0.441589 0.628527 0.442252 0.629230 0.443070 0.629965 0.443920 0.630618 0.444670 0.631090 0.445206 0.631308 0.445445 0.639026 0.437291 0.639807 0.434472 0.639529 0.434134 0.638908 0.433404 0.638039 0.432392 0.637056 0.431255 0.636109 0.430167 0.635346 0.429296 0.634881 0.428775 0.634785 0.428681 0.632755 0.430051
0 0.638380 0.422341 0.639202 0.424250 0.660333 0.451221 0.662186 0.450657 0.669427 0.445114 0.654462 0.410358 0.651256 0.409935 0.650892 0.410180 0.650257 0.410637 0.649447 0.411239 0.648584 0.411892 0.641409 0.417384 0.640622 0.417993 0.640028 0.418467 0.639717 0.418734
0 0.405064 0.462407 0.405165 0.466719 0.405616 0.468054 0.406495 0.470651 0.408852 0.473605 0.411878 0.475132 0.412231 0.475231 0.414358 0.475143 0.415307 0.475055 0.416450 0.474498 0.418389 0.473332 0.420596 0.470201 0.421736 0.466182 0.421670 0.463346 0.421502 0.461822 0.421187 0.460558 0.420312 0.457971 0.417964 0.455029 0.417634 0.454848 0.414608 0.453321 0.412472 0.453410 0.411374 0.453456 0.410372 0.454058 0.408425 0.455229 0.406209 0.458373
0 0.531684 0.468857 0.534356 0.479270 0.535732 0.484459 0.535943 0.485254 0.536135 0.485924 0.536278 0.486366 0.536350 0.486513 0.539753 0.486128 0.542104 0.485056 0.549157 0.481839 0.552023 0.479365 0.552028 0.479187 0.551951 0.478718 0.551802 0.478028 0.551606 0.477223 0.547521 0.461558 0.531830 0.468715
0 0.417918 0.490271 0.422711 0.499327 0.423065 0.499330 0.429825 0.492969 0.425055 0.483955 0.424710 0.483881
0 0.494315 0.499502 0.495567 0.506513 0.495818 0.506994 0.496229 0.507108 0.499816 0.506096 0.505254 0.504473 0.505832 0.504034 0.506212 0.503739 0.506394 0.503185 0.506703 0.499700 0.505219 0.496659 0.504862 0.496240 0.504413 0.496149 0.499276 0.497128 0.495639 0.497898 0.494718 0.498646 0.494381 0.498944
0 0.577689 0.604445 0.578587 0.605653 0.593852 0.614680 0.595037 0.611118 0.594770 0.610320 0.593794 0.609184 0.579450 0.600702 0.578861 0.600924
0 0.493270 0.406328 0.494180 0.409858 0.512053 0.421246 0.519171 0.401387 0.519393 0.400247 0.517886 0.399287 0.497712 0.398771 0.495418 0.400336 0.495330 0.400433 0.495091 0.400972 0.494738 0.401873 0.494325 0.402998 0.493914 0.404174 0.493569 0.405220 0.493343 0.405976
0 0.577187 0.590187 0.589185 0.605305 0.589595 0.605789 0.595290 0.597754 0.583237 0.582566 0.582857 0.582188
0 0.453741 0.499057 0.469918 0.503923 0.470056 0.503905 0.473688 0.482434 0.473567 0.482353 0.457390 0.477488
0 0.577281 0.457674 0.579368 0.458597 0.585564 0.460124 0.589665 0.438613 0.587593 0.437619 0.581361 0.436275
