0 0.415550 0.642215 0.415653 0.642628 0.416102 0.643144 0.428647 0.653764 0.429185 0.654083 0.429503 0.654026 0.430509 0.651951 0.434717 0.643077 0.420760 0.631262 0.416469 0.640066
0 0.381921 0.781740 0.381950 0.783236 0.382397 0.784597 0.383617 0.786623 0.385964 0.789613 0.388985 0.791141 0.390793 0.791664 0.391895 0.791606 0.392901 0.790980 0.395172 0.789132 0.397394 0.785903 0.397461 0.785768 0.398614 0.781645 0.398523 0.777256 0.397204 0.773268 0.394859 0.770287 0.391845 0.768766 0.388619 0.768935 0.385672 0.770767 0.383451 0.773986 0.383374 0.774114 0.382217 0.778234
0 0.491371 0.252314 0.491411 0.253449 0.524082 0.260497 0.526725 0.238716 0.526848 0.237513 0.494026 0.230433
0 0.453693 0.551188 0.461912 0.552843 0.462086 0.552600 0.464558 0.530784 0.456376 0.529136 0.456175 0.529270
0 0.462387 0.408814 0.462559 0.409231 0.478620 0.414548 0.482608 0.393134 0.482527 0.392642 0.466393 0.387301
0 0.533118 0.492934 0.533170 0.497230 0.534452 0.501172 0.535981 0.503146 0.536830 0.504168 0.537785 0.504697 0.539764 0.505740 0.539923 0.505763 0.543158 0.505694 0.546127 0.503978 0.548377 0.500879 0.549567 0.496867 0.549514 0.492554 0.548228 0.488596 0.546693 0.486614 0.545903 0.485596 0.544882 0.485057 0.542895 0.484009 0.539660 0.484079 0.539501 0.484143 0.536544 0.485852 0.535064 0.487890 0.534362 0.488920 0.533901 0.490295
0 0.558780 0.420809 0.558818 0.421916 0.561569 0.453830 0.561626 0.453847 0.561926 0.453846 0.562424 0.453826 0.563043 0.453792 0.563689 0.453747 0.564263 0.453699 0.564677 0.453656 0.564869 0.453624 0.565430 0.421444 0.565392 0.420335 0.564484 0.418039 0.564196 0.418043 0.563571 0.418075 0.562707 0.418128 0.561734 0.418195 0.560803 0.418266 0.560056 0.418329 0.559607 0.418375 0.559524 0.418397
0 0.409247 0.513139 0.422183 0.526973 0.422495 0.526865 0.432829 0.509685 0.419944 0.495906 0.419623 0.495890
0 0.410703 0.595252 0.410945 0.598236 0.411195 0.598898 0.411651 0.599798 0.412245 0.600798 0.412885 0.601745 0.413473 0.602494 0.413919 0.602930 0.416091 0.603757 0.431399 0.586515 0.432183 0.585527 0.421531 0.568712 0.420623 0.569507 0.419348 0.570943
0 0.503300 0.407857 0.503536 0.409987 0.504366 0.411834 0.505663 0.413117 0.507229 0.413641 0.508827 0.413326 0.510212 0.412220 0.511175 0.410491 0.511568 0.408403 0.511588 0.408245 0.511351 0.406111 0.510520 0.404261 0.509221 0.402975 0.507652 0.402450 0.506051 0.402766 0.504664 0.403874 0.503699 0.405606 0.503306 0.407698
0 0.533312 0.477795 0.533315 0.479082 0.533326 0.480488 0.533342 0.481796 0.533361 0.482807 0.533372 0.483141 0.533386 0.483375 0.533395 0.483389 0.549998 0.484502 0.558311 0.484379 0.558339 0.484348 0.558360 0.483574 0.558369 0.482171 0.558367 0.480353 0.558352 0.478400 0.558327 0.476613 0.558297 0.475267 0.558265 0.474568 0.549936 0.474698 0.533326 0.476320 0.533315 0.476826
0 0.734431 0.292742 0.743232 0.298802 0.746044 0.296476 0.753705 0.276693 0.744803 0.270563 0.741067 0.272769 0.740662 0.273293 0.740147 0.274184 0.739598 0.275306 0.739100 0.276491 0.735304 0.286291 0.734930 0.287361 0.734735 0.288157
0 0.419702 0.528980 0.420041 0.529967 0.420903 0.531874 0.421765 0.533780 0.424352 0.539500 0.424870 0.540407 0.427548 0.541092 0.427806 0.540908 0.428348 0.540491 0.429091 0.539906 0.429923 0.539242 0.437007 0.533546 0.437804 0.532900 0.438448 0.532370 0.438841 0.532035 0.438923 0.531947 0.439711 0.528658 0.434590 0.517335 0.433986 0.517496
