0 0.586433 0.486769 0.591682 0.495263 0.592103 0.495241 0.604902 0.481179 0.599628 0.472647 0.599173 0.472772
0 0.511555 0.434098 0.512293 0.436893 0.512446 0.437090 0.512912 0.437485 0.513621 0.438016 0.514465 0.438604 0.521847 0.443584 0.522700 0.444141 0.523436 0.444585 0.523944 0.444847 0.524145 0.444889 0.526301 0.444046 0.526544 0.443530 0.531062 0.431623 0.530353 0.431042 0.528863 0.430036 0.519923 0.424005 0.516943 0.421995 0.516180 0.421583 0.511661 0.433489
0 0.536562 0.566340 0.536912 0.568465 0.537845 0.570250 0.539219 0.571422 0.540825 0.571805 0.542419 0.571338 0.543758 0.570095 0.544637 0.568262 0.544924 0.566120 0.544574 0.563995 0.543641 0.562210 0.542267 0.561037 0.540661 0.560655 0.539067 0.561121 0.537728 0.562365 0.536849 0.564198
0 0.450551 0.508381 0.450576 0.508438 0.450886 0.508802 0.451433 0.509418 0.452135 0.510191 0.452885 0.511006 0.453570 0.511740 0.454087 0.512280 0.454356 0.512546 0.456106 0.511421 0.456632 0.510566 0.470581 0.484431 0.470583 0.484373 0.470392 0.484110 0.470039 0.483683 0.469576 0.483156 0.469074 0.482611 0.468611 0.482131 0.468257 0.481789 0.468066 0.481637 0.451562 0.505010 0.451036 0.505866
0 0.410158 0.626596 0.415113 0.627197 0.418416 0.627597 0.418603 0.627305 0.418743 0.627086 0.420238 0.605153 0.412013 0.604157 0.411659 0.604575
0 0.567902 0.488025 0.568494 0.490029 0.569616 0.491577 0.571096 0.492436 0.572711 0.492474 0.572836 0.492461 0.574342 0.491670 0.575505 0.490172 0.576150 0.488194 0.576179 0.486038 0.575586 0.484031 0.574462 0.482479 0.572979 0.481619 0.571361 0.481581 0.571239 0.481613 0.569736 0.482402 0.568574 0.483898 0.567930 0.485872
0 0.468929 0.419467 0.469036 0.419864 0.469334 0.420675 0.469779 0.421774 0.470303 0.422995 0.470615 0.423685 0.471001 0.424514 0.471263 0.425057 0.471553 0.425584 0.471650 0.425649 0.486494 0.415781 0.487570 0.414951 0.493670 0.410243 0.493476 0.409710 0.493030 0.408609 0.492400 0.407105 0.491680 0.405427 0.490978 0.403825 0.490401 0.402541 0.490035 0.401770 0.489938 0.401631 0.483827 0.406354 0.482750 0.407187
0 0.503577 0.588329 0.506083 0.597382 0.506183 0.597596 0.506463 0.598055 0.506849 0.598634 0.507237 0.599178 0.507522 0.599540 0.507628 0.599624 0.511378 0.601036 0.513398 0.598556 0.513379 0.597934 0.512888 0.593166 0.512783 0.592955 0.512500 0.592501 0.512114 0.591925 0.511729 0.591381 0.511446 0.591015 0.511344 0.590924 0.504796 0.586832
0 0.495857 0.567839 0.502091 0.575171 0.507589 0.566859 0.507555 0.566553 0.501350 0.559255 0.495876 0.567528
0 0.622701 0.403389 0.622784 0.404442 0.622991 0.405674 0.623290 0.406896 0.623636 0.407920 0.623976 0.408589 0.625371 0.410415 0.627360 0.410138 0.646592 0.403081 0.648181 0.402457 0.645988 0.391836 0.642360 0.392006 0.623158 0.399692 0.622755 0.402675
0 0.613844 0.399724 0.614012 0.402046 0.614176 0.403040 0.614611 0.404103 0.615251 0.405074 0.616000 0.405807 0.616744 0.406190 0.618388 0.406617 0.619436 0.406577 0.620130 0.405861 0.620925 0.404899 0.621642 0.402556 0.621831 0.401524 0.621621 0.400194 0.621043 0.398768 0.620185 0.397467 0.619180 0.396491 0.618182 0.395990 0.617345 0.396038 0.615547 0.396741 0.614863 0.397476 0.614065 0.398431
0 0.481229 0.387547 0.481448 0.393406 0.481490 0.393651 0.482842 0.398678 0.483208 0.399877 0.483890 0.400798 0.484784 0.401300 0.485755 0.401308 0.489967 0.401305 0.493897 0.399219 0.494796 0.398731 0.495487 0.397822 0.495864 0.396629 0.495870 0.395335 0.495707 0.390003 0.495697 0.389750 0.494289 0.384196 0.493922 0.382994 0.493239 0.382071 0.492342 0.381567 0.491369 0.381559 0.487201 0.382079 0.483207 0.383654 0.482305 0.384143 0.481613 0.385054 0.481235 0.386250
