0 0.542566 0.496716 0.569529 0.522307 0.569849 0.522409 0.574669 0.513380 0.547582 0.487672 0.547364 0.487728
0 0.445339 0.402191 0.451314 0.422817 0.451509 0.423126 0.466917 0.415192 0.460966 0.394648 0.460809 0.394224
0 0.468610 0.457419 0.468613 0.458590 0.468625 0.459464 0.468644 0.459909 0.470396 0.461024 0.471225 0.461035 0.495234 0.459158 0.495273 0.459122 0.495311 0.458758 0.495342 0.458123 0.495361 0.457312 0.495366 0.456449 0.495355 0.455667 0.495330 0.455085 0.495295 0.454793 0.471305 0.452284 0.470475 0.452273 0.468701 0.453345 0.468677 0.453407 0.468653 0.453959 0.468632 0.454914 0.468617 0.456129
0 0.411053 0.610909 0.420711 0.614461 0.423309 0.612295 0.423460 0.611903 0.423689 0.611086 0.423960 0.609968 0.424232 0.608719 0.424465 0.607526 0.424623 0.606570 0.424682 0.605996 0.423812 0.602544 0.414264 0.599032 0.413273 0.600177
0 0.524418 0.475143 0.525293 0.476311 0.526754 0.476962 0.531551 0.479099 0.534678 0.480492 0.541485 0.483524 0.541676 0.483449 0.553410 0.467824 0.547998 0.446125 0.547119 0.444952 0.546904 0.445203
0 0.392924 0.370264 0.392976 0.370613 0.393120 0.371215 0.393335 0.371980 0.401250 0.398717 0.401500 0.399522 0.401747 0.400239 0.401952 0.400758 0.402084 0.401001 0.417474 0.392901 0.417500 0.392839 0.417430 0.392475 0.417274 0.391864 0.417057 0.391099 0.409177 0.364484 0.408929 0.363676 0.408688 0.362944 0.408488 0.362398 0.408362 0.362121 0.392972 0.370221
0 0.466917 0.431377 0.467295 0.432161 0.483528 0.436161 0.485328 0.423174 0.485158 0.422286 0.483932 0.420018 0.483724 0.419866 0.483173 0.419645 0.482364 0.419388 0.481419 0.419135 0.473227 0.417117 0.472294 0.416907 0.471518 0.416773 0.471019 0.416736 0.470870 0.416800 0.468738 0.418240
0 0.361651 0.446220 0.361884 0.448354 0.362711 0.450208 0.364007 0.451498 0.364241 0.451582 0.365806 0.452112 0.367404 0.451802 0.368792 0.450701 0.369758 0.448976 0.370156 0.446889 0.369924 0.444758 0.369098 0.442908 0.367804 0.441620 0.367576 0.441519 0.366008 0.440988 0.364407 0.441298 0.363017 0.442401 0.362049 0.444129
0 0.524214 0.563175 0.524221 0.563339 0.524306 0.563970 0.524455 0.564973 0.524646 0.566195 0.526362 0.576985 0.526567 0.578245 0.526754 0.579354 0.526895 0.580146 0.526970 0.580499 0.527284 0.581435 0.529550 0.583618 0.532855 0.582683 0.529349 0.560648 0.528678 0.559262 0.525449 0.560176
0 0.522046 0.441625 0.529829 0.445368 0.529966 0.445117 0.532787 0.434692 0.524968 0.430931 0.524854 0.431247
0 0.422012 0.494439 0.422910 0.497865 0.423176 0.498387 0.423580 0.498621 0.428467 0.499366 0.431983 0.499809 0.433270 0.499319 0.433632 0.499141 0.433783 0.498623 0.433741 0.491432 0.433583 0.490885 0.433218 0.490641 0.429709 0.490448 0.424314 0.490255 0.423519 0.490532 0.423118 0.490693 0.422859 0.491169
