0 0.517282 0.264246 0.526584 0.303249 0.565587 0.293947 0.565889 0.292999 0.556544 0.253816 0.517361 0.263160
0 0.686930 0.429426 0.725090 0.441739 0.726127 0.441471 0.738496 0.403135 0.700160 0.390765 0.699243 0.391266
0 0.928021 0.427176 0.938735 0.465714 0.940750 0.465557 0.979465 0.454794 0.968702 0.416078 0.966559 0.416462
0 0.490107 0.730187 0.516427 0.760682 0.546921 0.734363 0.546706 0.733289 0.520507 0.702934 0.490152 0.729133
0 0.656961 0.821891 0.658775 0.825612 0.665254 0.832862 0.666389 0.833370 0.669191 0.833938 0.673235 0.834479 0.677903 0.834911 0.682477 0.835166 0.686254 0.835205 0.688658 0.835023 0.689325 0.834649 0.699126 0.828608 0.700325 0.812468 0.698035 0.808897 0.658145 0.805935
0 0.444293 0.895411 0.445077 0.897364 0.446655 0.899656 0.448788 0.901935 0.525119 0.973251 0.527467 0.975157 0.529657 0.976386 0.531354 0.976752 0.532302 0.976199 0.585766 0.921940 0.585776 0.920594 0.584888 0.918618 0.583239 0.916312 0.572872 0.904596 0.514143 0.849725 0.502292 0.840683 0.500084 0.839386 0.498358 0.838920 0.497377 0.839359 0.444423 0.894094
0 0.284955 0.742455 0.285298 0.742969 0.286653 0.744008 0.288816 0.745413 0.291455 0.746971 0.382380 0.798432 0.385077 0.799894 0.387402 0.801028 0.389000 0.801661 0.389628 0.801697 0.429123 0.731915 0.428654 0.731412 0.427197 0.730385 0.424974 0.728992 0.422322 0.727444 0.331813 0.676219 0.329119 0.674741 0.326774 0.673549 0.325134 0.672822 0.324449 0.672674
0 0.404390 0.114629 0.404652 0.115550 0.405232 0.117494 0.406041 0.120165 0.406956 0.123158 0.437473 0.222580 0.438360 0.225459 0.439092 0.227805 0.439556 0.229264 0.439682 0.229610 0.516335 0.206081 0.516170 0.205240 0.515671 0.203356 0.514914 0.200716 0.510489 0.185838 0.486880 0.108921 0.482458 0.094975 0.481702 0.092686 0.481206 0.091326 0.481043 0.091101
0 0.677370 0.194258 0.677497 0.195904 0.678160 0.196493 0.749716 0.225659 0.750868 0.225128 0.752278 0.223533 0.753731 0.221117 0.755004 0.218247 0.791912 0.120522 0.792805 0.117656 0.793174 0.115248 0.792963 0.113665 0.792207 0.113149 0.720898 0.083330 0.719766 0.083985 0.718374 0.085685 0.716935 0.088172 0.710219 0.102443 0.681822 0.177634 0.677795 0.191808
0 0.364399 0.502288 0.364529 0.517485 0.364754 0.520126 0.365215 0.521922 0.365841 0.522598 0.444079 0.526887 0.444839 0.526344 0.445554 0.524662 0.446114 0.522097 0.446434 0.519039 0.452385 0.414747 0.452414 0.411683 0.452147 0.409099 0.451625 0.407391 0.450929 0.406816 0.372732 0.401830 0.372029 0.402481 0.371365 0.404257 0.370839 0.406884 0.368977 0.422045
0 0.244901 0.317908 0.245914 0.318734 0.253071 0.320401 0.263831 0.322370 0.271718 0.323581 0.278862 0.324446 0.282016 0.324665 0.284580 0.324209 0.324928 0.264439 0.325124 0.262595 0.324940 0.259949 0.324402 0.256905 0.323594 0.253929 0.322640 0.251478 0.321684 0.249924 0.320874 0.249504 0.291046 0.235094 0.289347 0.234369 0.286111 0.233485 0.281830 0.232575 0.277159 0.231780 0.272817 0.231222 0.269469 0.230987 0.267627 0.231109 0.258381 0.238114 0.255502 0.253289 0.250122 0.281943 0.249553 0.285397
0 0.599216 0.235847 0.599499 0.243136 0.600424 0.254012 0.601318 0.261949 0.602344 0.269103 0.602948 0.272237 0.604029 0.274688 0.672314 0.297866 0.674138 0.297594 0.676638 0.296739 0.679433 0.295430 0.682094 0.293868 0.684214 0.292292 0.685470 0.290943 0.685671 0.290028 0.691733 0.257574 0.691976 0.255781 0.691973 0.252456 0.691724 0.248103 0.691267 0.243390 0.690672 0.239041 0.690031 0.235724 0.689442 0.233943 0.680253 0.226874 0.664864 0.228041 0.635815 0.230306 0.632333 0.230662 0.599724 0.234726
0 0.814629 0.447392 0.817183 0.458611 0.852126 0.485014 0.855014 0.487018 0.866137 0.494213 0.882741 0.504904 0.883229 0.505089 0.886323 0.501932 0.889795 0.497700 0.895382 0.489927 0.901318 0.481119 0.904575 0.475948 0.906430 0.472556 0.906479 0.471970 0.867546 0.410276 0.866462 0.409191 0.864347 0.408134 0.861522 0.407266 0.858421 0.406721 0.855518 0.406581 0.853256 0.406868 0.851981 0.407538 0.828527 0.427634 0.828016 0.428110 0.826527 0.430013 0.824290 0.433052 0.821644 0.436764 0.818988 0.440589 0.816723 0.443951 0.815193 0.446339
0 0.181143 0.361777 0.181486 0.364575 0.183153 0.374815 0.184108 0.379992 0.185741 0.388151 0.187176 0.394684 0.188667 0.400469 0.189136 0.400828 0.209705 0.397630 0.219660 0.395830 0.267922 0.384807 0.274870 0.375140 0.274917 0.375003 0.274628 0.373109 0.274046 0.369749 0.273260 0.365436 0.272390 0.360820 0.271565 0.356597 0.270911 0.353406 0.270527 0.351734 0.256402 0.336445 0.253627 0.334892 0.250565 0.334270 0.247681 0.334672 0.190988 0.355666 0.181177 0.360122
0 0.545505 0.470786 0.547516 0.478346 0.552267 0.484560 0.559035 0.488484 0.566789 0.489518 0.566904 0.489500 0.574477 0.487486 0.580702 0.482726 0.584632 0.475947 0.585669 0.468180 0.583654 0.460607 0.578895 0.454382 0.572116 0.450451 0.564348 0.449415 0.556775 0.451429 0.550551 0.456189 0.550464 0.456264 0.546540 0.463031
0 0.769295 0.711623 0.771355 0.719173 0.776148 0.725360 0.776624 0.725748 0.783431 0.729636 0.791208 0.730624 0.798771 0.728560 0.804969 0.723760 0.808857 0.716952 0.809845 0.709176 0.807781 0.701612 0.802980 0.695414 0.802459 0.695079 0.795664 0.691197 0.787900 0.690211 0.780350 0.692271 0.774163 0.697064 0.770281 0.703859
0 0.143198 0.583186 0.143384 0.587578 0.143785 0.592286 0.144339 0.596585 0.144961 0.599818 0.145556 0.601491 0.154594 0.608681 0.160613 0.608168 0.161373 0.607927 0.170974 0.603171 0.171314 0.600613 0.171354 0.596081 0.171089 0.590262 0.170558 0.584034 0.169843 0.578334 0.169049 0.574020 0.168297 0.571750 0.158029 0.568661 0.152023 0.569172 0.151242 0.569326 0.143546 0.577888 0.143255 0.579784
0 0.747222 0.921097 0.747578 0.928911 0.750899 0.935994 0.751331 0.936745 0.757119 0.942027 0.764488 0.944692 0.772316 0.944335 0.779411 0.941008 0.784694 0.935220 0.787359 0.927851 0.787002 0.920023 0.783675 0.912928 0.783187 0.912218 0.777409 0.906945 0.770053 0.904285 0.762239 0.904641 0.755156 0.907962 0.749882 0.913740
0 0.058184 0.793779 0.060532 0.803137 0.061714 0.806213 0.065161 0.809163 0.070348 0.811533 0.076480 0.812955 0.082613 0.813213 0.087803 0.812267 0.091257 0.810267 0.096640 0.802703 0.098129 0.799285 0.099144 0.794006 0.097597 0.790192 0.091675 0.783126 0.089072 0.780942 0.085189 0.779187 0.080612 0.778125 0.076031 0.777916 0.072139 0.778593 0.069527 0.780056 0.060744 0.785095 0.059176 0.788486
0 0.319967 0.202008 0.322442 0.206105 0.357106 0.226259 0.397413 0.156929 0.395983 0.152147 0.360835 0.131713
0 0.677669 0.889917 0.677957 0.899288 0.680014 0.903904 0.717031 0.935326 0.769400 0.873631 0.766322 0.869361 0.729728 0.838299 0.719324 0.840845 0.718441 0.841095 0.716508 0.842704 0.713821 0.845424 0.710787 0.848843 0.684842 0.879408 0.681911 0.883017 0.679519 0.886280 0.678028 0.888704
0 0.933480 0.853460 0.936107 0.901388 0.941149 0.906029 1.000000 0.901599 1.000000 0.842351 0.998780 0.842309 0.994054 0.842472 0.954022 0.844666 0.949544 0.845008 0.945979 0.845479 0.943868 0.846008
0 0.088615 0.333014 0.093213 0.339673 0.097862 0.341506 0.163691 0.296047 0.136416 0.256549 0.132213 0.253735 0.122848 0.252688 0.121593 0.252883 0.119010 0.254097 0.115492 0.256144 0.111577 0.258714 0.107867 0.261410 0.104931 0.263819 0.103218 0.265572 0.098918 0.276727
0 0.300624 0.072685 0.302814 0.135993 0.342872 0.136742 0.343231 0.131641 0.344276 0.075047 0.343531 0.043202 0.303207 0.042448
0 0.508695 0.565969 0.527373 0.573107 0.546524 0.579952 0.559025 0.548154 0.577606 0.494503 0.540026 0.480612 0.537991 0.485977 0.518380 0.539040
0 0.508551 0.181240 0.533242 0.257334 0.540851 0.254865 0.566553 0.204472 0.572584 0.192482 0.572396 0.191201 0.571667 0.188360 0.570509 0.184390 0.569097 0.179899 0.567649 0.175576 0.566387 0.172086 0.565504 0.169961 0.565134 0.169523 0.554834 0.162569 0.508650 0.177555
0 0.067223 0.661418 0.094027 0.678569 0.151022 0.700921 0.168975 0.665104 0.164424 0.662290 0.113821 0.636953 0.085296 0.625363
