0 0.549570 0.320568 0.557011 0.340215 0.564379 0.335254 0.564675 0.334498 0.557199 0.314760 0.549797 0.319744
0 0.427247 0.398942 0.428064 0.403214 0.428187 0.403380 0.458980 0.392912 0.458164 0.388647 0.458092 0.388455 0.447583 0.387424 0.446993 0.387476 0.446158 0.387661 0.445206 0.387950 0.437040 0.390726 0.436119 0.391074 0.435374 0.391426 0.434917 0.391730
0 0.494993 0.479684 0.496194 0.480105 0.501799 0.482067 0.502999 0.482487 0.519253 0.486772 0.519343 0.486774 0.519528 0.486256 0.519781 0.485296 0.520062 0.484039 0.520329 0.482680 0.520455 0.481929 0.520589 0.481040 0.520663 0.480469 0.520679 0.479957 0.504945 0.473025 0.496923 0.470210 0.496843 0.470241 0.496629 0.470986 0.496313 0.472331 0.495945 0.474069 0.495578 0.475940 0.495269 0.477663 0.495063 0.478978
0 0.591602 0.421688 0.607142 0.429113 0.607634 0.428788 0.610432 0.418380 0.594820 0.410921 0.594387 0.411328
0 0.539619 0.588232 0.539910 0.590865 0.540371 0.591915 0.548645 0.599449 0.558062 0.581062 0.557399 0.580135 0.549219 0.572688 0.547109 0.573607 0.546940 0.573719 0.546584 0.574229 0.546095 0.575061 0.545548 0.576087 0.540882 0.585196 0.540357 0.586265 0.539933 0.587216 0.539673 0.587908
0 0.325409 0.432020 0.325766 0.434123 0.326699 0.435883 0.328067 0.437034 0.328362 0.437142 0.329953 0.437506 0.331528 0.437031 0.332846 0.435789 0.333707 0.433968 0.333980 0.431847 0.333624 0.429748 0.332692 0.427991 0.331327 0.426842 0.331036 0.426716 0.329443 0.426351 0.327866 0.426827 0.326545 0.428072 0.325683 0.429895
0 0.438576 0.514325 0.442526 0.522980 0.443072 0.523182 0.444374 0.522652 0.446842 0.520650 0.442551 0.511248 0.441208 0.511511 0.439764 0.512682 0.438682 0.513560
0 0.577648 0.465576 0.577771 0.466349 0.578114 0.466667 0.579437 0.466786 0.587130 0.467221 0.587896 0.467209 0.588596 0.445186 0.581997 0.444458 0.578814 0.444651 0.578450 0.444996 0.578277 0.445781
0 0.557986 0.626265 0.558147 0.626458 0.558504 0.626787 0.559004 0.627200 0.559568 0.627636 0.570357 0.635582 0.578449 0.616281 0.578091 0.615750 0.570886 0.610380 0.567361 0.607818 0.566820 0.607425 0.566385 0.607129 0.566121 0.606975 0.566069 0.606987 0.563730 0.610304 0.562517 0.613196 0.560092 0.618979 0.558880 0.621871
0 0.567135 0.547122 0.573660 0.553861 0.574512 0.554484 0.576557 0.550964 0.575885 0.547456 0.575835 0.547364 0.575492 0.546975 0.574908 0.546348 0.574172 0.545579 0.573397 0.544787 0.572701 0.544092 0.572192 0.543601 0.571947 0.543389 0.569157 0.543642
0 0.514574 0.514994 0.537480 0.524947 0.538285 0.525218 0.540199 0.524741 0.540208 0.524729 0.540308 0.524239 0.540481 0.523346 0.540703 0.522187 0.540939 0.520936 0.541154 0.519782 0.541316 0.518899 0.541399 0.518423 0.539888 0.516797 0.539084 0.516527 0.515395 0.510800 0.515367 0.510796 0.515280 0.511111 0.515148 0.511699 0.514991 0.512471 0.514833 0.513308 0.514699 0.514081 0.514608 0.514673
0 0.556705 0.395217 0.573504 0.409215 0.575953 0.408305 0.576040 0.408200 0.577281 0.406702 0.577371 0.406593 0.584517 0.391347 0.584177 0.387989 0.566985 0.373664 0.566673 0.374252 0.565754 0.375985 0.565454 0.376552 0.563704 0.380285
0 0.504544 0.577877 0.504565 0.578236 0.504608 0.578963 0.511200 0.585884 0.531962 0.550724 0.531523 0.550026 0.525021 0.543201
0 0.516389 0.426757 0.536999 0.487125 0.537472 0.486882 0.552437 0.477777 0.531780 0.417272 0.516768 0.426236
0 0.534320 0.488597 0.535871 0.495935 0.536296 0.496040 0.536727 0.496071 0.537329 0.496007 0.538029 0.495932 0.538461 0.495810 0.538882 0.495611 0.558100 0.484921 0.557641 0.482753 0.537065 0.487014 0.536628 0.487138 0.535954 0.487374 0.535789 0.487432 0.535382 0.487624 0.534997 0.487885 0.534641 0.488211
