0 0.444118 0.527952 0.445171 0.550156 0.446310 0.550225 0.461583 0.548458 0.460537 0.526408 0.459360 0.526425
0 0.423566 0.536233 0.423583 0.538066 0.423629 0.540018 0.423696 0.541788 0.423774 0.543104 0.423851 0.543765 0.425102 0.543709 0.432189 0.543390 0.448804 0.541251 0.448810 0.541214 0.448807 0.540623 0.448791 0.539593 0.448764 0.538281 0.448732 0.536887 0.448698 0.535619 0.448668 0.534669 0.448654 0.534378 0.448642 0.534203 0.432008 0.533552 0.430760 0.533607 0.423686 0.533919 0.423622 0.533990 0.423579 0.534802
0 0.463926 0.404901 0.463974 0.405029 0.464231 0.405553 0.464657 0.406391 0.465187 0.407417 0.465742 0.408476 0.466236 0.409408 0.466597 0.410072 0.466768 0.410366 0.469158 0.410841 0.470178 0.409892 0.471406 0.407400 0.471355 0.407234 0.471023 0.406537 0.470460 0.405412 0.469752 0.404033 0.469007 0.402610 0.468341 0.401363 0.467855 0.400484 0.467625 0.400106 0.465447 0.400778 0.464425 0.401729
0 0.521333 0.586606 0.521432 0.587005 0.533506 0.602241 0.544933 0.586142 0.544727 0.585747 0.532708 0.570581
0 0.406421 0.531575 0.406567 0.535860 0.407932 0.539763 0.409177 0.542026 0.409986 0.543023 0.411017 0.543538 0.413333 0.544200 0.416549 0.544061 0.419467 0.542295 0.419532 0.542222 0.421706 0.539097 0.422808 0.535087 0.422667 0.530802 0.421306 0.526895 0.418929 0.523962 0.415900 0.522451 0.412681 0.522593 0.409763 0.524366 0.409692 0.524427 0.407928 0.526782 0.407188 0.527849 0.406815 0.529217
0 0.451917 0.470241 0.473494 0.530193 0.488482 0.520603 0.488535 0.520508 0.467056 0.460831 0.466905 0.460651
0 0.596795 0.580969 0.604521 0.605290 0.605001 0.605774 0.606966 0.607753 0.608926 0.608695 0.612030 0.606942 0.618237 0.603436 0.621341 0.601682 0.622522 0.598968 0.614615 0.574078 0.612509 0.572717 0.611995 0.572385
0 0.470602 0.388185 0.470720 0.388632 0.487019 0.392121 0.489635 0.370388 0.489594 0.369868 0.473229 0.366365
0 0.456009 0.322127 0.456211 0.322943 0.463534 0.343566 0.480079 0.344039 0.488058 0.323853 0.488085 0.322198 0.488030 0.321380 0.456036 0.320465
0 0.529179 0.488004 0.536432 0.493256 0.540105 0.495878 0.540668 0.496279 0.541160 0.496619 0.541506 0.496845 0.541653 0.496922 0.543962 0.493567 0.548705 0.481922 0.549558 0.477513 0.549491 0.477413 0.549211 0.477167 0.548763 0.476813 0.548213 0.476405 0.537227 0.468518 0.537057 0.468662
0 0.572883 0.586439 0.573009 0.588634 0.583367 0.625110 0.584330 0.626556 0.592656 0.625712 0.590377 0.585751 0.588068 0.583080 0.587763 0.582990 0.587128 0.582952 0.586260 0.582971 0.585291 0.583046 0.577042 0.583882 0.576115 0.584000 0.575368 0.584144 0.574914 0.584293
0 0.655205 0.550932 0.661403 0.561233 0.663269 0.561941 0.676294 0.548008 0.670024 0.537588 0.668081 0.537158 0.666648 0.536923 0.666281 0.537032 0.665675 0.537440 0.664924 0.538084 0.664140 0.538867 0.657687 0.545769 0.656987 0.546574 0.656476 0.547281 0.656230 0.547784
0 0.453670 0.573319 0.455227 0.575750 0.455354 0.575897 0.455836 0.576114 0.456600 0.576369 0.457529 0.576622 0.482098 0.582714 0.483043 0.582925 0.483852 0.583060 0.484401 0.583099 0.484608 0.583036 0.486504 0.581460 0.486659 0.580529 0.488469 0.567545 0.456010 0.559497 0.455501 0.560185 0.454280 0.568941
0 0.483802 0.474179 0.488388 0.483389 0.488441 0.483465 0.496599 0.485662 0.508041 0.488743 0.511325 0.489627 0.525135 0.477401 0.525193 0.477349 0.529835 0.446697 0.525249 0.437487
0 0.404218 0.440741 0.406744 0.451299 0.407171 0.451522 0.415054 0.448169 0.412539 0.437659 0.412137 0.437372
0 0.411467 0.464945 0.412103 0.467663 0.412580 0.469114 0.413133 0.470186 0.414500 0.472373 0.417363 0.474376 0.417694 0.474478 0.420901 0.474867 0.422932 0.474023 0.423976 0.473589 0.426450 0.470840 0.427946 0.467037 0.428237 0.462761 0.427279 0.458661 0.426579 0.457541 0.425217 0.455363 0.422365 0.453367 0.422053 0.453180 0.418833 0.452790 0.416794 0.453638 0.415891 0.454152 0.414902 0.455011 0.413262 0.456834 0.411760 0.460651
