0 0.467139 0.495442 0.516233 0.506162 0.518947 0.484647 0.518960 0.483917 0.469881 0.473201 0.469646 0.473882
0 0.478400 0.422994 0.478510 0.423429 0.479735 0.424519 0.486265 0.429962 0.486786 0.430310 0.495550 0.411619 0.489478 0.406056 0.487271 0.404743 0.486897 0.404873 0.486486 0.405470 0.478608 0.422270
0 0.412710 0.484986 0.415228 0.497917 0.417766 0.499649 0.418057 0.499586 0.418670 0.499406 0.419510 0.499136 0.420451 0.498818 0.421349 0.498500 0.422071 0.498229 0.422506 0.498046 0.422587 0.497980 0.424186 0.495175 0.421697 0.482392 0.420792 0.482189
0 0.395277 0.457799 0.409264 0.469779 0.409680 0.469917 0.418623 0.451353 0.404700 0.439428 0.404261 0.439149
0 0.573722 0.534970 0.585084 0.562250 0.585476 0.562536 0.601460 0.568629 0.608787 0.563204 0.619054 0.555602 0.622013 0.553410 0.624298 0.542754 0.576346 0.524475 0.575997 0.524363
0 0.458687 0.525355 0.458748 0.525971 0.458872 0.526757 0.459038 0.527590 0.459221 0.528345 0.459394 0.528905 0.459530 0.529185 0.483024 0.523149 0.483823 0.522868 0.483936 0.522796 0.485408 0.521159 0.485389 0.520634 0.485272 0.519716 0.485074 0.518545 0.484825 0.517299 0.484564 0.516164 0.484329 0.515313 0.484156 0.514875 0.482266 0.514419 0.481469 0.514701 0.458775 0.524964 0.458696 0.525001
0 0.465700 0.566589 0.465716 0.577672 0.474028 0.577651 0.474147 0.577295 0.474131 0.566263 0.465857 0.566284
0 0.451219 0.517211 0.454390 0.527383 0.459869 0.524391 0.477156 0.514784 0.476900 0.511465 0.476781 0.510362 0.476481 0.509149 0.476048 0.508012 0.475547 0.507125 0.473954 0.504515 0.456630 0.514003
0 0.479244 0.463925 0.479531 0.464241 0.479839 0.464578 0.480161 0.464930 0.480831 0.465659 0.496617 0.482776 0.496764 0.482904 0.507203 0.465789 0.491784 0.448784 0.491447 0.448414 0.491110 0.448046 0.490773 0.447683 0.490443 0.447331 0.490126 0.446995 0.490019 0.446957 0.489765 0.446867 0.489669 0.446833
0 0.585788 0.471057 0.590761 0.479841 0.591178 0.479748 0.604414 0.466426 0.599418 0.457602 0.598963 0.457796
0 0.254220 0.483587 0.255206 0.485417 0.274597 0.516327 0.277173 0.516141 0.283877 0.509720 0.266542 0.477542 0.262823 0.476794 0.260065 0.476524 0.259588 0.476642 0.258871 0.477042 0.258022 0.477662 0.257171 0.478409 0.256450 0.479167 0.255970 0.479820
0 0.522373 0.580941 0.523190 0.585704 0.523225 0.585825 0.523512 0.586305 0.524010 0.587072 0.524643 0.588008 0.525313 0.588970 0.530850 0.596805 0.536362 0.604604 0.541848 0.612366 0.542439 0.613189 0.542866 0.613752 0.543064 0.613970 0.546136 0.615307 0.552270 0.607721 0.550226 0.604339 0.528480 0.573387
0 0.478388 0.575316 0.478418 0.575587 0.478527 0.576176 0.478686 0.576924 0.478852 0.577632 0.478981 0.578108 0.479037 0.578225 0.483571 0.585711 0.485160 0.585083 0.485893 0.575518 0.485857 0.575248 0.485744 0.574661 0.485585 0.573915 0.485421 0.573208 0.485296 0.572730 0.485245 0.572609 0.482286 0.569107 0.479673 0.570139
0 0.498855 0.604952 0.504143 0.613503 0.529797 0.585303 0.529660 0.584912 0.524397 0.576400 0.498860 0.604471
