0 0.511826 0.656072 0.512186 0.656318 0.512954 0.656781 0.514013 0.657389 0.515204 0.658052 0.516347 0.658668 0.517270 0.659147 0.517834 0.659413 0.517949 0.659427 0.519496 0.657250 0.521539 0.644504 0.521281 0.644305 0.520711 0.643945 0.519916 0.643480 0.519019 0.642981 0.518156 0.642524 0.517461 0.642180 0.517039 0.642001 0.516953 0.642014 0.511843 0.653064
0 0.517756 0.512861 0.522946 0.524109 0.523211 0.524388 0.537434 0.512723 0.532185 0.501344 0.529661 0.500493 0.529461 0.500624 0.528969 0.501000 0.528262 0.501562 0.527446 0.502225 0.520399 0.508004 0.519595 0.508670 0.518923 0.509239 0.518485 0.509626 0.518348 0.509771
0 0.509655 0.469168 0.513169 0.490729 0.521254 0.488386 0.521352 0.488333 0.517823 0.466672 0.509700 0.469026
0 0.503132 0.175595 0.503516 0.177735 0.513463 0.185880 0.516235 0.186386 0.517006 0.186370 0.517925 0.186158 0.518854 0.185781 0.519652 0.185297 0.520198 0.184778 0.521490 0.183321 0.521739 0.179660 0.519409 0.166667 0.503168 0.171844
0 0.526392 0.583272 0.526658 0.583685 0.529874 0.585674 0.534823 0.588669 0.535568 0.588927 0.535993 0.588986 0.536381 0.588681 0.538181 0.586107 0.538401 0.582491 0.538314 0.581873 0.538009 0.581449 0.533650 0.578274 0.530505 0.576052 0.529288 0.575669 0.528896 0.575646 0.528595 0.576045 0.526414 0.582687
0 0.516432 0.484351 0.521044 0.493591 0.522728 0.492235 0.547013 0.470580 0.546649 0.467879 0.546539 0.467120 0.546217 0.466114 0.545732 0.465016 0.541120 0.455776 0.540548 0.454756 0.539977 0.453973 0.539495 0.453547 0.537763 0.452049 0.536421 0.453234 0.534596 0.455015
0 0.453981 0.704645 0.454909 0.709645 0.455144 0.710898 0.455721 0.711935 0.456552 0.712599 0.458783 0.713281 0.461584 0.713835 0.464331 0.712918 0.466713 0.711935 0.467491 0.711166 0.467990 0.710058 0.468067 0.709548 0.468209 0.708274 0.468549 0.703231 0.467805 0.697282 0.467570 0.696032 0.466995 0.694997 0.466166 0.694335 0.465210 0.694146 0.460963 0.694062 0.456966 0.694684 0.456029 0.694997 0.455253 0.695765 0.454756 0.696869 0.454646 0.697349 0.454504 0.698626
0 0.563685 0.491865 0.578173 0.502528 0.578533 0.502539 0.594601 0.463728 0.580047 0.453016 0.579680 0.453232
0 0.522347 0.420004 0.530479 0.421884 0.530832 0.420981 0.532544 0.407818 0.531022 0.405653 0.530876 0.405485 0.530377 0.405255 0.529602 0.405000 0.528667 0.404757 0.527717 0.404564 0.526899 0.404451 0.526336 0.404435 0.526114 0.404518 0.524317 0.405917 0.524039 0.406992
0 0.502923 0.594654 0.502991 0.596868 0.504458 0.597986 0.510326 0.602456 0.511164 0.600500 0.511792 0.599033 0.511523 0.596769 0.511376 0.596074 0.504922 0.591157 0.504356 0.591310
0 0.419535 0.499059 0.419543 0.499167 0.419570 0.499521 0.421208 0.503348 0.427760 0.518655 0.428098 0.518410 0.428455 0.518148 0.428825 0.517873 0.429201 0.517591 0.429582 0.517302 0.447254 0.503855 0.447307 0.503732 0.439105 0.484572 0.421376 0.497644 0.420991 0.497930 0.420611 0.498217 0.420237 0.498505 0.419876 0.498787
0 0.638730 0.436025 0.640031 0.437380 0.659422 0.443614 0.662750 0.442993 0.663082 0.442719 0.663598 0.442086 0.664220 0.441191 0.664852 0.440170 0.665397 0.439182 0.665772 0.438376 0.665919 0.437877 0.666405 0.434189 0.650614 0.417740 0.648893 0.418680
0 0.484136 0.597834 0.490798 0.607792 0.491410 0.607175 0.493903 0.604211 0.498888 0.598283 0.501380 0.595319 0.502626 0.593837 0.503246 0.592989 0.503216 0.592138 0.502663 0.591211 0.501564 0.589568 0.497169 0.582998 0.496615 0.582271 0.494187 0.582367 0.494053 0.582427 0.493658 0.582813 0.493061 0.583466 0.492354 0.584287 0.486180 0.591629 0.485468 0.592496 0.484856 0.593280 0.484436 0.593863 0.484274 0.594155
