0 0.447276 0.577662 0.488162 0.615741 0.497682 0.597570 0.497692 0.597123 0.456994 0.559218 0.456796 0.559491
0 0.511814 0.492493 0.511833 0.492821 0.511900 0.493423 0.512005 0.494206 0.512132 0.495052 0.512261 0.495831 0.512373 0.496423 0.512451 0.496739 0.536327 0.492582 0.537142 0.492365 0.537161 0.492356 0.538728 0.490834 0.538667 0.490345 0.538541 0.489447 0.538370 0.488277 0.538181 0.487013 0.538000 0.485843 0.537856 0.484946 0.537771 0.484458 0.535885 0.483858 0.535864 0.483852 0.535049 0.484069
0 0.422395 0.539445 0.430026 0.543950 0.431736 0.540629 0.443580 0.504966 0.444185 0.503037 0.442199 0.500521 0.441564 0.499900 0.440731 0.499321 0.439825 0.498873 0.438982 0.498622 0.438331 0.498607 0.436633 0.498578 0.433282 0.504356
0 0.439922 0.592949 0.453815 0.605042 0.454873 0.602954 0.462366 0.587360 0.448380 0.575195 0.447284 0.577191
0 0.509760 0.481425 0.512541 0.491815 0.520334 0.488107 0.520616 0.487941 0.525698 0.473647 0.522878 0.463111 0.514976 0.466871 0.514772 0.467326
0 0.661419 0.672648 0.662670 0.683553 0.663419 0.684398 0.696285 0.677698 0.695029 0.666743 0.694135 0.665979
0 0.486083 0.426904 0.486838 0.428129 0.487192 0.428583 0.489036 0.429881 0.489681 0.429793 0.490586 0.429263 0.491615 0.428371 0.492608 0.427254 0.493413 0.426085 0.493906 0.425043 0.494012 0.424287 0.493420 0.421582 0.492667 0.420349 0.492302 0.419912 0.490064 0.419654 0.489580 0.419732 0.488903 0.420137 0.488136 0.420807 0.487395 0.421640 0.486791 0.422511 0.486416 0.423289 0.486327 0.423854
0 0.610549 0.653838 0.610824 0.655073 0.611432 0.656074 0.611687 0.656432 0.611704 0.656454 0.612555 0.657070 0.616590 0.659860 0.619406 0.660253 0.621421 0.660471 0.622350 0.660103 0.623102 0.659290 0.624320 0.656801 0.625669 0.653483 0.625964 0.649728 0.626114 0.646333 0.625839 0.645095 0.625229 0.644092 0.625211 0.644071 0.624925 0.643742 0.624076 0.643128 0.620610 0.641053 0.616192 0.639869 0.615231 0.639735 0.614305 0.640102 0.613554 0.640913 0.613093 0.642045 0.611551 0.647415 0.610649 0.652557
0 0.460466 0.393602 0.463286 0.404027 0.463454 0.404467 0.471238 0.400725 0.468431 0.390347 0.468286 0.389842
0 0.563032 0.621302 0.563285 0.621789 0.579036 0.628709 0.584226 0.607707 0.583889 0.607276 0.568201 0.600385
0 0.467591 0.625924 0.467957 0.628025 0.468897 0.629778 0.470270 0.630919 0.471865 0.631272 0.473440 0.630785 0.474755 0.629530 0.475611 0.627701 0.475652 0.627481 0.475917 0.625358 0.475552 0.623262 0.474613 0.621511 0.473243 0.620372 0.471651 0.620020 0.470078 0.620506 0.468765 0.621758 0.467911 0.623585 0.467856 0.623798
0 0.431614 0.400751 0.453728 0.434120 0.454257 0.434873 0.461680 0.426128 0.461760 0.422396 0.461583 0.422104 0.461182 0.421475 0.460616 0.420607 0.459973 0.419630 0.443425 0.394661 0.442807 0.393733 0.442313 0.393004 0.442020 0.392584 0.441971 0.392536 0.439122 0.391905
0 0.571901 0.394538 0.573950 0.397990 0.577024 0.403167 0.579289 0.400777 0.581144 0.398456 0.581166 0.397724 0.576450 0.389781 0.575901 0.389625 0.573583 0.392071
