0 0.306352 0.526047 0.316837 0.636007 0.333331 0.633211 0.334095 0.632600 0.323658 0.523145 0.322846 0.523251
0 0.418677 0.322063 0.419050 0.322879 0.433979 0.332404 0.437551 0.322451 0.437263 0.321633 0.422265 0.312065
0 0.403652 0.756205 0.404274 0.777730 0.406939 0.779252 0.407680 0.779491 0.408612 0.779598 0.409592 0.779559 0.410469 0.779378 0.411110 0.779085 0.412622 0.778029 0.413620 0.774852 0.414151 0.748444 0.405899 0.748149 0.403697 0.753953
0 0.520307 0.319129 0.536056 0.325926 0.539816 0.310475 0.540018 0.309639 0.540204 0.308859 0.540347 0.308251 0.540425 0.307909 0.540425 0.307885 0.537524 0.305463 0.528055 0.301376 0.524650 0.301076 0.524561 0.301371 0.524410 0.301944 0.524219 0.302709 0.522974 0.307715 0.520419 0.318221
0 0.586247 0.606015 0.586390 0.606257 0.586780 0.606830 0.587358 0.607648 0.588035 0.608586 0.588708 0.609499 0.589273 0.610248 0.589644 0.610718 0.589764 0.610837 0.595145 0.614834 0.595444 0.615046 0.595928 0.615093 0.596523 0.614969 0.597138 0.614692 0.597678 0.614304 0.598062 0.613865 0.598231 0.613442 0.604142 0.595345 0.601393 0.591598 0.599978 0.589670 0.599084 0.588452 0.598272 0.587346 0.598127 0.587149 0.595115 0.590831 0.593113 0.593379 0.592592 0.594050 0.586367 0.602755
0 0.286026 0.312922 0.288304 0.316577 0.290737 0.318686 0.291198 0.318976 0.291959 0.319324 0.292903 0.319676 0.293887 0.319981 0.294763 0.320191 0.295400 0.320275 0.295699 0.320220 0.297948 0.318996 0.298923 0.318142 0.299259 0.315986 0.300265 0.309520 0.300600 0.307364 0.299959 0.306063 0.295279 0.301526 0.288661 0.299696 0.288082 0.299702
0 0.565635 0.164612 0.566277 0.169242 0.575452 0.174224 0.581679 0.153836 0.582624 0.149834 0.573343 0.144794 0.570683 0.147768 0.570558 0.148042 0.570305 0.148779 0.569963 0.149867 0.566821 0.160155 0.566442 0.161426 0.566087 0.162680 0.565809 0.163725 0.565651 0.164403
0 0.524018 0.385295 0.524496 0.407312 0.541009 0.406675 0.541174 0.406300 0.540693 0.384194 0.524114 0.384834
0 0.391342 0.578518 0.392382 0.581736 0.392665 0.582192 0.393068 0.582320 0.393945 0.582364 0.399227 0.581653 0.402642 0.581157 0.402983 0.580880 0.403101 0.580316 0.402676 0.573079 0.402494 0.572571 0.402129 0.572423 0.400704 0.572316 0.397299 0.573064 0.392601 0.574178 0.392222 0.574447 0.391997 0.574996
0 0.387209 0.633837 0.393225 0.641507 0.398106 0.634762 0.406183 0.623501 0.406845 0.622567 0.400869 0.614947 0.391056 0.628244
