0 0.516297 0.529635 0.536126 0.533766 0.536558 0.533855 0.536990 0.533942 0.537418 0.534026 0.537835 0.534106 0.538234 0.534180 0.538315 0.534152 0.538535 0.534075 0.538614 0.534047 0.539103 0.529689 0.540569 0.516616 0.541057 0.512258 0.540686 0.512183 0.540290 0.512103 0.539877 0.512020 0.539453 0.511935 0.538591 0.511763 0.518897 0.507838 0.518743 0.507816
0 0.521360 0.558530 0.521458 0.558799 0.536079 0.569234 0.550081 0.556028 0.550668 0.554566 0.550436 0.554316 0.522420 0.534321 0.521836 0.535776 0.521793 0.537830 0.521470 0.553259
0 0.404785 0.568195 0.404886 0.568706 0.408922 0.576510 0.409325 0.577118 0.409962 0.577869 0.410734 0.578648 0.411523 0.579336 0.412208 0.579827 0.412684 0.580046 0.414968 0.579482 0.415279 0.579184 0.420880 0.569826 0.421306 0.569052 0.422916 0.565900 0.425230 0.561363 0.424275 0.560086 0.422574 0.558266 0.421210 0.556975 0.419861 0.555849 0.419184 0.555383 0.418319 0.555123 0.405688 0.564749 0.405400 0.565165 0.405129 0.565828 0.404917 0.566637 0.404796 0.567469
0 0.586515 0.549939 0.601177 0.560080 0.601584 0.560321 0.609219 0.540693 0.594498 0.530512 0.594120 0.530390
0 0.462023 0.696639 0.462355 0.697088 0.463037 0.697551 0.463965 0.697954 0.464998 0.698237 0.465976 0.698355 0.466750 0.698291 0.467019 0.698150 0.467225 0.697906 0.471472 0.677027 0.471547 0.676554 0.471794 0.674952 0.473191 0.665867 0.472713 0.665303 0.471759 0.664711 0.470475 0.664181 0.469054 0.663792 0.467710 0.663603 0.466645 0.663642 0.466020 0.663905 0.465933 0.664352 0.464537 0.673456 0.464291 0.675062
0 0.556273 0.563599 0.558812 0.576364 0.559492 0.577247 0.561208 0.578509 0.561472 0.578548 0.562064 0.578451 0.562894 0.578233 0.563835 0.577927 0.571886 0.575079 0.572792 0.574732 0.573520 0.574399 0.573960 0.574131 0.575633 0.571539 0.573064 0.558626 0.572229 0.557956
0 0.543091 0.444709 0.550170 0.450419 0.550286 0.450304 0.556800 0.438429 0.561267 0.428584 0.553882 0.422628 0.551655 0.425830
0 0.573421 0.582471 0.575779 0.584922 0.576641 0.585544 0.577530 0.585933 0.581074 0.586891 0.589342 0.565345 0.590199 0.555617 0.582617 0.551239 0.581942 0.553029 0.574014 0.577434
0 0.347247 0.687880 0.380494 0.688318 0.381042 0.687455 0.381206 0.665392 0.348111 0.664956 0.347412 0.665716
0 0.489107 0.598648 0.498601 0.616762 0.505394 0.610433 0.505385 0.610243 0.505372 0.609991 0.495916 0.591949 0.489150 0.598254
0 0.524914 0.580305 0.525028 0.580674 0.541112 0.586060 0.543132 0.575337 0.542935 0.574993 0.526924 0.569631
0 0.560335 0.489941 0.560364 0.490669 0.560434 0.491164 0.560535 0.491352 0.576961 0.492585 0.577063 0.492436 0.577165 0.491973 0.577250 0.491267 0.577578 0.487142 0.578570 0.465068 0.578617 0.460842 0.578596 0.460099 0.578539 0.459580 0.578453 0.459364 0.562019 0.458322 0.561904 0.458442 0.561792 0.458879 0.561699 0.459568 0.561640 0.460403 0.560351 0.489093
0 0.419386 0.551211 0.419394 0.552024 0.419449 0.552884 0.419545 0.553658 0.419666 0.554227 0.419794 0.554506 0.443617 0.554054 0.444438 0.553963 0.444624 0.553856 0.446272 0.552596 0.446367 0.552031 0.446404 0.551067 0.446379 0.549851 0.446296 0.548566 0.446166 0.547406 0.446010 0.546546 0.445851 0.546118 0.444063 0.545221 0.443244 0.545313 0.419629 0.550143 0.419513 0.550193 0.419428 0.550568
0 0.399493 0.596101 0.405504 0.603827 0.406584 0.602640 0.413458 0.593132 0.412968 0.590143 0.412677 0.589544 0.412163 0.588732 0.411502 0.587830 0.410795 0.586974 0.410148 0.586293 0.409659 0.585891 0.409404 0.585829 0.407516 0.585494 0.406446 0.586483
0 0.662359 0.332745 0.678480 0.337486 0.679196 0.336834 0.682767 0.315254 0.666582 0.310493 0.665916 0.311251
