0 0.535272 0.515100 0.539834 0.524303 0.540389 0.524643 0.547387 0.518475 0.548054 0.514123 0.549760 0.502975 0.545134 0.493644 0.544514 0.493730 0.537612 0.499814
0 0.469151 0.527172 0.519041 0.534417 0.519312 0.532141 0.520582 0.513258 0.471119 0.506076 0.469227 0.524868
0 0.534430 0.459716 0.534715 0.460387 0.549641 0.466841 0.550743 0.466105 0.551305 0.465723 0.552217 0.461973 0.536147 0.455024 0.535321 0.456052
0 0.513265 0.397070 0.513862 0.399548 0.514427 0.400358 0.531979 0.422328 0.532037 0.422301 0.532272 0.422050 0.532646 0.421614 0.533105 0.421057 0.533576 0.420467 0.533989 0.419932 0.534279 0.419536 0.534404 0.419337 0.519259 0.394321 0.518693 0.393508 0.516887 0.392537 0.516819 0.392617 0.516487 0.393030 0.515941 0.393711 0.515264 0.394557 0.513931 0.396228 0.513477 0.396800
0 0.486609 0.416769 0.486671 0.417156 0.486915 0.418671 0.498293 0.427611 0.501138 0.429845 0.511194 0.407089 0.511246 0.406663 0.511403 0.405359 0.511456 0.404916 0.510833 0.402061 0.507929 0.399779 0.499216 0.392934 0.496901 0.393481
0 0.459594 0.736434 0.466608 0.756457 0.474117 0.751781 0.474220 0.750774 0.467234 0.730831 0.459756 0.735488
0 0.588624 0.545336 0.588687 0.546622 0.589113 0.547778 0.589839 0.548628 0.593328 0.552224 0.593543 0.552344 0.597220 0.554270 0.598137 0.554686 0.599103 0.554602 0.599972 0.554032 0.601589 0.551650 0.603457 0.548813 0.604370 0.545239 0.605066 0.542290 0.605004 0.541001 0.604576 0.539843 0.603848 0.538990 0.600809 0.535594 0.596686 0.533467 0.595769 0.533051 0.595756 0.533046 0.595537 0.532970 0.594573 0.533054 0.593706 0.533622 0.593068 0.534590 0.590686 0.539035 0.588935 0.544117
0 0.582635 0.504582 0.584240 0.507827 0.584620 0.507863 0.585544 0.507278 0.586022 0.506975 0.588240 0.505292 0.590935 0.503068 0.593686 0.500650 0.596060 0.498419 0.597687 0.496723 0.598322 0.495820 0.596711 0.492560 0.596127 0.492396 0.595717 0.492428 0.595182 0.492780 0.593084 0.494302 0.592265 0.494932 0.589754 0.497016 0.587198 0.499262 0.586326 0.500076 0.584027 0.502311 0.583414 0.502940 0.582756 0.503819
0 0.442999 0.573988 0.443484 0.578446 0.445732 0.580023 0.445849 0.580093 0.446329 0.580079 0.447100 0.579982 0.448044 0.579818 0.449015 0.579612 0.449864 0.579394 0.450462 0.579199 0.450718 0.579057 0.451284 0.578148 0.452944 0.575071 0.452470 0.570715 0.444302 0.572296
0 0.568450 0.468783 0.576191 0.472678 0.576542 0.472552 0.579476 0.462183 0.571699 0.458270 0.571371 0.458462
0 0.483223 0.566978 0.484468 0.567070 0.496589 0.560068 0.500244 0.557956 0.501154 0.535824 0.501149 0.535660 0.486285 0.524353 0.485045 0.524262 0.484976 0.524374
0 0.449553 0.556236 0.462002 0.570845 0.472959 0.554247 0.473082 0.553999 0.460691 0.539457 0.460510 0.539638
0 0.354665 0.555045 0.364993 0.572541 0.366536 0.571712 0.374319 0.563544 0.374005 0.560436 0.373812 0.559804 0.373408 0.558916 0.372854 0.557906 0.367737 0.549238 0.367115 0.548255 0.366518 0.547447 0.366035 0.546935 0.365741 0.546798 0.364109 0.546248 0.362538 0.546782
0 0.455754 0.444200 0.455956 0.444455 0.468260 0.459129 0.479266 0.442723 0.479171 0.442460 0.466810 0.427719
0 0.469675 0.403797 0.469827 0.404128 0.470199 0.404795 0.470733 0.405695 0.471348 0.406693 0.471952 0.407638 0.472454 0.408387 0.472777 0.408828 0.472872 0.408891 0.475304 0.409070 0.480711 0.403247 0.484583 0.398937 0.488016 0.395095 0.488000 0.394735 0.487577 0.393834 0.486786 0.392387 0.486148 0.391302 0.484521 0.388710 0.483892 0.387777 0.483128 0.386745 0.482738 0.386351 0.480208 0.388790 0.469976 0.400581
