0 0.423042 0.685614 0.428259 0.706593 0.443993 0.699637 0.444217 0.698839 0.439021 0.677944 0.423350 0.684872
0 0.440137 0.791385 0.440722 0.792413 0.445959 0.797943 0.447268 0.799325 0.447983 0.799670 0.450689 0.798213 0.450970 0.797981 0.451436 0.797357 0.452017 0.796436 0.457190 0.787728 0.457795 0.786653 0.458329 0.785591 0.458712 0.784706 0.458884 0.784132 0.458722 0.779650 0.450947 0.771440 0.450491 0.771993 0.445365 0.780621 0.442290 0.785798 0.441265 0.787524 0.440685 0.788717
0 0.469673 0.232282 0.469691 0.365296 0.469829 0.365913 0.486380 0.365910 0.486362 0.233506 0.486300 0.232279
0 0.438514 0.733191 0.452374 0.745438 0.456966 0.736199 0.457163 0.735116 0.443368 0.722925 0.438796 0.732122
0 0.686294 0.288588 0.700449 0.314448 0.700985 0.315291 0.702793 0.316349 0.702868 0.316328 0.703237 0.315976 0.703844 0.315346 0.704597 0.314535 0.705381 0.313665 0.706080 0.312866 0.706586 0.312260 0.706822 0.311940 0.706354 0.309411 0.705817 0.308567 0.688958 0.285632 0.688897 0.285621 0.688641 0.285837 0.688230 0.286247 0.687727 0.286789 0.687208 0.287381 0.686754 0.287930 0.686433 0.288354
0 0.332135 0.374400 0.332904 0.374975 0.365983 0.376587 0.366285 0.365560 0.365670 0.364941 0.332438 0.363322
0 0.372937 0.343545 0.373089 0.344059 0.373379 0.344415 0.377554 0.348550 0.378062 0.348349 0.387418 0.331550 0.387397 0.330876 0.386095 0.328921 0.385090 0.327925 0.382954 0.326345 0.382499 0.326376 0.382022 0.326904 0.373160 0.342816
0 0.634619 0.696518 0.634738 0.697091 0.637867 0.702744 0.638211 0.703009 0.639686 0.703164 0.640043 0.702968 0.642555 0.699381 0.645937 0.694107 0.646145 0.693552 0.646119 0.692900 0.645303 0.689400 0.643212 0.687629 0.642804 0.687496 0.641907 0.687436 0.641528 0.687679 0.637408 0.692610 0.634792 0.695992
0 0.342826 0.534086 0.344467 0.547221 0.349041 0.546309 0.360747 0.543709 0.367686 0.542064 0.366045 0.528929 0.362413 0.527345 0.362043 0.527423 0.361352 0.527573 0.360447 0.527772 0.359464 0.527989 0.347814 0.530576 0.346909 0.530778 0.346223 0.530933 0.345861 0.531017
0 0.633801 0.522715 0.638912 0.531392 0.639552 0.531537 0.646090 0.524691 0.640955 0.515973 0.640309 0.515900
