0 0.287937 0.495855 0.304911 0.532386 0.305805 0.532237 0.342169 0.515341 0.325272 0.478977 0.324468 0.478881
0 0.431201 0.063394 0.436818 0.103282 0.437107 0.105100 0.476813 0.099510 0.476706 0.097666 0.471090 0.057778
0 0.132940 0.114368 0.134622 0.116135 0.173426 0.126240 0.183530 0.087436 0.182073 0.085537 0.143091 0.075386
0 0.872201 0.153266 0.909582 0.167503 0.911463 0.165976 0.925765 0.128423 0.888212 0.114122 0.886438 0.115886
0 0.917362 0.587491 0.946499 0.615038 0.948555 0.615567 0.976228 0.586296 0.946957 0.558622 0.944909 0.558354
0 0.846149 0.798024 0.859925 0.835681 0.864940 0.840356 0.917090 0.864569 0.955272 0.850601 0.941303 0.812419 0.935238 0.808129 0.883805 0.784248
0 0.244740 0.782973 0.271075 0.813948 0.312292 0.817284 0.328384 0.818586 0.359358 0.792251 0.361294 0.788237 0.335321 0.757689 0.278800 0.753114 0.248252 0.779087
0 0.543984 0.178889 0.566359 0.212046 0.621890 0.222828 0.655047 0.200453 0.657203 0.196288 0.634517 0.162670 0.578214 0.151738 0.544596 0.174424
0 0.117787 0.214288 0.126692 0.227755 0.149500 0.262247 0.154317 0.265521 0.193606 0.273532 0.201618 0.234244 0.170341 0.186944 0.165747 0.182575 0.125910 0.174452
0 0.144545 0.358263 0.144921 0.366094 0.148266 0.373183 0.154069 0.378455 0.161448 0.381103 0.162030 0.381307 0.169847 0.380931 0.176925 0.377592 0.182187 0.371800 0.184831 0.364433 0.184455 0.356616 0.181116 0.349538 0.175323 0.344276 0.174764 0.344009 0.167385 0.341360 0.159554 0.341736 0.152465 0.345081 0.147194 0.350884
0 0.293303 0.356057 0.299425 0.364587 0.301133 0.366638 0.304352 0.368564 0.308591 0.370074 0.313210 0.370943 0.317510 0.371037 0.320843 0.370343 0.328937 0.365647 0.332045 0.363341 0.333187 0.357915 0.333367 0.354799 0.331379 0.345340 0.329146 0.342572 0.324871 0.339967 0.319206 0.337924 0.313019 0.336761 0.307263 0.336656 0.302825 0.337624 0.300379 0.339512 0.294569 0.347504 0.293400 0.352935
0 0.242790 0.356269 0.243851 0.359835 0.245835 0.363879 0.248442 0.367789 0.251277 0.370975 0.253914 0.372956 0.263373 0.375271 0.266784 0.376060 0.271597 0.373027 0.273508 0.371172 0.279151 0.363022 0.279241 0.359634 0.277865 0.354866 0.275229 0.349445 0.271737 0.344206 0.267927 0.339958 0.264385 0.337349 0.261655 0.336776 0.251609 0.338323 0.246773 0.341341 0.244917 0.343259 0.242815 0.353721
0 0.415224 0.290956 0.415522 0.298786 0.415667 0.299132 0.418931 0.306241 0.424669 0.311558 0.432004 0.314277 0.439821 0.313979 0.446930 0.310715 0.452248 0.304977 0.454966 0.297642 0.454669 0.289825 0.454591 0.289463 0.451320 0.282342 0.445573 0.277015 0.438225 0.274292 0.430394 0.274590 0.423273 0.277860 0.417947 0.283608
0 0.689893 0.883329 0.690260 0.885869 0.696456 0.894265 0.701474 0.897285 0.703546 0.897866 0.714131 0.895159 0.716153 0.893916 0.718657 0.891272 0.721263 0.887631 0.723578 0.883542 0.725254 0.879623 0.726035 0.876465 0.725801 0.874551 0.722970 0.863564 0.717950 0.860571 0.715909 0.859913 0.705803 0.858421 0.703090 0.860024 0.699724 0.863522 0.696220 0.868383 0.693118 0.873861 0.690896 0.879112
0 0.293933 0.268561 0.338921 0.333942 0.339725 0.334095 0.341417 0.333535 0.343740 0.332346 0.346339 0.330709 0.432567 0.271742 0.435029 0.269917 0.436963 0.268195 0.438074 0.266839 0.438194 0.266054 0.393783 0.200278 0.392928 0.200238 0.391193 0.200897 0.388842 0.202152 0.375835 0.210111 0.309491 0.255481 0.297400 0.264685 0.295394 0.266409 0.294176 0.267770
0 0.318669 0.673273 0.319578 0.676335 0.330157 0.700561 0.330646 0.701424 0.332495 0.703348 0.335425 0.706040 0.338988 0.709091 0.370407 0.735182 0.374048 0.738115 0.377198 0.740471 0.379376 0.741891 0.380252 0.742162 0.406279 0.748336 0.409456 0.748667 0.412518 0.747758 0.415000 0.745745 0.416522 0.742937 0.418430 0.737384 0.418754 0.734279 0.417865 0.731287 0.415899 0.728863 0.335890 0.662420 0.333146 0.660933 0.330041 0.660609 0.327049 0.661497 0.324625 0.663464 0.320522 0.667287 0.319000 0.670096
0 0.361516 0.383046 0.362061 0.384039 0.363718 0.385151 0.366232 0.386211 0.380905 0.390836 0.459296 0.408581 0.474279 0.410669 0.476911 0.410774 0.478744 0.410452 0.479496 0.409753 0.496744 0.334600 0.496317 0.333569 0.494761 0.332425 0.492313 0.331340 0.489347 0.330483 0.387462 0.307420 0.384449 0.306924 0.381867 0.306870 0.380110 0.307264 0.379446 0.308047
0 0.816528 0.971154 0.820188 0.976601 0.868711 0.978341 0.875953 0.967557 0.876469 0.965460 0.876892 0.961884 0.877157 0.957374 0.877224 0.952623 0.877082 0.948361 0.876753 0.945241 0.876289 0.943735 0.827391 0.891492 0.819396 0.891205
0 0.260209 0.113708 0.266383 0.163710 0.274743 0.200838 0.295352 0.198693 0.314437 0.193700 0.310965 0.168494 0.300970 0.112847 0.299641 0.106618
0 0.480096 0.308058 0.480551 0.312445 0.527173 0.323864 0.537547 0.317071 0.537715 0.316421 0.538294 0.314090 0.539194 0.310438 0.540279 0.306017 0.541385 0.301494 0.542345 0.297553 0.543014 0.294788 0.543289 0.293626 0.537113 0.282527 0.497786 0.270245 0.489834 0.268298
0 0.647877 0.294580 0.709983 0.345007 0.712411 0.343215 0.743017 0.305521 0.740762 0.294930 0.740367 0.294080 0.738600 0.292195 0.735730 0.289564 0.732194 0.286587 0.728535 0.283722 0.725317 0.281410 0.723031 0.280004 0.722024 0.279715 0.711605 0.280016 0.654688 0.285923 0.649587 0.292205
0 0.131854 0.758313 0.136766 0.770061 0.168000 0.818007 0.175918 0.819678 0.179622 0.816025 0.196143 0.737749 0.149177 0.727837 0.137135 0.735253 0.136466 0.736464 0.135516 0.739295 0.134432 0.743318 0.133378 0.747917 0.132518 0.752385 0.131983 0.756036
0 0.481230 0.862249 0.481729 0.863502 0.483202 0.866107 0.485426 0.869669 0.488063 0.873643 0.490705 0.877417 0.492948 0.880412 0.494448 0.882172 0.494979 0.882429 0.506748 0.886534 0.547344 0.858876 0.546262 0.850673 0.523740 0.817616 0.484072 0.844642 0.481446 0.858085
0 0.506811 0.459825 0.535207 0.487998 0.536030 0.487717 0.570628 0.452845 0.570530 0.441247 0.569964 0.440513 0.568160 0.438577 0.565391 0.435732 0.562079 0.432412 0.558735 0.429129 0.555872 0.426386 0.553927 0.424602 0.553196 0.424049 0.541568 0.424013 0.506970 0.458885
0 0.598267 0.077082 0.624926 0.152510 0.670183 0.136514 0.676540 0.123990 0.676466 0.122626 0.675790 0.119730 0.674613 0.115741 0.673115 0.111270 0.659662 0.073209 0.658076 0.068952 0.656649 0.065575 0.655601 0.063591 0.645182 0.056012 0.599403 0.072193
0 0.041835 0.712202 0.074530 0.748100 0.079393 0.745264 0.138537 0.691395 0.106216 0.655908 0.092248 0.655902 0.091029 0.656727 0.088631 0.658669 0.085419 0.661433 0.081883 0.664596 0.052038 0.691779 0.048730 0.694849 0.046167 0.697346 0.044738 0.698889 0.044660 0.699245
0 0.201719 0.105985 0.201941 0.107407 0.207157 0.114691 0.210504 0.119095 0.257662 0.128043 0.272576 0.049445 0.269946 0.044236 0.222243 0.035185 0.213391 0.044469 0.212580 0.046535 0.211633 0.050054 0.210693 0.054489 0.203167 0.094150 0.202382 0.098809 0.201873 0.102966
