0 0.808576 0.233656 0.808632 0.234756 0.816030 0.243594 0.859241 0.250834 0.862730 0.251275 0.875873 0.252580 0.895523 0.254408 0.896178 0.254161 0.897661 0.249663 0.898901 0.244149 0.900300 0.234625 0.901448 0.224133 0.901869 0.218149 0.901834 0.214437 0.901526 0.214004 0.838283 0.177563 0.836861 0.177047 0.834525 0.177048 0.831632 0.177566 0.828624 0.178523 0.825962 0.179772 0.824052 0.181121 0.823186 0.182365 0.811567 0.211508 0.811062 0.213971 0.810435 0.217764 0.809780 0.222309 0.809198 0.226921 0.808775 0.230905
0 0.234088 0.681020 0.234326 0.682581 0.262027 0.749852 0.262563 0.750056 0.266446 0.750379 0.272577 0.750637 0.283213 0.750863 0.292772 0.750871 0.298189 0.750640 0.302479 0.750192 0.302558 0.749852 0.303502 0.730109 0.304120 0.716819 0.304165 0.713306 0.302952 0.669552 0.295320 0.660899 0.294110 0.660829 0.291255 0.660753 0.287191 0.660684 0.282532 0.660632 0.277983 0.660603 0.274228 0.660604 0.271839 0.660633 0.271182 0.660687 0.241124 0.668354 0.239856 0.668949 0.238323 0.670580 0.236760 0.672996 0.235405 0.675831 0.234467 0.678650
0 0.897909 0.424062 0.905237 0.433195 0.906122 0.433287 0.908723 0.433486 0.912649 0.433763 0.917298 0.434075 0.921959 0.434375 0.925913 0.434617 0.928556 0.434762 0.929488 0.434791 0.959202 0.428463 0.960660 0.428006 0.962410 0.426518 0.964184 0.424225 0.965711 0.421477 0.966758 0.418695 0.967162 0.416305 0.966866 0.414671 0.943613 0.346311 0.943375 0.346201 0.939919 0.345841 0.934089 0.345369 0.923647 0.344636 0.913974 0.344051 0.908141 0.343810 0.903128 0.343720 0.902542 0.343845 0.900577 0.363530 0.899400 0.376838 0.899158 0.380340
0 0.037234 0.869519 0.065401 0.903406 0.067648 0.906098 0.089146 0.931298 0.090704 0.930162 0.096836 0.925126 0.105425 0.917940 0.111450 0.912838 0.116636 0.908384 0.118735 0.906535 0.119699 0.905487 0.101326 0.835179 0.101011 0.834573 0.099659 0.833491 0.097474 0.832097 0.094789 0.830605 0.092016 0.829244 0.089579 0.828221 0.087850 0.827693 0.087092 0.827739 0.056337 0.842328 0.054544 0.843601 0.051657 0.845846 0.048113 0.848720 0.044458 0.851784 0.041254 0.854567 0.038990 0.856641 0.038012 0.857690
0 0.380185 0.599911 0.426190 0.615439 0.437288 0.609886 0.437663 0.608872 0.438568 0.606277 0.439862 0.602500 0.441349 0.598112 0.442807 0.593776 0.444013 0.590145 0.444786 0.587770 0.445007 0.587016 0.439826 0.576220 0.394347 0.560869 0.393125 0.561573
0 0.060049 0.174978 0.065077 0.178693 0.112400 0.186728 0.120602 0.177946 0.121462 0.175732 0.122397 0.172126 0.123267 0.167673 0.123939 0.163047 0.124312 0.158945 0.124330 0.155988 0.123988 0.154629 0.119096 0.147292 0.114692 0.143215 0.066822 0.135087
0 0.853673 0.045807 0.879430 0.086311 0.913183 0.064846 0.917960 0.059815 0.891905 0.018843 0.877999 0.018570 0.876210 0.019438 0.873178 0.021185 0.869365 0.023546 0.865358 0.026158 0.861772 0.028619 0.859156 0.030553 0.857907 0.031665
0 0.600056 0.514578 0.600241 0.515419 0.601033 0.517851 0.602308 0.521499 0.603875 0.525812 0.605495 0.530138 0.606925 0.533825 0.607949 0.536314 0.608410 0.537224 0.618534 0.541575 0.619904 0.542056 0.665458 0.525251 0.651455 0.487289 0.649724 0.487435 0.604690 0.504047
0 0.082770 0.660801 0.085805 0.679768 0.131581 0.695461 0.143731 0.667126 0.162076 0.613614 0.168570 0.587566 0.122794 0.571873 0.109364 0.584624 0.108548 0.585608 0.107255 0.588191 0.105683 0.591982 0.104072 0.596401 0.085514 0.650536 0.084117 0.654889 0.083154 0.658495
0 0.490043 0.060328 0.525453 0.093310 0.544525 0.075900 0.583081 0.034505 0.603192 0.009847 0.567782 0.000000 0.534504 0.000000 0.506383 0.028729 0.503218 0.032004 0.500052 0.035527 0.497370 0.038755 0.495583 0.041194 0.494962 0.042475
0 0.155453 0.722570 0.165003 0.726508 0.200432 0.731860 0.214364 0.733964 0.253660 0.737369 0.259132 0.688806 0.246973 0.677754 0.244876 0.677277 0.241324 0.676709 0.192287 0.669734 0.187868 0.669167 0.183183 0.668678 0.178940 0.668339 0.175781 0.668203 0.174187 0.668290 0.160848 0.674692
0 0.718851 0.340388 0.719145 0.348208 0.722410 0.355321 0.728147 0.360643 0.735485 0.363363 0.743306 0.363070 0.750418 0.359805 0.750850 0.359563 0.756181 0.353816 0.758906 0.346465 0.758612 0.338631 0.755341 0.331506 0.749594 0.326175 0.742243 0.323450 0.734409 0.323744 0.727285 0.327015 0.726894 0.327312 0.721571 0.333050
0 0.277839 0.136691 0.280195 0.144168 0.280572 0.144779 0.285601 0.150776 0.292542 0.154391 0.300338 0.155075 0.307802 0.152723 0.313799 0.147695 0.317414 0.140754 0.318098 0.132958 0.315746 0.125493 0.315429 0.124849 0.310392 0.118842 0.303439 0.115220 0.295629 0.114535 0.288152 0.116891 0.282145 0.121928 0.278524 0.128881
0 0.585229 0.574772 0.587088 0.582371 0.591715 0.588679 0.591873 0.588831 0.598572 0.592897 0.606317 0.594088 0.613929 0.592225 0.620247 0.587591 0.624313 0.580892 0.625504 0.573147 0.623641 0.565535 0.619007 0.559216 0.612308 0.555151 0.612115 0.555056 0.604383 0.553867 0.596784 0.555726 0.590476 0.560353 0.586418 0.567040
0 0.518757 0.100386 0.519356 0.101191 0.520770 0.102700 0.522783 0.104681 0.525089 0.106832 0.601929 0.176801 0.604135 0.178757 0.605915 0.180232 0.607000 0.181000 0.607225 0.180946 0.661840 0.121709 0.661127 0.120890 0.659633 0.119378 0.657586 0.117404 0.646186 0.106684 0.587441 0.052706 0.576618 0.043008 0.574808 0.041439 0.573689 0.040550 0.573432 0.040479
0 0.525937 0.439019 0.526155 0.440026 0.588118 0.487317 0.589033 0.487316 0.590556 0.486345 0.592454 0.484552 0.602497 0.473299 0.651562 0.409638 0.660079 0.396808 0.661403 0.394421 0.662064 0.392559 0.661961 0.391506 0.599571 0.344769 0.598669 0.344648 0.597158 0.345514 0.595266 0.347236 0.593283 0.349552 0.529514 0.432292 0.527754 0.434833 0.526498 0.437195
0 0.182095 0.859167 0.182452 0.859842 0.234345 0.918551 0.235549 0.918334 0.237457 0.917306 0.239779 0.915626 0.251889 0.905522 0.310199 0.850203 0.320147 0.839379 0.321654 0.837427 0.322341 0.835993 0.322102 0.835295 0.269705 0.777065 0.268537 0.777161 0.266657 0.778084 0.264353 0.779694 0.261977 0.781747 0.186189 0.853646 0.184117 0.855814 0.182680 0.857753
0 0.470384 0.700968 0.470949 0.701296 0.472614 0.701878 0.475126 0.702625 0.489768 0.706651 0.567712 0.726612 0.582278 0.730065 0.584761 0.730597 0.586383 0.730858 0.586898 0.730807 0.606791 0.653130 0.606107 0.652845 0.604346 0.652301 0.601780 0.651581 0.598797 0.650796 0.498048 0.624995 0.495081 0.624257 0.492563 0.623674 0.490875 0.623335 0.490276 0.623291
0 0.141494 0.548767 0.156419 0.555502 0.164272 0.554233 0.173444 0.550727 0.174252 0.549824 0.175689 0.547389 0.177536 0.543796 0.179513 0.539589 0.212491 0.466502 0.261958 0.356870 0.263790 0.352636 0.265220 0.348966 0.266032 0.346416 0.266101 0.345376 0.262980 0.335471 0.257436 0.331623 0.242511 0.324888
0 0.000000 0.250227 0.016374 0.263457 0.020107 0.266338 0.179652 0.354547 0.181116 0.355212 0.216704 0.283564 0.215403 0.282569 0.000000 0.175315
