0 0.512015 0.617217 0.512063 0.617688 0.520627 0.636623 0.534828 0.625204 0.534689 0.624703 0.526159 0.605844
0 0.553978 0.605520 0.554226 0.606005 0.559750 0.614250 0.572118 0.599520 0.566595 0.591275 0.566290 0.590858
0 0.609798 0.368099 0.612472 0.378511 0.641696 0.376802 0.643258 0.376089 0.644914 0.374656 0.645343 0.372112 0.645330 0.371286 0.645177 0.370167 0.644905 0.368927 0.642207 0.358419 0.641859 0.357250 0.641491 0.356335 0.641157 0.355814 0.639504 0.353592 0.611067 0.366575
0 0.498350 0.513076 0.513169 0.523121 0.520703 0.503363 0.505884 0.493317 0.505857 0.493348 0.498358 0.513016
0 0.466820 0.438746 0.466916 0.441590 0.467023 0.443150 0.467432 0.444379 0.468337 0.446957 0.468464 0.447169 0.470842 0.450065 0.473870 0.451527 0.475994 0.451399 0.477087 0.451333 0.478077 0.450715 0.480004 0.449512 0.482176 0.446342 0.483272 0.442304 0.483127 0.438015 0.483088 0.437873 0.482593 0.436440 0.481688 0.433861 0.479300 0.430954 0.476260 0.429486 0.474127 0.429614 0.473076 0.429801 0.472035 0.430301 0.470102 0.431509 0.467921 0.434692
0 0.363477 0.331520 0.363986 0.331905 0.384331 0.332224 0.384763 0.332225 0.385175 0.332213 0.385564 0.332188 0.385924 0.332151 0.386248 0.332102 0.386404 0.314478 0.386443 0.310072 0.385187 0.308878 0.384848 0.308556 0.384414 0.308511 0.383973 0.308480 0.383533 0.308465 0.383102 0.308464 0.382682 0.308479 0.363672 0.309461
0 0.409254 0.606940 0.409351 0.608246 0.409816 0.609402 0.410578 0.610233 0.413887 0.613397 0.421342 0.618693 0.423140 0.615980 0.424692 0.612095 0.423557 0.609360 0.423167 0.608900 0.422514 0.608314 0.421696 0.607690 0.420837 0.607122 0.414150 0.602860 0.413220 0.602486 0.412255 0.602615 0.411399 0.603226 0.410161 0.604668 0.409538 0.605684
0 0.450250 0.543533 0.450542 0.543760 0.451118 0.544199 0.451889 0.544782 0.452737 0.545420 0.453532 0.546015 0.454153 0.546475 0.454503 0.546732 0.454532 0.546745 0.456115 0.545232 0.456524 0.544268 0.466953 0.515315 0.466945 0.515279 0.466722 0.515082 0.466318 0.514757 0.465794 0.514351 0.465230 0.513927 0.464713 0.513550 0.464322 0.513278 0.464116 0.513152 0.450818 0.539981 0.450407 0.540946
0 0.480858 0.494409 0.480863 0.494754 0.484110 0.506668 0.484483 0.506790 0.485166 0.506791 0.486055 0.506672 0.487013 0.506451 0.487894 0.506161 0.488562 0.505847 0.488915 0.505557 0.488892 0.492898 0.488870 0.492556 0.487716 0.490086 0.487214 0.489951 0.486303 0.489970 0.485124 0.490140 0.483852 0.490434 0.482681 0.490808 0.481785 0.491207 0.481302 0.491569
0 0.537361 0.457501 0.545087 0.461376 0.545714 0.460839 0.551606 0.439951 0.543773 0.436022 0.543173 0.436900
0 0.512119 0.479819 0.512796 0.484834 0.512895 0.485054 0.513211 0.485640 0.513696 0.486501 0.514275 0.487508 0.521458 0.499869 0.522047 0.500873 0.522558 0.501725 0.522914 0.502296 0.523061 0.502500 0.526534 0.504626 0.534427 0.496472 0.531077 0.490190 0.525851 0.481196 0.523810 0.477685 0.520012 0.471665
0 0.297771 0.577948 0.297919 0.579768 0.298211 0.581682 0.298604 0.583395 0.299036 0.584642 0.299441 0.585235 0.307704 0.582970 0.324029 0.577101 0.324221 0.577006 0.324279 0.576640 0.324313 0.575978 0.324305 0.575360 0.324186 0.574061 0.323977 0.572694 0.323710 0.571464 0.323426 0.570557 0.323167 0.570111 0.306543 0.573269 0.305306 0.573607 0.298295 0.575523 0.297976 0.575652 0.297792 0.576503
0 0.519790 0.606898 0.520849 0.611112 0.524535 0.625773 0.526099 0.631993 0.527158 0.636203 0.527385 0.636625 0.527613 0.637048 0.542351 0.646470 0.564371 0.636029 0.568049 0.626121 0.567412 0.625330 0.523480 0.596959
0 0.530128 0.546561 0.530933 0.550733 0.532873 0.554177 0.532894 0.554212 0.535677 0.556405 0.538877 0.557012 0.542008 0.555939 0.544593 0.553350 0.546237 0.549640 0.546693 0.545373 0.545888 0.541198 0.543947 0.537752 0.543918 0.537728 0.541959 0.536174 0.541017 0.535432 0.539934 0.535227 0.537939 0.534930 0.534810 0.536002 0.532227 0.538588 0.531050 0.540917 0.530494 0.542173 0.530340 0.543616
