0 0.125656 0.218097 0.125859 0.221220 0.126465 0.223961 0.127381 0.225903 0.128467 0.226749 0.204348 0.225551 0.205380 0.225175 0.206260 0.223632 0.206855 0.221156 0.208472 0.206387 0.208872 0.126014 0.207406 0.110378 0.206837 0.107576 0.205975 0.105542 0.204950 0.104588 0.129065 0.106485 0.127973 0.106758 0.127040 0.108212 0.126409 0.110627 0.126176 0.113636
0 0.243738 0.198931 0.264948 0.233177 0.266025 0.234399 0.300114 0.213287 0.279001 0.179198 0.277984 0.177721
0 0.086096 0.434068 0.111875 0.465021 0.113653 0.465182 0.144465 0.439521 0.118804 0.408710 0.117049 0.408290
0 0.034376 0.813111 0.040566 0.852914 0.080369 0.846724 0.082292 0.845135 0.076130 0.805514 0.036509 0.811676
0 0.256759 0.273803 0.279205 0.307252 0.280216 0.308136 0.313512 0.285793 0.291170 0.252497 0.290208 0.251358
0 0.039315 0.108298 0.062189 0.141788 0.068193 0.146701 0.101224 0.124141 0.078665 0.091110 0.072806 0.085424
0 0.253325 0.482717 0.255822 0.494506 0.256224 0.495065 0.258018 0.496674 0.260932 0.499089 0.264522 0.501942 0.268236 0.504793 0.271502 0.507205 0.273823 0.508810 0.274846 0.509364 0.287669 0.507535 0.317214 0.469705 0.285689 0.445085 0.283211 0.444450
0 0.445650 0.127336 0.445898 0.128785 0.450883 0.134231 0.458794 0.141799 0.464775 0.147079 0.470371 0.151594 0.472969 0.153400 0.475574 0.154138 0.540763 0.126611 0.541687 0.126198 0.542899 0.124696 0.544214 0.122331 0.545431 0.119465 0.546363 0.116537 0.546868 0.113994 0.546869 0.112226 0.528428 0.081258 0.526255 0.078674 0.523191 0.075534 0.519708 0.072321 0.516340 0.069527 0.513604 0.067582 0.511918 0.066782 0.500392 0.067581 0.489670 0.078837 0.469487 0.100097 0.467135 0.102684
0 0.124195 0.566619 0.124565 0.568598 0.125698 0.571063 0.127423 0.573636 0.129475 0.575923 0.131540 0.577573 0.133302 0.578337 0.203853 0.587364 0.206861 0.584470 0.209064 0.581503 0.213343 0.575065 0.217578 0.568150 0.222746 0.558959 0.225499 0.553116 0.208814 0.542287 0.197310 0.534846 0.194312 0.533046 0.156063 0.512144 0.154687 0.512082 0.144379 0.514149 0.143585 0.514389 0.141944 0.516159 0.139704 0.519194 0.137208 0.523030 0.134839 0.527078 0.132961 0.530718 0.131861 0.533389
0 0.077051 0.822093 0.077232 0.824832 0.084121 0.857709 0.085195 0.859467 0.087188 0.861322 0.089798 0.862989 0.092624 0.864213 0.095234 0.864808 0.097229 0.864683 0.164991 0.844875 0.166901 0.840524 0.167824 0.836753 0.169237 0.828969 0.170331 0.820891 0.171241 0.810516 0.171194 0.804338 0.151525 0.801247 0.137905 0.799237 0.134438 0.798803 0.091039 0.795155 0.089460 0.796088 0.081080 0.801862 0.080318 0.802598 0.079416 0.805056 0.078512 0.808866 0.077744 0.813446 0.077231 0.818093
0 0.384965 0.621861 0.385493 0.627879 0.394157 0.635652 0.395825 0.635663 0.399052 0.635500 0.403348 0.635189 0.408055 0.634776 0.412448 0.634325 0.415854 0.633905 0.417755 0.633581 0.424839 0.624426 0.425006 0.624148 0.424479 0.618144 0.419658 0.608506 0.417402 0.608536 0.413100 0.608785 0.407408 0.609216 0.401181 0.609762 0.395358 0.610342 0.390815 0.610869 0.388244 0.611262 0.388045 0.611462
0 0.372856 0.270127 0.375398 0.277543 0.375611 0.277926 0.380788 0.283795 0.387817 0.287236 0.395628 0.287726 0.403031 0.285188 0.408900 0.280012 0.412341 0.272983 0.412831 0.265172 0.410293 0.257769 0.410139 0.257352 0.404954 0.251472 0.397913 0.248025 0.390088 0.247535 0.382673 0.250076 0.376793 0.255262 0.373346 0.262303
0 0.726493 0.468475 0.729180 0.475822 0.734473 0.481582 0.741568 0.484877 0.749383 0.485207 0.749812 0.485182 0.757172 0.482490 0.762942 0.477188 0.766243 0.470081 0.766574 0.462252 0.763882 0.454893 0.758580 0.449122 0.751473 0.445822 0.743644 0.445491 0.743225 0.445585 0.735878 0.448271 0.730118 0.453565 0.726823 0.460659
0 0.150446 0.413162 0.151432 0.420935 0.155316 0.427741 0.161510 0.432541 0.169070 0.434606 0.169638 0.434719 0.177399 0.433734 0.184192 0.429857 0.188984 0.423673 0.191046 0.416127 0.190062 0.408367 0.186184 0.401573 0.180001 0.396781 0.179450 0.396603 0.171891 0.394538 0.164117 0.395524 0.157311 0.399408 0.152511 0.405602
0 0.162315 0.694717 0.162434 0.702552 0.165542 0.709745 0.171166 0.715202 0.178451 0.718090 0.186286 0.717972 0.193479 0.714863 0.194006 0.714494 0.199453 0.708880 0.202337 0.701608 0.202219 0.693786 0.199115 0.686605 0.193501 0.681158 0.186229 0.678275 0.178407 0.678393 0.171226 0.681496 0.170660 0.681809 0.165204 0.687432
