0 0.588166 0.882539 0.588578 0.883995 0.620201 0.892631 0.623592 0.893489 0.652043 0.900147 0.667126 0.903658 0.677229 0.897932 0.678107 0.896387 0.679252 0.893293 0.680488 0.889123 0.681626 0.884517 0.682492 0.880182 0.682951 0.876783 0.682936 0.874837 0.681576 0.841445 0.681536 0.840599 0.680510 0.839154 0.678656 0.837331 0.676254 0.835408 0.673674 0.833680 0.671311 0.832411 0.669525 0.831794 0.668587 0.831923 0.598696 0.845154 0.597171 0.847061 0.596083 0.849952 0.593990 0.856756 0.591936 0.864448 0.589456 0.875162
0 0.385512 0.876649 0.407714 0.944057 0.408727 0.945700 0.410686 0.947462 0.413293 0.949073 0.416149 0.950287 0.418815 0.950917 0.420886 0.950868 0.451784 0.937497 0.454122 0.935994 0.457302 0.933520 0.460836 0.930452 0.464181 0.927262 0.466823 0.924439 0.468361 0.922417 0.468562 0.921499 0.468522 0.911128 0.468456 0.909581 0.440826 0.875870 0.438501 0.873258 0.429138 0.863263 0.415441 0.848843 0.410366 0.852491 0.402356 0.859207 0.396318 0.864663 0.390685 0.870135 0.388080 0.872926
0 0.250928 0.661010 0.250963 0.665738 0.251186 0.670153 0.251562 0.673578 0.252035 0.675491 0.260537 0.683294 0.276005 0.683566 0.305196 0.683995 0.308695 0.683945 0.341485 0.682680 0.342181 0.681793 0.342613 0.674648 0.342684 0.663795 0.342486 0.655790 0.342057 0.648491 0.341692 0.645233 0.340712 0.642452 0.274884 0.613604 0.273016 0.613659 0.270431 0.614251 0.267523 0.615291 0.264738 0.616619 0.262502 0.618032 0.261156 0.619314 0.251861 0.651787 0.251415 0.653458 0.251087 0.656696
0 0.054367 0.437770 0.093717 0.447194 0.098360 0.447797 0.109540 0.401117 0.101462 0.390361 0.100041 0.390002 0.097042 0.389268 0.092920 0.388270 0.088305 0.387161 0.083907 0.386112 0.080402 0.385283 0.078324 0.384802 0.077988 0.384740 0.065676 0.390550
0 0.104517 0.607814 0.140227 0.626842 0.144338 0.625392 0.166910 0.583030 0.161915 0.572179 0.161551 0.571653 0.159625 0.570345 0.156434 0.568458 0.152462 0.566275 0.148308 0.564127 0.144598 0.562339 0.141895 0.561180 0.140612 0.560828 0.127349 0.564963
0 0.626253 0.254369 0.626425 0.255545 0.627247 0.258244 0.628592 0.262051 0.630257 0.266391 0.631990 0.270610 0.633529 0.274069 0.634643 0.276245 0.635159 0.276803 0.645239 0.282378 0.689852 0.264667 0.692047 0.261947 0.677117 0.224339 0.631988 0.242255 0.630480 0.245200
0 0.740670 0.124857 0.740768 0.126169 0.741682 0.128913 0.743271 0.132669 0.745293 0.136868 0.747443 0.140877 0.749398 0.144091 0.750860 0.146023 0.761372 0.151675 0.804161 0.129924 0.807678 0.125646 0.789342 0.089576 0.746059 0.111578 0.743246 0.116018
0 0.083300 0.126407 0.088062 0.130676 0.127515 0.137272 0.135429 0.089929 0.126807 0.077813 0.125407 0.077104 0.122400 0.076197 0.118243 0.075232 0.113571 0.074356 0.109103 0.073704 0.105524 0.073376 0.103382 0.073422 0.091305 0.078516
0 0.126257 0.173939 0.131395 0.178422 0.167790 0.195251 0.201449 0.122462 0.197287 0.117199 0.160385 0.100135
0 0.646300 0.339453 0.713086 0.383846 0.716057 0.382227 0.738563 0.348368 0.670845 0.303356 0.668497 0.306059
0 0.271766 0.490616 0.283188 0.529531 0.286161 0.529126 0.362923 0.506596 0.351658 0.468215 0.349596 0.467773
0 0.328189 0.085259 0.330153 0.089999 0.389930 0.143165 0.421830 0.107298 0.421050 0.093306 0.420258 0.092158 0.418209 0.089957 0.415213 0.087040 0.411727 0.083851 0.381562 0.057023 0.378131 0.054060 0.375290 0.051786 0.373472 0.050547 0.360457 0.048978
0 0.482838 0.321030 0.482918 0.321849 0.551881 0.552338 0.552119 0.552579 0.629302 0.529485 0.560021 0.297936
0 0.718738 0.321124 0.863033 0.513633 0.864703 0.513696 0.929169 0.465377 0.784210 0.271981 0.719744 0.320301
0 0.683820 0.794422 0.684665 0.795778 0.865335 0.956318 0.918849 0.896096 0.916930 0.894280 0.737089 0.734475
0 0.018986 0.727750 0.057335 0.740078 0.059363 0.738978 0.071635 0.700805 0.033462 0.688533 0.031314 0.689401
0 0.928244 0.592066 0.954995 0.621804 0.957085 0.622364 0.986959 0.595490 0.960085 0.565615 0.957982 0.565315
0 0.887085 0.543085 0.906075 0.578400 0.907945 0.578761 0.943423 0.559684 0.924345 0.524206 0.922401 0.524095
0 0.695349 0.629954 0.700381 0.669734 0.701304 0.670516 0.741267 0.665460 0.736211 0.625497 0.735129 0.624921
0 0.849646 0.814700 0.851252 0.816146 0.891435 0.816177 0.891467 0.775994 0.889678 0.774732 0.849678 0.774700
0 0.089742 0.774283 0.127999 0.788042 0.165409 0.770423 0.180015 0.763544 0.184419 0.759922 0.197988 0.722191 0.160257 0.708621 0.108957 0.732783 0.103501 0.736026
0 0.702967 0.430875 0.716967 0.468449 0.768540 0.492024 0.772282 0.491908 0.810380 0.477713 0.796185 0.439615 0.743892 0.415712 0.740541 0.416875
0 0.123861 0.512964 0.134708 0.560124 0.152628 0.564795 0.153983 0.564503 0.156920 0.563844 0.160989 0.562920 0.165574 0.561869 0.220961 0.549129 0.225385 0.548108 0.228995 0.547266 0.231244 0.546732 0.231786 0.546587 0.245864 0.534556 0.235017 0.487397 0.204823 0.493737 0.189089 0.497356 0.148788 0.506626
