0 0.483566 0.534962 0.486287 0.537461 0.494452 0.544958 0.497174 0.547457 0.497260 0.547368 0.497545 0.547072 0.497778 0.546629 0.498020 0.546167 0.498266 0.545691 0.498513 0.545212 0.498759 0.544732 0.509999 0.522684 0.496373 0.510171 0.496268 0.510366 0.485214 0.531767 0.484727 0.532710 0.484001 0.534116 0.483776 0.534553
0 0.460301 0.524098 0.486365 0.551344 0.489781 0.545771 0.491309 0.543083 0.488165 0.539373 0.481637 0.532549 0.468580 0.518900 0.465109 0.515694 0.463498 0.518295
0 0.480426 0.582228 0.485983 0.583052 0.488452 0.582845 0.488708 0.577042 0.488595 0.571749 0.483034 0.571022 0.480569 0.571189
0 0.505216 0.405459 0.505247 0.406033 0.512235 0.407104 0.513467 0.407292 0.530002 0.408437 0.530109 0.408313 0.530253 0.407665 0.530410 0.406588 0.530557 0.405249 0.530625 0.404413 0.530696 0.403352 0.530734 0.402610 0.530738 0.401718 0.530681 0.401308 0.514376 0.397402 0.506140 0.396133 0.506039 0.396330 0.505886 0.397248 0.505704 0.398745 0.505521 0.400594 0.505364 0.402516 0.505257 0.404224
0 0.533282 0.579001 0.533666 0.579915 0.541895 0.581800 0.543592 0.568634 0.542004 0.565547 0.541762 0.565418 0.541185 0.565223 0.540360 0.564993 0.539414 0.564761 0.538488 0.564563 0.537722 0.564430 0.537233 0.564380 0.537095 0.564422 0.534959 0.565986
0 0.509221 0.632187 0.509258 0.632718 0.525805 0.634184 0.526904 0.612121 0.526797 0.611672 0.510316 0.610212
0 0.444173 0.536451 0.444190 0.536646 0.445066 0.539729 0.464397 0.547873 0.465210 0.546779 0.467697 0.536285 0.464549 0.534959 0.448750 0.528360 0.447672 0.528956 0.445708 0.530240 0.445578 0.530524 0.445351 0.531255 0.445062 0.532321 0.444756 0.533560 0.444479 0.534781 0.444275 0.535796
0 0.566189 0.456476 0.574248 0.475746 0.574590 0.475635 0.589110 0.464839 0.581013 0.445480 0.580642 0.445730
0 0.424864 0.272507 0.425722 0.275107 0.429854 0.287109 0.432000 0.287401 0.432566 0.287339 0.433348 0.287050 0.434229 0.286577 0.449267 0.277376 0.456786 0.272775 0.457638 0.272187 0.458339 0.271569 0.458782 0.271014 0.459861 0.268749 0.459397 0.266075 0.455218 0.253934
0 0.549410 0.513827 0.557766 0.532181 0.558353 0.533028 0.572473 0.521351 0.564142 0.502866 0.563527 0.502152
0 0.433248 0.579614 0.433264 0.580254 0.433516 0.580760 0.437421 0.585236 0.440257 0.588318 0.440641 0.588449 0.441862 0.588601 0.442201 0.588286 0.445079 0.582260 0.445165 0.581683 0.444951 0.581198 0.442021 0.578332 0.437490 0.574098 0.437082 0.573923 0.436335 0.573800 0.435921 0.573997 0.433868 0.576067
0 0.539875 0.538084 0.550794 0.554609 0.551163 0.555005 0.552411 0.553539 0.557089 0.547411 0.546151 0.530858 0.546072 0.530805
0 0.452082 0.440867 0.453129 0.444949 0.454541 0.447087 0.455267 0.448186 0.455369 0.448305 0.456428 0.449036 0.458339 0.450286 0.461555 0.450558 0.464604 0.449168 0.466201 0.447293 0.466966 0.446237 0.467504 0.445019 0.468442 0.442472 0.468646 0.438184 0.467603 0.434118 0.467473 0.433853 0.466061 0.431715 0.465335 0.430616 0.462431 0.428716 0.459202 0.428443 0.456140 0.429838 0.453712 0.432689 0.453228 0.434004 0.452287 0.436562
0 0.522600 0.507971 0.524544 0.509251 0.525053 0.509528 0.525838 0.509724 0.526782 0.509810 0.551639 0.510442 0.552604 0.510405 0.553452 0.510250 0.554054 0.510002 0.555648 0.508812 0.556989 0.503297 0.556984 0.498939 0.523228 0.498081 0.522635 0.503704
0 0.539602 0.555637 0.553966 0.590319 0.554590 0.591364 0.556583 0.591827 0.556824 0.591826 0.557361 0.591580 0.558114 0.591127 0.558966 0.590534 0.566258 0.585165 0.567078 0.584526 0.567737 0.583941 0.568134 0.583499 0.569208 0.580600 0.568401 0.578651 0.547369 0.550899 0.546828 0.550317
