0 0.917922 0.622165 0.956363 0.650910 0.961639 0.652655 0.970651 0.650453 0.971823 0.649915 0.973923 0.647983 0.976631 0.644948 0.979532 0.641275 0.982180 0.637527 0.984169 0.634280 0.985196 0.632032 0.985870 0.620250 0.946984 0.591173 0.941876 0.590131
0 0.618406 0.637627 0.619775 0.639218 0.655675 0.671910 0.666518 0.670729 0.667358 0.670274 0.669311 0.668526 0.672083 0.665748 0.675249 0.662365 0.678322 0.658896 0.680831 0.655875 0.682393 0.653764 0.682770 0.652882 0.682918 0.641993 0.647018 0.609301 0.645338 0.608052
0 0.821590 0.857955 0.846969 0.898697 0.850980 0.903306 0.885324 0.881913 0.859652 0.840700 0.855542 0.836806 0.846236 0.835740 0.845001 0.835782 0.842400 0.836788 0.838832 0.838600 0.834837 0.840945 0.831017 0.843469 0.827948 0.845790 0.826097 0.847558
0 0.183738 0.137571 0.186053 0.177787 0.187491 0.179264 0.227522 0.176960 0.225219 0.136929 0.223954 0.135257
0 0.545617 0.118045 0.583160 0.132129 0.597243 0.094586 0.597691 0.092719 0.559976 0.078571 0.545828 0.116287
0 0.130697 0.669715 0.135301 0.709733 0.175319 0.705130 0.176807 0.704190 0.172224 0.664355 0.132390 0.668938
0 0.775120 0.618599 0.776387 0.619145 0.816221 0.625136 0.822212 0.585302 0.820735 0.584911 0.781084 0.578948
0 0.096752 0.481224 0.133563 0.497337 0.135238 0.497349 0.151278 0.460706 0.114635 0.444666 0.112865 0.444412
0 0.831634 0.643910 0.859048 0.693549 0.864054 0.696242 0.903118 0.707510 0.914385 0.668446 0.886589 0.618115 0.881273 0.616496 0.842746 0.605383
0 0.429790 0.719390 0.438679 0.735636 0.439364 0.736461 0.441482 0.738187 0.444712 0.740554 0.448560 0.743198 0.496142 0.774993 0.500004 0.777501 0.503276 0.779478 0.505456 0.780624 0.506214 0.780764 0.524625 0.782760 0.551510 0.742525 0.527577 0.724851 0.493750 0.702247 0.480543 0.693422 0.456675 0.679155
0 0.632843 0.346177 0.800239 0.518976 0.801621 0.519063 0.859486 0.463008 0.691319 0.289414 0.633455 0.345469
0 0.735509 0.390373 0.972574 0.414662 0.976507 0.412550 0.982140 0.333131 0.744695 0.308231 0.741802 0.310826
0 0.619936 0.109408 0.693288 0.141336 0.790402 0.000000 0.683014 0.000000 0.671049 0.013660 0.668360 0.017533 0.620486 0.107614
0 0.672067 0.714729 0.672123 0.717475 0.672479 0.720574 0.688764 0.823759 0.689363 0.826717 0.690112 0.829065 0.690894 0.830444 0.691591 0.830646 0.769789 0.820400 0.770231 0.819400 0.770414 0.817343 0.770311 0.814542 0.768759 0.799011 0.756229 0.719619 0.753042 0.705117 0.752322 0.702704 0.751581 0.701228 0.750932 0.700915 0.672843 0.711850 0.672320 0.712754
0 0.047453 0.705879 0.047615 0.708417 0.048207 0.710076 0.049138 0.710605 0.124885 0.724417 0.125953 0.723722 0.127055 0.721922 0.128025 0.719292 0.128716 0.716230 0.145682 0.612791 0.145993 0.609743 0.145879 0.607154 0.145357 0.605416 0.144505 0.604794 0.068662 0.591563 0.067550 0.592141 0.066407 0.593842 0.065407 0.596408 0.064706 0.599447 0.047747 0.702849
0 0.792322 0.787037 0.792667 0.790180 0.797653 0.802876 0.798209 0.803622 0.800219 0.805290 0.803382 0.807629 0.807214 0.810281 0.811127 0.812839 0.814520 0.814910 0.816872 0.816177 0.817829 0.816448 0.829316 0.813587 0.849033 0.786106 0.858145 0.773278 0.863970 0.764758 0.875105 0.747645 0.874356 0.746668 0.868845 0.742698 0.858744 0.735700 0.851348 0.730726 0.844832 0.726667 0.840922 0.724568 0.840634 0.724782 0.832681 0.732030 0.829027 0.735878 0.794643 0.781846 0.793015 0.784111
0 0.131080 0.067930 0.137741 0.078339 0.139677 0.078979 0.143082 0.079810 0.147438 0.080707 0.152087 0.081534 0.156327 0.082166 0.159519 0.082508 0.161175 0.082508 0.194143 0.080509 0.195000 0.079879 0.196373 0.078314 0.198052 0.076053 0.199780 0.073440 0.201293 0.070876 0.202360 0.068754 0.202817 0.067396 0.183955 0.000000 0.144423 0.000000 0.141246 0.007660 0.138295 0.021878 0.137708 0.025348 0.133362 0.053243
0 0.082453 0.749315 0.082907 0.785051 0.083372 0.788292 0.084429 0.792478 0.085915 0.796964 0.087603 0.801063 0.089231 0.804145 0.090553 0.805741 0.100905 0.810542 0.115912 0.805909 0.144139 0.797102 0.147439 0.795965 0.177872 0.784609 0.178836 0.783393 0.177457 0.776352 0.174329 0.765967 0.171578 0.758441 0.168631 0.751711 0.167009 0.748800 0.164442 0.746670 0.093780 0.739585 0.091851 0.740267 0.089459 0.741670 0.086969 0.743580 0.084762 0.745705 0.083176 0.747719
