0 0.067805 0.522794 0.104534 0.594071 0.105422 0.593709 0.107257 0.592844 0.109759 0.591609 0.112549 0.590191 0.204997 0.542553 0.207668 0.541158 0.209831 0.539989 0.211160 0.539223 0.211449 0.538978 0.174720 0.467701 0.173892 0.467953 0.172102 0.468727 0.169621 0.469905 0.155718 0.476804 0.084196 0.513659 0.071298 0.520570 0.069195 0.521753 0.067969 0.522534
0 0.175853 0.356047 0.175955 0.357891 0.190779 0.422202 0.192057 0.423680 0.194325 0.424592 0.197238 0.424803 0.212909 0.423100 0.290718 0.400931 0.304467 0.394252 0.306656 0.392587 0.307840 0.390691 0.307836 0.388850 0.291585 0.324945 0.290396 0.323411 0.288210 0.322444 0.285362 0.322192 0.282285 0.322695 0.181877 0.351303 0.179058 0.352480 0.176943 0.354146
0 0.270156 0.119756 0.283083 0.133017 0.284243 0.133789 0.286970 0.135014 0.290846 0.136506 0.295285 0.138040 0.349285 0.155761 0.353630 0.157109 0.357240 0.158074 0.359569 0.158507 0.378529 0.155319 0.393617 0.109341 0.365427 0.097168 0.310796 0.079240 0.285244 0.073778
0 0.386496 0.474825 0.390098 0.490563 0.399325 0.530872 0.433764 0.552481 0.434672 0.551763 0.455983 0.517798 0.443330 0.462522 0.442543 0.461995 0.408105 0.440387
0 0.689603 0.197189 0.691020 0.204882 0.695273 0.211448 0.701716 0.215885 0.709365 0.217520 0.717059 0.216103 0.723624 0.211850 0.724009 0.211354 0.728454 0.204900 0.730092 0.197237 0.728672 0.189531 0.724412 0.182954 0.717959 0.178509 0.710296 0.176871 0.702589 0.178291 0.696012 0.182551 0.691567 0.189004 0.691238 0.189539
0 0.380799 0.680463 0.381846 0.688232 0.385787 0.695009 0.392021 0.699763 0.399600 0.701768 0.407369 0.700721 0.414146 0.696780 0.418899 0.690546 0.419038 0.690218 0.421040 0.682653 0.419995 0.674896 0.416061 0.668132 0.409838 0.663386 0.402272 0.661384 0.394516 0.662429 0.387751 0.666364 0.383005 0.672587 0.382804 0.672884
0 0.068396 0.420402 0.069418 0.426271 0.071464 0.429814 0.075222 0.434283 0.081501 0.437491 0.086235 0.439407 0.091977 0.439379 0.097856 0.437415 0.102986 0.433814 0.106594 0.429120 0.108132 0.424039 0.108439 0.417513 0.107478 0.411643 0.105393 0.408127 0.101690 0.403620 0.095797 0.401170 0.088608 0.401161 0.081225 0.403603 0.074784 0.408123 0.070278 0.414026
0 0.578787 0.610591 0.579138 0.618406 0.582452 0.625492 0.582594 0.625708 0.588378 0.630995 0.595745 0.633667 0.603573 0.633315 0.610671 0.629995 0.615958 0.624211 0.618630 0.616845 0.618278 0.609016 0.614958 0.601918 0.609174 0.596632 0.608987 0.596465 0.601633 0.593798 0.593818 0.594149 0.586732 0.597463 0.581454 0.603237
0 0.009893 0.831452 0.054197 0.851319 0.067852 0.845457 0.068797 0.844164 0.070346 0.841399 0.072263 0.837583 0.074258 0.833295 0.076031 0.829181 0.077313 0.825863 0.077910 0.823843 0.075659 0.810806 0.031861 0.791166 0.026449 0.794532
0 0.048912 0.174085 0.058040 0.185710 0.059528 0.186275 0.062594 0.187053 0.066770 0.187926 0.071424 0.188762 0.075854 0.189435 0.079390 0.189843 0.081498 0.189925 0.093526 0.184366 0.101393 0.137015 0.096784 0.132818 0.056869 0.126187
0 0.147004 0.717546 0.165060 0.762618 0.202620 0.747572 0.206019 0.744742 0.188169 0.700185 0.175729 0.696391 0.175305 0.696474 0.173244 0.697225 0.169865 0.698529 0.165679 0.700189 0.161317 0.701954 0.157439 0.703557 0.154631 0.704756 0.153322 0.705368
0 0.622278 0.169920 0.622437 0.171215 0.623212 0.174027 0.624484 0.177927 0.626059 0.182324 0.627701 0.186555 0.629160 0.189981 0.630217 0.192083 0.630710 0.192537 0.640723 0.198821 0.685698 0.182052 0.687845 0.178376 0.673710 0.140463 0.628214 0.157426
0 0.450239 0.328886 0.450808 0.330841 0.497402 0.342371 0.507619 0.335709 0.507829 0.335035 0.508447 0.332685 0.509378 0.329021 0.510482 0.324598 0.520112 0.285680 0.521223 0.281155 0.522177 0.277200 0.522830 0.274415 0.523081 0.273225 0.516811 0.261994 0.469678 0.250330
0 0.390852 0.876286 0.428978 0.906352 0.441081 0.902993 0.441573 0.902803 0.443132 0.901195 0.445521 0.898412 0.448377 0.894878 0.473374 0.863179 0.476250 0.859445 0.478698 0.856094 0.480344 0.853638 0.480939 0.852450 0.479327 0.838891 0.441637 0.809168 0.392099 0.871986
0 0.000000 0.482234 0.001229 0.484888 0.034296 0.508045 0.038214 0.510701 0.041775 0.512944 0.044434 0.514433 0.045788 0.514941 0.059812 0.512482 0.087347 0.473165 0.021818 0.427274 0.016290 0.426433 0.000000 0.466204
0 0.074185 0.754354 0.107392 0.790553 0.121518 0.789735 0.125869 0.786404 0.127038 0.785407 0.129377 0.783324 0.132530 0.780474 0.136018 0.777290 0.139315 0.774250 0.141924 0.771814 0.143450 0.770351 0.143656 0.770087 0.145842 0.756872 0.113394 0.721500 0.104351 0.726682
0 0.085021 0.671686 0.095012 0.682968 0.096221 0.683785 0.099000 0.685049 0.102927 0.686567 0.139603 0.699909 0.144086 0.701451 0.148408 0.702770 0.151907 0.703663 0.154048 0.703996 0.169760 0.698697 0.185443 0.653106 0.112628 0.626897 0.100812 0.625782
0 0.837356 0.745067 0.838372 0.754975 0.854848 0.796863 0.856323 0.797744 0.858770 0.798396 0.861818 0.798720 0.865005 0.798667 0.867849 0.798244 0.869919 0.797517 0.870897 0.796594 0.882838 0.759378 0.886021 0.749274 0.883725 0.738930 0.876750 0.729225 0.873749 0.727176 0.872074 0.726351 0.864634 0.724008 0.851447 0.723436 0.842908 0.725843 0.837837 0.733977
0 0.247185 0.438967 0.248063 0.440666 0.249940 0.443516 0.252530 0.447082 0.255434 0.450816 0.258208 0.454145 0.260425 0.456558 0.261748 0.457690 0.288225 0.477063 0.289057 0.477590 0.290942 0.477706 0.293593 0.477391 0.296606 0.476693 0.299519 0.475720 0.301886 0.474620 0.303347 0.473561 0.337209 0.409762 0.336080 0.407234 0.334285 0.404543 0.330030 0.398645 0.325199 0.392269 0.318444 0.383743 0.313765 0.378262 0.312796 0.377802 0.286243 0.397288 0.283469 0.399425 0.260938 0.417772 0.249035 0.427516
0 0.161100 0.604081 0.161747 0.607522 0.163346 0.612176 0.167142 0.620772 0.171872 0.630536 0.174897 0.636281 0.177185 0.640066 0.177876 0.640737 0.251331 0.639128 0.252709 0.638572 0.254614 0.637160 0.256756 0.635108 0.258807 0.632730 0.260453 0.630389 0.261442 0.628445 0.261625 0.627192 0.255622 0.595583 0.254899 0.593606 0.253528 0.590336 0.251718 0.586272 0.249742 0.582027 0.247898 0.578240 0.246465 0.575485 0.245661 0.574182 0.234818 0.570933 0.234388 0.571084 0.220545 0.576772 0.194332 0.587685 0.191140 0.589159
0 0.303356 0.472343 0.303497 0.483907 0.313725 0.495390 0.333121 0.517014 0.335542 0.519545 0.358929 0.542756 0.359797 0.542574 0.365130 0.537960 0.373045 0.530597 0.378803 0.525012 0.383972 0.519769 0.386225 0.517324 0.387933 0.514829 0.363875 0.446833 0.362638 0.445528 0.360499 0.444056 0.357781 0.442641 0.354901 0.441501 0.352302 0.440809 0.350378 0.440672 0.349424 0.441109 0.320554 0.456065 0.319154 0.456920 0.316662 0.458919 0.313455 0.461760 0.310025 0.465006 0.306899 0.468160 0.304557 0.470737
0 0.416262 0.423061 0.416584 0.424658 0.417656 0.426878 0.419315 0.429383 0.421308 0.431789 0.423330 0.433728 0.425070 0.434903 0.426264 0.435137 0.458105 0.435226 0.459515 0.434908 0.462480 0.434162 0.466550 0.433101 0.471102 0.431889 0.475435 0.430711 0.478885 0.429747 0.480926 0.429146 0.481250 0.428997 0.486247 0.418810 0.486290 0.418688 0.482990 0.404009 0.476687 0.376017 0.475778 0.372626 0.466210 0.340755 0.462748 0.341511 0.457913 0.342705 0.448804 0.345110 0.438367 0.347941 0.432175 0.349664 0.428032 0.350870 0.427237 0.351150
