0 0.537773 0.641809 0.542311 0.663258 0.542367 0.663474 0.542781 0.665057 0.544715 0.672447 0.545130 0.674031 0.545716 0.674006 0.546738 0.673720 0.548041 0.673217 0.549424 0.672573 0.550674 0.671888 0.551598 0.671269 0.552055 0.670808 0.551640 0.669224 0.549703 0.661836 0.549288 0.660254 0.542797 0.639612 0.542756 0.639491 0.542507 0.639529 0.542046 0.639652 0.541611 0.639795 0.540683 0.640173 0.539695 0.640633 0.538795 0.641105 0.538121 0.641518
0 0.451903 0.609234 0.453127 0.613327 0.458024 0.629698 0.458096 0.629857 0.458336 0.630383 0.458710 0.630206 0.459101 0.630012 0.459503 0.629803 0.459908 0.629584 0.460315 0.629355 0.478976 0.618701 0.472847 0.598210 0.472724 0.598085 0.453825 0.608136 0.453418 0.608355 0.453019 0.608576 0.452629 0.608799 0.452255 0.609020
0 0.458834 0.384169 0.459780 0.386878 0.467853 0.394091 0.467929 0.394099 0.468253 0.393745 0.468777 0.393082 0.469421 0.392209 0.470085 0.391262 0.470668 0.390385 0.471081 0.389714 0.471260 0.389350 0.465456 0.378939 0.463374 0.377812 0.463280 0.377829 0.462856 0.378327 0.462166 0.379227 0.461317 0.380394 0.460436 0.381651 0.459655 0.382808 0.459092 0.383693
0 0.464320 0.615861 0.464395 0.618040 0.465078 0.620004 0.466263 0.621455 0.467770 0.622169 0.467993 0.622226 0.469593 0.622097 0.471041 0.621143 0.472116 0.619511 0.472656 0.617450 0.472579 0.615273 0.471898 0.613310 0.470715 0.611859 0.469210 0.611141 0.468985 0.611102 0.467388 0.611226 0.465941 0.612173 0.464863 0.613801
0 0.535959 0.410243 0.540674 0.426734 0.542712 0.428174 0.561222 0.418765 0.562654 0.416865 0.557840 0.400027 0.556636 0.395817 0.537693 0.405446 0.537517 0.405886 0.537000 0.407183 0.536831 0.407607
0 0.407491 0.410134 0.410209 0.422992 0.411236 0.423872 0.419180 0.420886 0.416492 0.408175 0.415527 0.407114 0.413936 0.405985 0.413640 0.405929 0.413022 0.406019 0.412176 0.406242 0.411233 0.406563 0.410336 0.406934 0.409624 0.407297 0.409204 0.407596
0 0.440555 0.450338 0.440966 0.454617 0.442573 0.458361 0.445133 0.460999 0.445353 0.461156 0.447406 0.461900 0.448373 0.462218 0.449547 0.462098 0.451658 0.461738 0.454455 0.459603 0.456426 0.456204 0.456984 0.453466 0.457198 0.451975 0.457132 0.450611 0.456862 0.447796 0.455261 0.444067 0.455082 0.443842 0.452522 0.441204 0.449400 0.440072 0.448310 0.440258 0.446191 0.440620 0.443383 0.442763 0.441404 0.446176
0 0.571948 0.436787 0.577862 0.457336 0.593274 0.449450 0.593649 0.449247 0.587710 0.428615 0.572237 0.436533
0 0.428812 0.437409 0.429308 0.439462 0.430355 0.441106 0.430475 0.441207 0.431912 0.442190 0.433522 0.442364 0.435059 0.441704 0.436290 0.440310 0.437026 0.438394 0.437157 0.436248 0.436662 0.434199 0.435617 0.432558 0.435506 0.432442 0.434066 0.431457 0.432454 0.431282 0.430914 0.431944 0.429681 0.433340 0.428943 0.435259
0 0.518590 0.604531 0.518805 0.605739 0.527149 0.648857 0.536850 0.645520 0.538032 0.641918 0.538035 0.641861 0.537943 0.641321 0.537768 0.640380 0.537540 0.639183 0.535459 0.628428 0.531296 0.606919 0.531049 0.605656 0.530824 0.604531 0.530654 0.603716 0.530566 0.603335 0.528181 0.601232 0.524984 0.602331
