0 0.312666 0.613320 0.333357 0.648317 0.368354 0.627626 0.370168 0.625869 0.384277 0.570946 0.363870 0.536430 0.361968 0.536940 0.326971 0.557632
0 0.567426 0.711998 0.575715 0.759674 0.604661 0.756882 0.620568 0.754117 0.645402 0.749799 0.661309 0.747033 0.688088 0.740136 0.679799 0.692460 0.662157 0.686830 0.661037 0.686741 0.658279 0.686980 0.654306 0.687510 0.649720 0.688251 0.593727 0.697987 0.589205 0.698829 0.585415 0.699648 0.582930 0.700321 0.582133 0.700743
0 0.454074 0.485574 0.463996 0.512296 0.478810 0.550904 0.484594 0.565977 0.494935 0.592062 0.540114 0.574726 0.542233 0.556329 0.541959 0.555543 0.541064 0.553151 0.539685 0.549515 0.538031 0.545190 0.517529 0.491761 0.515861 0.487427 0.514440 0.483764 0.513483 0.481330 0.513135 0.480495 0.499253 0.468238
0 0.054021 0.403113 0.056204 0.484008 0.061275 0.484191 0.109258 0.482896 0.115341 0.474525 0.115823 0.473641 0.116182 0.471061 0.116362 0.467182 0.116339 0.462589 0.116114 0.457977 0.115723 0.454041 0.115223 0.451378 0.114690 0.450395 0.108179 0.442911 0.067115 0.404004 0.062111 0.402894
0 0.822076 0.492473 0.851610 0.566822 0.855675 0.567594 0.900800 0.549669 0.903471 0.538750 0.903665 0.537946 0.903149 0.535551 0.902001 0.531928 0.900396 0.527629 0.898580 0.523315 0.896833 0.519650 0.895421 0.517193 0.894560 0.516317 0.885862 0.512065 0.833320 0.489398 0.829511 0.489519
0 0.618036 0.605425 0.624798 0.685139 0.626240 0.687279 0.674621 0.683175 0.681456 0.673383 0.681618 0.672696 0.681600 0.670276 0.681404 0.666490 0.681060 0.661915 0.680621 0.657256 0.680154 0.653227 0.679731 0.650445 0.679416 0.649331 0.627464 0.605960 0.626007 0.604749
0 0.915935 0.101898 0.917360 0.115529 0.933604 0.169715 0.940647 0.173509 0.945741 0.169735 0.984122 0.098491 0.941375 0.075462 0.927497 0.080931 0.926498 0.082291 0.924784 0.085055 0.922617 0.088800 0.920323 0.092960 0.918249 0.096907 0.916709 0.100044
0 0.695715 0.499259 0.707752 0.545725 0.718878 0.552246 0.720058 0.552085 0.722843 0.551485 0.726813 0.550539 0.731359 0.549390 0.735784 0.548215 0.739406 0.547195 0.741675 0.546485 0.742245 0.546193 0.749323 0.536108 0.778346 0.486792 0.776317 0.478958 0.773159 0.479198
0 0.775926 0.216050 0.776791 0.221441 0.779555 0.224230 0.787549 0.229105 0.790743 0.230141 0.794993 0.230388 0.799657 0.229810 0.804029 0.228494 0.807452 0.226638 0.809401 0.224521 0.815912 0.216590 0.816220 0.213149 0.815329 0.207752 0.809903 0.199605 0.807734 0.197332 0.803485 0.195908 0.797799 0.195556 0.791551 0.196330 0.785704 0.198113 0.781156 0.200627 0.778600 0.203486 0.776151 0.212610
0 0.897049 0.205616 0.898004 0.209949 0.900064 0.214180 0.902912 0.217660 0.906113 0.219857 0.913023 0.223729 0.918127 0.224695 0.922213 0.222819 0.926688 0.220558 0.932034 0.213415 0.933993 0.209881 0.934351 0.204846 0.933061 0.199075 0.930317 0.193440 0.926535 0.188790 0.922283 0.185829 0.918205 0.185009 0.909438 0.185126 0.905326 0.186942 0.900868 0.189246 0.898370 0.193631 0.897343 0.201845
0 0.350962 0.290114 0.352727 0.300471 0.353402 0.303050 0.355485 0.306176 0.358656 0.309377 0.362435 0.312169 0.366254 0.314131 0.369533 0.314965 0.378918 0.314240 0.382671 0.313536 0.386077 0.309142 0.387542 0.306435 0.389901 0.297041 0.389057 0.293593 0.386312 0.289398 0.382084 0.285099 0.377020 0.281359 0.371901 0.278753 0.367514 0.277681 0.364529 0.278300 0.355788 0.282979 0.352355 0.287366
0 0.301431 0.777599 0.302834 0.785312 0.307082 0.791901 0.313528 0.796362 0.321191 0.798018 0.328904 0.796614 0.335493 0.792366 0.339954 0.785920 0.340229 0.785428 0.341882 0.777779 0.340481 0.770079 0.336240 0.763501 0.329805 0.759048 0.322156 0.757395 0.314456 0.758796 0.307878 0.763037 0.307547 0.763490 0.303086 0.769936
0 0.496319 0.426662 0.498681 0.436358 0.500694 0.438755 0.504807 0.441034 0.510396 0.442843 0.516602 0.443904 0.522468 0.444052 0.527094 0.443268 0.529773 0.441673 0.535233 0.433313 0.536204 0.427728 0.536609 0.425056 0.530121 0.416345 0.528577 0.414573 0.525479 0.412892 0.521297 0.411555 0.516666 0.410763 0.512282 0.410636 0.508809 0.411194 0.506776 0.412355 0.497751 0.418414 0.497265 0.421072
0 0.213541 0.444978 0.213585 0.445722 0.214470 0.447990 0.216063 0.451438 0.218120 0.455541 0.236687 0.491387 0.238887 0.495503 0.240888 0.498992 0.242383 0.501319 0.243146 0.502133 0.253018 0.505377 0.255841 0.505315 0.298462 0.483238 0.261667 0.412202 0.258912 0.411187 0.215798 0.433519
0 0.233611 0.199270 0.237958 0.239592 0.241552 0.243164 0.321091 0.234589 0.316804 0.194819 0.314256 0.190576
0 0.554415 0.203296 0.554710 0.213331 0.555304 0.214338 0.557141 0.216449 0.559936 0.219339 0.563267 0.222572 0.592420 0.250094 0.595793 0.253189 0.598704 0.255686 0.600714 0.257207 0.601515 0.257517 0.612587 0.258214 0.645538 0.223310 0.647220 0.220111 0.588375 0.164559 0.555044 0.199866
0 0.151341 0.774921 0.177518 0.806028 0.239734 0.753674 0.243312 0.750186 0.217494 0.719506 0.213556 0.722566
0 0.480767 0.797605 0.480870 0.800694 0.481225 0.807816 0.481702 0.815767 0.482457 0.826722 0.483078 0.834131 0.483361 0.835382 0.516417 0.833860 0.519915 0.833631 0.548687 0.831195 0.563899 0.829886 0.571901 0.821328 0.571996 0.819584 0.571938 0.816285 0.571737 0.811936 0.571423 0.807203 0.571044 0.802814 0.570659 0.799442 0.570326 0.797599 0.559563 0.766261 0.559082 0.765466 0.557512 0.764406 0.555093 0.763241 0.552193 0.762151 0.549256 0.761303 0.546733 0.760825 0.545008 0.760791 0.480893 0.795312
0 0.407986 0.119101 0.427690 0.121050 0.441055 0.122230 0.444555 0.122468 0.488253 0.123660 0.497438 0.116342 0.497615 0.115485 0.497889 0.112910 0.498219 0.109003 0.498554 0.104362 0.498842 0.099699 0.499039 0.095731 0.499116 0.093066 0.499061 0.092106 0.492459 0.062319 0.492054 0.060880 0.490608 0.059146 0.488340 0.057384 0.485597 0.055862 0.482799 0.054814 0.480374 0.054400 0.478692 0.054682 0.410608 0.078094 0.410305 0.082743 0.409548 0.094545 0.409027 0.102688 0.408368 0.113049
0 0.587220 0.854320 0.592671 0.864964 0.606606 0.870551 0.633050 0.881100 0.636341 0.882333 0.667893 0.893448 0.669348 0.891394 0.671214 0.887464 0.674540 0.878865 0.678258 0.868432 0.680412 0.861910 0.681788 0.857144 0.681992 0.855845 0.629643 0.803991 0.628169 0.803575 0.625748 0.803338 0.622749 0.803317 0.619631 0.803514 0.616872 0.803900 0.614894 0.804415 0.613997 0.804980 0.595456 0.832057 0.594736 0.833693 0.593508 0.836773 0.591961 0.840826 0.590328 0.845243 0.588853 0.849356 0.587762 0.852543
0 0.810247 0.892096 0.814283 0.903373 0.814973 0.904192 0.817272 0.905602 0.820835 0.907388 0.825118 0.909276 0.829462 0.910978 0.833201 0.912231 0.835761 0.912843 0.868757 0.914991 0.870820 0.914353 0.873181 0.912872 0.875479 0.910772 0.877360 0.908375 0.878538 0.906048 0.878833 0.904148 0.877663 0.833264 0.873513 0.830563 0.869960 0.828789 0.862654 0.825507 0.855095 0.822391 0.845416 0.818770 0.839687 0.817070 0.831666 0.835257 0.826327 0.847830 0.825009 0.851071
