0 0.446214 0.523493 0.461258 0.532867 0.461345 0.532685 0.461525 0.532226 0.461771 0.531561 0.462046 0.530789 0.471166 0.504775 0.471430 0.504010 0.471644 0.503363 0.471776 0.502931 0.471805 0.502782 0.456761 0.493407 0.456670 0.493554 0.456486 0.493986 0.456236 0.494635 0.455959 0.495404 0.446797 0.521539 0.446537 0.522304 0.446334 0.522944 0.446221 0.523362
0 0.587960 0.500593 0.596224 0.501142 0.596667 0.501147 0.597080 0.490078 0.588778 0.489527 0.588371 0.489575
0 0.541014 0.557663 0.541073 0.557790 0.541347 0.558302 0.541796 0.559121 0.542351 0.560123 0.542928 0.561157 0.543440 0.562065 0.543809 0.562712 0.543980 0.562998 0.544491 0.563731 0.547200 0.564488 0.555343 0.556439 0.550312 0.547391 0.549162 0.546308 0.541205 0.554173
0 0.446834 0.537768 0.446976 0.542075 0.448343 0.545980 0.450727 0.548891 0.453765 0.550364 0.456995 0.550175 0.459924 0.548352 0.460067 0.548179 0.460806 0.547104 0.462131 0.545145 0.463236 0.541097 0.463094 0.536793 0.462302 0.534115 0.461839 0.532794 0.461033 0.531809 0.459345 0.529981 0.456309 0.528509 0.453082 0.528698 0.453051 0.528716 0.450122 0.530539 0.447939 0.533718
0 0.455747 0.558325 0.458080 0.561583 0.460771 0.561399 0.460858 0.561305 0.461209 0.560870 0.461773 0.560161 0.462462 0.559286 0.468557 0.551526 0.469265 0.550621 0.469880 0.549828 0.470310 0.549268 0.470488 0.549026 0.470828 0.548462 0.470977 0.544974 0.468696 0.541790 0.456758 0.556992
0 0.559887 0.565114 0.559942 0.565451 0.561126 0.567561 0.561832 0.568342 0.571768 0.570065 0.573922 0.547986 0.573077 0.547438 0.563255 0.545734 0.561655 0.547889 0.561549 0.548076 0.561411 0.548735 0.561262 0.549763 0.561123 0.551006 0.560056 0.561944 0.559949 0.563217 0.559890 0.564330
0 0.533706 0.429871 0.533796 0.437049 0.533961 0.437594 0.534335 0.437833 0.537919 0.437990 0.543398 0.438107 0.543806 0.437942 0.544526 0.437595 0.544787 0.437118 0.545632 0.433845 0.544695 0.430434 0.544420 0.429915 0.544006 0.429686 0.538980 0.428973 0.535386 0.428566 0.535016 0.428748 0.533857 0.429352
0 0.442872 0.309838 0.450610 0.318254 0.454302 0.316291 0.454694 0.315938 0.455238 0.315242 0.455852 0.314307 0.463264 0.302190 0.463857 0.301154 0.464340 0.300171 0.464642 0.299388 0.464715 0.298927 0.465486 0.293936 0.457748 0.285521 0.453652 0.289889 0.451546 0.293331 0.446152 0.302147
0 0.440855 0.566375 0.441133 0.567618 0.442662 0.572729 0.445014 0.577419 0.445627 0.578427 0.446483 0.579044 0.447451 0.579178 0.448383 0.578807 0.452466 0.576768 0.455734 0.573633 0.456489 0.572816 0.456595 0.572638 0.457057 0.571500 0.457157 0.570212 0.456880 0.568972 0.455597 0.563551 0.453009 0.559195 0.452397 0.558190 0.451544 0.557575 0.450578 0.557441 0.449648 0.557810 0.445816 0.559521 0.442315 0.562972 0.441553 0.563797 0.441419 0.563944 0.440956 0.565085
0 0.467544 0.438729 0.467549 0.442302 0.467719 0.442565 0.468118 0.443159 0.468685 0.443994 0.469334 0.444944 0.469967 0.445864 0.470488 0.446617 0.470819 0.447088 0.470908 0.447205 0.473483 0.447554 0.485144 0.448255 0.486363 0.446770 0.486205 0.446155 0.474941 0.429718
0 0.517031 0.523797 0.518144 0.526437 0.518354 0.526743 0.521555 0.528012 0.531074 0.485329 0.527872 0.484060 0.527554 0.484242 0.525548 0.485603 0.525460 0.485864 0.525279 0.486568 0.525030 0.487607 0.524753 0.488824 0.520037 0.509970 0.517679 0.520543 0.517413 0.521763 0.517197 0.522809 0.517062 0.523524
0 0.400319 0.540930 0.408127 0.560438 0.408495 0.560196 0.423067 0.549827 0.415290 0.530397 0.414950 0.530519
0 0.410258 0.524429 0.443037 0.531851 0.443298 0.531705 0.446069 0.509953 0.413440 0.502565 0.413041 0.502576
0 0.550618 0.459011 0.552276 0.462991 0.553974 0.465410 0.557370 0.470246 0.559068 0.472664 0.561938 0.475134 0.562077 0.475007 0.562379 0.474669 0.562799 0.474172 0.566375 0.469784 0.572457 0.462203 0.561093 0.446019 0.560856 0.446213 0.551732 0.457571 0.551277 0.458142 0.550905 0.458617 0.550673 0.458922
0 0.527061 0.550011 0.528047 0.553632 0.528704 0.554886 0.544582 0.547194 0.543572 0.543489 0.542576 0.542495 0.542072 0.542190 0.527323 0.549334
