0 0.249407 0.759838 0.254496 0.769503 0.255004 0.770250 0.257103 0.771668 0.260476 0.773542 0.264608 0.775584 0.268864 0.777481 0.272590 0.778942 0.275216 0.779743 0.276344 0.779764 0.286031 0.777039 0.288477 0.773873 0.295278 0.759391 0.259073 0.742386 0.256288 0.745188
0 0.674835 0.408849 0.713079 0.420571 0.714057 0.420206 0.725832 0.381786 0.687413 0.370011 0.686556 0.370605
0 0.076658 0.170621 0.078598 0.172130 0.118661 0.173787 0.120317 0.133723 0.118569 0.132037 0.078322 0.130373
0 0.397055 0.780905 0.434178 0.796541 0.449815 0.759418 0.450045 0.758229 0.413092 0.742664 0.397527 0.779617
0 0.142752 0.515612 0.169881 0.545390 0.171394 0.545182 0.201035 0.518178 0.174031 0.488537 0.172530 0.488484
0 0.599977 0.186096 0.613934 0.265066 0.850847 0.223198 0.852462 0.221923 0.838441 0.142589 0.600438 0.184650
0 0.534511 0.343939 0.554638 0.396806 0.558795 0.407306 0.559554 0.407803 0.561869 0.408974 0.565384 0.410639 0.569567 0.412546 0.573786 0.414408 0.577404 0.415942 0.579875 0.416918 0.580819 0.417184 0.591135 0.413176 0.592188 0.412172 0.612060 0.367869 0.538222 0.334751 0.534910 0.342135
0 0.064533 0.940108 0.065776 0.945025 0.068724 0.950228 0.072926 0.954916 0.077734 0.958368 0.082408 0.960053 0.086232 0.959720 0.095107 0.957177 0.099040 0.953710 0.102009 0.950854 0.102744 0.945997 0.102162 0.937725 0.101199 0.934052 0.098982 0.930174 0.095846 0.926674 0.092264 0.924082 0.088777 0.922790 0.080482 0.921157 0.075699 0.921497 0.071790 0.924977 0.068759 0.927777 0.065179 0.936230
0 0.841822 0.812098 0.843781 0.819671 0.848488 0.825919 0.849088 0.826480 0.855840 0.830458 0.863600 0.831549 0.871186 0.829587 0.877445 0.824872 0.881422 0.818120 0.882513 0.810360 0.880551 0.802773 0.875836 0.796515 0.875190 0.796005 0.868450 0.792035 0.860703 0.790945 0.853130 0.792904 0.846882 0.797611 0.842912 0.804351
0 0.680942 0.739875 0.681115 0.747696 0.684269 0.754854 0.684586 0.755293 0.690249 0.760710 0.697554 0.763547 0.705388 0.763373 0.712559 0.760213 0.717975 0.754551 0.720812 0.747246 0.720638 0.739412 0.717479 0.732241 0.717105 0.731842 0.711452 0.726434 0.704160 0.723602 0.696339 0.723776 0.689181 0.726930 0.683773 0.732583
0 0.204573 0.768426 0.204718 0.774470 0.206013 0.780631 0.208257 0.785960 0.211103 0.789638 0.214114 0.791108 0.223453 0.793469 0.228783 0.792497 0.232151 0.791300 0.234634 0.787268 0.238894 0.780021 0.239629 0.776271 0.239504 0.771756 0.238538 0.767157 0.236877 0.763169 0.234771 0.760394 0.227776 0.754625 0.224045 0.752720 0.218730 0.753715 0.215336 0.754833 0.207629 0.760238 0.205596 0.763427
0 0.867348 0.444034 0.868665 0.451745 0.872830 0.458366 0.879213 0.462888 0.886841 0.464625 0.887507 0.464564 0.895231 0.463246 0.901864 0.459073 0.906394 0.452679 0.908133 0.445038 0.906815 0.437313 0.902642 0.430681 0.896248 0.426151 0.888607 0.424411 0.880883 0.425730 0.880228 0.425857 0.873607 0.430023 0.869085 0.436406
0 0.468767 0.492766 0.514639 0.508175 0.527990 0.495341 0.528320 0.494461 0.529189 0.491963 0.530465 0.488224 0.531952 0.483817 0.550175 0.429569 0.551641 0.425185 0.552855 0.421512 0.553632 0.419110 0.553854 0.418345 0.550959 0.400054 0.505086 0.384644 0.495974 0.410949 0.482806 0.450149 0.477665 0.465454
0 0.369296 0.661369 0.399168 0.689359 0.432756 0.653513 0.434293 0.650004 0.433889 0.639127 0.433307 0.638316 0.431477 0.636377 0.428680 0.633607 0.425340 0.630425 0.421961 0.627311 0.419052 0.624735 0.417055 0.623088 0.416275 0.622622 0.405104 0.622654 0.372284 0.657680
0 0.456071 0.202519 0.457075 0.209319 0.492127 0.228590 0.515253 0.186529 0.515609 0.179196 0.512553 0.169561 0.511754 0.168671 0.509442 0.167017 0.505968 0.164850 0.501860 0.162502 0.497752 0.160333 0.494275 0.158678 0.491959 0.157787 0.491155 0.157797 0.479738 0.159474
0 0.726075 0.409338 0.753330 0.438748 0.756861 0.437894 0.816502 0.382624 0.788867 0.352804 0.784896 0.354828
