0 0.483118 0.547833 0.496443 0.574607 0.496949 0.575487 0.498675 0.576688 0.498717 0.576654 0.499049 0.576321 0.499620 0.575740 0.500343 0.574999 0.501109 0.574211 0.501802 0.573494 0.502318 0.572956 0.502577 0.572681 0.502153 0.570148 0.501648 0.569270 0.485728 0.545193 0.485688 0.545188 0.485456 0.545384 0.485066 0.545753 0.484577 0.546238 0.484065 0.546765 0.483608 0.547254 0.483275 0.547629
0 0.440297 0.489015 0.444087 0.512729 0.446915 0.521308 0.454928 0.518629 0.454606 0.516668 0.449755 0.490871 0.448387 0.486311 0.445250 0.486307 0.444291 0.486511 0.443398 0.486925
0 0.395181 0.420450 0.396379 0.421359 0.411862 0.428992 0.412435 0.426927 0.407555 0.412789 0.406078 0.409313 0.405776 0.409106 0.405163 0.408754 0.404332 0.408311 0.403410 0.407844 0.402538 0.407426 0.401852 0.407121 0.401454 0.406975 0.398655 0.407920
0 0.539928 0.434031 0.587816 0.451485 0.588220 0.451261 0.590412 0.440571 0.588740 0.436664 0.586258 0.430865 0.580437 0.417265 0.578759 0.413345 0.562723 0.407500 0.559793 0.409729 0.545244 0.420799 0.542304 0.423036 0.542110 0.423389
0 0.496557 0.394603 0.496628 0.396774 0.497309 0.399392 0.497482 0.399638 0.497967 0.400071 0.498689 0.400625 0.499539 0.401217 0.500389 0.401757 0.501110 0.402164 0.501593 0.402376 0.501765 0.402360 0.504016 0.401810 0.512869 0.378182 0.513170 0.375332 0.505613 0.370299 0.504103 0.374329
0 0.568898 0.499740 0.569300 0.501825 0.570270 0.503545 0.571660 0.504640 0.573258 0.504942 0.573384 0.504950 0.574950 0.504413 0.576243 0.503117 0.577065 0.501261 0.577292 0.499126 0.576889 0.497038 0.575917 0.495315 0.574525 0.494219 0.572924 0.493916 0.572799 0.493926 0.571235 0.494463 0.569945 0.495756 0.569124 0.497609
0 0.430344 0.553903 0.430819 0.555830 0.433405 0.566308 0.435637 0.575351 0.436371 0.575785 0.452515 0.578302 0.462086 0.559123 0.462253 0.557479 0.461633 0.556962 0.430519 0.552264
0 0.553167 0.502321 0.553175 0.502563 0.553989 0.505393 0.563350 0.509708 0.564083 0.509821 0.569539 0.488778 0.560070 0.484412 0.559384 0.484591 0.557515 0.485826 0.557378 0.486083 0.557137 0.486777 0.556832 0.487802 0.556507 0.489002 0.553803 0.499427 0.553507 0.500624 0.553283 0.501640
0 0.444998 0.576132 0.450058 0.584882 0.463183 0.571387 0.463247 0.571264 0.463331 0.571102 0.462323 0.569359 0.458290 0.562387 0.445218 0.575828 0.445092 0.576002
0 0.443496 0.552401 0.445355 0.555466 0.445980 0.555517 0.447154 0.554311 0.459355 0.541155 0.459440 0.540358 0.457623 0.537362 0.456632 0.538236
0 0.427467 0.460102 0.427961 0.462156 0.429006 0.463801 0.430443 0.464788 0.430563 0.464848 0.432172 0.465026 0.433709 0.464370 0.434941 0.462979 0.435679 0.461065 0.435813 0.458920 0.435321 0.456870 0.434277 0.455228 0.432727 0.454164 0.431115 0.453986 0.429575 0.454644 0.428341 0.456037 0.427601 0.457954
0 0.544810 0.455287 0.545127 0.456510 0.546575 0.461789 0.549311 0.466055 0.549955 0.467023 0.550828 0.467589 0.551797 0.467667 0.552714 0.467245 0.556478 0.465251 0.556607 0.465171 0.560019 0.461572 0.560747 0.460711 0.561173 0.459544 0.561231 0.458250 0.560914 0.457023 0.559210 0.451937 0.556719 0.447455 0.556074 0.446484 0.555199 0.445917 0.554227 0.445839 0.553308 0.446263 0.549285 0.448467 0.549172 0.448585 0.546019 0.451973 0.545293 0.452831 0.544868 0.453995
0 0.422391 0.377173 0.422519 0.377542 0.423916 0.378417 0.431016 0.382392 0.431502 0.382548 0.437903 0.362225 0.430961 0.357728 0.428918 0.357224 0.428597 0.357468 0.428277 0.358160 0.422523 0.376428
