0 0.512803 0.568053 0.512862 0.568366 0.521147 0.568807 0.521478 0.557760 0.521380 0.557496 0.513132 0.557057
0 0.569690 0.390028 0.574879 0.410979 0.591814 0.414270 0.592992 0.413751 0.593421 0.413354 0.583386 0.372837 0.582202 0.373358 0.577490 0.379605 0.575136 0.382726 0.570011 0.389521
0 0.483009 0.390352 0.483015 0.391650 0.483056 0.391914 0.483433 0.393107 0.485276 0.398382 0.488081 0.402262 0.488771 0.403172 0.489670 0.403660 0.490641 0.403652 0.491536 0.403149 0.495328 0.400965 0.498402 0.396952 0.499084 0.396031 0.499450 0.394833 0.499450 0.394818 0.499449 0.394575 0.499443 0.393278 0.499065 0.392083 0.497258 0.387303 0.494406 0.382905 0.493714 0.381993 0.492812 0.381504 0.491840 0.381512 0.490943 0.382015 0.487183 0.384715 0.484060 0.388228 0.483376 0.389151
0 0.476642 0.473630 0.476856 0.473871 0.477700 0.474046 0.479337 0.474337 0.490791 0.476370 0.492428 0.476660 0.493238 0.476779 0.494546 0.463673 0.494496 0.463337 0.493108 0.460882 0.492911 0.460797 0.492367 0.460658 0.491558 0.460486 0.490607 0.460307 0.482350 0.458842 0.481407 0.458684 0.480618 0.458573 0.480104 0.458524 0.479942 0.458545 0.477962 0.460403 0.477827 0.461460 0.477606 0.463668 0.476945 0.470289 0.476725 0.472496
0 0.538422 0.507879 0.538594 0.511153 0.538679 0.511315 0.539020 0.511805 0.539567 0.512548 0.540235 0.513431 0.540924 0.514321 0.541530 0.515083 0.541962 0.515603 0.542153 0.515801 0.542643 0.515984 0.545355 0.515944 0.552448 0.506289 0.546414 0.498408 0.545353 0.498444
0 0.544108 0.549907 0.544465 0.550284 0.545257 0.550975 0.546362 0.551877 0.547615 0.552852 0.548826 0.553755 0.549815 0.554449 0.550430 0.554829 0.550576 0.554836 0.554721 0.545254 0.562090 0.525455 0.561950 0.525272 0.561632 0.524937 0.561298 0.524621 0.560504 0.523951 0.559594 0.523243 0.558707 0.522604 0.557981 0.522133 0.557526 0.521901 0.557410 0.521944 0.548248 0.540348 0.544729 0.548472
0 0.457941 0.404245 0.457967 0.404622 0.459179 0.409454 0.469040 0.411551 0.470210 0.404581 0.472049 0.389212 0.472748 0.380562 0.462887 0.378464 0.460525 0.382648 0.460395 0.383231 0.460237 0.384213 0.460076 0.385444 0.458216 0.400993 0.458076 0.402281 0.457979 0.403423
0 0.470017 0.596087 0.470072 0.600398 0.470089 0.600462 0.470106 0.600526 0.470167 0.600754 0.470606 0.602098 0.471377 0.604406 0.473704 0.607378 0.476711 0.608926 0.478949 0.609169 0.480049 0.609131 0.481058 0.608535 0.482903 0.607064 0.485146 0.603941 0.486330 0.599920 0.486419 0.597358 0.486401 0.595891 0.485963 0.594550 0.484990 0.591675 0.484964 0.591617 0.482645 0.588647 0.479643 0.587094 0.476415 0.587198 0.473451 0.588942 0.471204 0.592064
0 0.454090 0.474437 0.459215 0.495524 0.459402 0.495544 0.467273 0.492143 0.462171 0.471154 0.461997 0.471021
0 0.520920 0.481696 0.521126 0.484982 0.536527 0.501595 0.537382 0.501633 0.542695 0.492877 0.541381 0.491460 0.526622 0.476154 0.524053 0.476533 0.523902 0.476760 0.523537 0.477344 0.523013 0.478196 0.522409 0.479186 0.521818 0.480165 0.521327 0.480986 0.521012 0.481524
0 0.541717 0.452960 0.546619 0.461814 0.547267 0.461283 0.560733 0.448028 0.555763 0.439051 0.542297 0.452305
0 0.490177 0.537849 0.505970 0.544597 0.511030 0.523540 0.510988 0.523446 0.495258 0.516725 0.495238 0.516792
0 0.445871 0.545964 0.452620 0.552386 0.452837 0.552147 0.462426 0.534230 0.455707 0.527837 0.455504 0.527965
0 0.433688 0.554575 0.434006 0.554924 0.434355 0.555248 0.434728 0.555541 0.435119 0.555798 0.435525 0.556018 0.454477 0.565351 0.460870 0.548823 0.461147 0.547662 0.442992 0.534757 0.442596 0.534495 0.442194 0.534275 0.441787 0.534098 0.441383 0.533965 0.440989 0.533881 0.434822 0.550554
0 0.529080 0.346570 0.545109 0.352054 0.545317 0.351372 0.549448 0.329902 0.533346 0.324393 0.529214 0.345864
