0 0.881058 0.406589 0.905750 0.438182 0.907618 0.437897 0.939356 0.413092 0.914551 0.381353 0.912651 0.381897
0 0.601269 0.863726 0.601735 0.865400 0.616807 0.902756 0.654163 0.887684 0.653457 0.885908 0.638454 0.848723
0 0.363799 0.211907 0.364423 0.213227 0.403686 0.221365 0.411823 0.182102 0.411417 0.180638 0.371974 0.172463
0 0.049418 0.611096 0.125753 0.637961 0.130030 0.636385 0.132686 0.628838 0.108234 0.577828 0.101231 0.567540 0.100891 0.567146 0.098874 0.566205 0.095492 0.564860 0.091256 0.563315 0.086806 0.561803 0.082813 0.560553 0.079882 0.559753 0.078462 0.559527 0.065537 0.565295
0 0.031822 0.465643 0.031843 0.469580 0.032147 0.472224 0.032687 0.473176 0.037874 0.481807 0.073260 0.485032 0.081419 0.485720 0.090986 0.486046 0.094346 0.446188 0.084857 0.444929 0.076698 0.444241 0.041273 0.441488 0.034715 0.449124 0.034023 0.449973 0.033280 0.452530 0.032600 0.456409 0.032088 0.461015
0 0.882976 0.272367 0.883602 0.293141 0.887637 0.312428 0.912438 0.310700 0.968592 0.304179 0.975004 0.303206 0.970375 0.263410 0.921243 0.266117
0 0.415383 0.314713 0.415577 0.315137 0.437128 0.348835 0.504524 0.305733 0.504586 0.303032 0.482736 0.268865 0.448569 0.290716
0 0.330944 0.150200 0.331222 0.152508 0.332005 0.155343 0.333174 0.158272 0.334550 0.160845 0.335922 0.162671 0.337080 0.163470 0.367468 0.172694 0.369749 0.173053 0.373422 0.173417 0.377929 0.173732 0.382590 0.173950 0.386703 0.174038 0.389643 0.173983 0.390965 0.173792 0.399034 0.165765 0.402963 0.122107 0.403137 0.118593 0.403666 0.084966 0.399725 0.083694 0.394515 0.082803 0.385032 0.082122 0.374327 0.081828 0.368069 0.081930 0.363994 0.082336 0.363319 0.082735 0.331214 0.148771
0 0.143572 0.567195 0.145842 0.567814 0.150008 0.568824 0.158977 0.570890 0.169798 0.573337 0.176529 0.574833 0.181411 0.575889 0.182709 0.576145 0.227193 0.518022 0.227420 0.516393 0.227343 0.513881 0.226973 0.510871 0.226367 0.507822 0.225617 0.505202 0.224839 0.503411 0.224151 0.502721 0.194871 0.487443 0.193076 0.486951 0.189787 0.486135 0.185502 0.485118 0.180879 0.484056 0.176629 0.483113 0.173403 0.482433 0.171693 0.482119 0.161943 0.488712 0.158223 0.503411 0.151221 0.531249 0.150431 0.534668
0 0.816932 0.113457 0.816989 0.117298 0.817689 0.125131 0.818857 0.133186 0.820942 0.143433 0.822881 0.149419 0.842660 0.146934 0.856380 0.145110 0.859829 0.144563 0.902497 0.135998 0.904027 0.134762 0.910285 0.126820 0.910936 0.125946 0.911230 0.123374 0.911121 0.119492 0.910626 0.114893 0.909818 0.110283 0.908824 0.106371 0.907795 0.103755 0.891661 0.073947 0.890204 0.072579 0.887813 0.071365 0.884852 0.070492 0.881776 0.070093 0.879055 0.070229 0.877105 0.070879 0.817866 0.108858
0 0.750502 0.515431 0.756196 0.518224 0.765821 0.522417 0.773340 0.525489 0.780609 0.528270 0.784144 0.529497 0.788278 0.530490 0.839597 0.480709 0.840557 0.479149 0.841232 0.476666 0.841519 0.473638 0.841374 0.470530 0.840818 0.467817 0.839938 0.465913 0.813989 0.444348 0.811514 0.442996 0.807837 0.441273 0.803523 0.439444 0.799235 0.437791 0.795630 0.436565 0.793260 0.435956 0.792481 0.436052 0.781901 0.441270 0.763611 0.480889 0.762273 0.484125 0.757461 0.496835
0 0.665369 0.389615 0.665374 0.422020 0.665701 0.423086 0.666961 0.424712 0.668960 0.426651 0.671395 0.428606 0.673892 0.430278 0.676068 0.431410 0.677593 0.431831 0.749788 0.419615 0.750210 0.418593 0.751589 0.414120 0.753400 0.407693 0.756223 0.397100 0.758477 0.388071 0.759413 0.383550 0.759770 0.380638 0.727671 0.371574 0.724270 0.370701 0.696379 0.364414 0.681648 0.361141 0.671303 0.366540 0.670863 0.368171 0.670041 0.371301 0.668962 0.375454 0.667789 0.380001 0.666698 0.384257 0.665855 0.387579 0.665388 0.389462
0 0.693599 0.241354 0.733553 0.243269 0.736801 0.239699 0.738741 0.199189 0.698232 0.197248 0.695513 0.201400
0 0.685197 0.153219 0.710870 0.193776 0.744668 0.172382 0.747496 0.168594 0.721526 0.127568 0.708882 0.126789 0.708381 0.126787 0.706399 0.127772 0.703235 0.129593 0.699372 0.131975 0.695405 0.134550 0.691942 0.136923 0.689513 0.138731 0.688487 0.139699
0 0.355771 0.923100 0.355848 0.923453 0.362549 0.934992 0.410733 0.940981 0.411753 0.935941 0.416687 0.896247 0.369054 0.890326 0.358825 0.899499 0.358525 0.900940 0.358043 0.903992 0.357452 0.908193 0.356843 0.912900 0.356309 0.917389 0.355932 0.920971
0 0.218552 0.603018 0.225378 0.612947 0.225895 0.613364 0.228097 0.614254 0.231651 0.615483 0.236015 0.616863 0.274636 0.628613 0.279128 0.629927 0.283048 0.630972 0.285798 0.631588 0.286959 0.631682 0.295973 0.626573 0.298304 0.625126 0.312275 0.579204 0.235739 0.555919 0.232684 0.556566
0 0.670857 0.573864 0.690075 0.617849 0.694521 0.620605 0.704311 0.624570 0.705437 0.624364 0.708102 0.623443 0.711901 0.621946 0.716254 0.620101 0.720492 0.618192 0.723963 0.616513 0.726138 0.615320 0.726688 0.614794 0.732033 0.604216 0.712365 0.559202 0.707511 0.557849
0 0.488029 0.116789 0.488165 0.121168 0.557408 0.161236 0.581449 0.119691 0.582391 0.115294 0.579235 0.106076 0.578543 0.105095 0.576361 0.103338 0.573019 0.101073 0.569026 0.098647 0.534086 0.078428 0.530066 0.076219 0.526647 0.074570 0.524349 0.073735 0.512347 0.074763
0 0.456341 0.692440 0.460019 0.704687 0.503170 0.726950 0.540274 0.655033 0.539814 0.653261 0.497157 0.631252 0.485854 0.635237 0.485452 0.635874 0.484272 0.638042 0.482494 0.641408 0.480388 0.645461 0.462006 0.681090 0.459885 0.685229 0.458064 0.688838 0.456819 0.691372
0 0.466046 0.387333 0.467423 0.464703 0.468079 0.465497 0.469861 0.466145 0.472494 0.466549 0.487682 0.467453 0.568040 0.465832 0.583252 0.464314 0.585895 0.463804 0.587690 0.463084 0.588363 0.462263 0.586287 0.384907 0.585734 0.384048 0.584042 0.383343 0.581468 0.382901 0.578404 0.382789 0.473963 0.384896 0.470897 0.385132 0.468315 0.385678 0.466612 0.386452
0 0.202443 0.618466 0.202768 0.621026 0.203680 0.623947 0.210056 0.638577 0.248455 0.705306 0.256467 0.715710 0.258014 0.717078 0.259307 0.717352 0.329125 0.688195 0.329913 0.687354 0.330127 0.685502 0.329737 0.682923 0.328801 0.680009 0.327462 0.677200 0.278148 0.590017 0.276574 0.587681 0.275020 0.586206 0.273722 0.585819 0.203654 0.615875 0.202755 0.616658
0 0.393638 0.872202 0.394035 0.872822 0.458454 0.918123 0.459476 0.917685 0.461019 0.916293 0.462847 0.914159 0.472231 0.901664 0.516658 0.834684 0.524080 0.821841 0.525169 0.819577 0.525604 0.817988 0.525317 0.817318 0.460512 0.772598 0.459496 0.772911 0.457957 0.774195 0.456131 0.776257 0.454295 0.778781 0.396554 0.865834 0.395000 0.868420 0.393976 0.870656
0 0.354351 0.681720 0.354597 0.684269 0.355180 0.685933 0.356012 0.686460 0.432823 0.695351 0.433715 0.694652 0.434593 0.692841 0.435323 0.690194 0.438081 0.675011 0.446123 0.595040 0.446408 0.579970 0.446205 0.577366 0.445686 0.575618 0.444927 0.574994 0.368045 0.566797 0.367102 0.567384 0.366179 0.569099 0.365417 0.571682 0.364933 0.574738 0.354481 0.678676
0 0.199103 0.259614 0.199195 0.262090 0.199428 0.265111 0.209119 0.369138 0.209456 0.372223 0.209842 0.374880 0.210219 0.376706 0.210530 0.377422 0.290367 0.369984 0.290494 0.369490 0.290489 0.367859 0.290352 0.365340 0.290105 0.362315 0.280457 0.258764 0.280135 0.255673 0.279785 0.252966 0.279460 0.251053 0.279210 0.250227 0.199373 0.257665 0.199166 0.258061
