0 0.601764 0.735047 0.602231 0.736126 0.610494 0.737064 0.611198 0.726047 0.610689 0.725013 0.602464 0.724080
0 0.478271 0.462549 0.481773 0.470511 0.483250 0.473768 0.483623 0.473964 0.484193 0.473720 0.496984 0.463631 0.497421 0.463081 0.497476 0.462546 0.496088 0.459220 0.492502 0.451325
0 0.435931 0.389242 0.436454 0.391283 0.436563 0.391470 0.437630 0.393086 0.439080 0.394035 0.440692 0.394172 0.442221 0.393476 0.443433 0.392053 0.444145 0.390120 0.444247 0.387970 0.443725 0.385933 0.443628 0.385736 0.442559 0.384117 0.441107 0.383166 0.439492 0.383029 0.437961 0.383727 0.436747 0.385152 0.436034 0.387089
0 0.420909 0.593333 0.421829 0.604349 0.438354 0.601895 0.438636 0.601428 0.437720 0.590462 0.421271 0.592905
0 0.383501 0.461305 0.389831 0.481805 0.390336 0.481888 0.405640 0.473488 0.399340 0.453082 0.398876 0.452866
0 0.448971 0.348258 0.449205 0.348953 0.460470 0.365120 0.496845 0.320059 0.496831 0.319230 0.485513 0.302989
0 0.638750 0.620568 0.639533 0.624276 0.642797 0.627184 0.644424 0.626574 0.650930 0.624132 0.650129 0.620337 0.646697 0.617586 0.646271 0.617272 0.639115 0.619958
0 0.457352 0.419309 0.457737 0.420285 0.457941 0.420771 0.461917 0.425658 0.464548 0.428782 0.464940 0.428948 0.465341 0.428707 0.469147 0.423652 0.469310 0.423145 0.469142 0.422683 0.468545 0.421074 0.465777 0.418122 0.461848 0.414123 0.461434 0.413913 0.460968 0.414036 0.458522 0.415629 0.457416 0.418732
0 0.318383 0.668002 0.318405 0.668283 0.318458 0.668858 0.318534 0.669637 0.318623 0.670503 0.321601 0.699142 0.321687 0.699957 0.321757 0.700591 0.321801 0.700947 0.321812 0.700972 0.338702 0.696880 0.338705 0.696851 0.338674 0.696494 0.338612 0.695861 0.338529 0.695050 0.335569 0.666578 0.335478 0.665717 0.335393 0.664944 0.335329 0.664376 0.335293 0.664100
0 0.676366 0.606038 0.686729 0.611300 0.701837 0.617868 0.703423 0.612650 0.704530 0.607340 0.699168 0.604753 0.680287 0.596167 0.679034 0.595611
