0 0.565376 0.470747 0.565440 0.472203 0.565565 0.475034 0.566969 0.478898 0.569376 0.481751 0.572419 0.483159 0.573511 0.483074 0.575634 0.482907 0.575937 0.482839 0.578847 0.480958 0.580996 0.477736 0.581696 0.475046 0.581915 0.473708 0.581991 0.472202 0.581866 0.469359 0.580456 0.465480 0.578039 0.462615 0.576022 0.461682 0.574856 0.461268 0.573888 0.461287 0.571757 0.461454 0.571470 0.461608 0.568572 0.463481 0.566432 0.466691 0.565734 0.469370
0 0.569069 0.577524 0.569616 0.579550 0.570704 0.581142 0.570826 0.581281 0.572290 0.582199 0.573905 0.582299 0.575427 0.581568 0.576623 0.580115 0.577311 0.578163 0.577387 0.576009 0.576838 0.573980 0.575749 0.572385 0.575618 0.572261 0.574157 0.571345 0.572544 0.571245 0.571025 0.571975 0.569831 0.573425 0.569144 0.575374
0 0.549856 0.380868 0.550613 0.385153 0.553642 0.402292 0.556856 0.401283 0.566496 0.398254 0.569710 0.397244 0.571677 0.394354 0.570899 0.389949 0.567785 0.372325 0.551264 0.377516
0 0.475006 0.611532 0.481729 0.618134 0.487671 0.607377 0.487812 0.606150 0.487451 0.603553 0.487315 0.603267 0.486895 0.602726 0.486257 0.602013 0.485496 0.601235 0.484727 0.600511 0.484066 0.599948 0.483614 0.599634 0.483440 0.599615 0.481166 0.599624 0.475292 0.610258
0 0.578428 0.603836 0.578454 0.605074 0.578854 0.616092 0.578921 0.617387 0.579019 0.618548 0.579133 0.619399 0.579247 0.619809 0.581558 0.622611 0.584894 0.622395 0.584085 0.600156 0.583124 0.599011 0.579827 0.599225 0.578509 0.602237 0.578448 0.602840
0 0.471144 0.567209 0.472060 0.569070 0.483622 0.572264 0.486073 0.572600 0.486213 0.572557 0.486650 0.572242 0.487317 0.571703 0.488113 0.571022 0.488916 0.570303 0.489601 0.569658 0.490065 0.569184 0.490236 0.568954 0.490709 0.565397 0.485272 0.554359 0.471473 0.566441
0 0.410544 0.391154 0.411607 0.400980 0.413213 0.401526 0.417614 0.393648 0.417766 0.393158 0.417923 0.392439 0.418044 0.391684 0.418097 0.391093 0.418067 0.390826 0.417022 0.386389 0.416365 0.385686 0.413703 0.384780 0.411027 0.388595 0.410871 0.389083 0.410712 0.389804 0.410592 0.390562
0 0.531720 0.432768 0.537714 0.437669 0.538771 0.438533 0.553394 0.448878 0.553527 0.448848 0.553859 0.448361 0.554340 0.447490 0.554896 0.446367 0.555223 0.445648 0.555625 0.444724 0.555896 0.444068 0.556185 0.443246 0.556267 0.442823 0.542726 0.430114 0.536724 0.425198 0.535664 0.424330 0.535516 0.424421 0.535091 0.425139 0.534455 0.426372 0.533705 0.427933 0.532953 0.429586 0.532312 0.431085 0.531879 0.432202
0 0.441219 0.547442 0.446390 0.614231 0.448640 0.614265 0.460871 0.610804 0.455770 0.544912 0.453535 0.545097
0 0.542944 0.592416 0.543141 0.592841 0.553913 0.610635 0.555045 0.611323 0.568297 0.572599 0.567985 0.572267 0.566858 0.571582 0.565318 0.571655 0.556970 0.572051 0.553749 0.572204 0.549797 0.572392
0 0.510747 0.396759 0.511982 0.399100 0.512150 0.399294 0.512659 0.399580 0.513431 0.399913 0.514350 0.400245 0.522378 0.402905 0.523306 0.403185 0.524106 0.403372 0.524656 0.403437 0.524873 0.403371 0.526786 0.402072 0.527034 0.401167 0.529447 0.388218 0.528670 0.387820 0.527050 0.387283 0.523809 0.386209 0.522188 0.385672 0.514085 0.382988 0.513259 0.382855 0.510846 0.395805
0 0.419078 0.495023 0.420481 0.500371 0.420806 0.501587 0.421456 0.502544 0.422331 0.503097 0.423299 0.503162 0.427316 0.503183 0.427482 0.503175 0.431651 0.501548 0.432561 0.501115 0.433277 0.500251 0.433691 0.499087 0.433739 0.497800 0.433588 0.492217 0.432534 0.486913 0.432210 0.485699 0.431561 0.484744 0.430688 0.484192 0.430530 0.484156 0.430520 0.484154 0.429552 0.484090 0.425198 0.484039 0.421367 0.485699 0.420455 0.486133 0.419737 0.487000 0.419322 0.488167 0.419273 0.489457
0 0.557374 0.542910 0.562928 0.551051 0.563072 0.551168 0.570977 0.544871 0.577255 0.537257 0.571544 0.528886 0.569585 0.528099
