0 0.500681 0.521401 0.500682 0.521438 0.501228 0.523468 0.502316 0.525065 0.503779 0.525985 0.505395 0.526089 0.506917 0.525360 0.508115 0.523910 0.508805 0.521959 0.508883 0.519805 0.508336 0.517775 0.508322 0.517744 0.507236 0.516150 0.505776 0.515231 0.504162 0.515128 0.502643 0.515855 0.501447 0.517303 0.500758 0.519251
0 0.377130 0.343737 0.377692 0.344451 0.390209 0.358801 0.422497 0.308733 0.422141 0.307855 0.409567 0.293439
0 0.571473 0.536758 0.571625 0.539851 0.571810 0.540982 0.572155 0.542192 0.572608 0.543294 0.573100 0.544119 0.574964 0.546859 0.592576 0.537116 0.596859 0.532527 0.593401 0.522523 0.591948 0.523340 0.573832 0.534470
0 0.460254 0.404145 0.472148 0.445427 0.472276 0.445676 0.479981 0.441729 0.468141 0.400636 0.467995 0.400180
0 0.571230 0.549777 0.573704 0.571465 0.574215 0.575814 0.575073 0.576690 0.591571 0.573244 0.588469 0.546848 0.586047 0.544598 0.585747 0.544578 0.585119 0.544639 0.584260 0.544772 0.583299 0.544957 0.575126 0.546664 0.574207 0.546872 0.573466 0.547074 0.573016 0.547237 0.572925 0.547339
0 0.513493 0.589928 0.513556 0.590342 0.529630 0.595996 0.533870 0.574563 0.533715 0.574222 0.517714 0.568594
0 0.423290 0.384387 0.431866 0.403375 0.432178 0.403818 0.446354 0.392435 0.437817 0.373534 0.437531 0.372952
0 0.457070 0.838363 0.466623 0.842390 0.469014 0.839228 0.469142 0.838920 0.469363 0.838144 0.469644 0.837017 0.472155 0.826427 0.472450 0.825125 0.472715 0.823852 0.472909 0.822802 0.473002 0.822135 0.472980 0.821951 0.471981 0.817491 0.462537 0.813509 0.457561 0.834496
0 0.545400 0.585382 0.545408 0.585477 0.545990 0.589684 0.547746 0.593280 0.549556 0.595352 0.550463 0.596183 0.551540 0.596494 0.553573 0.596632 0.556760 0.595877 0.559484 0.593570 0.560788 0.591704 0.561417 0.590508 0.561651 0.589085 0.562018 0.585880 0.561439 0.581668 0.561420 0.581575 0.559664 0.577974 0.556999 0.575532 0.553831 0.574622 0.550643 0.575382 0.547921 0.577694 0.546081 0.581207
0 0.425714 0.417237 0.425726 0.420937 0.425742 0.421036 0.425986 0.421531 0.426422 0.422346 0.426983 0.423357 0.427583 0.424409 0.428129 0.425340 0.428539 0.426008 0.428749 0.426312 0.429568 0.427159 0.432364 0.427933 0.456136 0.404161 0.455629 0.403053 0.450619 0.394147 0.427066 0.415885
0 0.588086 0.417564 0.592767 0.428694 0.594714 0.430100 0.595072 0.430021 0.595768 0.429522 0.596695 0.428680 0.597713 0.427624 0.598670 0.426510 0.599420 0.425508 0.599850 0.424769 0.599893 0.424406 0.599235 0.421575 0.591951 0.413289 0.591678 0.413328 0.591151 0.413688 0.590450 0.414314 0.589682 0.415111 0.588966 0.415955 0.588412 0.416718 0.588103 0.417283
