0 0.709704 0.777831 0.709723 0.778163 0.710145 0.779593 0.710904 0.781902 0.711886 0.784740 0.746500 0.882811 0.747562 0.885766 0.748549 0.888406 0.749312 0.890332 0.749733 0.891250 0.825345 0.864563 0.825427 0.864307 0.825090 0.862936 0.824385 0.860659 0.823418 0.857821 0.788646 0.759300 0.787572 0.756355 0.786561 0.753770 0.785769 0.751941 0.785315 0.751145
0 0.113724 0.213499 0.114111 0.215941 0.115059 0.218801 0.154338 0.315597 0.155696 0.318419 0.157247 0.320756 0.158756 0.322250 0.159992 0.322675 0.230330 0.292302 0.231049 0.291618 0.231197 0.289904 0.230753 0.287421 0.226489 0.273232 0.196267 0.198757 0.189098 0.184770 0.187558 0.182363 0.186065 0.180763 0.184845 0.180214 0.114770 0.211235 0.113955 0.211847
0 0.727964 0.150162 0.766505 0.161223 0.767732 0.159663 0.778844 0.120944 0.740125 0.109832 0.739025 0.111620
0 0.000000 0.610936 0.034661 0.591327 0.015559 0.556183 0.013334 0.556441 0.000000 0.573107
0 0.433978 0.313874 0.434280 0.314727 0.471375 0.329952 0.486600 0.292858 0.486538 0.291904 0.449273 0.276609
0 0.326628 0.944638 0.350625 0.976721 0.394036 0.950288 0.422613 0.925305 0.411168 0.907537 0.398457 0.893009 0.376748 0.906670 0.331460 0.940517
0 0.047870 0.318087 0.048155 0.358642 0.054352 0.360581 0.094351 0.360299 0.093788 0.280301 0.092857 0.279797 0.052766 0.280080
0 0.827803 0.286538 0.867894 0.287253 0.873022 0.284288 0.873748 0.243638 0.833098 0.242912 0.828519 0.246447
0 0.865113 0.062522 0.873066 0.109859 0.884958 0.115070 0.887103 0.115067 0.890663 0.114707 0.895100 0.114046 0.899744 0.113182 0.903894 0.112246 0.906922 0.111380 0.908365 0.110715 0.917282 0.098645 0.909238 0.050761 0.869334 0.057464
0 0.089179 0.366996 0.123741 0.439769 0.125466 0.440046 0.342786 0.336833 0.308381 0.264393 0.307499 0.263308
0 0.222465 0.816397 0.248811 0.821654 0.306063 0.826969 0.336035 0.826941 0.340509 0.778757 0.324954 0.768707 0.324270 0.768267 0.321861 0.767725 0.318099 0.767163 0.313552 0.766667 0.256963 0.761413 0.252304 0.761055 0.248220 0.760888 0.245330 0.760938 0.244077 0.761198 0.226938 0.768213
0 0.380458 0.874572 0.414217 0.909242 0.434110 0.892548 0.475305 0.852436 0.495936 0.829673 0.462178 0.795002 0.444437 0.800315 0.443852 0.800560 0.442040 0.802049 0.439281 0.804552 0.435991 0.807691 0.395272 0.847339 0.391938 0.850650 0.389052 0.853643 0.387051 0.855866 0.386243 0.856979
0 0.570598 0.745983 0.575338 0.802779 0.602501 0.827841 0.626248 0.830019 0.648687 0.798125 0.647350 0.782101 0.643925 0.741058 0.616687 0.715453 0.593056 0.714673
