0 0.326473 0.593270 0.329214 0.673430 0.329875 0.673542 0.331660 0.673592 0.408286 0.674097 0.411011 0.674077 0.414170 0.673987 0.417278 0.673843 0.419860 0.673665 0.421521 0.673482 0.422009 0.673322 0.419207 0.591580 0.418455 0.591538 0.416577 0.591546 0.340058 0.592662 0.337428 0.592718 0.334354 0.592815 0.331302 0.592937 0.328732 0.593067 0.327036 0.593184
0 0.199065 0.651890 0.199083 0.652717 0.229478 0.724717 0.230588 0.724981 0.232644 0.724699 0.235333 0.723916 0.249941 0.718460 0.323181 0.685356 0.336280 0.678288 0.338400 0.676897 0.339604 0.675705 0.339706 0.674894 0.308674 0.603182 0.307636 0.602816 0.305641 0.603009 0.302991 0.603732 0.300092 0.604875 0.204902 0.647901 0.202214 0.649283 0.200164 0.650684
0 0.036638 0.659619 0.085991 0.720675 0.086593 0.721114 0.088081 0.720750 0.090228 0.719639 0.092708 0.717949 0.176152 0.655105 0.178571 0.653106 0.180542 0.651115 0.181767 0.649435 0.182059 0.648324 0.133264 0.586847 0.132620 0.586521 0.131095 0.586983 0.128923 0.588161 0.116608 0.596219 0.052406 0.644572 0.040432 0.654805 0.038388 0.656803 0.037056 0.658493
0 0.367462 0.215563 0.367653 0.217624 0.368317 0.218680 0.441896 0.240776 0.442872 0.240649 0.444071 0.239374 0.445311 0.237146 0.451094 0.223422 0.475534 0.146854 0.478997 0.131612 0.479361 0.128812 0.479250 0.126679 0.478678 0.125539 0.404887 0.104109 0.403883 0.104119 0.402658 0.105293 0.401401 0.107452 0.400302 0.110269 0.368538 0.209784 0.367772 0.212809
0 0.212634 0.406641 0.229511 0.452168 0.232602 0.452715 0.307614 0.424908 0.290930 0.379901 0.288513 0.378512 0.279213 0.373991 0.278059 0.374144 0.275351 0.374915 0.271499 0.376186 0.267093 0.377765 0.229241 0.391796 0.224968 0.393436 0.221494 0.394880 0.219349 0.395908 0.218859 0.396365
0 0.821521 0.173378 0.821566 0.173783 0.824162 0.186445 0.867872 0.206281 0.872125 0.202886 0.905568 0.129195 0.861353 0.109129 0.848167 0.115169 0.847329 0.116511 0.845863 0.119316 0.843992 0.123154 0.842000 0.127444 0.825431 0.163952 0.823614 0.168056 0.822241 0.171365
0 0.656119 0.470209 0.668985 0.516453 0.680000 0.522626 0.682093 0.522889 0.683232 0.522671 0.685997 0.521985 0.689966 0.520937 0.694534 0.519685 0.698998 0.518424 0.702672 0.517345 0.704996 0.516615 0.705618 0.516344 0.712376 0.505864 0.699208 0.458539 0.694655 0.459487
0 0.219220 0.972651 0.251925 0.996634 0.275908 0.963929 0.278981 0.957566 0.246724 0.933912 0.223070 0.966169
0 0.745041 0.809065 0.764254 0.844149 0.767309 0.848127 0.809896 0.824806 0.811748 0.811776 0.811719 0.811381 0.810808 0.809430 0.809155 0.806217 0.807010 0.802232 0.804704 0.798089 0.802590 0.794423 0.800993 0.791795 0.800154 0.790604 0.787141 0.786010
0 0.745742 0.300322 0.772971 0.339851 0.786016 0.341407 0.787151 0.340676 0.789633 0.339009 0.793085 0.336660 0.796979 0.333988 0.800716 0.331403 0.803723 0.329303 0.805541 0.328008 0.805894 0.327714 0.809449 0.315047 0.781905 0.275060 0.748583 0.298014
0 0.717414 0.181753 0.737643 0.216374 0.772264 0.196145 0.773517 0.194746 0.753195 0.159966 0.718415 0.180288
0 0.417993 0.587673 0.434068 0.610506 0.441377 0.619516 0.458015 0.607531 0.473510 0.595134 0.457158 0.572501 0.449959 0.563419
0 0.519535 0.709776 0.519625 0.710742 0.555653 0.728758 0.573669 0.692729 0.573332 0.691846 0.537468 0.673913
0 0.610373 0.819246 0.610882 0.820715 0.645519 0.841280 0.666083 0.806643 0.665322 0.805238 0.630844 0.784767
0 0.369329 0.704296 0.401405 0.729113 0.426223 0.697037 0.451601 0.663071 0.451711 0.662698 0.420075 0.638221 0.371121 0.701494
0 0.525560 0.497304 0.527718 0.502551 0.549603 0.554721 0.560983 0.581330 0.579474 0.573668 0.598175 0.565730 0.585702 0.534342 0.562506 0.481806
0 0.243028 0.932110 0.275306 0.955843 0.305530 0.917222 0.327800 0.885450 0.312431 0.871918 0.295307 0.861559 0.280301 0.881292 0.246809 0.926834
