0 0.452242 0.500163 0.452298 0.502777 0.453406 0.506820 0.455590 0.509997 0.457391 0.511461 0.458388 0.512084 0.459487 0.512155 0.461744 0.512036 0.464780 0.510587 0.467164 0.507702 0.467186 0.507649 0.468553 0.503767 0.468698 0.499478 0.467595 0.495433 0.465412 0.492249 0.462483 0.490414 0.459253 0.490206 0.456215 0.491659 0.453833 0.494550 0.453801 0.494595 0.452754 0.497377 0.452289 0.498701
0 0.408004 0.375111 0.413995 0.400606 0.414978 0.401742 0.416601 0.402760 0.416892 0.402813 0.417499 0.402707 0.418329 0.402458 0.419256 0.402105 0.420142 0.401701 0.420851 0.401306 0.421277 0.400981 0.422855 0.398452 0.425302 0.372057 0.424808 0.369957 0.423939 0.368454
0 0.546855 0.388131 0.547101 0.388788 0.561561 0.396915 0.562066 0.396681 0.562784 0.395487 0.563919 0.391896 0.548531 0.383247 0.547977 0.384582
0 0.553249 0.577144 0.553255 0.577195 0.575609 0.589683 0.576400 0.590042 0.578333 0.589763 0.578491 0.589379 0.578742 0.588575 0.579046 0.587473 0.579358 0.586243 0.579628 0.585072 0.579816 0.584142 0.579894 0.583593 0.579849 0.583509 0.578424 0.581706 0.577634 0.581348 0.554286 0.573046 0.554201 0.573314 0.554050 0.573857 0.553857 0.574590 0.553652 0.575404 0.553464 0.576175 0.553322 0.576786
0 0.487929 0.528716 0.488550 0.532004 0.497223 0.538754 0.514099 0.500208 0.505426 0.493458 0.503029 0.494224 0.501765 0.497108 0.493883 0.515112 0.488326 0.527806 0.488041 0.528459
0 0.555535 0.591857 0.560213 0.613052 0.575821 0.607947 0.576433 0.607182 0.571738 0.585910 0.556219 0.591158
0 0.514831 0.597060 0.515322 0.601306 0.515383 0.601714 0.516491 0.604149 0.517062 0.605401 0.517947 0.606268 0.519670 0.607953 0.522813 0.608978 0.526011 0.608322 0.528777 0.606084 0.530690 0.602605 0.531459 0.598415 0.530967 0.594151 0.530843 0.593774 0.529739 0.591349 0.529221 0.590256 0.528289 0.589238 0.526573 0.587561 0.523443 0.586539 0.520258 0.587193 0.518438 0.588665 0.517533 0.589575 0.516856 0.590598 0.515597 0.592887
0 0.495567 0.381734 0.496251 0.385367 0.504773 0.392129 0.505189 0.391306 0.506878 0.387523 0.509411 0.381849 0.512788 0.374283 0.513225 0.373193 0.513347 0.372021 0.512645 0.371304 0.511210 0.370165 0.506905 0.366749 0.505470 0.365611 0.504747 0.365197 0.502267 0.366557 0.501992 0.367028 0.501579 0.367857 0.501091 0.368918 0.496830 0.378462 0.496342 0.379589 0.495931 0.380607 0.495659 0.381361
0 0.573284 0.501271 0.580773 0.505961 0.581145 0.505989 0.595280 0.465863 0.587756 0.461151 0.587354 0.461329
0 0.443376 0.430484 0.444050 0.433196 0.444295 0.433888 0.444839 0.434663 0.445599 0.435402 0.446460 0.435995 0.447294 0.436352 0.447972 0.436419 0.449900 0.435850 0.450605 0.435459 0.451166 0.434128 0.451336 0.433289 0.451532 0.430658 0.451218 0.429729 0.450498 0.428688 0.449483 0.427693 0.448329 0.426899 0.447213 0.426427 0.446306 0.426350 0.445748 0.426677 0.444097 0.428307 0.443529 0.429637
0 0.423663 0.495658 0.425517 0.517631 0.441996 0.515159 0.442229 0.515098 0.440382 0.493213 0.440142 0.493186
0 0.465786 0.581882 0.468608 0.589296 0.473071 0.598992 0.474814 0.602778 0.478097 0.608627 0.486608 0.601663 0.486343 0.596580 0.486261 0.596237 0.485994 0.595516 0.485583 0.594527 0.485088 0.593420 0.478954 0.580094 0.478450 0.579033 0.478011 0.578174 0.477704 0.577647 0.477575 0.577534 0.474296 0.574917
0 0.523140 0.515878 0.531512 0.531327 0.531741 0.531408 0.532311 0.531558 0.533136 0.531753 0.534089 0.531963 0.535024 0.532157 0.535797 0.532304 0.536291 0.532382 0.536430 0.532380 0.538571 0.530584 0.540159 0.517394 0.539700 0.517195 0.523401 0.513705
0 0.482144 0.570665 0.482182 0.570875 0.483211 0.571803 0.489039 0.577058 0.503286 0.588245 0.503567 0.587965 0.504028 0.587270 0.504370 0.586669 0.504839 0.585798 0.505195 0.585103 0.505721 0.583966 0.506097 0.583025 0.506267 0.582426 0.506205 0.582258 0.493113 0.568781 0.487300 0.563532 0.486273 0.562605 0.485917 0.563039 0.485306 0.564032 0.484534 0.565433 0.483716 0.567030 0.482975 0.568583 0.482423 0.569860
0 0.548909 0.511673 0.555041 0.532108 0.556593 0.533014 0.559745 0.531333 0.569201 0.526289 0.572352 0.524608 0.567309 0.507798 0.566048 0.503595 0.564236 0.503497 0.551975 0.510037
