0 0.404072 0.466434 0.410598 0.476570 0.411620 0.476837 0.413521 0.477047 0.413779 0.476913 0.414283 0.476471 0.414958 0.475789 0.415701 0.474970 0.421978 0.467785 0.422678 0.466951 0.423232 0.466226 0.423555 0.465720 0.423598 0.465510 0.424145 0.462499 0.417693 0.452479 0.416741 0.451930
0 0.560212 0.449489 0.576555 0.452594 0.576906 0.452376 0.578076 0.441431 0.561658 0.438311 0.561376 0.438593
0 0.488957 0.544154 0.489143 0.545227 0.496087 0.575720 0.496333 0.575761 0.496784 0.575713 0.497369 0.575583 0.498000 0.575391 0.498579 0.575166 0.499019 0.574942 0.499252 0.574755 0.499243 0.574632 0.495479 0.543101 0.495294 0.542030 0.494111 0.540018 0.493743 0.540001 0.493072 0.540106 0.492198 0.540319 0.491255 0.540606 0.490385 0.540925 0.489718 0.541228 0.489357 0.541468 0.488958 0.543962
0 0.621681 0.404471 0.624039 0.417314 0.626659 0.418739 0.627040 0.418659 0.627728 0.418464 0.628617 0.418184 0.636653 0.415561 0.637611 0.415238 0.638497 0.414919 0.639175 0.414653 0.639543 0.414480 0.641386 0.411261 0.641351 0.410077 0.640954 0.407914 0.640160 0.403589 0.639365 0.399264 0.639006 0.398300 0.622805 0.403589
0 0.564630 0.485308 0.564664 0.485883 0.564882 0.486207 0.568156 0.487492 0.570317 0.487689 0.570585 0.487557 0.570743 0.487060 0.571776 0.481860 0.571772 0.481075 0.571672 0.474202 0.571653 0.473568 0.571473 0.473086 0.570106 0.471153 0.568794 0.471060 0.567117 0.471716 0.566843 0.472011 0.566683 0.472572 0.564752 0.480836
0 0.504929 0.570018 0.504951 0.570340 0.512930 0.573448 0.515261 0.562810 0.515191 0.562522 0.507249 0.559429
0 0.477453 0.620594 0.478657 0.624596 0.480150 0.626632 0.480950 0.627459 0.481927 0.628254 0.483890 0.629374 0.487124 0.629423 0.490125 0.627818 0.491652 0.625827 0.492450 0.624589 0.492869 0.623458 0.493708 0.620840 0.493733 0.620357 0.493770 0.616063 0.492571 0.612077 0.490320 0.609007 0.489314 0.608433 0.487359 0.607318 0.484138 0.607270 0.481149 0.608868 0.478846 0.611870 0.477580 0.615818 0.477490 0.616283
0 0.545582 0.542727 0.551049 0.563509 0.551254 0.563765 0.566903 0.556447 0.561415 0.535581 0.561169 0.535439
0 0.531423 0.520387 0.531434 0.520663 0.532722 0.523092 0.533101 0.523359 0.562772 0.529765 0.564106 0.518775 0.537418 0.501736 0.535770 0.501380 0.535361 0.501364 0.533557 0.503181 0.533483 0.503426 0.533359 0.504132 0.533206 0.505188 0.533045 0.506437 0.531723 0.517326 0.531579 0.518581 0.531474 0.519655
0 0.562182 0.514370 0.568805 0.520983 0.569121 0.521079 0.589052 0.485595 0.582399 0.478952 0.582021 0.479048
0 0.573619 0.577086 0.576130 0.579272 0.577026 0.579802 0.577936 0.580096 0.581511 0.580687 0.588425 0.558368 0.588797 0.548526 0.580980 0.544959 0.580417 0.546812 0.573959 0.571975
