0 0.396155 0.622007 0.396249 0.625783 0.404560 0.633217 0.405433 0.631998 0.414641 0.613699 0.414053 0.612956 0.411312 0.610503 0.407199 0.606824 0.406407 0.606333 0.403587 0.607349 0.403353 0.607701 0.402944 0.608421 0.402419 0.609400 0.401861 0.610488 0.397219 0.619711 0.396714 0.620738 0.396340 0.621544
0 0.528187 0.559951 0.532447 0.569377 0.532596 0.569696 0.546800 0.558282 0.542520 0.548813 0.542326 0.548590
0 0.436715 0.454442 0.436741 0.454744 0.437407 0.459761 0.446929 0.463771 0.449115 0.456644 0.450103 0.452476 0.451644 0.445970 0.452631 0.441802 0.454018 0.433847 0.444496 0.429837 0.441655 0.433588 0.441426 0.434203 0.441137 0.435187 0.440833 0.436388 0.437276 0.451402 0.437004 0.452633 0.436807 0.453701
0 0.406020 0.373348 0.406154 0.374633 0.406647 0.375752 0.406874 0.376055 0.407649 0.376835 0.411314 0.380264 0.415113 0.381650 0.416052 0.381976 0.417014 0.381797 0.417851 0.381142 0.419280 0.378785 0.420983 0.375779 0.421693 0.372135 0.422291 0.368905 0.422157 0.367623 0.421666 0.366507 0.421655 0.366488 0.421474 0.366180 0.420698 0.365398 0.417430 0.362573 0.413216 0.360571 0.412274 0.360245 0.411310 0.360424 0.410471 0.361081 0.409885 0.362116 0.407739 0.367068 0.406264 0.372093
0 0.415915 0.412360 0.415959 0.412600 0.432044 0.417769 0.432133 0.417678 0.432267 0.417275 0.432426 0.416621 0.432586 0.415817 0.437614 0.388000 0.437751 0.387161 0.437846 0.386411 0.437884 0.385862 0.437859 0.385598 0.421774 0.380430 0.421676 0.380488 0.421533 0.380865 0.421368 0.381503 0.421205 0.382305 0.416154 0.410250 0.416020 0.411088 0.415936 0.411829
0 0.429193 0.523737 0.429487 0.525877 0.430373 0.527704 0.431716 0.528940 0.433312 0.529396 0.434917 0.529003 0.436287 0.527821 0.437214 0.526031 0.437556 0.523903 0.437261 0.521763 0.436375 0.519937 0.435032 0.518701 0.433437 0.518245 0.431832 0.518637 0.430462 0.519819 0.429535 0.521610
0 0.408458 0.516636 0.408649 0.517261 0.409021 0.518182 0.409516 0.519258 0.410058 0.520324 0.410565 0.521216 0.410958 0.521797 0.411179 0.521981 0.413062 0.522695 0.414055 0.522435 0.422376 0.515271 0.417898 0.506026 0.416948 0.506095 0.408532 0.513343
0 0.413953 0.475055 0.415357 0.476848 0.416146 0.477210 0.439520 0.485616 0.439533 0.485609 0.439625 0.485292 0.439782 0.484714 0.439981 0.483962 0.440191 0.483150 0.440380 0.482401 0.440520 0.481828 0.440589 0.481520 0.418331 0.469019 0.417543 0.468657 0.417478 0.468640 0.415544 0.468899 0.415375 0.469356 0.415114 0.470215 0.414801 0.471345 0.414484 0.472573 0.414211 0.473710 0.414025 0.474581
0 0.414498 0.417906 0.416222 0.426859 0.416416 0.427791 0.418094 0.435251 0.418983 0.439179 0.421088 0.440984 0.421473 0.440912 0.422155 0.440717 0.423032 0.440428 0.423970 0.440090 0.424828 0.439752 0.425477 0.439467 0.425817 0.439277 0.431737 0.434913 0.431863 0.434658 0.431999 0.434110 0.432125 0.433352 0.432221 0.432500 0.432273 0.431684 0.432272 0.431028 0.432219 0.430634 0.422478 0.414933 0.422196 0.414918 0.421175 0.415125 0.419784 0.415519 0.417566 0.416264 0.415743 0.416986 0.414918 0.417459
0 0.514319 0.375718 0.515307 0.397721 0.515920 0.397821 0.523607 0.397207 0.525050 0.396974 0.525317 0.396697 0.525400 0.395942 0.524512 0.376164 0.524359 0.375363 0.524062 0.374976 0.521522 0.374413
0 0.546885 0.531703 0.547870 0.544843 0.549973 0.547221 0.550228 0.547258 0.550823 0.547240 0.551667 0.547168 0.552632 0.547053 0.560921 0.545948 0.561857 0.545809 0.562616 0.545667 0.563084 0.545544 0.563189 0.545459 0.565040 0.543146 0.564043 0.529854 0.563311 0.529513
0 0.494158 0.422587 0.494376 0.427083 0.494505 0.428750 0.543925 0.424490 0.544953 0.422723 0.544735 0.418228 0.542684 0.416473 0.542549 0.416378 0.542051 0.416330 0.541265 0.416337 0.540310 0.416398 0.523490 0.417848 0.498261 0.420023 0.497296 0.420127 0.496481 0.420258 0.495939 0.420396 0.495753 0.420518
0 0.470453 0.431908 0.471349 0.436049 0.471368 0.436090 0.472779 0.438494 0.473461 0.439634 0.474419 0.440339 0.476211 0.441538 0.479422 0.442018 0.482526 0.440824 0.484239 0.439228 0.485094 0.438318 0.485623 0.437041 0.486612 0.434366 0.486972 0.430086 0.486963 0.430041 0.486067 0.425899 0.484050 0.422531 0.481221 0.420448 0.478008 0.419967 0.474902 0.421162 0.472376 0.423851 0.470813 0.427624
0 0.425230 0.587666 0.430791 0.608660 0.440238 0.604211 0.440921 0.603020 0.441692 0.600741 0.441706 0.600371 0.441592 0.599582 0.441367 0.598495 0.441066 0.597275 0.438311 0.586874 0.437978 0.585702 0.437664 0.584753 0.437415 0.584170 0.435424 0.582266 0.426084 0.586664
0 0.537834 0.441995 0.537940 0.444143 0.538653 0.446075 0.539867 0.447495 0.541396 0.448188 0.543008 0.448047 0.544456 0.447096 0.544533 0.447005 0.545600 0.445383 0.546120 0.443341 0.546015 0.441189 0.545300 0.439254 0.544084 0.437831 0.542552 0.437137 0.540938 0.437278 0.539487 0.438231 0.538420 0.439853 0.538354 0.439956
0 0.420320 0.467974 0.421717 0.471068 0.422056 0.471497 0.422485 0.471594 0.427358 0.470622 0.430853 0.469890 0.432062 0.469383 0.432387 0.469086 0.432455 0.468523 0.431313 0.461415 0.431076 0.460926 0.430683 0.460805 0.427234 0.461783 0.421943 0.463309 0.421192 0.463601 0.420826 0.463895 0.420647 0.464452
