0 0.628910 0.779306 0.631925 0.785840 0.640374 0.785906 0.640393 0.781400 0.637184 0.774967 0.635953 0.773820 0.635263 0.773510 0.634356 0.773300 0.633371 0.773221 0.632456 0.773285 0.631749 0.773482 0.628929 0.774903
0 0.521967 0.720716 0.522068 0.721732 0.542897 0.756295 0.549378 0.749352 0.549151 0.748209 0.528418 0.713805
0 0.485587 0.396710 0.485747 0.396907 0.485762 0.396893 0.486142 0.396275 0.485982 0.396077 0.485966 0.396091
0 0.567576 0.363511 0.572023 0.407137 0.580203 0.405654 0.581319 0.404342 0.576810 0.360109 0.568516 0.361612
0 0.524503 0.684975 0.524509 0.685989 0.524750 0.686444 0.526260 0.688574 0.535312 0.691518 0.535653 0.691393 0.536089 0.690813 0.536553 0.689866 0.536975 0.688698 0.537289 0.687486 0.537447 0.686419 0.537427 0.685657 0.537230 0.685318 0.529482 0.678229 0.527332 0.678166 0.526892 0.678354 0.526324 0.679140 0.525714 0.680404 0.525155 0.681955 0.524730 0.683559
0 0.334050 0.404896 0.336092 0.408354 0.339929 0.414843 0.340382 0.415587 0.344638 0.422340 0.345139 0.422528 0.346554 0.421545 0.348409 0.419770 0.349650 0.418340 0.350656 0.416916 0.351017 0.416196 0.350987 0.415259 0.347752 0.396752 0.347630 0.396418 0.347303 0.395968 0.346820 0.395472 0.346255 0.395005 0.345694 0.394639 0.345224 0.394430 0.344916 0.394409 0.337702 0.397827 0.337028 0.398233 0.336245 0.398890 0.335474 0.399697 0.334833 0.400531 0.334420 0.401263 0.334298 0.401782
0 0.416034 0.453437 0.416293 0.456060 0.416885 0.457318 0.417387 0.458062 0.418363 0.458288 0.420065 0.458625 0.420845 0.458430 0.421703 0.457936 0.422510 0.457217 0.423142 0.456382 0.423505 0.455557 0.424085 0.453185 0.424149 0.452031 0.423554 0.450778 0.423065 0.450020 0.421445 0.448611 0.420667 0.448415 0.419624 0.448663 0.418473 0.449319 0.417393 0.450282 0.416550 0.451404 0.416073 0.452512
0 0.427211 0.814945 0.427252 0.816001 0.427380 0.817291 0.427578 0.818617 0.429461 0.829438 0.429695 0.830593 0.429931 0.831397 0.431970 0.835088 0.433597 0.834584 0.459367 0.815182 0.459831 0.811579 0.457965 0.800857 0.429016 0.809813 0.427264 0.814283
0 0.342901 0.584233 0.342954 0.585013 0.343798 0.586144 0.345822 0.587250 0.346245 0.587405 0.346982 0.587064 0.347920 0.586276 0.348915 0.585162 0.349814 0.583893 0.350479 0.582666 0.350808 0.581668 0.350752 0.581050 0.349971 0.578391 0.349132 0.577257 0.348598 0.577083 0.346388 0.577093 0.345838 0.577357 0.345138 0.577950 0.344395 0.578782 0.343721 0.579726 0.343218 0.580642 0.342963 0.581389
0 0.584411 0.298732 0.585181 0.320775 0.634779 0.317697 0.635399 0.316858 0.634626 0.294713 0.584800 0.297805
0 0.685517 0.485629 0.685634 0.486473 0.685716 0.486820 0.686244 0.487906 0.687044 0.488640 0.687993 0.488910 0.694275 0.489182 0.694935 0.489205 0.695834 0.489226 0.696836 0.489240 0.697788 0.489247 0.698549 0.489245 0.699000 0.489234 0.701314 0.489109 0.701392 0.489091 0.704206 0.486683 0.704253 0.482178 0.695805 0.482022 0.690689 0.482029 0.690026 0.482091 0.688062 0.482276 0.687107 0.482511 0.686293 0.483215 0.685742 0.484281 0.685651 0.484789
0 0.455920 0.416847 0.464338 0.424012 0.467797 0.421363 0.468123 0.420844 0.468581 0.419996 0.469102 0.418947 0.475413 0.405765 0.475919 0.404670 0.476336 0.403690 0.476600 0.402975 0.476671 0.402633 0.477004 0.397556 0.468586 0.390392 0.465135 0.396159 0.458750 0.409496
0 0.455779 0.376510 0.455956 0.377005 0.463906 0.379993 0.468390 0.358794 0.468263 0.358226 0.460281 0.355225
0 0.337683 0.531084 0.337754 0.531754 0.338573 0.534769 0.348369 0.537509 0.349757 0.537166 0.353150 0.515596 0.352510 0.515352 0.344431 0.513093 0.343444 0.512882 0.341998 0.513001 0.340407 0.514892 0.340117 0.515615 0.339831 0.516684 0.339592 0.517937 0.337882 0.528809 0.337728 0.530049
