0 0.186117 0.509886 0.223037 0.525750 0.224303 0.525632 0.240094 0.488881 0.203343 0.473089 0.201981 0.472966
0 0.860632 0.920734 0.863113 0.960755 0.864784 0.962876 0.904989 0.960383 0.902497 0.920179 0.900652 0.918253
0 0.600185 0.450731 0.600847 0.458046 0.605922 0.493504 0.645838 0.488225 0.645358 0.480996 0.640059 0.445453
0 0.852821 0.802216 0.869130 0.838740 0.870825 0.840296 0.907517 0.823912 0.891133 0.787220 0.889345 0.785907
0 0.522729 0.343585 0.541943 0.378779 0.577137 0.359565 0.577492 0.358918 0.558190 0.323562 0.522834 0.342865
0 0.698092 0.752775 0.700382 0.755697 0.708467 0.756064 0.750720 0.717476 0.758184 0.708576 0.758567 0.707933 0.758976 0.705546 0.759348 0.701776 0.759626 0.697199 0.759768 0.692518 0.759751 0.688453 0.759578 0.685625 0.759278 0.684463 0.752553 0.677055 0.749667 0.675032 0.701716 0.672857
0 0.816826 0.684032 0.822984 0.689137 0.826718 0.691324 0.883692 0.685998 0.893204 0.684191 0.894310 0.683726 0.896426 0.681913 0.899231 0.679026 0.902294 0.675505 0.905145 0.671891 0.907346 0.668741 0.908562 0.666535 0.909517 0.654848 0.872136 0.623859 0.867884 0.622443
0 0.756094 0.737971 0.756124 0.744037 0.796098 0.746728 0.804844 0.693642 0.804189 0.657437 0.783146 0.655144 0.763950 0.654728 0.759915 0.681546
0 0.015697 0.552413 0.036962 0.596064 0.050600 0.599674 0.052017 0.599141 0.054864 0.597887 0.058704 0.596105 0.062957 0.594064 0.066982 0.592072 0.070170 0.590430 0.072039 0.589387 0.072300 0.589103 0.078214 0.577448 0.096656 0.523970 0.093152 0.516778 0.088449 0.516972
0 0.066989 0.702630 0.068105 0.738940 0.083845 0.790739 0.123428 0.784546 0.123155 0.778471 0.114379 0.722601 0.106836 0.696396 0.088232 0.698433
0 0.710927 0.025350 0.722098 0.080804 0.755411 0.102946 0.777553 0.069633 0.781412 0.063648 0.770085 0.007423 0.744920 0.000000 0.733068 0.000000 0.713860 0.018750
0 0.400889 0.685295 0.408296 0.741806 0.437287 0.765776 0.458880 0.766132 0.480485 0.733436 0.478396 0.717493 0.473044 0.676657 0.443940 0.652143 0.422530 0.653178
0 0.129339 0.731797 0.154185 0.740671 0.194304 0.750697 0.209967 0.754611 0.239994 0.759450 0.251727 0.712503 0.237331 0.699721 0.235087 0.698864 0.231489 0.697767 0.227083 0.696596 0.171946 0.682817 0.167383 0.681746 0.163336 0.680933 0.160418 0.680501 0.159075 0.680516 0.141071 0.684850
0 0.070342 0.288824 0.117576 0.299341 0.130198 0.284565 0.131180 0.282252 0.132306 0.278596 0.133405 0.274151 0.145757 0.218677 0.146667 0.214098 0.147254 0.210063 0.147428 0.207182 0.147162 0.205896 0.142366 0.188009 0.095131 0.177491 0.085557 0.202904 0.082048 0.218663 0.073061 0.259027
0 0.115517 0.505907 0.146769 0.531608 0.150806 0.531247 0.181295 0.494174 0.178679 0.482427 0.178394 0.481867 0.176737 0.480230 0.173963 0.477765 0.170493 0.474847 0.166851 0.471916 0.163586 0.469415 0.161192 0.467721 0.160035 0.467095 0.146359 0.468405
0 0.201773 0.673017 0.232819 0.699267 0.236492 0.696528 0.262381 0.665908 0.231762 0.640019 0.228023 0.641971
0 0.640797 0.796175 0.642425 0.799599 0.690969 0.800633 0.698590 0.791043 0.698872 0.790508 0.699151 0.788212 0.699384 0.784501 0.699535 0.779942 0.699581 0.775236 0.699515 0.771106 0.699347 0.768183 0.699104 0.766911 0.689638 0.757206 0.641649 0.756184
0 0.892618 0.175459 0.894174 0.181157 0.897343 0.185433 0.902081 0.189795 0.907461 0.192547 0.911404 0.193110 0.917396 0.192851 0.923088 0.189608 0.927607 0.183866 0.930254 0.176498 0.930618 0.168638 0.928642 0.161497 0.924636 0.156169 0.919219 0.153467 0.915279 0.152856 0.909284 0.153182 0.903112 0.156075 0.898581 0.158711 0.895000 0.163319 0.892908 0.169198
0 0.086938 0.596865 0.089865 0.607268 0.091485 0.608944 0.096593 0.611713 0.106920 0.612749 0.109358 0.611919 0.112545 0.609034 0.115993 0.604528 0.119173 0.599094 0.121593 0.593570 0.122883 0.588803 0.122850 0.585524 0.116531 0.577639 0.114860 0.576030 0.109773 0.573244 0.098899 0.576423 0.097082 0.577087 0.094712 0.579274 0.092146 0.582651 0.089773 0.586707 0.087950 0.590830 0.086954 0.594396
0 0.662422 0.138087 0.662640 0.145907 0.665833 0.153049 0.671517 0.158424 0.678824 0.161216 0.686644 0.160998 0.693785 0.157805 0.699160 0.152122 0.699503 0.151523 0.702300 0.144203 0.702082 0.136370 0.698883 0.129216 0.693190 0.123832 0.685870 0.121035 0.678037 0.121253 0.670883 0.124451 0.665499 0.130144 0.665215 0.130780
0 0.118793 0.298370 0.162238 0.366215 0.163787 0.366829 0.366391 0.237089 0.365775 0.235878 0.322330 0.168033
0 0.447465 0.418277 0.457916 0.489388 0.459176 0.496541 0.699139 0.459881 0.698877 0.452576 0.685965 0.381840
