0 0.486311 0.418931 0.486500 0.420046 0.493745 0.425377 0.501742 0.406057 0.501766 0.404747 0.494420 0.399342
0 0.454676 0.506864 0.454684 0.507009 0.454796 0.507439 0.454994 0.508087 0.456917 0.513887 0.460370 0.523968 0.460576 0.523930 0.475626 0.514741 0.470507 0.499711 0.470238 0.498942 0.469997 0.498283 0.469822 0.497835 0.469738 0.497667 0.466382 0.498502 0.457345 0.504020
0 0.640365 0.355343 0.640479 0.356333 0.640761 0.357501 0.641170 0.358671 0.641642 0.359666 0.642107 0.360335 0.642494 0.360577 0.644364 0.360632 0.645103 0.360178 0.665874 0.345001 0.666062 0.344838 0.666131 0.344388 0.666071 0.343719 0.665891 0.342934 0.665618 0.342151 0.665294 0.341492 0.664969 0.341057 0.664692 0.340912 0.642695 0.352006 0.641955 0.352460 0.641622 0.352773 0.640437 0.354680
0 0.542844 0.658286 0.543342 0.660126 0.544374 0.663939 0.544548 0.664378 0.544924 0.665179 0.545443 0.666222 0.546027 0.667347 0.546586 0.668380 0.547034 0.669163 0.547302 0.669576 0.550223 0.670961 0.558701 0.662975 0.556017 0.655523 0.551255 0.646533 0.543163 0.654154
0 0.636869 0.296184 0.649755 0.310033 0.650444 0.309159 0.660879 0.291899 0.647934 0.277986 0.647256 0.279004
0 0.378677 0.591242 0.378751 0.595694 0.381179 0.597570 0.381587 0.597664 0.382309 0.597713 0.383234 0.597711 0.391564 0.597465 0.392548 0.597411 0.393438 0.597314 0.394098 0.597189 0.394428 0.597055 0.396643 0.594113 0.396570 0.589712 0.380064 0.590199
0 0.560589 0.610383 0.565626 0.631404 0.565928 0.632009 0.581766 0.625261 0.576706 0.604144 0.576354 0.603667
0 0.385228 0.523873 0.385616 0.525968 0.386576 0.527704 0.387961 0.528819 0.389561 0.529142 0.389751 0.529092 0.391319 0.528575 0.392619 0.527298 0.393454 0.525454 0.393696 0.523325 0.393308 0.521235 0.392350 0.519501 0.390968 0.518388 0.389371 0.518065 0.389180 0.518097 0.387609 0.518614 0.386307 0.519894 0.385471 0.521740
0 0.530763 0.753986 0.538277 0.762756 0.542500 0.758963 0.544695 0.755620 0.550316 0.747058 0.553782 0.739141 0.546268 0.730370 0.542524 0.732099 0.542121 0.732381 0.541557 0.733018 0.540919 0.733912 0.533194 0.745679 0.532575 0.746699 0.532067 0.747694 0.531747 0.748514
0 0.557102 0.459717 0.557553 0.462752 0.557625 0.462959 0.557980 0.463451 0.558565 0.464151 0.559290 0.464954 0.565738 0.471867 0.566496 0.472653 0.567174 0.473306 0.567669 0.473727 0.567906 0.473851 0.569984 0.473526 0.570630 0.473282 0.576902 0.462881 0.576340 0.462141 0.575039 0.460745 0.565928 0.450978 0.564626 0.449583 0.563901 0.448944 0.563316 0.449411 0.562727 0.450327 0.561692 0.452043 0.557554 0.458905
0 0.306480 0.648088 0.306555 0.648457 0.307344 0.651502 0.310144 0.653272 0.316236 0.657020 0.322596 0.660871 0.323139 0.660393 0.324114 0.658413 0.325211 0.655618 0.325856 0.653647 0.326281 0.651939 0.326356 0.651241 0.317067 0.635459 0.316838 0.635349 0.316387 0.635240 0.315783 0.635149 0.315119 0.635091 0.314496 0.635073 0.314010 0.635099 0.313734 0.635164 0.308313 0.643026 0.307827 0.643927 0.307331 0.645059 0.306900 0.646249 0.306602 0.647313
0 0.544387 0.579012 0.544573 0.582695 0.545092 0.583657 0.545288 0.583950 0.545727 0.584560 0.546343 0.585396 0.547041 0.586329 0.547714 0.587216 0.548258 0.587921 0.548591 0.588336 0.548662 0.588399 0.551351 0.588706 0.563335 0.572849 0.565720 0.569656 0.559734 0.561707 0.558369 0.560296
0 0.404656 0.297564 0.412192 0.317326 0.412594 0.318163 0.442100 0.298161 0.441834 0.297232 0.434298 0.277470
0 0.524167 0.314340 0.545489 0.373948 0.560391 0.364472 0.560669 0.363850 0.539249 0.303967 0.524278 0.313487
0 0.690892 0.509953 0.706187 0.526744 0.707134 0.526867 0.711010 0.527370 0.712891 0.527000 0.713427 0.526132 0.721463 0.513118 0.721751 0.509978 0.706098 0.492794 0.705138 0.492827 0.702311 0.492926 0.701386 0.492959 0.699287 0.496357
0 0.623744 0.596467 0.631951 0.603864 0.633476 0.605065 0.635385 0.603872 0.635840 0.603391 0.636396 0.602573 0.636968 0.601543 0.637467 0.600460 0.637818 0.599490 0.637966 0.598781 0.638153 0.595841 0.629851 0.588358 0.628367 0.587348
0 0.634918 0.707112 0.635460 0.707944 0.651312 0.714408 0.656159 0.693272 0.655535 0.692499 0.639746 0.686061
0 0.342951 0.255440 0.343220 0.256836 0.343870 0.257973 0.345731 0.260997 0.345862 0.261175 0.348598 0.263242 0.351746 0.263725 0.354828 0.262548 0.357373 0.259891 0.358992 0.256158 0.359438 0.251918 0.358644 0.247819 0.356732 0.244486 0.356608 0.244297 0.353868 0.242235 0.350718 0.241759 0.348096 0.241672 0.347048 0.242074 0.346183 0.242979 0.345743 0.243885 0.343481 0.249326 0.343033 0.253562
0 0.471642 0.541691 0.471662 0.542232 0.471762 0.542485 0.487424 0.547603 0.487600 0.547535 0.487812 0.547150 0.488029 0.546509 0.488217 0.545709 0.493633 0.517885 0.493763 0.517053 0.493813 0.516320 0.493777 0.515800 0.493659 0.515571 0.478033 0.510267 0.477865 0.510368 0.477659 0.510779 0.477446 0.511439 0.476457 0.515374 0.472291 0.536782 0.471703 0.540945
0 0.609589 0.330471 0.609700 0.331879 0.609757 0.332600 0.610029 0.333675 0.610557 0.335758 0.611863 0.339469 0.613482 0.343182 0.615174 0.346350 0.615687 0.347079 0.616689 0.348502 0.617800 0.349306 0.620320 0.347353 0.620864 0.346663 0.621006 0.345927 0.620961 0.345150 0.620441 0.342106 0.620150 0.340918 0.618897 0.337323 0.617325 0.333717 0.616679 0.332519 0.614792 0.329435 0.614221 0.328643 0.613171 0.327954 0.612616 0.327742 0.610084 0.329705
0 0.373714 0.379377 0.375158 0.380756 0.376742 0.381378 0.386993 0.373929 0.388705 0.371672 0.388982 0.371127 0.389292 0.370192 0.389589 0.369011 0.389829 0.367762 0.389975 0.366632 0.390004 0.365793 0.389912 0.365374 0.389325 0.363371 0.388046 0.361791 0.378433 0.358016
0 0.499836 0.596982 0.509323 0.601285 0.511474 0.599364 0.511551 0.599256 0.511738 0.598684 0.512008 0.597735 0.512319 0.596553 0.515002 0.586037 0.515306 0.584807 0.515555 0.583721 0.515712 0.582944 0.515752 0.582596 0.514533 0.579286 0.505155 0.575033 0.499838 0.595874
0 0.332447 0.483145 0.348981 0.521747 0.351537 0.520100 0.356600 0.516836 0.360444 0.513144 0.359335 0.509413 0.358951 0.508224 0.346608 0.479409 0.346050 0.478397 0.343932 0.474594 0.336127 0.479136
