0 0.865792 0.969711 0.866213 0.977614 0.867364 0.988701 0.868777 0.996421 0.870045 0.998084 0.902547 0.996121 0.906031 0.995864 0.950980 0.992256 0.958656 0.983533 0.959203 0.981984 0.959464 0.978830 0.959398 0.974551 0.959015 0.969804 0.958373 0.965318 0.957573 0.961782 0.944170 0.927200 0.942855 0.926260 0.940592 0.925181 0.937725 0.924127 0.934695 0.923259 0.931965 0.922711 0.929951 0.922566 0.928960 0.922845 0.867545 0.958126 0.866141 0.959873 0.865829 0.962776
0 0.613235 0.099229 0.613344 0.100575 0.619880 0.102059 0.630449 0.103256 0.638519 0.103685 0.646148 0.103627 0.649743 0.103287 0.653544 0.101788 0.686860 0.039562 0.687176 0.037526 0.686958 0.034779 0.686237 0.031740 0.685124 0.028875 0.683789 0.026622 0.682437 0.025326 0.650434 0.011734 0.647525 0.010897 0.643412 0.010229 0.638728 0.009833 0.634191 0.009772 0.630497 0.010052 0.628212 0.010632 0.619904 0.018271 0.619427 0.020044 0.614640 0.063290 0.614398 0.066772
0 0.779872 0.361689 0.784674 0.372174 0.824255 0.390897 0.827490 0.392270 0.839861 0.397069 0.858299 0.404160 0.858770 0.404184 0.861092 0.400379 0.863592 0.395480 0.867467 0.386717 0.871500 0.376904 0.873660 0.371211 0.874823 0.367560 0.874777 0.367011 0.824161 0.314627 0.822866 0.313769 0.820571 0.313153 0.817625 0.312873 0.814479 0.312973 0.811616 0.313437 0.809472 0.314194 0.808375 0.315128 0.789440 0.339496 0.789060 0.340097 0.788011 0.342290 0.786455 0.345741 0.784627 0.349923 0.782805 0.354207 0.781262 0.357946 0.780232 0.360573
0 0.011377 0.362033 0.023500 0.376032 0.023727 0.376206 0.025637 0.377032 0.028942 0.378386 0.033139 0.380059 0.086369 0.401073 0.090798 0.402804 0.094765 0.404322 0.097663 0.405394 0.099051 0.405857 0.117468 0.403915 0.135237 0.358904 0.111876 0.349658 0.059259 0.328887 0.029146 0.317022
0 0.560275 0.840790 0.561513 0.866267 0.562481 0.882122 0.564962 0.922731 0.567230 0.954636 0.615531 0.951685 0.623083 0.934776 0.623190 0.934432 0.623168 0.932296 0.623021 0.928691 0.622770 0.924167 0.619280 0.867047 0.618966 0.862314 0.618636 0.858115 0.618343 0.855091 0.618130 0.853703 0.608576 0.837839
0 0.451299 0.811328 0.455984 0.829244 0.503153 0.840054 0.509601 0.814825 0.522445 0.758780 0.528632 0.728878 0.481464 0.718068 0.469444 0.732156 0.469279 0.732745 0.468729 0.735035 0.467878 0.738673 0.466856 0.743107 0.454160 0.798504 0.453117 0.803081 0.452208 0.807123 0.451569 0.810020
0 0.193065 0.167285 0.196051 0.174530 0.196574 0.175089 0.202095 0.180631 0.209317 0.183637 0.217140 0.183651 0.224372 0.180670 0.229914 0.175148 0.232920 0.167926 0.232934 0.160103 0.229952 0.152871 0.229487 0.152274 0.223957 0.146723 0.216722 0.143711 0.208886 0.143697 0.201641 0.146684 0.196090 0.152214 0.193079 0.159449
0 0.393213 0.916505 0.393890 0.924315 0.397505 0.931271 0.403506 0.936315 0.410981 0.938678 0.418792 0.938001 0.425748 0.934385 0.430792 0.928384 0.433154 0.920909 0.433269 0.920185 0.432593 0.912389 0.428984 0.905444 0.422993 0.900409 0.415531 0.898051 0.407734 0.898726 0.400790 0.902336 0.395754 0.908327 0.393396 0.915789
0 0.579578 0.415613 0.583648 0.420059 0.593358 0.424792 0.593526 0.424656 0.595459 0.422904 0.598869 0.419796 0.603235 0.415807 0.607887 0.411549 0.612108 0.407679 0.615247 0.404792 0.616830 0.403327 0.612972 0.393212 0.608894 0.388756 0.597245 0.387827 0.596035 0.388906 0.593664 0.391054 0.590493 0.393945 0.587007 0.397135 0.583744 0.400133 0.581203 0.402481 0.579772 0.403820 0.579664 0.403950
0 0.632636 0.808989 0.632907 0.816807 0.633136 0.817353 0.636384 0.824484 0.642114 0.829829 0.649453 0.832576 0.657285 0.832303 0.664416 0.829056 0.669761 0.823325 0.672508 0.815986 0.672235 0.808155 0.668988 0.801023 0.668697 0.800506 0.662977 0.795170 0.655650 0.792429 0.647832 0.792700 0.640713 0.795943 0.635377 0.801663
0 0.729720 0.686223 0.729898 0.690659 0.731351 0.695993 0.733574 0.701995 0.737379 0.705669 0.741990 0.706858 0.746786 0.707655 0.754857 0.705704 0.758903 0.703947 0.762548 0.700069 0.765243 0.694659 0.766583 0.688536 0.766365 0.682624 0.764621 0.677815 0.761610 0.674841 0.755210 0.669158 0.750591 0.668015 0.745807 0.667154 0.740730 0.669294 0.735511 0.674685 0.732761 0.677574 0.730726 0.681627
0 0.850538 0.884666 0.850639 0.888266 0.850975 0.892747 0.851494 0.897434 0.852119 0.901619 0.852755 0.904670 0.853306 0.906118 0.864661 0.915725 0.913006 0.911215 0.909248 0.870927 0.904571 0.866688 0.856778 0.871146 0.850687 0.882494
0 0.842249 0.048809 0.844008 0.088770 0.891961 0.086659 0.902401 0.075870 0.902892 0.074391 0.903229 0.071293 0.903358 0.067048 0.903261 0.062303 0.902951 0.057789 0.902476 0.054200 0.901910 0.052082 0.894714 0.041458 0.846206 0.043592
0 0.678630 0.885059 0.680695 0.889510 0.719175 0.902021 0.734187 0.855845 0.727832 0.843182 0.726660 0.842446 0.723924 0.841257 0.720046 0.839796 0.715611 0.838284 0.711289 0.836949 0.707732 0.835993 0.705479 0.835560 0.704877 0.835719 0.693470 0.839411
0 0.593054 0.488566 0.620457 0.517704 0.622132 0.517950 0.651676 0.490166 0.623891 0.460622 0.622192 0.461162
0 0.266490 0.209248 0.266580 0.210881 0.267332 0.213240 0.268631 0.215964 0.318698 0.307646 0.320337 0.310303 0.322058 0.312471 0.323595 0.313818 0.324716 0.314141 0.392190 0.275658 0.392670 0.274939 0.392489 0.273254 0.391676 0.270861 0.385586 0.257314 0.347064 0.186773 0.338581 0.173634 0.336865 0.171395 0.335331 0.169940 0.334214 0.169493 0.267075 0.208588
0 0.910014 0.828844 0.910349 0.830941 0.911110 0.833682 0.912183 0.836650 0.951116 0.933586 0.952328 0.936308 0.953489 0.938352 0.954419 0.939406 0.954979 0.939312 1.000000 0.912851 1.000000 0.867264 0.993647 0.817040 0.987549 0.803822 0.986402 0.801709 0.985491 0.800552 0.984955 0.800528 0.910156 0.827710
0 0.340175 0.107495 0.366890 0.182938 0.367610 0.183196 0.369375 0.183008 0.371916 0.182403 0.374846 0.181473 0.473367 0.146747 0.476220 0.145640 0.478543 0.144530 0.479981 0.143589 0.480316 0.142959 0.454260 0.067284 0.453463 0.067124 0.451631 0.067396 0.449046 0.068058 0.434452 0.072540 0.358648 0.099258 0.344566 0.104883 0.342174 0.105976 0.340631 0.106893
0 0.203294 0.794419 0.203581 0.794948 0.204921 0.795940 0.207110 0.797244 0.220298 0.804359 0.292404 0.840059 0.306236 0.846322 0.308667 0.847306 0.310369 0.847819 0.311082 0.847785 0.346659 0.775927 0.346247 0.775415 0.344806 0.774440 0.342556 0.773153 0.339840 0.771747 0.246638 0.725602 0.243850 0.724282 0.241395 0.723241 0.239647 0.722636 0.238872 0.722561
