0 0.513951 0.316771 0.514050 0.317210 0.514369 0.317977 0.514859 0.318954 0.515446 0.319994 0.516040 0.320940 0.516553 0.321648 0.516906 0.322012 0.519349 0.323264 0.527111 0.315057 0.527745 0.310731 0.522496 0.301905 0.514553 0.310304 0.514113 0.314640
0 0.380782 0.321769 0.393461 0.335948 0.393830 0.336117 0.406908 0.315329 0.407185 0.314877 0.407447 0.314423 0.407694 0.313969 0.407920 0.313523 0.408123 0.313092 0.405591 0.310260 0.395462 0.298932 0.394187 0.298046 0.393901 0.298426 0.393614 0.298837 0.393329 0.299272 0.393053 0.299723 0.392787 0.300188
0 0.295345 0.680710 0.310536 0.690392 0.311079 0.690408 0.334749 0.629409 0.334320 0.629120 0.319357 0.619584
0 0.340142 0.319201 0.340416 0.323639 0.343133 0.326816 0.343529 0.327023 0.344240 0.327158 0.345159 0.327198 0.346146 0.327140 0.354392 0.326235 0.355301 0.326086 0.355997 0.325868 0.356373 0.325615 0.358695 0.323850 0.358424 0.319462 0.356787 0.317375
0 0.567760 0.636709 0.568195 0.637647 0.574290 0.650781 0.574726 0.651719 0.575767 0.653834 0.576121 0.654552 0.578625 0.655644 0.595867 0.641418 0.594089 0.637587 0.586976 0.622261 0.586571 0.621691 0.585378 0.620014 0.584987 0.619466 0.568140 0.633366
0 0.364384 0.250433 0.374305 0.273651 0.375742 0.276238 0.377670 0.276070 0.378275 0.275965 0.379065 0.275600 0.379922 0.275032 0.380716 0.274346 0.381328 0.273645 0.382914 0.270789 0.381096 0.244301 0.380279 0.242388 0.378895 0.239410
0 0.327970 0.456423 0.328109 0.456968 0.328555 0.457573 0.340558 0.469259 0.341056 0.469573 0.341320 0.469421 0.342341 0.467933 0.346883 0.459639 0.347034 0.458893 0.333681 0.445891 0.328490 0.453250
0 0.483176 0.551915 0.488429 0.572984 0.491071 0.581739 0.491538 0.583285 0.492010 0.583058 0.492935 0.582580 0.494171 0.581923 0.495529 0.581189 0.496799 0.580491 0.497785 0.579936 0.498337 0.579610 0.498373 0.579560 0.497907 0.578017 0.495732 0.570822 0.495266 0.569281 0.488115 0.549275 0.488074 0.549267 0.487663 0.549461 0.487232 0.549681 0.486573 0.550024 0.486023 0.550315 0.485046 0.550843 0.484161 0.551333 0.483505 0.551710
0 0.682255 0.668408 0.683055 0.690396 0.683896 0.691270 0.700463 0.690198 0.699658 0.668109 0.698745 0.667341
0 0.383708 0.269027 0.385037 0.271667 0.399421 0.282472 0.404284 0.270965 0.403153 0.266512 0.402860 0.266079 0.402279 0.265462 0.401499 0.264756 0.400640 0.264068 0.393381 0.258616 0.392576 0.258053 0.391951 0.257705 0.391601 0.257622 0.388626 0.257386
0 0.301612 0.673210 0.301621 0.674265 0.301855 0.675468 0.302279 0.676636 0.302827 0.677588 0.303415 0.678178 0.303953 0.678318 0.312571 0.675313 0.313229 0.674767 0.314560 0.672742 0.314827 0.671750 0.314799 0.670350 0.314479 0.668756 0.313917 0.667207 0.313197 0.665936 0.312427 0.665136 0.311724 0.664928 0.309687 0.665006 0.309021 0.665530 0.301828 0.672464
0 0.455352 0.505795 0.463190 0.525488 0.463528 0.525254 0.463611 0.525196 0.464382 0.524651 0.470216 0.520523 0.470558 0.519035 0.469010 0.515146 0.465914 0.507368 0.464366 0.503479 0.463592 0.501535 0.462476 0.501079 0.461954 0.501094 0.456039 0.505279
0 0.383900 0.720593 0.383935 0.722661 0.384467 0.726910 0.386160 0.730595 0.387381 0.733007 0.388265 0.733880 0.389323 0.734237 0.391861 0.734206 0.395004 0.733579 0.397705 0.731372 0.397807 0.731215 0.399653 0.727764 0.400365 0.723595 0.399832 0.719341 0.398136 0.715653 0.395536 0.713095 0.392430 0.712053 0.389290 0.712686 0.386595 0.714896 0.386486 0.715043 0.384769 0.717999 0.384142 0.719174
0 0.433414 0.259704 0.433436 0.259804 0.433715 0.259919 0.435230 0.258564 0.435208 0.258463 0.435096 0.258408 0.434957 0.258350 0.434938 0.258346 0.434930 0.258347 0.434914 0.258349 0.434891 0.258359 0.434870 0.258373 0.433960 0.259187 0.433506 0.259594
0 0.444238 0.551866 0.478730 0.599909 0.490741 0.584580 0.490783 0.584192 0.456450 0.536369 0.456249 0.536536
