0 0.468199 0.577035 0.468202 0.577105 0.469258 0.581431 0.470591 0.582846 0.473338 0.582558 0.473376 0.582532 0.475438 0.579080 0.481621 0.568725 0.483682 0.565273 0.483670 0.565210 0.483614 0.565102 0.483514 0.564950 0.483374 0.564756 0.479944 0.561115 0.478900 0.560007 0.478739 0.559881 0.478619 0.559799 0.478540 0.559764 0.478505 0.559777 0.476444 0.563228 0.470260 0.573583
0 0.582227 0.352211 0.582380 0.356514 0.583757 0.360411 0.585086 0.362728 0.585895 0.363709 0.586924 0.364202 0.589187 0.364766 0.592414 0.364562 0.595337 0.362727 0.595398 0.362638 0.597573 0.359449 0.598667 0.355394 0.598513 0.351088 0.597136 0.347189 0.594744 0.344289 0.591703 0.342830 0.588474 0.343035 0.585549 0.344871 0.583375 0.348060 0.583321 0.348158 0.583267 0.348256 0.583077 0.348603 0.582707 0.349976
0 0.421033 0.459901 0.422813 0.470727 0.423166 0.470861 0.439331 0.466137 0.437559 0.455361 0.437272 0.455155
0 0.578947 0.586706 0.588167 0.604994 0.588981 0.605964 0.597287 0.598520 0.597401 0.594834 0.597208 0.594341 0.596829 0.593515 0.596321 0.592481 0.591674 0.583263 0.591116 0.582183 0.590596 0.581225 0.590193 0.580536 0.589968 0.580220 0.587177 0.579330 0.586393 0.579854 0.585023 0.581081 0.583652 0.582309 0.582282 0.583537 0.579542 0.585993
0 0.561400 0.459568 0.561535 0.460032 0.561914 0.460775 0.562478 0.461684 0.563143 0.462621 0.563809 0.463445 0.564373 0.464032 0.564752 0.464291 0.566553 0.463492 0.566736 0.463347 0.567332 0.462591 0.583413 0.439195 0.583341 0.438869 0.583102 0.438359 0.582732 0.437743 0.582287 0.437117 0.581836 0.436575 0.581448 0.436201 0.581182 0.436051 0.581078 0.436148 0.562681 0.456443 0.562086 0.457197
0 0.505989 0.459184 0.512401 0.469250 0.514879 0.469433 0.515004 0.469310 0.515398 0.468880 0.516000 0.468208 0.516720 0.467396 0.517449 0.466568 0.518076 0.465847 0.518507 0.465344 0.518676 0.465134 0.518908 0.461688 0.519867 0.445997 0.518786 0.444300 0.506058 0.458712
0 0.550261 0.436198 0.551106 0.438975 0.551203 0.439181 0.551612 0.439608 0.552271 0.440190 0.553080 0.440838 0.560245 0.446352 0.561084 0.446971 0.561827 0.447469 0.562363 0.447769 0.562610 0.447827 0.564559 0.447200 0.565305 0.446589 0.566974 0.442732 0.552511 0.431603 0.551911 0.432385
0 0.461916 0.389497 0.462878 0.396438 0.463112 0.396935 0.463524 0.397099 0.467212 0.396588 0.472781 0.395623 0.473179 0.395388 0.473704 0.394714 0.473913 0.394203 0.474381 0.390875 0.473006 0.387743 0.472662 0.387291 0.472211 0.387145 0.466924 0.387314 0.463197 0.387583 0.462841 0.387827 0.462007 0.388966
0 0.443140 0.387653 0.443201 0.388687 0.443362 0.389343 0.443598 0.389523 0.452587 0.393411 0.454673 0.392678 0.455021 0.392243 0.455369 0.391207 0.455665 0.389727 0.455864 0.388027 0.455936 0.386363 0.455870 0.384985 0.455676 0.384103 0.455382 0.383852 0.453469 0.382383 0.444114 0.382919 0.443839 0.383234 0.443566 0.384006 0.443337 0.385118 0.443188 0.386399
0 0.414415 0.449859 0.414548 0.450637 0.414987 0.450977 0.415181 0.451089 0.420352 0.451824 0.420761 0.451307 0.422425 0.430503 0.422102 0.429938 0.421202 0.429128 0.419956 0.428950 0.416741 0.429040 0.416248 0.429376 0.415991 0.430153
0 0.522377 0.471841 0.538870 0.473629 0.539049 0.473508 0.540396 0.451415 0.523827 0.449619 0.523718 0.449849
0 0.393490 0.465264 0.394991 0.469288 0.399497 0.481360 0.401527 0.482329 0.403336 0.482654 0.403778 0.482733 0.421513 0.470965 0.415629 0.455201 0.414158 0.451260 0.413764 0.451036 0.412559 0.450352 0.412150 0.450120 0.394000 0.462163
0 0.484234 0.510246 0.484473 0.511504 0.485054 0.512544 0.485890 0.513209 0.489623 0.515808 0.493723 0.516917 0.494686 0.517105 0.495629 0.516787 0.496409 0.516011 0.496907 0.514897 0.498888 0.509929 0.499689 0.504453 0.499830 0.503162 0.499592 0.501907 0.499012 0.500869 0.498178 0.500207 0.494492 0.497581 0.494479 0.497576 0.490341 0.496498 0.489378 0.496311 0.488435 0.496629 0.487655 0.497405 0.487156 0.498519 0.485214 0.503454 0.484375 0.508963
0 0.490479 0.636926 0.493523 0.638759 0.499611 0.642425 0.501985 0.640512 0.502210 0.640012 0.502545 0.639132 0.502939 0.638007 0.509797 0.617762 0.513225 0.607639 0.513615 0.606449 0.513939 0.605385 0.514145 0.604610 0.514205 0.604242 0.513205 0.600678 0.504178 0.595242 0.490589 0.635362
0 0.575099 0.574637 0.575292 0.576774 0.576083 0.578651 0.577354 0.579981 0.577487 0.580118 0.579045 0.580700 0.580651 0.580442 0.582061 0.579385 0.583060 0.577688 0.583496 0.575611 0.583302 0.573469 0.582509 0.571590 0.581237 0.570258 0.581097 0.570137 0.579542 0.569556 0.577939 0.569814 0.576531 0.570870 0.575534 0.572563
0 0.535061 0.434533 0.541319 0.454988 0.543222 0.454030 0.555441 0.447036 0.549108 0.426333 0.547195 0.427211
0 0.501744 0.561898 0.501764 0.562614 0.519445 0.600392 0.525112 0.595677 0.527945 0.593319 0.528490 0.589587 0.528353 0.589254 0.528036 0.588546 0.527589 0.587569 0.527079 0.586471 0.522699 0.577113 0.518319 0.567755 0.513939 0.558398 0.513440 0.557338 0.513023 0.556469 0.512753 0.555922 0.512669 0.555782 0.510147 0.554907
