0 0.505552 0.573678 0.505562 0.573805 0.505747 0.575947 0.506533 0.577831 0.507800 0.579171 0.509355 0.579762 0.510961 0.579515 0.512374 0.578467 0.513379 0.576778 0.513823 0.574705 0.513637 0.572563 0.513614 0.572438 0.512829 0.570557 0.511565 0.569220 0.510012 0.568629 0.508409 0.568876 0.506998 0.569922 0.505995 0.571608
0 0.472971 0.391096 0.473982 0.396010 0.474146 0.396333 0.474542 0.396976 0.475111 0.397841 0.475766 0.398798 0.483749 0.410251 0.484393 0.411158 0.484932 0.411881 0.485283 0.412310 0.485393 0.412379 0.488994 0.414083 0.496308 0.405019 0.492239 0.398445 0.489971 0.395191 0.484162 0.386857 0.480286 0.382033
0 0.453461 0.455867 0.453654 0.460413 0.454391 0.463577 0.456602 0.473068 0.458375 0.476958 0.458543 0.476924 0.458925 0.476795 0.459462 0.476591 0.460075 0.476344 0.471855 0.471406 0.466945 0.450332 0.466736 0.450127 0.458806 0.453424 0.454313 0.455377 0.453829 0.455611 0.453529 0.455782
0 0.645988 0.453543 0.646209 0.455173 0.647243 0.462775 0.647465 0.464402 0.651453 0.485828 0.651686 0.485892 0.652051 0.485866 0.652657 0.485790 0.653194 0.485703 0.654240 0.485479 0.655275 0.485211 0.656139 0.484939 0.656700 0.484706 0.656873 0.484546 0.654974 0.462581 0.653721 0.453332 0.653499 0.451699 0.653173 0.451680 0.652327 0.451804 0.651091 0.452051 0.649653 0.452385 0.648230 0.452754 0.647034 0.453103 0.646246 0.453381
0 0.456029 0.531075 0.457982 0.540394 0.462534 0.554361 0.470331 0.550695 0.469988 0.549138 0.466103 0.534463 0.463878 0.527385 0.460059 0.529024
0 0.585441 0.499587 0.585513 0.500183 0.585763 0.500875 0.586085 0.501301 0.591146 0.504967 0.594549 0.507319 0.594984 0.507370 0.595333 0.507012 0.597987 0.500837 0.598032 0.500281 0.597660 0.499133 0.597380 0.498718 0.593879 0.496578 0.588833 0.493674 0.588365 0.493586 0.587922 0.493846 0.585825 0.496157
0 0.470409 0.420501 0.470545 0.420865 0.497347 0.446755 0.502201 0.437821 0.502211 0.437534 0.475286 0.411526
0 0.606324 0.572554 0.609102 0.585231 0.611846 0.587490 0.612176 0.587535 0.612821 0.587431 0.613684 0.587193 0.614632 0.586859 0.622628 0.583745 0.638620 0.577516 0.639501 0.577138 0.640174 0.576777 0.640536 0.576489 0.642421 0.573730 0.640548 0.565181 0.639611 0.560907 0.638016 0.560211
0 0.484116 0.556069 0.484757 0.559175 0.487368 0.561481 0.492319 0.565830 0.492934 0.566340 0.498839 0.570986 0.499146 0.570348 0.499643 0.569295 0.500652 0.567126 0.501845 0.564551 0.502574 0.562973 0.503086 0.561855 0.503209 0.561581 0.494800 0.544927 0.494505 0.544702 0.494014 0.544484 0.493404 0.544305 0.492767 0.544194 0.492202 0.544167 0.491794 0.544229 0.491605 0.544370 0.486700 0.550525 0.486496 0.550912 0.486127 0.551667 0.485647 0.552675 0.485132 0.553781 0.484660 0.554815 0.484303 0.555618
0 0.429753 0.393931 0.430233 0.404962 0.430353 0.405126 0.430512 0.405343 0.446992 0.404069 0.446897 0.401872 0.446706 0.397477 0.446515 0.393082 0.446300 0.392653
0 0.504593 0.589766 0.512573 0.614754 0.512748 0.615297 0.512922 0.615833 0.513094 0.616359 0.513263 0.616866 0.513424 0.617346 0.513554 0.617283 0.513593 0.617264 0.516623 0.615508 0.525715 0.610238 0.528746 0.608481 0.528430 0.607499 0.528261 0.606977 0.527914 0.605909 0.519801 0.581030 0.519767 0.580970
0 0.452772 0.428528 0.452905 0.434270 0.452957 0.435559 0.453375 0.436724 0.453489 0.436878 0.454207 0.437739 0.455118 0.438167 0.459016 0.439620 0.463288 0.439733 0.464253 0.439664 0.465125 0.439108 0.465770 0.438150 0.466092 0.436935 0.467212 0.431439 0.467266 0.426042 0.467214 0.424755 0.466797 0.423593 0.466717 0.423407 0.465996 0.422544 0.465083 0.422115 0.460987 0.420328 0.456893 0.420545 0.455926 0.420614 0.455052 0.421171 0.454405 0.422132 0.454083 0.423350
0 0.257279 0.598247 0.296576 0.695908 0.311224 0.685429 0.312090 0.684579 0.272973 0.587366 0.271927 0.587768
0 0.568441 0.432426 0.568757 0.434537 0.569654 0.436326 0.570997 0.437521 0.572580 0.437940 0.574163 0.437519 0.574291 0.437411 0.575635 0.436213 0.576532 0.434420 0.576847 0.432305 0.576531 0.430190 0.575632 0.428398 0.574287 0.427201 0.572701 0.426782 0.571115 0.427203 0.569771 0.428402 0.569651 0.428525 0.568755 0.430315
