0 0.653419 0.235651 0.665561 0.249634 0.666197 0.250301 0.668446 0.251538 0.671961 0.253155 0.676210 0.254909 0.729100 0.275710 0.733454 0.277340 0.737272 0.278606 0.739976 0.279317 0.741150 0.279362 0.759564 0.277396 0.777275 0.232363 0.752798 0.219642 0.699290 0.198598 0.671130 0.190617
0 0.852328 0.194464 0.868614 0.228339 0.920137 0.252706 0.954986 0.243016 0.970255 0.219449 0.953445 0.185320 0.938909 0.178445 0.901678 0.160837 0.866328 0.170298
0 0.520840 0.152930 0.527151 0.191727 0.536787 0.202829 0.575708 0.194727 0.608355 0.148162 0.601947 0.109892 0.593190 0.097535 0.553791 0.105932 0.544538 0.119129 0.530092 0.139733
0 0.659920 0.754641 0.679195 0.789690 0.680018 0.791020 0.715229 0.771656 0.695864 0.736446 0.694969 0.735365
0 0.792994 0.266883 0.833000 0.269581 0.834533 0.268520 0.837243 0.228329 0.797052 0.225620 0.795691 0.226877
0 0.756741 0.387703 0.760613 0.427613 0.800523 0.423741 0.801907 0.423390 0.798017 0.383297 0.757923 0.387186
0 0.387044 0.088525 0.388335 0.093228 0.393602 0.101034 0.394636 0.101766 0.397297 0.102800 0.401175 0.103976 0.405685 0.105119 0.410146 0.106054 0.413884 0.106642 0.416333 0.106792 0.417118 0.106480 0.427303 0.102253 0.430913 0.086666 0.430115 0.081888 0.390696 0.072757
0 0.351994 0.045642 0.353685 0.050835 0.371902 0.086446 0.414635 0.064585 0.418091 0.051027 0.417564 0.049615 0.416277 0.046774 0.414426 0.042938 0.412292 0.038691 0.410205 0.034687 0.408485 0.031542 0.407394 0.029734 0.407098 0.029537 0.395221 0.023529
0 0.085525 0.697758 0.129006 0.719367 0.142375 0.714706 0.143254 0.713602 0.144814 0.711026 0.146816 0.707374 0.148956 0.703198 0.150914 0.699128 0.152392 0.695779 0.153166 0.693657 0.153117 0.693090 0.151048 0.681040 0.108064 0.659678 0.103533 0.661524
0 0.358122 0.141433 0.359743 0.145531 0.407243 0.152439 0.416328 0.143710 0.416570 0.143272 0.417039 0.141087 0.417663 0.137492 0.418346 0.133032 0.418988 0.128380 0.419489 0.124237 0.419775 0.121232 0.419802 0.119823 0.411994 0.108380 0.363945 0.101392
0 0.894126 0.472314 0.922697 0.500309 0.927584 0.500312 0.961566 0.465631 0.959099 0.453387 0.957740 0.451499 0.955278 0.448713 0.952087 0.445456 0.948659 0.442228 0.945519 0.439524 0.943148 0.437758 0.941908 0.437198 0.932664 0.437313 0.927719 0.438029
0 0.736808 0.656902 0.736955 0.658012 0.742517 0.666513 0.745320 0.668438 0.793077 0.677206 0.807690 0.597611 0.804174 0.596495 0.756963 0.587828 0.748578 0.594703 0.748085 0.595480 0.747337 0.597941 0.746448 0.601706 0.745552 0.606207 0.738313 0.645640 0.737544 0.650206 0.737016 0.654160
0 0.050287 0.624035 0.095758 0.641065 0.100378 0.639453 0.108909 0.635718 0.109746 0.634680 0.111097 0.632086 0.112755 0.628332 0.114471 0.623988 0.128533 0.586443 0.130050 0.582154 0.131144 0.578558 0.131649 0.576199 0.131485 0.575439 0.128436 0.564535 0.083486 0.547700 0.078670 0.548251
0 0.775754 0.152691 0.775870 0.156840 0.776177 0.161517 0.779482 0.201472 0.779934 0.205982 0.780465 0.209655 0.780994 0.211935 0.781440 0.212470 0.788963 0.221386 0.836799 0.217429 0.840693 0.214162 0.834022 0.133513 0.785633 0.137515 0.776135 0.148322 0.775846 0.149699
0 0.017185 0.128666 0.019397 0.130368 0.249347 0.201108 0.272927 0.124458 0.271881 0.122729 0.040873 0.051663
0 0.054212 0.432868 0.204859 0.621867 0.206212 0.621308 0.268922 0.571322 0.118966 0.383190 0.117211 0.382653
0 0.056866 0.262130 0.058905 0.263224 0.138750 0.273962 0.170963 0.034426 0.169441 0.032273 0.089227 0.021486
0 0.596970 0.093209 0.612221 0.172310 0.845899 0.129375 0.849073 0.127373 0.833858 0.048462 0.599020 0.091028
0 0.000000 0.219289 0.015026 0.224439 0.018489 0.224860 0.032364 0.226120 0.052252 0.227855 0.054186 0.221673 0.055986 0.211299 0.056825 0.203225 0.057108 0.195447 0.056896 0.191683 0.055415 0.187344 0.000000 0.150793
0 0.595130 0.851634 0.599073 0.853033 0.604255 0.854287 0.613651 0.855864 0.624237 0.857286 0.630416 0.857911 0.634426 0.858063 0.635076 0.857838 0.673453 0.795609 0.673894 0.794161 0.673870 0.791800 0.673383 0.788884 0.672507 0.785860 0.671378 0.783193 0.670168 0.781288 0.669061 0.780436 0.639843 0.768056 0.637561 0.767556 0.633907 0.766889 0.629436 0.766156 0.624824 0.765467 0.620765 0.764926 0.617875 0.764616 0.616593 0.764583 0.607726 0.771831 0.599476 0.814851 0.598954 0.818328
0 0.900594 0.865979 0.907398 0.939190 0.908898 0.939977 0.913959 0.942150 0.920696 0.944816 0.931283 0.948770 0.939829 0.951732 0.943493 0.952694 0.945074 0.952649 0.956592 0.921276 0.957765 0.917964 0.972153 0.876888 0.967372 0.865933 0.967023 0.865710 0.964994 0.864888 0.961599 0.863593 0.957353 0.862022 0.952900 0.860412 0.948911 0.859007 0.945987 0.858018 0.944575 0.857596 0.911321 0.854114 0.910520 0.854493 0.909021 0.855720 0.907054 0.857608 0.904917 0.859869 0.902940 0.862158 0.901424 0.864122 0.900601 0.865464
