0 0.545689 0.424323 0.556065 0.435280 0.558660 0.438019 0.560318 0.436267 0.568768 0.422040 0.570880 0.418483 0.560210 0.407217 0.557542 0.404400 0.555960 0.407028 0.547743 0.420864
0 0.409325 0.590241 0.416703 0.595564 0.417848 0.594251 0.425724 0.574846 0.418447 0.569595 0.417310 0.570565
0 0.466973 0.479408 0.470117 0.484549 0.472213 0.487976 0.472277 0.488004 0.472324 0.488024 0.485126 0.474107 0.485066 0.474003 0.484018 0.472289 0.480874 0.467148 0.479826 0.465435
0 0.457817 0.583102 0.459412 0.596291 0.492384 0.589199 0.492471 0.588180 0.491945 0.583834 0.490893 0.575142 0.488904 0.573468 0.488732 0.573411 0.488213 0.573444 0.487427 0.573560 0.486492 0.573742 0.461990 0.579012 0.461043 0.579235 0.460218 0.579465 0.459641 0.579668 0.459401 0.579814
0 0.541408 0.514043 0.541443 0.514892 0.542627 0.517179 0.543035 0.517570 0.544034 0.518418 0.546256 0.517721 0.546680 0.517521 0.547221 0.516918 0.547799 0.516005 0.548325 0.514919 0.548720 0.513824 0.548925 0.512886 0.548908 0.512247 0.548447 0.509307 0.548051 0.508898 0.547046 0.508054 0.544974 0.507601 0.544406 0.507852 0.543679 0.508648 0.542903 0.509866 0.542198 0.511321 0.541673 0.512789
0 0.457645 0.566574 0.457903 0.567825 0.458501 0.568849 0.459346 0.569490 0.463184 0.571850 0.467235 0.572984 0.468200 0.573145 0.469138 0.572801 0.469906 0.572004 0.470387 0.570877 0.470460 0.570704 0.472420 0.565568 0.473073 0.560211 0.473194 0.558927 0.472936 0.557679 0.472340 0.556658 0.471497 0.556018 0.467832 0.553366 0.463627 0.552533 0.462664 0.552373 0.461729 0.552716 0.460962 0.553511 0.460867 0.553641 0.460386 0.554769 0.458586 0.559620 0.457766 0.565287
0 0.439387 0.396967 0.439547 0.401274 0.440461 0.403847 0.441032 0.405333 0.441167 0.405549 0.443554 0.408432 0.446587 0.409877 0.449804 0.409664 0.452714 0.407826 0.453449 0.406745 0.454876 0.404644 0.455960 0.400600 0.455801 0.396311 0.454422 0.392430 0.454318 0.392184 0.453425 0.391015 0.451842 0.389104 0.448797 0.387653 0.445568 0.387867 0.443638 0.389085 0.442744 0.389901 0.441908 0.390797 0.440475 0.392908
0 0.290868 0.353988 0.293259 0.355657 0.301247 0.358425 0.316295 0.324979 0.316710 0.322848 0.314493 0.318997 0.314065 0.318694 0.313332 0.318309 0.312408 0.317901 0.311433 0.317532 0.303370 0.314739 0.302497 0.314467 0.301861 0.314334 0.301560 0.314361 0.298429 0.315200
0 0.420137 0.361781 0.421256 0.365925 0.423428 0.369087 0.426357 0.370916 0.429595 0.371134 0.432649 0.369707 0.435054 0.366854 0.436443 0.363012 0.436606 0.358766 0.436581 0.358631 0.435494 0.354623 0.433936 0.351905 0.433197 0.350830 0.432201 0.350208 0.430397 0.349639 0.427162 0.349419 0.424108 0.350840 0.422361 0.352087 0.421541 0.353057 0.421066 0.354365 0.420305 0.357529
0 0.561629 0.608845 0.565132 0.612713 0.569033 0.616979 0.574677 0.623034 0.577087 0.622809 0.577363 0.622679 0.577834 0.622171 0.578428 0.621364 0.579054 0.620381 0.579616 0.619372 0.580027 0.618493 0.580225 0.617877 0.579834 0.614386 0.569872 0.603227 0.567071 0.600435 0.566721 0.600344 0.565854 0.601287 0.564685 0.603071 0.562988 0.605904 0.561987 0.607743
0 0.528910 0.541792 0.529042 0.542237 0.532828 0.553667 0.533266 0.553806 0.533992 0.553782 0.534896 0.553596 0.535839 0.553279 0.536676 0.552877 0.537279 0.552454 0.537556 0.552074 0.536942 0.539575 0.536794 0.539136 0.535537 0.536821 0.534950 0.536663 0.533983 0.536717 0.532784 0.536975 0.531533 0.537396 0.530419 0.537919 0.529608 0.538463 0.529225 0.538948
0 0.478566 0.386561 0.478665 0.387081 0.486416 0.390942 0.489311 0.380607 0.489262 0.380057 0.481475 0.376179
0 0.518430 0.188055 0.580105 0.291802 0.593074 0.278097 0.593502 0.277075 0.531543 0.172851 0.518515 0.186619
