0 0.425660 0.936696 0.427012 0.942419 0.427875 0.944270 0.437265 0.950045 0.439475 0.950615 0.443049 0.950566 0.447445 0.949907 0.451996 0.948738 0.456018 0.947237 0.458900 0.945628 0.460205 0.944156 0.466059 0.934468 0.464685 0.928762 0.463900 0.926880 0.457870 0.918539 0.454951 0.917729 0.450186 0.917756 0.444302 0.918618 0.438204 0.920183 0.432832 0.922211 0.429009 0.924388 0.427317 0.926382
0 0.319371 0.206517 0.322268 0.213798 0.322574 0.214290 0.328027 0.219898 0.335212 0.222992 0.343033 0.223103 0.350302 0.220210 0.355911 0.214757 0.359005 0.207572 0.359115 0.199750 0.356222 0.192482 0.355975 0.191953 0.350512 0.186334 0.343315 0.183235 0.335480 0.183124 0.328199 0.186022 0.322580 0.191485 0.319481 0.198682
0 0.922627 0.672804 0.925610 0.680036 0.931134 0.685575 0.931876 0.685894 0.939111 0.688904 0.946947 0.688914 0.954192 0.685926 0.959740 0.680392 0.962749 0.673157 0.962760 0.665321 0.959772 0.658077 0.954238 0.652529 0.947003 0.649519 0.946235 0.649262 0.938412 0.649252 0.931180 0.652235 0.925642 0.657759 0.922637 0.664981
0 0.093335 0.561573 0.095573 0.572104 0.096726 0.574322 0.099257 0.577050 0.102780 0.579873 0.106763 0.582367 0.110605 0.584154 0.113724 0.584963 0.115647 0.584670 0.126748 0.582489 0.129960 0.577683 0.130707 0.575414 0.132643 0.565540 0.131160 0.562567 0.127814 0.558903 0.123111 0.555109 0.117775 0.551769 0.112628 0.549397 0.108459 0.548357 0.105907 0.548803 0.097245 0.554467 0.094006 0.559269
0 0.350569 0.238462 0.353439 0.245754 0.353691 0.246191 0.359124 0.251818 0.366297 0.254940 0.374118 0.255077 0.381398 0.252212 0.387025 0.246779 0.390147 0.239606 0.390284 0.231785 0.387419 0.224505 0.387225 0.224031 0.381783 0.218394 0.374598 0.215267 0.366763 0.215129 0.359471 0.217999 0.353833 0.223442 0.350707 0.230627
0 0.328914 0.681050 0.355583 0.921266 0.435655 0.912376 0.435949 0.910486 0.409402 0.671371 0.329697 0.680221
0 0.162861 0.775649 0.197124 0.797349 0.201278 0.793271 0.244082 0.725685 0.210290 0.704283 0.209626 0.704751 0.184561 0.741386
0 0.318906 0.274604 0.323189 0.283837 0.347461 0.335657 0.349204 0.337535 0.356726 0.340259 0.383960 0.265037 0.382618 0.262320 0.336963 0.245791 0.327123 0.251908 0.326581 0.252445 0.325494 0.254633 0.324026 0.258142 0.322402 0.262437 0.320871 0.266856 0.319670 0.270721 0.318980 0.273441
0 0.051113 0.694797 0.051191 0.695600 0.053481 0.698975 0.057470 0.703776 0.064717 0.711642 0.071519 0.718302 0.075724 0.721580 0.079447 0.723620 0.104421 0.700995 0.106948 0.698545 0.137169 0.666766 0.137831 0.655427 0.137159 0.654281 0.135306 0.652013 0.132552 0.648968 0.129316 0.645608 0.126085 0.642440 0.123348 0.639940 0.121519 0.638490 0.094640 0.621698 0.093237 0.621374 0.090930 0.621564 0.088069 0.622238 0.085093 0.623295 0.082456 0.624573 0.080563 0.625876 0.079702 0.627005
0 0.817638 0.301427 0.822260 0.306137 0.830405 0.312915 0.836894 0.317752 0.843287 0.322001 0.846474 0.323786 0.850478 0.324878 0.912624 0.291154 0.914015 0.289686 0.915352 0.287314 0.916431 0.284400 0.917087 0.281389 0.917218 0.278743 0.916806 0.276866 0.897657 0.248153 0.895698 0.245921 0.892641 0.243135 0.888955 0.240224 0.885207 0.237635 0.881972 0.235764 0.879744 0.234898 0.868600 0.236723 0.867216 0.237724 0.839327 0.271148 0.837200 0.273918 0.818297 0.300427
0 0.478801 0.564207 0.484675 0.574436 0.485564 0.574686 0.488113 0.575317 0.491937 0.576235 0.496451 0.577297 0.500962 0.578342 0.504776 0.579209 0.507311 0.579765 0.508183 0.579926 0.517978 0.573356 0.523669 0.548976 0.529469 0.524127 0.532704 0.510118 0.536053 0.494903 0.533121 0.494091 0.527450 0.492662 0.522811 0.491539 0.510847 0.488745 0.506173 0.487693 0.500407 0.486451 0.497360 0.485868 0.490634 0.513586 0.490297 0.514979 0.484494 0.539827
0 0.023857 0.955139 0.063113 0.964172 0.065116 0.962045 0.074107 0.922969 0.035031 0.913977 0.032890 0.915883
0 0.550723 0.485646 0.590467 0.490963 0.590883 0.490921 0.596224 0.450995 0.556298 0.445654 0.556040 0.445903
0 0.717875 0.479489 0.756490 0.490291 0.757671 0.490247 0.768523 0.451454 0.729730 0.440602 0.728677 0.440874
0 0.247713 0.369051 0.266731 0.404766 0.269397 0.405854 0.283519 0.398334 0.286039 0.386630 0.285890 0.385970 0.284902 0.383793 0.283228 0.380435 0.281122 0.376403 0.278900 0.372307 0.276900 0.368764 0.275422 0.366311 0.274694 0.365324 0.261999 0.361444
0 0.064390 0.958631 0.103645 0.967665 0.105465 0.965526 0.114457 0.926448 0.075382 0.917456 0.073423 0.919374
0 0.039362 0.831016 0.041029 0.867717 0.052213 0.887253 0.091905 0.881267 0.129965 0.838481 0.128622 0.801355 0.116505 0.782867 0.077243 0.788432
