0 0.218713 0.150204 0.220178 0.157906 0.224478 0.164461 0.224953 0.165037 0.231423 0.169439 0.239085 0.171031 0.246773 0.169569 0.253317 0.165276 0.257719 0.158806 0.259311 0.151144 0.257849 0.143455 0.253556 0.136911 0.253132 0.136286 0.246650 0.131877 0.238975 0.130282 0.231273 0.131747 0.224718 0.136047 0.220308 0.142528
0 0.142712 0.879715 0.143944 0.887454 0.148042 0.894133 0.154385 0.898734 0.162006 0.900559 0.169745 0.899327 0.176424 0.895229 0.176980 0.894549 0.181573 0.888217 0.183395 0.880610 0.182165 0.872884 0.178073 0.866217 0.171741 0.861624 0.164134 0.859802 0.156408 0.861032 0.149741 0.865123 0.149138 0.865752 0.144537 0.872095
0 0.083128 0.054128 0.083675 0.061948 0.087175 0.068963 0.087885 0.069704 0.093791 0.074838 0.101213 0.077320 0.109020 0.076774 0.116023 0.073281 0.121157 0.067374 0.123639 0.059952 0.123093 0.052145 0.119600 0.045142 0.118945 0.044359 0.113028 0.039216 0.105593 0.036730 0.097772 0.037277 0.090757 0.040776 0.085614 0.046693
0 0.723235 0.686913 0.723729 0.688309 0.724938 0.691131 0.726679 0.694952 0.728688 0.699193 0.730663 0.703215 0.732304 0.706410 0.733363 0.708292 0.733676 0.708572 0.744897 0.712140 0.750356 0.709554 0.757705 0.701630 0.757101 0.699786 0.755520 0.696011 0.753201 0.690880 0.750501 0.685181 0.747836 0.679792 0.745616 0.675542 0.744180 0.673080 0.743743 0.672771 0.732924 0.673471 0.727477 0.676052
0 0.882145 0.157120 0.884612 0.167951 0.886099 0.170093 0.888677 0.172989 0.891955 0.176199 0.895438 0.179240 0.898600 0.181653 0.900964 0.183071 0.902168 0.183277 0.911514 0.184277 0.921140 0.176892 0.954490 0.140825 0.924435 0.113033 0.914733 0.121878
0 0.725797 0.958070 0.725870 0.959565 0.733529 0.972174 0.780603 0.984072 0.800434 0.905615 0.797000 0.900979 0.750464 0.889217 0.741100 0.897525 0.740191 0.899612 0.739056 0.903098 0.737866 0.907455 0.728041 0.946325 0.726973 0.950905 0.726185 0.955028
0 0.133827 0.462001 0.155515 0.505444 0.168512 0.509467 0.169769 0.509045 0.172473 0.507869 0.176209 0.506120 0.180412 0.504063 0.216282 0.486156 0.220327 0.484096 0.223613 0.482339 0.225642 0.481152 0.226102 0.480717 0.231028 0.469649 0.209589 0.426703 0.206231 0.425856
0 0.643451 0.854297 0.643461 0.854726 0.643867 0.856878 0.644607 0.860421 0.645568 0.864820 0.654269 0.903957 0.655308 0.908557 0.656271 0.912674 0.657013 0.915686 0.657420 0.917131 0.668479 0.925576 0.715877 0.915039 0.698315 0.836043 0.696049 0.832202 0.649193 0.842619
0 0.925049 0.862792 0.925594 0.865156 0.930634 0.878801 0.965871 0.951039 0.974161 0.964722 0.975931 0.967101 0.977632 0.968720 0.979008 0.969330 0.979848 0.968838 1.000000 0.936840 1.000000 0.834343 0.999690 0.831568 0.998119 0.828816 0.996343 0.826509 0.994633 0.824998 0.993251 0.824513 0.925976 0.860611 0.925183 0.861195
0 0.674148 0.533365 0.674201 0.536420 0.677022 0.640381 0.677136 0.643467 0.677294 0.646134 0.677473 0.647979 0.677645 0.648718 0.757799 0.646543 0.758008 0.646061 0.758153 0.644429 0.758211 0.641896 0.758142 0.626941 0.755959 0.546511 0.755210 0.531327 0.755012 0.528707 0.754776 0.526946 0.754536 0.526312 0.674382 0.528488 0.674246 0.529072 0.674164 0.530786
0 0.383194 0.144842 0.460829 0.164896 0.461016 0.164599 0.461479 0.163167 0.462147 0.160821 0.462919 0.157916 0.488928 0.057221 0.489692 0.054179 0.490336 0.051443 0.490764 0.049429 0.490908 0.048443 0.413273 0.028389 0.413044 0.028567 0.412544 0.029902 0.411849 0.032192 0.407944 0.046239 0.387822 0.124142 0.384187 0.139287 0.383593 0.141989 0.383244 0.143940
0 0.021759 0.368396 0.021793 0.371099 0.022646 0.386439 0.030093 0.466468 0.032058 0.481403 0.032512 0.483954 0.032992 0.485620 0.033425 0.486147 0.113374 0.479038 0.113760 0.478340 0.113974 0.476530 0.113984 0.473883 0.113787 0.470803 0.104108 0.366790 0.103737 0.363765 0.103249 0.361278 0.102720 0.359706 0.102231 0.359289 0.022217 0.365703 0.021907 0.366500
0 0.872705 0.661367 0.903728 0.708670 0.909342 0.711571 0.949049 0.719825 0.957303 0.680117 0.925849 0.632156 0.920009 0.630344 0.880846 0.622204
0 0.811887 0.461208 0.829493 0.481394 0.869747 0.521138 0.893050 0.541345 0.927049 0.506910 0.921290 0.488616 0.919893 0.486756 0.917407 0.483980 0.914211 0.480711 0.873488 0.440504 0.870085 0.437256 0.867007 0.434539 0.864726 0.432768 0.863589 0.432210 0.845886 0.426773
0 0.530607 0.230899 0.540125 0.268950 0.587680 0.300853 0.626078 0.294947 0.636953 0.278945 0.627880 0.241254 0.580549 0.209502 0.542647 0.215679
0 0.072409 0.825771 0.113299 0.851649 0.129320 0.842359 0.130301 0.841130 0.132114 0.838537 0.134481 0.834979 0.137044 0.830992 0.167436 0.782969 0.169817 0.779143 0.171664 0.776044 0.172697 0.774139 0.172756 0.773724 0.174295 0.755269 0.133404 0.729391 0.115019 0.755568 0.092905 0.790511 0.084271 0.804154
0 0.789413 0.828156 0.791599 0.873592 0.791873 0.875902 0.793044 0.878511 0.794936 0.881021 0.797259 0.883049 0.799658 0.884283 0.801765 0.884536 0.837820 0.878990 0.847324 0.876901 0.855517 0.870479 0.860177 0.861466 0.860052 0.852299 0.855198 0.845448 0.838030 0.824741 0.836530 0.823156 0.828638 0.815223 0.818699 0.805621 0.810107 0.805475 0.800227 0.810300 0.794309 0.816026 0.790265 0.823376
0 0.455326 0.194448 0.455684 0.196661 0.456362 0.197863 0.477894 0.220415 0.478306 0.220841 0.480203 0.222176 0.483295 0.224214 0.487110 0.226647 0.491074 0.229106 0.494589 0.231221 0.497122 0.232671 0.498287 0.233237 0.509297 0.230066 0.533887 0.193823 0.535741 0.190837 0.552426 0.161789 0.549360 0.159027 0.545097 0.155874 0.537092 0.150726 0.527930 0.145214 0.522501 0.142164 0.518876 0.140392 0.518189 0.140307 0.458329 0.182202 0.457352 0.183374 0.456441 0.185564 0.455735 0.188440 0.455344 0.191561
0 0.213402 0.648892 0.217311 0.663544 0.224757 0.691271 0.225736 0.694641 0.235636 0.726372 0.237970 0.725782 0.242129 0.724617 0.250975 0.722042 0.261603 0.718904 0.268189 0.716936 0.272937 0.715489 0.274174 0.715089 0.284598 0.642675 0.284012 0.641137 0.282727 0.638979 0.280939 0.636530 0.278921 0.634165 0.276982 0.632246 0.275420 0.631066 0.274471 0.630805 0.241510 0.631729 0.239721 0.632167 0.236465 0.633052 0.232237 0.634251 0.227685 0.635579 0.223509 0.636831 0.220349 0.637817 0.218687 0.638385
0 0.720562 0.785214 0.721103 0.786679 0.744248 0.809286 0.746804 0.811650 0.769133 0.830996 0.781030 0.841233 0.792389 0.841013 0.794314 0.840072 0.797102 0.837901 0.800327 0.834832 0.803495 0.831335 0.806118 0.827947 0.807795 0.825189 0.822427 0.792801 0.822454 0.791044 0.821846 0.788563 0.820696 0.785734 0.819180 0.782993 0.817530 0.780758 0.815999 0.779371 0.748765 0.757409 0.745356 0.758367 0.742627 0.760390 0.737142 0.765370 0.731565 0.771143 0.724555 0.779362
0 0.613024 0.410995 0.618498 0.411731 0.674772 0.417620 0.704419 0.419902 0.708622 0.379790 0.676123 0.374989 0.617200 0.371149
0 0.310774 0.672817 0.350680 0.680050 0.352727 0.677581 0.366996 0.598864 0.327638 0.591730 0.327243 0.591940 0.318007 0.632911
