0 0.107613 0.548160 0.109580 0.555745 0.114301 0.561999 0.121056 0.565972 0.128816 0.567057 0.129454 0.566941 0.137026 0.564978 0.143270 0.560265 0.147236 0.553522 0.148319 0.545775 0.146355 0.538203 0.141643 0.531959 0.134900 0.527993 0.127152 0.526911 0.126510 0.526957 0.118925 0.528924 0.112671 0.533644 0.108698 0.540399
0 0.262097 0.197924 0.262161 0.203008 0.263555 0.206498 0.270112 0.213273 0.273232 0.214977 0.278268 0.216962 0.282286 0.215763 0.290244 0.211441 0.292832 0.209099 0.295212 0.205486 0.297025 0.201151 0.297997 0.196747 0.297980 0.192939 0.295154 0.184990 0.293475 0.180593 0.290396 0.178816 0.285342 0.176851 0.275724 0.177397 0.272493 0.178299 0.269009 0.181395 0.265805 0.186217 0.263376 0.192025
0 0.556622 0.398984 0.557154 0.402001 0.559540 0.406014 0.563420 0.410407 0.568199 0.414505 0.573141 0.417677 0.577485 0.419436 0.580567 0.419518 0.589576 0.415092 0.593293 0.410768 0.594964 0.408782 0.593904 0.397914 0.593463 0.395656 0.591647 0.392663 0.588736 0.389390 0.585169 0.386331 0.581484 0.383948 0.578239 0.382601 0.575925 0.382497 0.565039 0.383120 0.563306 0.385053 0.559607 0.389393
0 0.182120 0.818320 0.183236 0.826080 0.187239 0.832821 0.193515 0.837518 0.201112 0.839454 0.208871 0.838338 0.215612 0.834336 0.216101 0.833761 0.220790 0.827495 0.222723 0.819912 0.221609 0.812166 0.217614 0.805436 0.211348 0.800747 0.203764 0.798814 0.196018 0.799929 0.189288 0.803924 0.188754 0.804447 0.184056 0.810724
0 0.272377 0.768472 0.275039 0.775842 0.280320 0.781632 0.287413 0.784961 0.295241 0.785321 0.302612 0.782658 0.308401 0.777378 0.308730 0.776901 0.312054 0.769819 0.312413 0.762005 0.309755 0.754647 0.304483 0.748868 0.297402 0.745545 0.289587 0.745185 0.282230 0.747843 0.276450 0.753115 0.276066 0.753550 0.272736 0.760644
0 0.000000 0.422463 0.239082 0.414432 0.242048 0.365488 0.240893 0.352658 0.219866 0.351276 0.139411 0.353922 0.018729 0.357892 0.000328 0.360570 0.000000 0.409569
0 0.789608 0.973222 0.790937 0.975395 0.835382 1.000000 0.860320 1.000000 0.881570 0.988906 0.885525 0.986338 0.943236 0.930124 0.972091 0.902017 1.000000 0.873910 1.000000 0.856002 0.963648 0.807166 0.961529 0.805762
0 0.021871 0.850320 0.026055 0.862621 0.073328 0.873705 0.078204 0.869434 0.096466 0.791546 0.049733 0.780589 0.036986 0.788084 0.036164 0.789360 0.035045 0.792238 0.033800 0.796281 0.032619 0.800871 0.023404 0.840175 0.022471 0.844596 0.021933 0.848159
0 0.726131 0.471765 0.775049 0.535312 0.778883 0.535804 0.811100 0.511004 0.761499 0.446571 0.757904 0.447306
0 0.429391 0.341067 0.430198 0.342883 0.508574 0.358922 0.518197 0.311897 0.518407 0.309722 0.512133 0.300827 0.511248 0.300380 0.508691 0.299630 0.504849 0.298692 0.500310 0.297710 0.460760 0.289617 0.456231 0.288743 0.452419 0.288115 0.449905 0.287827 0.449072 0.287923 0.439125 0.293498
0 0.077543 0.428074 0.082006 0.456342 0.162721 0.453675 0.164737 0.419181 0.161011 0.390869 0.142032 0.391190 0.101853 0.392518 0.080383 0.393533
0 0.178605 0.293444 0.182278 0.295805 0.226568 0.314309 0.235986 0.309113 0.236688 0.308519 0.237988 0.306324 0.239688 0.302867 0.241530 0.298672 0.256986 0.261679 0.258697 0.257368 0.260023 0.253584 0.260762 0.250897 0.260801 0.249721 0.257408 0.240493 0.254604 0.237493 0.209802 0.218774
0 0.521974 0.106440 0.549338 0.135615 0.578514 0.108251 0.579605 0.102804 0.551861 0.073223 0.522280 0.100967
0 0.859290 0.440027 0.859410 0.443955 0.859772 0.448550 0.860323 0.453118 0.860980 0.456969 0.861642 0.459521 0.862211 0.460382 0.869393 0.467725 0.873663 0.467352 0.921979 0.462533 0.917963 0.422271 0.869648 0.427089 0.865423 0.427923 0.859815 0.436363 0.859432 0.437360
0 0.786152 0.534472 0.786456 0.546333 0.786670 0.546973 0.788034 0.548914 0.790337 0.551860 0.793231 0.555363 0.796278 0.558895 0.799019 0.561923 0.801039 0.563989 0.802029 0.564775 0.815565 0.565785 0.852663 0.534459 0.826558 0.503544 0.822826 0.503504
0 0.487740 0.183449 0.487881 0.187067 0.534235 0.199528 0.544776 0.192251 0.544955 0.191771 0.545583 0.189594 0.546562 0.186056 0.547745 0.181693 0.548953 0.177164 0.550003 0.173151 0.550737 0.170263 0.551043 0.168941 0.545135 0.156980 0.498245 0.144374
0 0.668104 0.915208 0.670784 0.955118 0.673159 0.961447 0.713624 0.958730 0.751178 0.950789 0.748493 0.910788 0.747925 0.909849
0 0.739160 0.712039 0.740382 0.717153 0.756379 0.771441 0.766491 0.800879 0.805180 0.789489 0.798367 0.759009 0.777594 0.700724
0 0.466860 0.625983 0.500952 0.631924 0.556782 0.637408 0.562206 0.597713 0.556472 0.596786 0.500426 0.589134 0.472321 0.586023 0.469280 0.605592
0 0.501466 0.912382 0.507398 0.924979 0.534593 0.975327 0.542347 0.977642 0.565500 0.900100 0.564751 0.895527 0.518757 0.881794 0.508372 0.889253 0.508098 0.889618 0.507343 0.891685 0.506221 0.895132 0.504902 0.899440 0.503586 0.903956 0.502471 0.907999 0.501727 0.910959
0 0.792645 0.301680 0.798750 0.311467 0.840460 0.324823 0.843848 0.325758 0.856713 0.328913 0.875913 0.333529 0.876468 0.333429 0.878393 0.329263 0.880300 0.324026 0.883014 0.314813 0.885695 0.304577 0.887041 0.298685 0.887644 0.294964 0.887477 0.294462 0.830295 0.249270 0.828923 0.248571 0.826584 0.248248 0.823634 0.248352 0.820526 0.248867 0.817734 0.249713 0.815686 0.250762 0.814693 0.251852 0.799245 0.278403 0.798902 0.279081 0.798110 0.281423 0.796991 0.285069 0.795715 0.289465 0.794473 0.293949 0.793454 0.297843 0.792812 0.300558
0 0.448880 0.416825 0.448945 0.418913 0.449483 0.420014 0.467283 0.446322 0.468267 0.447324 0.470503 0.449357 0.473652 0.452113 0.477231 0.455169 0.480691 0.458056 0.483500 0.460331 0.485229 0.461647 0.485620 0.461806 0.496714 0.460159 0.497024 0.460073 0.526640 0.427916 0.528910 0.425242 0.549599 0.399273 0.549348 0.399029 0.544228 0.394652 0.536101 0.387731 0.529955 0.382509 0.524203 0.377633 0.521532 0.375375 0.518851 0.373135 0.453697 0.404929 0.452520 0.406115 0.451270 0.408268 0.450139 0.411062 0.449299 0.414068
0 0.184485 0.615832 0.184592 0.618955 0.185115 0.621923 0.185973 0.624281 0.187034 0.625671 0.242286 0.671631 0.246235 0.669914 0.249630 0.668273 0.256621 0.664785 0.263862 0.661087 0.273143 0.656235 0.278647 0.653223 0.270227 0.635277 0.264434 0.623095 0.262840 0.619973 0.241421 0.581901 0.230481 0.577658 0.229734 0.577783 0.227453 0.578723 0.223982 0.580337 0.219851 0.582379 0.215695 0.584536 0.212152 0.586477 0.209765 0.587902 0.208895 0.588598 0.186496 0.610000 0.185516 0.610985 0.184810 0.613033
