0 0.577458 0.520464 0.577514 0.521756 0.577939 0.522922 0.579883 0.527829 0.582962 0.531765 0.583692 0.532629 0.583696 0.532631 0.584614 0.533059 0.584698 0.533083 0.585675 0.533012 0.586557 0.532450 0.590175 0.529771 0.593234 0.525790 0.593885 0.524822 0.594207 0.523596 0.594150 0.522299 0.593722 0.521129 0.591597 0.516213 0.588675 0.512265 0.587944 0.511400 0.587019 0.510972 0.586042 0.511044 0.585955 0.511074 0.585076 0.511636 0.581302 0.514317 0.578427 0.518280 0.577778 0.519244
0 0.583133 0.544875 0.590026 0.550978 0.591281 0.551688 0.600563 0.533051 0.593574 0.526863 0.592287 0.526494
0 0.495117 0.430473 0.495140 0.430791 0.501330 0.438070 0.512249 0.421562 0.512305 0.421202 0.506087 0.413889
0 0.422396 0.574590 0.436236 0.586870 0.436528 0.586472 0.445696 0.568103 0.431919 0.555880 0.431606 0.556137
0 0.569483 0.393423 0.569493 0.393776 0.569704 0.394500 0.570085 0.395485 0.570576 0.396581 0.575017 0.405888 0.575546 0.406932 0.576035 0.407769 0.576409 0.408273 0.578540 0.409491 0.581326 0.407128 0.582266 0.406054 0.573303 0.387268 0.570485 0.389658 0.569680 0.390919
0 0.458331 0.458209 0.463128 0.474607 0.464428 0.476783 0.508757 0.445769 0.503341 0.429682 0.502194 0.427340
0 0.486180 0.456794 0.490302 0.465208 0.493378 0.471252 0.496936 0.468449 0.500310 0.465109 0.496250 0.456623 0.493120 0.450644
0 0.433522 0.605776 0.433723 0.606354 0.434157 0.607183 0.434759 0.608134 0.435436 0.609061 0.436084 0.609823 0.436604 0.610303 0.442985 0.614763 0.443365 0.614819 0.443897 0.614707 0.444499 0.614443 0.445079 0.614067 0.445549 0.613637 0.445836 0.613220 0.451375 0.595244 0.451134 0.594197 0.450724 0.593381 0.449740 0.591757 0.448616 0.590118 0.447037 0.588074 0.445934 0.586930 0.445692 0.587124 0.440676 0.593049 0.440152 0.593708 0.433885 0.602280 0.433649 0.602671
0 0.553126 0.612212 0.558747 0.619227 0.560377 0.620875 0.560721 0.620816 0.561186 0.620316 0.571112 0.605570 0.571428 0.604911 0.571417 0.604475 0.570279 0.603092 0.564548 0.596234 0.564169 0.595807
0 0.472388 0.397966 0.472389 0.397988 0.472534 0.400728 0.472613 0.402200 0.472619 0.402289 0.472621 0.402308 0.474068 0.406185 0.476510 0.409028 0.479575 0.410408 0.482797 0.410113 0.485685 0.408192 0.487803 0.404934 0.487811 0.404916 0.488836 0.400814 0.488727 0.397859 0.488650 0.396387 0.488159 0.395065 0.487166 0.392611 0.484724 0.389759 0.481655 0.388372 0.479536 0.388435 0.478437 0.388535 0.477450 0.389191 0.475530 0.390590 0.473410 0.393857
0 0.424005 0.500189 0.424720 0.500496 0.426325 0.501111 0.429535 0.502340 0.432745 0.503569 0.433624 0.503872 0.434232 0.503836 0.436083 0.502375 0.436220 0.502130 0.436440 0.501437 0.436709 0.500404 0.436988 0.499187 0.439271 0.488585 0.439518 0.487364 0.439695 0.486322 0.439776 0.485615 0.439749 0.485354 0.438793 0.482656 0.429262 0.479007 0.428609 0.478813
0 0.469467 0.624828 0.469487 0.625174 0.469548 0.625969 0.469641 0.627092 0.469752 0.628373 0.469864 0.629620 0.469960 0.630643 0.470026 0.631288 0.470050 0.631454 0.471901 0.632269 0.472725 0.632133 0.496379 0.625971 0.496388 0.625741 0.496364 0.625211 0.496311 0.624459 0.496237 0.623602 0.496153 0.622771 0.496072 0.622093 0.496007 0.621670 0.495968 0.621568 0.471943 0.623301 0.471119 0.623437
0 0.653973 0.309237 0.662462 0.316042 0.664340 0.313916 0.681548 0.275752 0.678686 0.273457 0.672962 0.268868 0.669726 0.270796 0.669600 0.270882 0.669279 0.271400 0.668812 0.272271 0.668272 0.273360 0.667738 0.274505 0.654950 0.302866 0.654502 0.303900 0.654202 0.304675 0.654096 0.305073
