0 0.566561 0.615721 0.566573 0.615786 0.566641 0.615861 0.571071 0.619615 0.572762 0.619889 0.573158 0.616917 0.573558 0.612535 0.575157 0.595005 0.575140 0.594952 0.575067 0.594891 0.574939 0.594821 0.574759 0.594745 0.574529 0.594663 0.568853 0.593743 0.568700 0.593763 0.568601 0.593794 0.568557 0.593835 0.566960 0.611344
0 0.464015 0.507146 0.486729 0.539791 0.494074 0.530705 0.494142 0.530354 0.494348 0.527212 0.494227 0.526991 0.493867 0.526435 0.493324 0.525628 0.492680 0.524693 0.481427 0.508520 0.475800 0.500433 0.475148 0.499504 0.474581 0.498716 0.474186 0.498188 0.474023 0.498000 0.471360 0.498060 0.468911 0.501088
0 0.420701 0.614389 0.425175 0.635840 0.426784 0.635244 0.442244 0.617956 0.442904 0.616608 0.443830 0.614515 0.443854 0.614121 0.443772 0.613302 0.443598 0.612183 0.443358 0.610934 0.443089 0.609742 0.442831 0.608789 0.442622 0.608218 0.440692 0.606005 0.421607 0.613082
0 0.544484 0.349433 0.555406 0.371469 0.557825 0.371799 0.566108 0.364501 0.568868 0.362068 0.568947 0.361910 0.570154 0.359493 0.570796 0.356043 0.559619 0.333492 0.548344 0.343427 0.545525 0.345911 0.545313 0.346628 0.544688 0.348742
0 0.420085 0.475938 0.420183 0.476446 0.420828 0.478764 0.421146 0.479753 0.422396 0.483105 0.423890 0.486769 0.424480 0.488105 0.426172 0.491758 0.426673 0.492779 0.427531 0.494199 0.428086 0.494412 0.428410 0.494438 0.430971 0.492582 0.430769 0.491643 0.430665 0.491162 0.430369 0.490262 0.429795 0.488518 0.428494 0.485053 0.426956 0.481280 0.425407 0.477757 0.424078 0.475005 0.423168 0.473444 0.422820 0.473323 0.420248 0.475188
0 0.525277 0.618184 0.525448 0.622485 0.525465 0.622564 0.526859 0.626453 0.529263 0.629335 0.532310 0.630771 0.535539 0.630541 0.538455 0.628683 0.540616 0.625478 0.541693 0.621414 0.541521 0.617110 0.541495 0.617034 0.540102 0.613148 0.538402 0.610920 0.537589 0.609945 0.536558 0.609460 0.534653 0.608833 0.531427 0.609062 0.528512 0.610919 0.527007 0.612704 0.526276 0.613788 0.525911 0.615164
0 0.425041 0.518809 0.427968 0.529293 0.428958 0.528890 0.444467 0.521194 0.441580 0.510854 0.440766 0.511006
0 0.473356 0.583962 0.474719 0.605998 0.524302 0.600545 0.522938 0.578508 0.522833 0.578149 0.473477 0.583578
0 0.504952 0.408074 0.505086 0.408552 0.505338 0.409416 0.505668 0.410534 0.506027 0.411738 0.506360 0.412846 0.506617 0.413691 0.506760 0.414144 0.510738 0.421462 0.510916 0.421617 0.511319 0.421751 0.511885 0.421842 0.512528 0.421878 0.513149 0.421852 0.513654 0.421769 0.513964 0.421641 0.524479 0.407077 0.524414 0.406730 0.524084 0.405440 0.523592 0.403668 0.522767 0.400827 0.522049 0.398478 0.521670 0.397395 0.521402 0.396817 0.514961 0.400061 0.514288 0.400421 0.508864 0.403496 0.506003 0.405125 0.504955 0.408057
0 0.555121 0.550754 0.555150 0.551987 0.555346 0.552988 0.556316 0.554948 0.556873 0.555978 0.557578 0.556212 0.558689 0.556404 0.560586 0.555627 0.561185 0.555144 0.561725 0.554065 0.562120 0.552552 0.562312 0.550839 0.562269 0.549189 0.561999 0.547856 0.561544 0.547043 0.559888 0.545660 0.559179 0.545449 0.558070 0.545250 0.557329 0.545871 0.555955 0.547530 0.555557 0.548344 0.555264 0.549475
