0 0.415614 0.709567 0.418963 0.719793 0.449641 0.701932 0.450331 0.699163 0.447028 0.689077 0.416771 0.706693
0 0.483555 0.415317 0.483620 0.415655 0.496832 0.428851 0.506729 0.411235 0.506756 0.410879 0.493491 0.397630
0 0.468464 0.453497 0.469573 0.519978 0.477883 0.519731 0.477934 0.519686 0.477984 0.519641 0.494161 0.497092 0.493793 0.475033 0.493764 0.474918 0.487707 0.467193 0.476774 0.453250
0 0.557905 0.563829 0.557930 0.565169 0.558172 0.567988 0.559736 0.571745 0.559976 0.572034 0.562509 0.574717 0.564563 0.575501 0.565619 0.575904 0.566711 0.575738 0.568834 0.575414 0.571663 0.573321 0.573676 0.569943 0.574566 0.565796 0.574198 0.561510 0.572628 0.557739 0.570095 0.555055 0.569815 0.554834 0.567769 0.554054 0.566831 0.553744 0.565629 0.553818 0.563515 0.554141 0.560697 0.556225 0.558693 0.559589 0.558107 0.562317
0 0.557580 0.479924 0.560680 0.490152 0.560959 0.490107 0.591786 0.473496 0.588671 0.463221 0.588265 0.463389
0 0.437719 0.482798 0.444042 0.508151 0.444682 0.508057 0.460346 0.501112 0.459825 0.499024 0.446263 0.479522 0.443822 0.477870 0.443568 0.477921 0.442991 0.478124 0.442179 0.478449 0.441257 0.478845 0.440365 0.479253 0.439641 0.479609 0.439196 0.479860 0.439096 0.479966
0 0.559695 0.589508 0.559712 0.590118 0.559792 0.591111 0.559924 0.592338 0.560086 0.593614 0.560256 0.594745 0.560407 0.595562 0.560516 0.595937 0.561220 0.597053 0.563613 0.599475 0.573627 0.597380 0.572318 0.586253 0.570665 0.584282 0.560880 0.586329 0.559744 0.589376
0 0.571361 0.395646 0.587834 0.397269 0.588187 0.396856 0.589409 0.374805 0.572871 0.373175 0.572579 0.373683
0 0.556303 0.614860 0.556407 0.619194 0.557741 0.623158 0.560100 0.626147 0.560138 0.626180 0.563167 0.627737 0.566402 0.627624 0.568545 0.626608 0.569549 0.626006 0.570301 0.624932 0.571559 0.622707 0.572695 0.618654 0.572585 0.614316 0.571907 0.611807 0.571452 0.610459 0.570647 0.609442 0.568886 0.607373 0.565861 0.605820 0.565819 0.605801 0.562592 0.605913 0.559651 0.607674 0.557442 0.610815
0 0.467801 0.554180 0.472585 0.575596 0.473357 0.575365 0.479789 0.572810 0.480354 0.571419 0.480624 0.570437 0.479207 0.564093 0.476845 0.553520 0.476372 0.551406 0.475343 0.550663 0.468999 0.553183 0.468170 0.553559 0.467949 0.553930 0.467875 0.554055
