0 0.000000 0.908948 0.018739 0.945006 0.036209 0.929489 0.067023 0.901911 0.079053 0.891144 0.103730 0.868941 0.071459 0.832882 0.053511 0.837446 0.052232 0.838507 0.049770 0.840641 0.046498 0.843523 0.042916 0.846712 0.000273 0.884876 0.000147 0.885403 0.000000 0.887872
0 0.450865 0.840357 0.493855 0.862574 0.509005 0.851924 0.509440 0.851571 0.510657 0.849630 0.512473 0.846395 0.514609 0.842360 0.540883 0.791520 0.543005 0.787317 0.544779 0.783606 0.545934 0.780955 0.546296 0.779766 0.546221 0.761247 0.503231 0.739030 0.490219 0.762225 0.464248 0.812479
0 0.530099 0.662278 0.538124 0.678968 0.538913 0.679757 0.541063 0.681532 0.544248 0.684025 0.547982 0.686854 0.593829 0.721102 0.597526 0.723823 0.600604 0.726010 0.602595 0.727328 0.603197 0.727578 0.621478 0.730538 0.650438 0.691769 0.626562 0.673292 0.613837 0.663786 0.593968 0.648944 0.581242 0.639438 0.559060 0.623509
0 0.242414 0.348478 0.267993 0.378531 0.272119 0.379360 0.301513 0.352664 0.275982 0.322462 0.271835 0.321879
0 0.163807 0.261169 0.176721 0.299381 0.205386 0.292272 0.215531 0.287878 0.202684 0.249864 0.173906 0.256639
0 0.007707 0.508649 0.007748 0.548931 0.048030 0.548890 0.050101 0.548666 0.050060 0.508568 0.009963 0.508609
0 0.630784 0.146326 0.632199 0.150230 0.634205 0.153292 0.638871 0.159397 0.644111 0.165569 0.651367 0.173279 0.656315 0.177612 0.657215 0.176909 0.682519 0.156372 0.685152 0.154076 0.716773 0.124147 0.717619 0.122723 0.718759 0.111482 0.717728 0.109321 0.715639 0.106215 0.712811 0.102640 0.709677 0.099143 0.706719 0.096262 0.704390 0.094439 0.674627 0.077096 0.672713 0.076807 0.670071 0.077107 0.667105 0.077951 0.664269 0.079209 0.661997 0.080688 0.660636 0.082163
0 0.555446 0.084646 0.555543 0.086157 0.561389 0.090231 0.570842 0.095504 0.578060 0.099001 0.584883 0.101801 0.588098 0.102779 0.591498 0.102568 0.647106 0.058453 0.648034 0.056632 0.648788 0.053967 0.649254 0.050866 0.649359 0.047802 0.649087 0.045247 0.648482 0.043588 0.623390 0.018285 0.620823 0.016294 0.617166 0.014031 0.612979 0.011842 0.608907 0.010066 0.605573 0.008973 0.603487 0.008730 0.592725 0.012491 0.585146 0.026246 0.570958 0.052187 0.569379 0.055300
0 0.354264 0.387612 0.354295 0.390786 0.355261 0.393722 0.361642 0.408398 0.363075 0.409813 0.365691 0.412135 0.369091 0.415008 0.372752 0.417991 0.376113 0.420627 0.378658 0.422511 0.380001 0.423358 0.391845 0.421835 0.424729 0.384788 0.431084 0.376957 0.443833 0.360272 0.439380 0.356459 0.430667 0.349150 0.423988 0.343624 0.417466 0.338387 0.412889 0.334860 0.411823 0.334178 0.403203 0.340610 0.399238 0.344137 0.356890 0.382437 0.355175 0.384680
0 0.853564 0.084774 0.853625 0.089400 0.853815 0.094037 0.854107 0.097984 0.854456 0.100644 0.854811 0.101611 0.863470 0.109197 0.907321 0.109224 0.910838 0.109084 0.923937 0.108291 0.943597 0.106899 0.944440 0.106329 0.945509 0.101334 0.946028 0.095507 0.945911 0.085824 0.945243 0.075361 0.944543 0.069512 0.943704 0.066037 0.943190 0.065789 0.874469 0.040535 0.873052 0.040195 0.870798 0.040532 0.868050 0.041498 0.865229 0.042944 0.862768 0.044649 0.861042 0.046351 0.860313 0.047791 0.853850 0.078239 0.853643 0.080855
0 0.791012 0.579807 0.791119 0.583279 0.791370 0.587686 0.791727 0.592363 0.792137 0.596606 0.792537 0.599771 0.792867 0.601377 0.801845 0.608161 0.802386 0.608413 0.817316 0.607883 0.845647 0.606772 0.849155 0.606519 0.882566 0.603246 0.883278 0.600095 0.883482 0.595350 0.882975 0.586023 0.881961 0.575148 0.881112 0.568588 0.880243 0.564069 0.879790 0.563077 0.810363 0.538402 0.808898 0.538499 0.806633 0.539192 0.803912 0.540377 0.801152 0.541872 0.798776 0.543448 0.797145 0.544865 0.796509 0.545906 0.791066 0.577798
0 0.504583 0.164462 0.512023 0.175352 0.546874 0.219910 0.554815 0.220881 0.555448 0.217654 0.565268 0.137327 0.517072 0.131436 0.507512 0.140503 0.507410 0.140941 0.507100 0.143142 0.506629 0.146773 0.506068 0.151280 0.505505 0.155971 0.505024 0.160125 0.504701 0.163106
0 0.535675 0.896492 0.546812 0.966938 0.553343 0.971716 0.601121 0.906401 0.599965 0.901756 0.561224 0.873417 0.549926 0.877010 0.549318 0.877253 0.547722 0.878939 0.545383 0.881807 0.542653 0.885422 0.539946 0.889239 0.537670 0.892681 0.536169 0.895229
0 0.465005 0.401833 0.466109 0.409850 0.466497 0.410880 0.545748 0.399963 0.546277 0.398806 0.539651 0.350706 0.530286 0.344193 0.529415 0.344113 0.526849 0.344296 0.522979 0.344715 0.518393 0.345306 0.513798 0.345979 0.509900 0.346631 0.507293 0.347160 0.506374 0.347487 0.499567 0.356227
0 0.657246 0.703349 0.670897 0.782175 0.672873 0.785437 0.720716 0.777152 0.726498 0.766172 0.726640 0.765618 0.726447 0.763331 0.725946 0.759659 0.725215 0.755160 0.724365 0.750528 0.723527 0.746473 0.722829 0.743615 0.722379 0.742389 0.711368 0.734571 0.665129 0.701983
0 0.158154 0.545896 0.160009 0.586565 0.165824 0.626702 0.205961 0.620886 0.209994 0.619228 0.198522 0.540055 0.197832 0.540147
0 0.533482 0.857964 0.533839 0.861013 0.535376 0.863736 0.554369 0.883946 0.557629 0.886628 0.561683 0.889107 0.597740 0.908160 0.601955 0.910050 0.605673 0.911056 0.634960 0.916357 0.638129 0.916121 0.640928 0.914740 0.642932 0.912423 0.643835 0.909523 0.649328 0.883960 0.649000 0.880981 0.647509 0.878318 0.645082 0.876378 0.553032 0.827738 0.550043 0.826817 0.546952 0.827059 0.544229 0.828425 0.542290 0.830707 0.534362 0.855054
0 0.276947 0.376380 0.349385 0.412109 0.349853 0.411436 0.350790 0.409763 0.352052 0.407344 0.353449 0.404550 0.399435 0.310664 0.400738 0.307948 0.401744 0.305733 0.402302 0.304356 0.402326 0.304026 0.330149 0.268149 0.329698 0.268945 0.328779 0.270715 0.327531 0.273185 0.326144 0.275984 0.280140 0.369571 0.278811 0.372300 0.277737 0.374552 0.277082 0.375985
0 0.000000 0.196830 0.054089 0.245963 0.054853 0.245703 0.056247 0.244520 0.058058 0.242596 0.060010 0.240221 0.123736 0.158032 0.125547 0.155553 0.126953 0.153330 0.127740 0.151700 0.127788 0.150912 0.064421 0.101780 0.063664 0.101913 0.062273 0.102993 0.060458 0.104855 0.050593 0.116303 0.001292 0.179889 0.000018 0.184291 0.000000 0.184362
0 0.771324 0.429980 0.841209 0.469316 0.842779 0.469174 0.961330 0.258554 0.891122 0.219038 0.889331 0.220326
0 0.000000 0.372917 0.000759 0.374011 0.072942 0.410518 0.183342 0.196209 0.111733 0.158589 0.110253 0.158459
