0 0.443324 0.287008 0.446952 0.327401 0.447680 0.329768 0.487519 0.326190 0.523780 0.282772 0.524111 0.279751 0.520482 0.239357 0.480089 0.242986
0 0.657344 0.501856 0.670808 0.525984 0.700278 0.574270 0.716765 0.599214 0.758070 0.574004 0.756832 0.555527 0.756692 0.554813 0.755611 0.552631 0.753752 0.549310 0.751398 0.545357 0.721585 0.496509 0.719107 0.492546 0.716893 0.489193 0.715281 0.486963 0.714517 0.486195 0.698649 0.476646
0 0.062859 0.066573 0.067266 0.082105 0.078554 0.121886 0.084345 0.127088 0.119361 0.146625 0.138898 0.111609 0.123419 0.057057 0.118172 0.050879 0.082668 0.031070
0 0.072713 0.310432 0.073053 0.312717 0.073960 0.316317 0.075297 0.320682 0.093148 0.375054 0.094704 0.379500 0.096236 0.383328 0.097508 0.385955 0.098328 0.386980 0.111590 0.399905 0.157567 0.384810 0.151511 0.358868 0.133866 0.305122 0.121988 0.276442 0.076012 0.291537
0 0.763272 0.684626 0.767787 0.686102 0.843639 0.700117 0.889391 0.463421 0.813761 0.448260 0.809039 0.447852
0 0.776223 0.484458 0.894852 0.688048 0.900877 0.689713 0.965114 0.645749 0.847397 0.441636 0.841562 0.441065
0 0.423034 0.763663 0.664230 0.779155 0.669393 0.698756 0.668617 0.697846 0.428527 0.682425 0.428198 0.683264
0 0.707229 0.771620 0.707407 0.781660 0.709805 0.784917 0.746983 0.816148 0.799035 0.754186 0.795618 0.751281 0.758865 0.720406 0.748632 0.722335 0.747714 0.722744 0.745759 0.724494 0.743066 0.727315 0.740041 0.730780 0.714253 0.761477 0.711348 0.765071 0.708993 0.768259 0.707546 0.770559
0 0.052172 0.549832 0.075768 0.592268 0.089392 0.595299 0.090735 0.594728 0.093473 0.593354 0.097187 0.591388 0.101315 0.589127 0.136355 0.569645 0.140283 0.567425 0.143429 0.565578 0.145314 0.564381 0.145649 0.564020 0.150535 0.552337 0.127209 0.510386 0.122900 0.510506
0 0.201178 0.622970 0.207924 0.633024 0.208417 0.633494 0.210605 0.634479 0.214158 0.635830 0.218533 0.637340 0.223058 0.638777 0.227037 0.639920 0.229862 0.640594 0.231105 0.640699 0.234196 0.639081 0.245981 0.632732 0.261068 0.587164 0.223095 0.574592 0.216618 0.576337
0 0.679425 0.143734 0.679663 0.183831 0.759856 0.183355 0.763479 0.178941 0.763237 0.138286 0.681926 0.138768
0 0.191962 0.971414 0.223522 0.996447 0.248554 0.964887 0.249707 0.962757 0.218292 0.937839 0.193374 0.969254
0 0.613565 0.871415 0.614088 0.873125 0.653407 0.881880 0.662162 0.842562 0.661419 0.840992 0.622281 0.832276
0 0.745658 0.128494 0.760512 0.134441 0.772936 0.128049 0.773639 0.126704 0.774921 0.123850 0.776587 0.119922 0.778383 0.115519 0.780032 0.111319 0.781281 0.107967 0.781940 0.105974 0.781909 0.105641 0.778565 0.092652 0.763540 0.086636 0.760528 0.091360
0 0.957435 0.407015 0.958030 0.412559 0.998082 0.413558 1.000000 0.354850 1.000000 0.321873 0.963351 0.320867 0.958885 0.350453
0 0.145208 0.224840 0.145513 0.233022 0.151118 0.276542 0.161482 0.286070 0.162844 0.286318 0.165829 0.286459 0.169978 0.286473 0.174664 0.286357 0.179180 0.286130 0.182843 0.285825 0.185100 0.285489 0.185603 0.285171 0.195077 0.277607 0.193290 0.229640 0.186116 0.223316
0 0.950043 0.438132 0.960483 0.517448 0.961538 0.517488 1.000000 0.512256 1.000000 0.472189 0.996510 0.431979 0.956301 0.437272
0 0.637314 0.375598 0.655911 0.382412 0.675805 0.387638 0.687903 0.353381 0.701672 0.301973 0.663435 0.290012 0.661475 0.295777 0.644599 0.349752
0 0.689272 0.631732 0.691904 0.633564 0.725282 0.656602 0.755696 0.677582 0.778470 0.644587 0.748320 0.623224 0.714942 0.600186 0.711994 0.598812
0 0.916027 0.290464 0.916265 0.300099 0.916463 0.303171 0.918813 0.308257 0.921773 0.309960 0.931205 0.312946 0.934362 0.313000 0.938429 0.312083 0.942791 0.310334 0.946790 0.308017 0.949821 0.305481 0.951422 0.303111 0.955404 0.293585 0.955287 0.290491 0.952909 0.285406 0.945305 0.278724 0.942970 0.277310 0.938759 0.277195 0.933313 0.278401 0.927470 0.280744 0.922129 0.283864 0.918110 0.287279
0 0.334417 0.275712 0.335274 0.281949 0.337041 0.287727 0.339445 0.292159 0.342116 0.294568 0.351452 0.296986 0.354596 0.297018 0.360065 0.296128 0.362542 0.293191 0.367610 0.285280 0.368477 0.282011 0.368600 0.277724 0.367960 0.273069 0.366655 0.268747 0.364881 0.265412 0.362905 0.263572 0.354702 0.257072 0.351556 0.256957 0.346081 0.257874 0.337825 0.263317 0.335802 0.265624 0.334603 0.269977
0 0.214495 0.821269 0.216246 0.828907 0.220785 0.835295 0.227423 0.839458 0.235150 0.840765 0.242788 0.839015 0.249176 0.834476 0.249607 0.833901 0.253763 0.827274 0.255068 0.819561 0.253320 0.811936 0.248789 0.805559 0.242162 0.801403 0.234449 0.800098 0.226824 0.801845 0.220447 0.806376 0.219966 0.806904 0.215802 0.813543
0 0.100061 0.318056 0.100883 0.319686 0.103136 0.323035 0.106480 0.327598 0.110401 0.332670 0.114294 0.337470 0.117560 0.341261 0.119700 0.343463 0.120394 0.343749 0.131009 0.340710 0.135856 0.336963 0.137658 0.325236 0.136997 0.324010 0.135284 0.321511 0.132779 0.318117 0.129862 0.314343 0.126972 0.310758 0.124546 0.307902 0.122952 0.306211 0.122435 0.305945 0.110469 0.304823 0.105611 0.308579
