0 0.484951 0.531228 0.485217 0.534319 0.495631 0.545740 0.497999 0.545538 0.510877 0.524662 0.510628 0.524098 0.508079 0.521302 0.497879 0.510116 0.485295 0.530515
0 0.403583 0.601425 0.409810 0.611890 0.412726 0.611714 0.412759 0.611704 0.413085 0.611381 0.413655 0.610793 0.414381 0.610029 0.420907 0.603126 0.421677 0.602306 0.422370 0.601558 0.422880 0.600996 0.423130 0.600706 0.423773 0.596931 0.417616 0.586585 0.416664 0.587586
0 0.471614 0.546353 0.476043 0.567661 0.492025 0.561756 0.492061 0.561473 0.487652 0.540262 0.471744 0.546141
0 0.489701 0.565250 0.492963 0.575444 0.496104 0.577127 0.507001 0.582965 0.514778 0.587131 0.530068 0.578432 0.531331 0.574243 0.537572 0.553533 0.538834 0.549345 0.535572 0.539151 0.535409 0.538972 0.489748 0.564951
0 0.451800 0.649068 0.455921 0.652785 0.458669 0.655263 0.467960 0.636948 0.468034 0.636634 0.468089 0.636400 0.461248 0.630230 0.451993 0.648472
0 0.513717 0.518284 0.515776 0.521915 0.523514 0.530231 0.526614 0.532144 0.526709 0.532053 0.526949 0.531714 0.527296 0.531178 0.527699 0.530527 0.530332 0.526267 0.535554 0.517643 0.535429 0.517501 0.522543 0.503652 0.514742 0.516497 0.514346 0.517159 0.514012 0.517730 0.513791 0.518126
0 0.428002 0.457766 0.428123 0.462073 0.429471 0.465991 0.431841 0.468923 0.434871 0.470422 0.435103 0.470527 0.436197 0.470473 0.438142 0.470280 0.441078 0.468484 0.443275 0.465326 0.444181 0.462769 0.444561 0.461401 0.444520 0.459944 0.444278 0.456984 0.442931 0.453068 0.440563 0.450139 0.440525 0.450107 0.437494 0.448608 0.434264 0.448768 0.431325 0.450566 0.429127 0.453725
0 0.445438 0.401030 0.464340 0.437500 0.464504 0.437786 0.471310 0.431514 0.471178 0.431199 0.452276 0.394729
0 0.417386 0.598706 0.434114 0.601049 0.434145 0.600993 0.434202 0.600607 0.434275 0.599952 0.434354 0.599125 0.434427 0.598255 0.436575 0.570508 0.436628 0.569749 0.436656 0.569204 0.436653 0.568954 0.420114 0.566550 0.420096 0.566636 0.420050 0.567042 0.419985 0.567707 0.419910 0.568529 0.419836 0.569383 0.417505 0.597074 0.417442 0.597854 0.417400 0.598427
0 0.442376 0.420644 0.442678 0.422947 0.442869 0.423332 0.443273 0.423576 0.449519 0.426509 0.452679 0.426960 0.453116 0.426941 0.453385 0.426663 0.454727 0.422292 0.454881 0.419460 0.454812 0.419091 0.454456 0.418853 0.450462 0.417269 0.444925 0.416951 0.444446 0.416947 0.444062 0.417167 0.442449 0.418923
0 0.441725 0.488406 0.469039 0.616317 0.485027 0.610247 0.485096 0.609742 0.457907 0.482417 0.457713 0.482336
0 0.521195 0.593820 0.521198 0.593834 0.521246 0.594050 0.521592 0.595262 0.522259 0.596207 0.525221 0.599854 0.529030 0.602635 0.529917 0.603167 0.530890 0.603206 0.531799 0.602745 0.532508 0.601855 0.535340 0.597585 0.537329 0.592828 0.537728 0.591644 0.537757 0.590348 0.537412 0.589135 0.537326 0.588930 0.537320 0.588917 0.536655 0.587976 0.533561 0.583901 0.529900 0.581563 0.529015 0.581032 0.528045 0.580993 0.527137 0.581453 0.526431 0.582340 0.523466 0.586164 0.521621 0.591346 0.521223 0.592526
0 0.582169 0.465977 0.597780 0.473137 0.598229 0.473013 0.603623 0.452104 0.587941 0.444912 0.587539 0.445164
