0 0.507205 0.483560 0.507295 0.486695 0.507426 0.486881 0.507818 0.487377 0.508409 0.488107 0.509112 0.488959 0.515251 0.496353 0.515960 0.497201 0.516570 0.497919 0.516988 0.498399 0.517151 0.498566 0.519679 0.498295 0.526395 0.488382 0.514004 0.473457 0.507288 0.483370
0 0.529615 0.580038 0.531225 0.590832 0.531956 0.592956 0.541897 0.590319 0.543076 0.587133 0.543096 0.586999 0.543038 0.586381 0.542911 0.585375 0.542734 0.584132 0.542534 0.582845 0.542342 0.581711 0.542187 0.580903 0.542093 0.580544 0.541609 0.579618 0.539329 0.577461
0 0.571581 0.584071 0.571701 0.589854 0.571736 0.591147 0.572140 0.592324 0.572317 0.592550 0.573029 0.593433 0.573941 0.593885 0.577755 0.595353 0.582148 0.595647 0.583120 0.595599 0.584005 0.595059 0.584667 0.594109 0.585006 0.592893 0.586072 0.587340 0.586328 0.581951 0.586292 0.580654 0.585887 0.579475 0.585174 0.578592 0.584979 0.578411 0.584966 0.578400 0.584057 0.577949 0.579879 0.576077 0.575870 0.576191 0.574900 0.576239 0.574018 0.576778 0.573357 0.577726 0.572566 0.580541
0 0.430265 0.493856 0.434442 0.503438 0.453908 0.510309 0.457170 0.511460 0.457366 0.511408 0.471672 0.500318 0.477661 0.470154 0.473503 0.460616 0.473381 0.460435
0 0.530966 0.453987 0.559817 0.475388 0.560509 0.475103 0.565380 0.463429 0.564461 0.460387 0.564380 0.460211 0.563980 0.459816 0.563319 0.459260 0.562500 0.458630 0.555221 0.453230 0.547941 0.447830 0.540662 0.442431 0.539816 0.441826 0.539078 0.441345 0.538562 0.441060 0.538345 0.441015 0.536194 0.441781 0.535781 0.442446
0 0.442057 0.522377 0.458983 0.560408 0.473245 0.549123 0.473367 0.548899 0.456518 0.511042 0.456318 0.511092
0 0.507840 0.394831 0.523307 0.433723 0.530600 0.428567 0.530740 0.428239 0.515202 0.389169 0.507876 0.394349
0 0.476352 0.553310 0.487158 0.570154 0.499791 0.555746 0.499793 0.555491 0.489036 0.538724 0.476461 0.553066
0 0.435597 0.632815 0.450716 0.641903 0.450913 0.641335 0.457702 0.621258 0.442644 0.612206 0.442413 0.612657
0 0.482841 0.384143 0.482920 0.384674 0.495264 0.399368 0.500774 0.391139 0.500778 0.390638 0.488377 0.375875
0 0.495892 0.500138 0.496242 0.504424 0.497795 0.508205 0.499460 0.509989 0.500315 0.510887 0.501370 0.511317 0.503419 0.512115 0.506634 0.511649 0.509470 0.509578 0.510808 0.507359 0.511476 0.506207 0.511803 0.504812 0.512402 0.502079 0.512053 0.497793 0.510499 0.494012 0.508835 0.492228 0.507965 0.491326 0.506925 0.490901 0.504875 0.490102 0.501661 0.490568 0.498825 0.492639 0.497487 0.494859 0.496805 0.496007 0.496491 0.497405
0 0.527419 0.411137 0.531597 0.420629 0.540139 0.413945 0.540603 0.412950 0.541051 0.410350 0.541009 0.410014 0.540781 0.409290 0.540401 0.408290 0.539928 0.407166 0.539433 0.406091 0.538994 0.405230 0.538677 0.404715 0.538530 0.404623 0.536377 0.403348 0.527736 0.410110
