0 0.521764 0.579048 0.521956 0.579524 0.524787 0.582365 0.529144 0.586693 0.529801 0.587219 0.530209 0.587396 0.530641 0.587211 0.532842 0.585227 0.533662 0.581781 0.533680 0.581157 0.533451 0.580660 0.529680 0.576364 0.526957 0.573316 0.525879 0.572494 0.525497 0.572361 0.525134 0.572662 0.521883 0.578487
0 0.560976 0.630465 0.561256 0.631066 0.577323 0.636758 0.581593 0.615336 0.581219 0.614807 0.565226 0.609141
0 0.520526 0.462700 0.528750 0.470061 0.531305 0.469361 0.531453 0.469111 0.531789 0.468477 0.532265 0.467556 0.532806 0.466489 0.533331 0.465439 0.533757 0.464568 0.534021 0.464010 0.534081 0.463847 0.533736 0.460471 0.525417 0.453026 0.525126 0.453563
0 0.304591 0.611401 0.317305 0.625598 0.318140 0.625024 0.328739 0.608150 0.316083 0.594017 0.315239 0.594449
0 0.457662 0.480104 0.469535 0.495618 0.469675 0.495638 0.475466 0.487759 0.463647 0.472316 0.463479 0.472188
0 0.423062 0.649740 0.424999 0.662847 0.441383 0.658544 0.442053 0.656732 0.440138 0.643774 0.437721 0.642581 0.437262 0.642561 0.436518 0.642662 0.435603 0.642870 0.427486 0.645002 0.426535 0.645285 0.425689 0.645601 0.425077 0.645902 0.424793 0.646144
0 0.414748 0.455762 0.417007 0.458306 0.418904 0.459259 0.429557 0.442446 0.427351 0.439960 0.425651 0.438556 0.425100 0.438658 0.414748 0.454995
0 0.457205 0.597877 0.457506 0.598703 0.460484 0.602506 0.461538 0.603409 0.462137 0.603182 0.470711 0.585401 0.471012 0.584522 0.470905 0.583713 0.466531 0.579964 0.465910 0.579817 0.465390 0.580294 0.457355 0.596957 0.457339 0.596994
0 0.448528 0.577041 0.464832 0.581086 0.464993 0.580716 0.474054 0.515799 0.457825 0.511771 0.457632 0.511825
0 0.448526 0.385421 0.452204 0.406982 0.452423 0.407407 0.456264 0.408661 0.467508 0.412330 0.469005 0.412818 0.470213 0.412452 0.463165 0.371137 0.462995 0.370545 0.461782 0.370913
0 0.579229 0.526631 0.582267 0.545590 0.582322 0.545874 0.582586 0.546290 0.583019 0.546775 0.583555 0.547254 0.584112 0.547655 0.584605 0.547915 0.584958 0.547995 0.591979 0.544661 0.592595 0.544222 0.593354 0.543564 0.594140 0.542789 0.594832 0.542015 0.595325 0.541361 0.595542 0.540928 0.595828 0.537782 0.593950 0.534291 0.590402 0.527722 0.589969 0.526954 0.585808 0.519906 0.585483 0.519859 0.584172 0.520898 0.582327 0.522635 0.581029 0.523986 0.579908 0.525285 0.579451 0.525912
0 0.452358 0.412687 0.452419 0.414815 0.452818 0.416696 0.452899 0.416840 0.453357 0.417648 0.454254 0.419165 0.455519 0.420109 0.456958 0.420336 0.458353 0.419811 0.459491 0.418615 0.460199 0.416929 0.460369 0.415010 0.459975 0.413150 0.459907 0.413001 0.459513 0.412146 0.458605 0.410611 0.457326 0.409656 0.455986 0.408873 0.454910 0.408703 0.454286 0.408938 0.453524 0.409455 0.453015 0.409991 0.452485 0.411252
0 0.506890 0.435141 0.518915 0.450294 0.519009 0.450214 0.532984 0.430497 0.533285 0.430072 0.533580 0.429653 0.533868 0.429242 0.534144 0.428846 0.534404 0.428472 0.524797 0.416366 0.522395 0.413340 0.522096 0.413325 0.521818 0.413707 0.521528 0.414109 0.521230 0.414527 0.520931 0.414951 0.520631 0.415380
0 0.424213 0.453368 0.430651 0.464569 0.435944 0.472101 0.439364 0.468684 0.442264 0.464882 0.438955 0.459288 0.431367 0.447472 0.430492 0.446197
