0 0.573149 0.530834 0.574869 0.552725 0.575040 0.552846 0.575734 0.553334 0.578641 0.552928 0.578967 0.552287 0.577315 0.531262 0.576901 0.530785 0.576022 0.530433
0 0.474618 0.449347 0.480490 0.470190 0.480713 0.470531 0.489985 0.465887 0.490995 0.462792 0.490917 0.462506 0.490716 0.461788 0.490424 0.460748 0.489752 0.458361 0.487156 0.449146 0.486823 0.447966 0.486548 0.446994 0.486373 0.446379 0.486325 0.446213 0.483997 0.444650
0 0.575305 0.412078 0.576093 0.415110 0.577033 0.418661 0.578921 0.421462 0.580510 0.423767 0.581386 0.424325 0.582355 0.424394 0.583270 0.423963 0.586953 0.422033 0.587153 0.421854 0.590621 0.418119 0.591345 0.417252 0.591765 0.416081 0.591817 0.414786 0.591493 0.413563 0.589687 0.408597 0.587249 0.404033 0.586599 0.403068 0.585721 0.402508 0.584749 0.402439 0.583832 0.402871 0.579745 0.405217 0.576684 0.408529 0.576497 0.408753 0.575775 0.409618 0.575357 0.410785
0 0.577745 0.503224 0.577793 0.504487 0.578385 0.515489 0.578473 0.516756 0.578589 0.517841 0.578715 0.518578 0.578833 0.518854 0.580250 0.520775 0.581178 0.521015 0.591171 0.520060 0.589977 0.497852 0.588949 0.497876 0.579070 0.498821 0.577883 0.501190 0.577794 0.501440 0.577746 0.502155
0 0.557525 0.447484 0.558052 0.456451 0.558160 0.456720 0.558465 0.457123 0.558922 0.457598 0.559461 0.458073 0.559999 0.458475 0.560453 0.458743 0.560755 0.458835 0.575472 0.453670 0.575578 0.453353 0.575834 0.452055 0.576127 0.450224 0.576537 0.447236 0.576819 0.444719 0.576875 0.443497 0.576802 0.442757 0.570003 0.441075 0.569287 0.440919 0.563481 0.439841 0.560419 0.439282 0.558338 0.441050 0.558245 0.441531 0.558107 0.442427 0.557945 0.443602 0.557784 0.444878 0.557647 0.446064 0.557557 0.446979
0 0.418287 0.490550 0.419399 0.512612 0.435946 0.511128 0.436202 0.511084 0.435094 0.489110 0.434833 0.489067
0 0.467564 0.389313 0.467951 0.392000 0.468611 0.394224 0.482317 0.406684 0.485051 0.409152 0.489678 0.400039 0.489437 0.397701 0.472650 0.382547 0.470242 0.383807 0.469901 0.384279 0.469419 0.385097 0.468868 0.386135 0.468334 0.387233 0.467899 0.388223 0.467629 0.388954
0 0.435004 0.499295 0.436551 0.502125 0.436651 0.502190 0.437104 0.502371 0.437843 0.502639 0.438753 0.502955 0.446825 0.505698 0.447765 0.506012 0.448589 0.506274 0.449171 0.506445 0.449422 0.506499 0.451743 0.504739 0.459083 0.466348 0.458610 0.465959 0.450519 0.463209 0.435417 0.497137
0 0.538098 0.472830 0.554311 0.477042 0.554529 0.476950 0.557701 0.455247 0.541423 0.451018 0.541257 0.451214
0 0.520790 0.419148 0.521150 0.423442 0.522142 0.425892 0.522674 0.427178 0.522719 0.427228 0.525235 0.429906 0.525242 0.429913 0.528345 0.431101 0.531557 0.430611 0.534390 0.428516 0.536412 0.425134 0.537314 0.420977 0.537315 0.420964 0.536959 0.416665 0.535930 0.414087 0.535398 0.412798 0.534537 0.411881 0.532869 0.410189 0.529758 0.409001 0.526540 0.409497 0.524637 0.410798 0.523672 0.411515 0.522985 0.412669 0.521687 0.414990
0 0.573806 0.487487 0.579183 0.495836 0.580099 0.495788 0.587700 0.487084 0.587444 0.483733 0.587190 0.483168 0.586727 0.482335 0.586127 0.481363 0.585481 0.480401 0.584889 0.479596 0.584442 0.479073 0.584207 0.478908 0.582260 0.478639 0.581320 0.478883
0 0.506118 0.513362 0.506226 0.514627 0.507193 0.518922 0.525702 0.518361 0.532001 0.517688 0.531738 0.506678 0.530206 0.506736 0.510270 0.507581 0.506928 0.507806 0.506359 0.510988 0.506165 0.512083
0 0.412760 0.573563 0.421885 0.592026 0.432193 0.582996 0.432736 0.582516 0.433218 0.582080 0.433568 0.581755 0.433732 0.581591 0.432600 0.577295 0.431233 0.574528 0.427132 0.566229 0.424617 0.563149 0.424446 0.563297 0.424089 0.563608 0.423602 0.564034 0.423058 0.564512
0 0.450959 0.384416 0.451184 0.384946 0.455787 0.394112 0.462662 0.387974 0.462490 0.387459 0.457866 0.378250
