0 0.259430 0.302242 0.261171 0.342487 0.262265 0.343209 0.302325 0.341475 0.300592 0.301415 0.299674 0.300501
0 0.447655 0.894033 0.469678 0.927762 0.503407 0.905739 0.503391 0.903880 0.481469 0.870305 0.447895 0.892227
0 0.693529 0.478441 0.712671 0.513675 0.713650 0.513738 0.749045 0.494508 0.729816 0.459112 0.728762 0.459300
0 0.614571 0.939085 0.623789 0.978009 0.624358 0.980204 0.663460 0.970944 0.654200 0.931842 0.653495 0.929868
0 0.616162 0.875805 0.616536 0.883621 0.616737 0.884282 0.620081 0.891373 0.625883 0.896645 0.633261 0.899294 0.641091 0.898920 0.648182 0.895576 0.653454 0.889773 0.656103 0.882395 0.655729 0.874565 0.655461 0.873921 0.652123 0.866842 0.646331 0.861579 0.638965 0.858935 0.631148 0.859309 0.624070 0.862647 0.618807 0.868439
0 0.281285 0.905069 0.284056 0.912402 0.289421 0.918118 0.296565 0.921345 0.304401 0.921593 0.311735 0.918822 0.317451 0.913457 0.320677 0.906312 0.320986 0.905614 0.321233 0.897792 0.318467 0.890471 0.313111 0.884765 0.305979 0.881543 0.298157 0.881296 0.290836 0.884062 0.285130 0.889418 0.284760 0.890088 0.281533 0.897233
0 0.400614 0.381052 0.400857 0.383228 0.401485 0.387470 0.402404 0.393135 0.403472 0.399350 0.404525 0.405158 0.405400 0.409666 0.405964 0.412187 0.406133 0.412345 0.416722 0.414548 0.422662 0.413527 0.429710 0.404270 0.429493 0.402616 0.428998 0.399438 0.428300 0.395216 0.427505 0.390591 0.426733 0.386260 0.426101 0.382876 0.425704 0.380956 0.425604 0.380794 0.415798 0.374405 0.409845 0.375428
0 0.157702 0.428105 0.158152 0.431108 0.164883 0.439101 0.166917 0.440920 0.170410 0.442488 0.174830 0.443571 0.179509 0.444004 0.183741 0.443723 0.186886 0.442770 0.194761 0.437225 0.197405 0.434745 0.198113 0.429201 0.197746 0.426196 0.195038 0.416895 0.192368 0.414433 0.187724 0.412302 0.181814 0.410833 0.175545 0.410252 0.169884 0.410649 0.165700 0.411962 0.163629 0.413985 0.158436 0.422554
0 0.918650 0.898055 0.921489 0.905344 0.926902 0.910992 0.927637 0.911699 0.934810 0.914852 0.942645 0.915019 0.949947 0.912175 0.955604 0.906753 0.958757 0.899579 0.958924 0.891745 0.956080 0.884443 0.950658 0.878785 0.949883 0.878134 0.942722 0.874987 0.934901 0.874821 0.927611 0.877660 0.921964 0.883072 0.918816 0.890234
0 0.000000 0.185425 0.000848 0.187587 0.020345 0.204661 0.051877 0.231688 0.056999 0.234755 0.087968 0.198081 0.084968 0.184624 0.084814 0.184447 0.083283 0.183116 0.080612 0.180834 0.077205 0.177947 0.046574 0.152081 0.042938 0.149019 0.039613 0.146238 0.037102 0.144157 0.035789 0.143094 0.021376 0.142380 0.000000 0.179477
0 0.621993 0.673850 0.622278 0.684488 0.623692 0.686621 0.659825 0.719055 0.713881 0.658832 0.677748 0.626398 0.675716 0.624954 0.664990 0.625949 0.664160 0.626466 0.662233 0.628267 0.659505 0.631076 0.656389 0.634467 0.629608 0.664302 0.626567 0.667772 0.624052 0.670803 0.622445 0.672939
0 0.533254 0.514745 0.533718 0.514950 0.612819 0.533786 0.622236 0.494235 0.543136 0.475400 0.542543 0.475738
0 0.525302 0.759300 0.525360 0.759894 0.559179 0.785729 0.592703 0.808553 0.615527 0.775028 0.613942 0.771256 0.547813 0.726235
0 0.319534 0.905988 0.352958 0.952435 0.361091 0.960322 0.363524 0.961260 0.367298 0.962238 0.371838 0.963106 0.376445 0.963729 0.380411 0.964014 0.383131 0.963915 0.384191 0.963451 0.392893 0.958946 0.394117 0.953701 0.401841 0.906326 0.322884 0.893452 0.320836 0.898001
0 0.415366 0.054758 0.429926 0.092083 0.435336 0.090673 0.488035 0.070080 0.514367 0.056249 0.499711 0.018675 0.467345 0.026571
0 0.167462 0.659408 0.167577 0.660058 0.170851 0.671586 0.216292 0.688693 0.219535 0.686537 0.233628 0.649102 0.188706 0.632190 0.176082 0.637467 0.175330 0.638510 0.174041 0.641120 0.172413 0.644902 0.170694 0.649277 0.169148 0.653574 0.168013 0.657132
0 0.475575 0.398357 0.475910 0.399751 0.498571 0.432713 0.531533 0.410052 0.531971 0.408801 0.508995 0.375381
0 0.638428 0.285236 0.638478 0.285862 0.644944 0.296227 0.692443 0.303149 0.694668 0.300873 0.700502 0.260833 0.652454 0.253832 0.641958 0.261976 0.641639 0.263197 0.641105 0.266045 0.640437 0.270081 0.639736 0.274696 0.639109 0.279193 0.638650 0.282893
0 0.890997 0.842654 0.891003 0.842957 0.892053 0.844720 0.893982 0.847672 0.896499 0.851366 0.899223 0.855243 0.901744 0.858719 0.903680 0.861268 0.904736 0.862500 0.918751 0.866355 0.958673 0.838718 0.935642 0.805450 0.930663 0.801959 0.891198 0.829280
0 0.646003 0.113939 0.646084 0.116396 0.646479 0.119387 0.664240 0.222329 0.664887 0.225379 0.665683 0.228004 0.666506 0.229803 0.667230 0.230502 0.745105 0.215668 0.745557 0.215175 0.745732 0.213548 0.745603 0.211039 0.743866 0.196299 0.730201 0.117095 0.726768 0.101872 0.726000 0.099180 0.725217 0.097281 0.724539 0.096465 0.646783 0.111987 0.646249 0.112391
0 0.150307 0.428944 0.150335 0.430455 0.150414 0.432918 0.150530 0.435958 0.150668 0.439110 0.155271 0.538927 0.155404 0.541637 0.155514 0.543532 0.155585 0.544324 0.236092 0.540894 0.236090 0.540100 0.236036 0.538207 0.235939 0.535501 0.232118 0.435849 0.231990 0.432704 0.231854 0.429670 0.231731 0.427214 0.231639 0.425709 0.231593 0.425383 0.150333 0.428615
0 0.718479 0.225320 0.718643 0.304482 0.719454 0.305079 0.721365 0.305563 0.724085 0.305860 0.727201 0.305925 0.831645 0.304005 0.834660 0.303827 0.837096 0.303435 0.838581 0.302889 0.838889 0.302272 0.839423 0.223097 0.838506 0.222567 0.836504 0.222141 0.833724 0.221884 0.818145 0.221351 0.737785 0.222828 0.722962 0.223920 0.720466 0.224275 0.718891 0.224766
