0 0.337069 0.716931 0.337545 0.718993 0.338577 0.720655 0.340007 0.721663 0.341618 0.721865 0.343164 0.721230 0.344411 0.719855 0.344678 0.719477 0.345433 0.717573 0.345585 0.715429 0.345109 0.713371 0.344079 0.711712 0.342652 0.710705 0.341044 0.710503 0.339500 0.711137 0.338256 0.712511 0.337977 0.712877 0.337221 0.714784
0 0.604376 0.363147 0.605755 0.363646 0.625362 0.368551 0.630073 0.368018 0.631055 0.364470 0.631340 0.363205 0.631407 0.361968 0.631611 0.357086 0.615017 0.350894 0.605900 0.352319
0 0.371839 0.484673 0.373057 0.528981 0.389673 0.528169 0.390179 0.528040 0.388966 0.483935 0.388455 0.483861
0 0.409288 0.685319 0.409878 0.687402 0.425503 0.679538 0.426354 0.677486 0.422856 0.665128 0.420164 0.664531 0.419749 0.664601 0.419055 0.664857 0.418188 0.665262 0.417277 0.665752 0.416461 0.666255 0.415864 0.666695 0.415575 0.667004 0.414151 0.670970
0 0.658958 0.409977 0.659438 0.412033 0.660473 0.413687 0.661903 0.414687 0.663511 0.414882 0.665053 0.414241 0.665338 0.414093 0.666580 0.412711 0.667332 0.410801 0.667478 0.408653 0.666996 0.406593 0.665960 0.404936 0.664527 0.403934 0.662916 0.403740 0.661372 0.404382 0.661094 0.404546 0.659854 0.405925 0.659103 0.407832
0 0.359155 0.316152 0.360124 0.317629 0.365799 0.325595 0.377855 0.310507 0.372251 0.302451 0.371208 0.301068 0.370914 0.301137 0.370441 0.301604 0.359605 0.315166 0.359225 0.315765
0 0.648821 0.482690 0.648849 0.483953 0.648951 0.485015 0.649111 0.485718 0.650187 0.488260 0.669998 0.488564 0.671964 0.488432 0.672156 0.466165 0.668816 0.466114 0.651940 0.465897 0.650377 0.466248 0.649259 0.468535 0.649086 0.469288 0.648966 0.470385 0.648916 0.471659
0 0.305156 0.399413 0.316699 0.415471 0.318377 0.416245 0.325537 0.407095 0.324959 0.403387 0.324782 0.402976 0.324355 0.402273 0.323744 0.401384 0.318019 0.393420 0.317314 0.392477 0.316620 0.391621 0.316042 0.390981 0.315668 0.390654 0.312382 0.390179 0.311563 0.390822 0.307945 0.395444 0.305534 0.398526
0 0.679349 0.457401 0.684426 0.466080 0.686990 0.465609 0.693591 0.458746 0.688443 0.449946 0.685859 0.450632
0 0.657935 0.269275 0.666314 0.293213 0.669306 0.291352 0.678283 0.285766 0.681275 0.283904 0.682108 0.282912 0.685516 0.278848 0.676942 0.254350 0.674288 0.253837 0.665123 0.259540 0.662068 0.261441 0.661879 0.261719 0.659279 0.265546 0.659097 0.265814
