0 0.469419 0.511463 0.471999 0.522050 0.501578 0.520939 0.503166 0.520251 0.504312 0.517303 0.504097 0.516418 0.503850 0.515402 0.503259 0.512977 0.500685 0.502417 0.500434 0.501388 0.500266 0.500701 0.500207 0.500460 0.498028 0.499087 0.498005 0.499076
0 0.571636 0.400553 0.582770 0.428878 0.583203 0.429816 0.584834 0.431222 0.585078 0.431121 0.585607 0.430767 0.586341 0.430215 0.587169 0.429549 0.587967 0.428868 0.588613 0.428276 0.589009 0.427862 0.589095 0.427690 0.588882 0.425104 0.588447 0.424165 0.574457 0.398177 0.574286 0.398218 0.573925 0.398433 0.573430 0.398791 0.572876 0.399237 0.572348 0.399702 0.571927 0.400116 0.571677 0.400414
0 0.481251 0.624444 0.481261 0.624487 0.484528 0.625815 0.494453 0.626497 0.497804 0.625625 0.497807 0.625582 0.497824 0.625211 0.497850 0.624567 0.498093 0.618390 0.498521 0.607346 0.498531 0.606775 0.482002 0.605638 0.481916 0.606204 0.481491 0.617248 0.481273 0.623427 0.481255 0.624072
0 0.422270 0.552448 0.430430 0.554809 0.431225 0.554183 0.433326 0.541277 0.431694 0.538746 0.431599 0.538641 0.431149 0.538446 0.430414 0.538190 0.429504 0.537911 0.428557 0.537652 0.427716 0.537452 0.427108 0.537342 0.426827 0.537337 0.424396 0.539393
0 0.585320 0.570010 0.585713 0.570332 0.593988 0.571381 0.595560 0.549314 0.595122 0.549088 0.586885 0.548045
0 0.505569 0.571469 0.506422 0.581336 0.506690 0.584381 0.506962 0.584682 0.507553 0.584735 0.522314 0.582457 0.522885 0.582225 0.523108 0.581848 0.522942 0.578787 0.521992 0.568935
0 0.584254 0.499903 0.587750 0.509872 0.588153 0.509918 0.595664 0.505235 0.592152 0.495220 0.591731 0.495242
0 0.403982 0.631885 0.409037 0.640683 0.435429 0.613720 0.435725 0.613199 0.430693 0.604442 0.404422 0.631281
0 0.423694 0.606421 0.424878 0.607991 0.425766 0.609168 0.426399 0.609103 0.437579 0.594114 0.438221 0.593146 0.438255 0.592314 0.436207 0.589598 0.424566 0.605205 0.424393 0.605446 0.424045 0.605931 0.423870 0.606175
0 0.350010 0.728745 0.350073 0.730190 0.350399 0.731214 0.352134 0.736021 0.355342 0.740096 0.355974 0.740793 0.357000 0.741306 0.358086 0.741264 0.360720 0.740313 0.363598 0.738577 0.365727 0.735490 0.365838 0.735303 0.366893 0.731336 0.366713 0.727093 0.365325 0.723220 0.362940 0.720308 0.359922 0.718802 0.356731 0.718931 0.353855 0.720674 0.351731 0.723764 0.351611 0.723944 0.350368 0.727394
0 0.499910 0.410138 0.499977 0.410699 0.501717 0.412500 0.511250 0.413791 0.511423 0.413733 0.511678 0.413200 0.511977 0.412273 0.512274 0.411092 0.512524 0.409838 0.512687 0.408705 0.512740 0.407866 0.512674 0.407448 0.504075 0.401897 0.501861 0.402212 0.501647 0.402310 0.501324 0.403038 0.500939 0.404282 0.500553 0.405854 0.500222 0.407517 0.499996 0.409021
0 0.468107 0.598069 0.470006 0.606607 0.470956 0.610877 0.502975 0.598218 0.502941 0.597094 0.500125 0.584433 0.498033 0.583293 0.497854 0.583255 0.497340 0.583366 0.496570 0.583609 0.495660 0.583947 0.471865 0.593354 0.470947 0.593739 0.470153 0.594114 0.469603 0.594424 0.469381 0.594621 0.468472 0.596947
