0 0.372996 0.378181 0.374448 0.379573 0.384185 0.381993 0.385845 0.379505 0.386071 0.378934 0.386304 0.377969 0.386507 0.376755 0.388023 0.365912 0.389539 0.355068 0.391055 0.344224 0.391200 0.342938 0.391267 0.341765 0.391244 0.340881 0.391136 0.340423 0.390234 0.338717 0.388965 0.336852 0.379116 0.334405
0 0.524280 0.456019 0.527424 0.466224 0.542731 0.457841 0.542928 0.457647 0.539770 0.447395 0.524392 0.455817
0 0.534732 0.529792 0.535545 0.530488 0.537071 0.531453 0.543179 0.535309 0.543902 0.533273 0.544444 0.531746 0.544217 0.530978 0.543257 0.530305 0.536539 0.526063 0.535969 0.526310
0 0.646412 0.622786 0.704015 0.701608 0.704951 0.702534 0.716829 0.687103 0.658962 0.607919 0.658235 0.607426
0 0.512288 0.497935 0.515446 0.508132 0.515517 0.508170 0.530883 0.499710 0.527711 0.489466 0.527584 0.489515
0 0.309487 0.776858 0.317402 0.780241 0.318239 0.778957 0.320765 0.768451 0.312886 0.765083 0.312024 0.766304
0 0.410325 0.683831 0.410697 0.685030 0.411385 0.685947 0.414702 0.689255 0.418295 0.692106 0.419194 0.692603 0.420167 0.692603 0.421066 0.692107 0.421754 0.691190 0.424766 0.686588 0.424938 0.686161 0.426553 0.681532 0.426925 0.680336 0.426925 0.679042 0.426554 0.677847 0.424940 0.675437 0.422943 0.672773 0.420334 0.671331 0.418077 0.670292 0.417107 0.670292 0.416210 0.670786 0.415523 0.671701 0.412902 0.675433 0.412702 0.675836 0.410698 0.681335 0.410325 0.682534
0 0.489525 0.453817 0.497020 0.497317 0.497052 0.497348 0.500277 0.496361 0.505115 0.494879 0.506727 0.494385 0.506807 0.494319 0.508118 0.491662 0.508086 0.491404 0.507974 0.490689 0.507798 0.489626 0.507586 0.488378 0.501978 0.455828 0.501763 0.454595 0.501579 0.453574 0.501456 0.452922 0.501411 0.452737 0.499313 0.450819
0 0.455145 0.552872 0.462500 0.558140 0.462928 0.557476 0.476990 0.522574 0.476230 0.519584 0.476094 0.519439 0.475647 0.519077 0.474955 0.518555 0.474125 0.517951 0.466837 0.512731 0.465992 0.512135 0.465256 0.511635 0.464742 0.511308 0.464529 0.511203 0.462013 0.512298 0.461223 0.514260
0 0.511847 0.474288 0.512346 0.478792 0.513294 0.481855 0.515190 0.487979 0.516139 0.491041 0.518169 0.494703 0.518301 0.494634 0.518647 0.494447 0.519154 0.494170 0.519745 0.493846 0.531219 0.487523 0.524890 0.467085 0.513408 0.473384 0.512819 0.473712 0.512315 0.473999 0.511974 0.474201
0 0.431500 0.394438 0.446642 0.403972 0.452926 0.389724 0.453635 0.386849 0.438654 0.377417 0.432140 0.391538
0 0.585822 0.581914 0.585892 0.582506 0.586076 0.583466 0.586346 0.584649 0.586661 0.585876 0.586973 0.586963 0.587236 0.587744 0.587410 0.588100 0.588426 0.589125 0.591171 0.591052 0.600816 0.586893 0.598216 0.576177 0.595971 0.574436 0.586547 0.578500
0 0.436600 0.395768 0.436622 0.397428 0.436690 0.399147 0.436793 0.400667 0.436917 0.401757 0.437041 0.402253 0.439141 0.403261 0.448586 0.400603 0.448682 0.400468 0.448750 0.399847 0.448782 0.398835 0.448771 0.397585 0.448720 0.396289 0.448636 0.395146 0.448533 0.394332 0.448425 0.393970 0.438850 0.392182 0.436804 0.393386 0.436698 0.393579 0.436626 0.394416
0 0.531531 0.596547 0.531599 0.596897 0.543665 0.610085 0.543906 0.610187 0.544272 0.610016 0.544709 0.609598 0.545150 0.608997 0.559031 0.587009 0.559406 0.586320 0.559654 0.585652 0.559739 0.585108 0.559647 0.584770 0.547674 0.571435 0.547429 0.571366 0.547059 0.571565 0.546620 0.572002 0.544365 0.574888 0.533684 0.591806 0.531899 0.595320 0.531636 0.595994
