0 0.568589 0.573873 0.568900 0.575098 0.569540 0.576072 0.569550 0.576083 0.569710 0.576258 0.570582 0.576833 0.574252 0.578880 0.578609 0.579709 0.579580 0.579795 0.580502 0.579378 0.581234 0.578524 0.581665 0.577361 0.583142 0.572048 0.583822 0.566657 0.583886 0.565363 0.583574 0.564134 0.582933 0.563158 0.582743 0.563013 0.582731 0.563004 0.581861 0.562431 0.577839 0.560058 0.573853 0.559562 0.572884 0.559476 0.571965 0.559891 0.571235 0.560744 0.570805 0.561904 0.568970 0.566874 0.568653 0.572581
0 0.527755 0.602091 0.527840 0.602380 0.528167 0.603385 0.539101 0.631510 0.539376 0.631537 0.539833 0.631415 0.540402 0.631163 0.540996 0.630819 0.541523 0.630437 0.541904 0.630075 0.542080 0.629787 0.534140 0.599930 0.533814 0.598925 0.533718 0.598641 0.532291 0.596975 0.531886 0.596978 0.531210 0.597193 0.530364 0.597587 0.529476 0.598101 0.528681 0.598656 0.528098 0.599170 0.527817 0.599563
0 0.414964 0.613731 0.424763 0.616519 0.427267 0.614176 0.427403 0.613779 0.427596 0.612949 0.427818 0.611815 0.428035 0.610547 0.428215 0.609337 0.428329 0.608368 0.428362 0.607786 0.427346 0.604425 0.417659 0.601668 0.416708 0.602843
0 0.558086 0.545098 0.558352 0.545305 0.574935 0.545566 0.575523 0.479236 0.558940 0.478975 0.558671 0.479071
0 0.494182 0.374731 0.494586 0.385567 0.494648 0.386882 0.494700 0.387276 0.494833 0.388100 0.495026 0.389227 0.495252 0.390487 0.497204 0.401206 0.497427 0.402411 0.497615 0.403382 0.497740 0.403973 0.501689 0.416120 0.504898 0.415081 0.504906 0.414935 0.504244 0.410372 0.503169 0.402971 0.499183 0.381081 0.498423 0.377935 0.497396 0.373690
0 0.471713 0.384574 0.471714 0.384669 0.471792 0.385248 0.471936 0.386223 0.472123 0.387444 0.474521 0.402861 0.474722 0.404138 0.474906 0.405270 0.475044 0.406084 0.475116 0.406456 0.477535 0.410400 0.487312 0.407697 0.486004 0.399194 0.483595 0.383704 0.482534 0.376970 0.472757 0.379673
0 0.431601 0.548173 0.439423 0.551841 0.439700 0.551604 0.445177 0.530841 0.437391 0.527189 0.437103 0.527314
0 0.536535 0.609067 0.536703 0.609568 0.541795 0.618294 0.554884 0.604715 0.554633 0.604237 0.549564 0.595551
0 0.421086 0.627963 0.433417 0.642728 0.438954 0.634507 0.439059 0.634276 0.439198 0.633969 0.426916 0.619263 0.425813 0.620900 0.422504 0.625813 0.421401 0.627451 0.421221 0.627743
0 0.402782 0.381016 0.403017 0.385319 0.404469 0.389174 0.404688 0.389427 0.405679 0.390571 0.407289 0.392427 0.410348 0.393779 0.413562 0.393467 0.415463 0.392194 0.416298 0.391353 0.417157 0.390436 0.418549 0.388289 0.419563 0.384211 0.419329 0.379926 0.418374 0.377390 0.417742 0.375873 0.417553 0.375588 0.415106 0.372767 0.412035 0.371410 0.408808 0.371723 0.406898 0.373001 0.405917 0.373658 0.405198 0.374766 0.403801 0.376921
0 0.415665 0.404465 0.422196 0.406788 0.424175 0.407077 0.430697 0.363765 0.424212 0.361092 0.422217 0.360954
0 0.431723 0.510992 0.431817 0.515300 0.433141 0.519232 0.435493 0.522190 0.438514 0.523722 0.441745 0.523596 0.441783 0.523581 0.444730 0.521816 0.446947 0.518683 0.447858 0.515977 0.448247 0.514614 0.448215 0.513156 0.448001 0.510352 0.446677 0.506422 0.444327 0.503466 0.442502 0.502448 0.441480 0.501930 0.441346 0.501934 0.440211 0.501978 0.438079 0.502061 0.438039 0.502063 0.435090 0.503828 0.432872 0.506963
0 0.444026 0.420349 0.444330 0.421967 0.445751 0.429516 0.446056 0.431133 0.451105 0.452327 0.451161 0.452313 0.451602 0.452171 0.452359 0.451924 0.453318 0.451610 0.454704 0.451152 0.455254 0.450969 0.455939 0.450740 0.456284 0.450623 0.453244 0.428813 0.451527 0.419665 0.451223 0.418049 0.451146 0.418000 0.450532 0.418133 0.449471 0.418429 0.448126 0.418844 0.446704 0.419313 0.445424 0.419764 0.444484 0.420128
