0 0.540976 0.587615 0.541032 0.588732 0.541255 0.590230 0.541614 0.591882 0.542053 0.593441 0.542507 0.594672 0.542907 0.595386 0.543193 0.595474 0.545401 0.595724 0.553801 0.589928 0.553909 0.589506 0.553879 0.588667 0.553717 0.587538 0.553447 0.586292 0.553110 0.585121 0.552759 0.584205 0.552446 0.583682 0.552220 0.583632 0.542781 0.585199 0.541099 0.587048
0 0.446713 0.460648 0.448957 0.463946 0.449540 0.464358 0.451665 0.464408 0.451869 0.464286 0.452321 0.463843 0.452954 0.463149 0.453669 0.462308 0.454361 0.461447 0.454924 0.460696 0.455273 0.460169 0.455354 0.459947 0.455654 0.456965 0.453436 0.453704 0.452898 0.453169
0 0.528367 0.351400 0.529877 0.356437 0.530906 0.359782 0.531196 0.360669 0.535151 0.371518 0.537335 0.372759 0.537552 0.372720 0.538082 0.372479 0.538844 0.372072 0.539723 0.371562 0.540585 0.371025 0.541302 0.370542 0.541763 0.370187 0.546846 0.364912 0.547044 0.364566 0.547201 0.363940 0.547294 0.363130 0.547308 0.362259 0.547241 0.361461 0.547104 0.360858 0.546916 0.360541 0.536022 0.346592 0.535923 0.346507 0.535192 0.346734 0.534037 0.347275 0.532030 0.348373 0.530225 0.349500 0.529199 0.350311 0.528385 0.351144
0 0.567715 0.577483 0.568497 0.578378 0.592672 0.601131 0.594252 0.601849 0.596104 0.599820 0.596386 0.599249 0.596720 0.598301 0.597054 0.597120 0.599743 0.586607 0.600025 0.585378 0.600212 0.584292 0.600274 0.583515 0.600203 0.583166 0.599641 0.580776 0.598503 0.579852 0.570378 0.567066
0 0.545728 0.397649 0.556243 0.414617 0.557516 0.413215 0.562606 0.407607 0.562857 0.407236 0.552300 0.390200 0.545912 0.397238
0 0.439730 0.480126 0.440853 0.484172 0.443052 0.487336 0.445992 0.489137 0.446208 0.489181 0.449428 0.489343 0.451424 0.488358 0.452368 0.487830 0.453253 0.486860 0.454814 0.484931 0.456159 0.481027 0.456281 0.476733 0.455542 0.474073 0.455085 0.472658 0.454419 0.471634 0.452972 0.469553 0.452783 0.469431 0.449843 0.467630 0.446610 0.467465 0.443576 0.468964 0.441203 0.471896 0.439852 0.475816
0 0.454932 0.379916 0.455447 0.381289 0.462531 0.390518 0.464916 0.389914 0.465332 0.389523 0.465921 0.388837 0.466593 0.387961 0.472375 0.380071 0.473032 0.379134 0.473575 0.378275 0.473922 0.377625 0.474020 0.377283 0.474068 0.374775 0.473768 0.373327 0.466602 0.363991
0 0.429110 0.492762 0.429237 0.503893 0.429493 0.526155 0.429526 0.527426 0.429592 0.528488 0.429679 0.529178 0.429775 0.529393 0.431171 0.531758 0.441212 0.531554 0.441888 0.531192 0.441382 0.487075 0.440700 0.486926 0.430659 0.487130 0.429317 0.489459 0.429226 0.489699 0.429155 0.490410 0.429114 0.491486
0 0.454737 0.496471 0.462081 0.501878 0.462602 0.501852 0.466602 0.492195 0.459360 0.486862 0.458793 0.486679
0 0.442219 0.568103 0.442666 0.571661 0.445676 0.573822 0.446312 0.572959 0.455366 0.551912 0.463192 0.532532 0.464202 0.529840 0.467755 0.520361 0.469295 0.516252 0.470341 0.513461 0.467367 0.511325 0.466980 0.511459 0.464779 0.512245 0.464639 0.512489 0.464336 0.513154 0.463915 0.514138 0.463442 0.515291 0.455356 0.535311 0.443227 0.565341 0.442779 0.566472 0.442430 0.567395 0.442233 0.567967
0 0.561721 0.552438 0.562233 0.556229 0.563689 0.557544 0.580315 0.553548 0.579791 0.549669 0.579254 0.549186 0.577532 0.548117 0.562089 0.551829
0 0.505436 0.605528 0.505557 0.607872 0.510508 0.628215 0.511046 0.628651 0.513858 0.627435 0.513541 0.624522 0.508446 0.603586 0.505698 0.604775
