0 0.552207 0.424813 0.552273 0.426105 0.552705 0.427264 0.553437 0.428114 0.556594 0.431740 0.560630 0.433614 0.561550 0.434026 0.562518 0.433938 0.563387 0.433362 0.563542 0.433199 0.564182 0.432221 0.566627 0.428004 0.568317 0.422607 0.568627 0.421377 0.568560 0.420083 0.568127 0.418921 0.567394 0.418069 0.563942 0.414799 0.560183 0.412555 0.559261 0.412142 0.558290 0.412231 0.557419 0.412808 0.557279 0.413020 0.556641 0.413996 0.553915 0.418566 0.552516 0.423587
0 0.487183 0.419723 0.492260 0.432002 0.495459 0.439737 0.496417 0.440701 0.497867 0.439881 0.512868 0.405547 0.511888 0.404580 0.496291 0.401112 0.494820 0.401785
0 0.535037 0.544170 0.535526 0.544786 0.543637 0.547641 0.547921 0.526011 0.547262 0.525653 0.539262 0.522837
0 0.532767 0.554327 0.533521 0.565313 0.533675 0.565614 0.550230 0.563595 0.549473 0.552558 0.549246 0.552317
0 0.500520 0.591952 0.500523 0.592374 0.532447 0.604369 0.536945 0.583086 0.536776 0.582706 0.504998 0.570767
0 0.629778 0.808197 0.630001 0.808726 0.636308 0.815252 0.637705 0.816457 0.637950 0.816439 0.638316 0.815889 0.646457 0.799106 0.646726 0.798347 0.646740 0.797830 0.645683 0.795685 0.638748 0.789704
0 0.399944 0.553904 0.405628 0.574812 0.406303 0.574519 0.407873 0.573761 0.414153 0.570726 0.415036 0.570265 0.415814 0.569622 0.416520 0.567059 0.416565 0.566734 0.416475 0.565984 0.416263 0.564925 0.415961 0.563718 0.413142 0.553348 0.412795 0.552171 0.412455 0.551199 0.412174 0.550581 0.411993 0.550410 0.410182 0.548905 0.400859 0.553411
0 0.426820 0.740998 0.437594 0.757878 0.475576 0.714782 0.475688 0.713797 0.464963 0.696994 0.427155 0.739893
0 0.588687 0.450520 0.588813 0.451228 0.589083 0.452240 0.589457 0.453403 0.589877 0.454542 0.590280 0.455484 0.590606 0.456088 0.590805 0.456260 0.592569 0.457533 0.593639 0.457042 0.611847 0.445885 0.604874 0.425654 0.603357 0.426584 0.602176 0.427423 0.589123 0.447533 0.588725 0.450225
0 0.417773 0.392183 0.418102 0.392614 0.432893 0.402389 0.433626 0.400417 0.435825 0.394501 0.436558 0.392529 0.436413 0.392282 0.436304 0.392097 0.421454 0.382283
0 0.517026 0.570001 0.517129 0.571812 0.517325 0.573738 0.517584 0.575491 0.517867 0.576806 0.518131 0.577482 0.526280 0.576047 0.542399 0.571836 0.542582 0.571778 0.542650 0.571427 0.542706 0.570778 0.542722 0.570162 0.542658 0.568849 0.542512 0.567453 0.542307 0.566188 0.542076 0.565249 0.541852 0.564779 0.525503 0.566250 0.517346 0.567671 0.517142 0.567759 0.517030 0.568578
