0 0.523653 0.678028 0.523926 0.680086 0.566518 0.703400 0.577498 0.699278 0.578042 0.698734 0.579389 0.696656 0.581334 0.693359 0.583581 0.689344 0.602965 0.653933 0.605162 0.649828 0.606968 0.646273 0.608106 0.643811 0.608405 0.642815 0.605375 0.632414 0.604170 0.630901 0.562066 0.607853
0 0.177340 0.798749 0.190157 0.845449 0.246356 0.833912 0.273597 0.824075 0.260704 0.777102 0.242441 0.773259 0.241468 0.773263 0.238855 0.773767 0.210906 0.779957 0.207100 0.780873 0.202628 0.782073 0.198165 0.783375 0.194385 0.784583 0.191860 0.785514 0.190979 0.786025
0 0.468686 0.962621 0.483584 1.000000 0.491366 1.000000 0.516580 0.996118 0.519078 0.995563 0.560606 0.984004 0.559913 0.978473 0.545186 0.932788 0.535164 0.929607 0.534245 0.929323 0.531723 0.929644 0.527984 0.930522 0.523596 0.931821 0.485438 0.944122 0.481052 0.945651 0.477321 0.947182 0.474809 0.948483 0.473901 0.949357 0.469044 0.957334
0 0.745045 0.755655 0.748575 0.760622 0.756824 0.768655 0.763823 0.773932 0.771926 0.777206 0.778735 0.777720 0.781374 0.776188 0.788779 0.769262 0.792019 0.765648 0.833768 0.716063 0.834885 0.714075 0.835230 0.711358 0.834748 0.708328 0.833513 0.705448 0.831715 0.703159 0.829628 0.701810 0.808884 0.689246 0.804868 0.687441 0.801495 0.686595 0.799275 0.686837 0.787647 0.689761 0.760662 0.729332 0.755688 0.737454
0 0.568156 0.153033 0.573002 0.163210 0.574362 0.163908 0.577259 0.164995 0.581254 0.166306 0.585741 0.167642 0.590043 0.168803 0.593511 0.169613 0.595618 0.169948 0.627677 0.171408 0.628920 0.170981 0.630723 0.169665 0.632811 0.167661 0.634866 0.165275 0.636571 0.162871 0.637667 0.160818 0.637987 0.159429 0.628902 0.086251 0.628192 0.085555 0.624190 0.083693 0.618115 0.081441 0.607793 0.078135 0.598707 0.075697 0.593789 0.074960 0.590153 0.075100 0.579767 0.107115 0.578777 0.110492 0.571903 0.137908
0 0.196690 0.457571 0.196694 0.458419 0.251260 0.507206 0.252667 0.507800 0.255037 0.508115 0.258010 0.508101 0.261130 0.507762 0.263919 0.507148 0.265952 0.506355 0.266919 0.505503 0.284233 0.478525 0.285026 0.476497 0.286238 0.473108 0.287686 0.468874 0.289153 0.464433 0.290415 0.460455 0.291283 0.457543 0.291624 0.456140 0.285913 0.446281 0.244935 0.430831 0.241599 0.429725 0.209521 0.420163 0.207740 0.423395 0.205783 0.428046 0.202689 0.436963 0.199435 0.447255 0.197670 0.453405
0 0.833597 0.443384 0.837475 0.447059 0.881422 0.482714 0.906570 0.500455 0.931992 0.469145 0.909268 0.446946 0.858851 0.412281
0 0.849486 0.530026 0.881116 0.576925 0.889572 0.587295 0.890990 0.587586 0.894003 0.588185 0.898154 0.589000 0.902809 0.589908 0.907251 0.590769 0.910798 0.591450 0.912910 0.591848 0.913267 0.591902 0.925240 0.585537 0.934508 0.537875 0.855070 0.522430 0.851012 0.522173
0 0.413005 0.543496 0.417435 0.550382 0.440280 0.583829 0.452015 0.586184 0.452725 0.585800 0.454878 0.584477 0.458147 0.582416 0.462034 0.579930 0.465941 0.577402 0.469267 0.575221 0.471505 0.573719 0.472315 0.573125 0.474603 0.561231 0.448635 0.520862 0.447433 0.521350
0 0.365682 0.721073 0.365705 0.723938 0.365864 0.728026 0.366135 0.732710 0.366477 0.737272 0.366836 0.741011 0.367158 0.743355 0.367394 0.743950 0.375742 0.752867 0.424191 0.749657 0.425058 0.746803 0.419768 0.666978 0.411786 0.667507 0.365799 0.719865
0 0.818972 0.745438 0.841862 0.787628 0.845814 0.790954 0.854976 0.792959 0.856253 0.792907 0.858958 0.791985 0.862680 0.790331 0.866849 0.788197 0.870825 0.785912 0.873997 0.783826 0.875881 0.782259 0.881380 0.771658 0.897650 0.716798 0.893791 0.709685 0.889290 0.707288
0 0.398033 0.847797 0.399268 0.928155 0.640341 0.924449 0.639106 0.844091 0.638470 0.842519 0.398499 0.846207
0 0.655708 0.261354 0.670449 0.307034 0.708516 0.294750 0.710927 0.292378 0.696016 0.246169 0.684606 0.241963 0.683975 0.241904 0.681685 0.242420 0.678084 0.243433 0.673720 0.244789 0.669264 0.246279 0.665402 0.247675 0.662724 0.248762 0.661635 0.249376
0 0.386677 0.326058 0.387374 0.327023 0.389060 0.329309 0.391475 0.332565 0.394254 0.336299 0.396978 0.339948 0.399235 0.342960 0.400685 0.344879 0.401102 0.345411 0.413264 0.347629 0.451749 0.318943 0.451191 0.316849 0.427009 0.284408 0.388079 0.313426
0 0.853023 0.641169 0.869201 0.677751 0.874335 0.680223 0.911426 0.663819 0.895023 0.626728 0.889605 0.624990
0 0.094598 0.440329 0.099232 0.441011 0.139226 0.441686 0.140035 0.393692 0.130066 0.384398 0.128658 0.384230 0.125619 0.384056 0.121411 0.383903 0.116677 0.383794 0.112145 0.383746 0.108511 0.383767 0.106330 0.383853 0.105931 0.383991 0.095417 0.391781
0 0.242025 0.791503 0.263714 0.864733 0.264304 0.865631 0.265986 0.866075 0.268504 0.865997 0.271474 0.865407 0.372335 0.838212 0.375285 0.837206 0.377746 0.835942 0.379343 0.834614 0.379833 0.833424 0.358819 0.760012 0.358145 0.759200 0.356390 0.758831 0.353824 0.758961 0.339097 0.761442 0.261495 0.782366 0.246864 0.787801 0.244335 0.789045 0.242635 0.790344
0 0.186001 0.599773 0.186632 0.601523 0.187843 0.603901 0.195539 0.617077 0.239480 0.684376 0.248407 0.696659 0.250081 0.698700 0.251407 0.699946 0.252180 0.700205 0.318583 0.656632 0.318742 0.655830 0.318209 0.654125 0.317064 0.651777 0.315480 0.649143 0.258369 0.561675 0.256600 0.559174 0.254926 0.557205 0.253603 0.556066 0.252832 0.555931 0.186048 0.598919
0 0.689472 0.103102 0.689476 0.104416 0.690555 0.106117 0.692542 0.107945 0.705013 0.116731 0.775535 0.155288 0.789743 0.161090 0.792385 0.161793 0.794445 0.161809 0.795608 0.161132 0.831123 0.095011 0.831240 0.093695 0.830266 0.091991 0.828349 0.090159 0.825780 0.088479 0.734123 0.038366 0.731312 0.037104 0.728704 0.036462 0.726698 0.036537 0.725600 0.037316
0 0.000000 0.257452 0.010225 0.337162 0.010863 0.339578 0.012132 0.342318 0.013834 0.344962 0.015711 0.347106 0.017475 0.348422 0.018856 0.348711 0.084389 0.310129 0.085127 0.309378 0.085160 0.307670 0.084484 0.305264 0.078727 0.291701 0.039895 0.221330 0.030962 0.208271 0.029089 0.206056 0.027327 0.204632 0.025947 0.204219 0.025157 0.204880 0.000110 0.237702 0.000000 0.243413
