0 0.312439 0.716182 0.317813 0.756482 0.398412 0.745734 0.399809 0.742356 0.394509 0.702611 0.315018 0.713210
0 0.311143 0.142747 0.312273 0.156540 0.313190 0.157619 0.315306 0.159783 0.318296 0.162700 0.321707 0.165930 0.351006 0.193296 0.354332 0.196359 0.357078 0.198798 0.358828 0.200246 0.359313 0.200477 0.371765 0.201438 0.404529 0.166359 0.403426 0.162502 0.344286 0.107263
0 0.762609 0.908022 0.766261 0.913695 0.799319 0.937188 0.822813 0.904130 0.842339 0.866821 0.841557 0.865982 0.808951 0.842811
0 0.176609 0.130354 0.181858 0.134106 0.228880 0.165489 0.250253 0.178503 0.262596 0.163096 0.272649 0.144961 0.241526 0.122185 0.198856 0.097034
0 0.860573 0.669667 0.908128 0.733999 0.912846 0.736705 0.919354 0.731894 0.927839 0.675304 0.927490 0.662220 0.926411 0.660293 0.924396 0.657255 0.921752 0.653569 0.918887 0.649803 0.916240 0.646534 0.914217 0.644263 0.913124 0.643334 0.899173 0.641135
0 0.687271 0.528159 0.687614 0.529168 0.706370 0.555842 0.707662 0.556981 0.710147 0.559121 0.713449 0.561936 0.717060 0.564995 0.720425 0.567828 0.723029 0.569999 0.724474 0.571179 0.724544 0.571190 0.736122 0.569741 0.746243 0.558494 0.765355 0.537145 0.767627 0.534468 0.788591 0.508604 0.786645 0.506660 0.783284 0.503643 0.776230 0.497619 0.767797 0.490553 0.762593 0.486267 0.758867 0.483286 0.757920 0.482604 0.691918 0.514131 0.690923 0.515402 0.689805 0.517616 0.688735 0.520438 0.687878 0.523434 0.687364 0.526146
0 0.877696 0.905769 0.877915 0.907343 0.879279 0.909802 0.882886 0.915620 0.887227 0.922215 0.893595 0.931425 0.898331 0.937790 0.899828 0.939087 0.927293 0.920957 0.930194 0.918997 0.966967 0.894012 0.969410 0.882493 0.968911 0.881107 0.967420 0.878408 0.965164 0.874809 0.962488 0.870861 0.959805 0.867171 0.957525 0.864306 0.955997 0.862700 0.930024 0.840493 0.929412 0.840165 0.927689 0.840132 0.925116 0.840402 0.922087 0.840932 0.919065 0.841642 0.916514 0.842423 0.914822 0.843155 0.914245 0.843727
0 0.784092 0.252117 0.799569 0.264552 0.810248 0.272949 0.813044 0.275057 0.848925 0.299890 0.860759 0.298895 0.861581 0.298437 0.863403 0.296577 0.865949 0.293593 0.868831 0.289941 0.871605 0.286181 0.873846 0.282892 0.875210 0.280577 0.886246 0.249255 0.886086 0.247095 0.885216 0.244432 0.883767 0.241671 0.881961 0.239236 0.880075 0.237500 0.878397 0.236726 0.809179 0.219590 0.805869 0.222910 0.803365 0.225887 0.798437 0.232103 0.793508 0.238604 0.787423 0.247023
0 0.857592 0.554295 0.858392 0.555193 0.860281 0.556129 0.862973 0.556958 0.866057 0.557553 0.969475 0.572281 0.972462 0.572550 0.974875 0.572448 0.976348 0.571991 0.976657 0.571250 0.990428 0.494404 0.989512 0.493553 0.987523 0.492660 0.984765 0.491860 0.969328 0.488582 0.889757 0.477250 0.875092 0.476242 0.872625 0.476298 0.871072 0.476687 0.870671 0.477350
0 0.550118 0.742340 0.586239 0.809456 0.587214 0.810116 0.589123 0.810102 0.591673 0.809416 0.594477 0.808161 0.686722 0.759140 0.689334 0.757517 0.691337 0.755783 0.692428 0.754204 0.692440 0.753019 0.656936 0.685575 0.655896 0.685018 0.653933 0.685122 0.651347 0.685870 0.637243 0.691702 0.566269 0.729420 0.553522 0.737856 0.551448 0.739585 0.550252 0.741159
0 0.041031 0.392335 0.056140 0.471270 0.058169 0.471401 0.293890 0.426282 0.278850 0.347708 0.277835 0.347009
0 0.729657 0.881984 0.730714 0.883742 0.768810 0.896831 0.781899 0.858735 0.780608 0.857091 0.742686 0.844062
0 0.090035 0.301450 0.091909 0.302358 0.129953 0.314713 0.142308 0.276669 0.140666 0.275643 0.102447 0.263231
0 0.300156 0.975930 0.322181 1.000000 0.322994 1.000000 0.355791 0.987515 0.356451 0.985286 0.334526 0.951830 0.301070 0.973754
0 0.599425 0.068217 0.606418 0.107700 0.645901 0.100708 0.646573 0.098870 0.639548 0.059205 0.599883 0.066230
0 0.645143 0.852470 0.645811 0.854093 0.678838 0.877154 0.701900 0.844127 0.700975 0.842550 0.668099 0.819594
