0 0.543344 0.470934 0.545000 0.474754 0.549968 0.486214 0.551624 0.490034 0.553083 0.489752 0.556029 0.487482 0.567813 0.478401 0.559300 0.458761 0.557669 0.459895 0.546209 0.468726
0 0.612674 0.434130 0.627954 0.442602 0.629737 0.441802 0.632959 0.431473 0.617466 0.422883 0.615851 0.423944
0 0.575845 0.521748 0.575853 0.522681 0.575947 0.523210 0.577511 0.524643 0.577736 0.524707 0.578547 0.524881 0.602211 0.527785 0.602375 0.527491 0.602543 0.526913 0.602691 0.526139 0.602794 0.525287 0.602838 0.524489 0.602816 0.523865 0.602731 0.523511 0.579589 0.516312 0.578778 0.516136 0.578551 0.516088 0.576728 0.516792 0.576514 0.517246 0.576287 0.518120 0.576080 0.519282 0.575925 0.520555
0 0.683741 0.450502 0.687431 0.458684 0.687786 0.459413 0.688345 0.460314 0.689024 0.461250 0.689721 0.462079 0.690329 0.462677 0.690758 0.462953 0.692957 0.462850 0.693465 0.462787 0.699841 0.454947 0.700374 0.454284 0.705482 0.447775 0.705665 0.446950 0.705360 0.445885 0.704152 0.443976 0.702461 0.441838 0.701282 0.440596 0.700280 0.439799 0.699884 0.439678 0.685051 0.446492 0.684927 0.446761 0.684724 0.447298 0.684473 0.448021 0.684212 0.448820 0.683981 0.449573 0.683816 0.450163
0 0.553359 0.556176 0.553635 0.557411 0.554245 0.558410 0.554369 0.558544 0.554377 0.558552 0.555229 0.559166 0.559135 0.561722 0.563136 0.562414 0.564100 0.562547 0.565028 0.562177 0.565779 0.561362 0.566240 0.560226 0.568207 0.555325 0.568676 0.549683 0.568775 0.548398 0.568498 0.547161 0.567887 0.546159 0.567035 0.545546 0.567025 0.545539 0.566872 0.545435 0.563264 0.543131 0.558984 0.542194 0.558023 0.542063 0.557097 0.542431 0.556347 0.543244 0.555888 0.544378 0.554213 0.549513 0.553458 0.554895
0 0.640813 0.469775 0.640982 0.470128 0.641314 0.470630 0.641760 0.471205 0.651120 0.482309 0.651772 0.482174 0.662984 0.465803 0.656814 0.458338 0.653067 0.454112 0.652596 0.453658 0.652223 0.453378 0.652004 0.453316 0.649156 0.455834 0.642454 0.465619 0.640835 0.469625
0 0.628211 0.425453 0.628225 0.426068 0.628920 0.429336 0.638533 0.432516 0.640135 0.431736 0.644155 0.410126 0.634431 0.406909 0.632894 0.407973 0.631546 0.409027 0.631327 0.409392 0.631051 0.410190 0.630760 0.411299 0.630497 0.412551 0.628505 0.423257 0.628310 0.424467
0 0.590693 0.534781 0.590849 0.535567 0.603737 0.547501 0.604816 0.547995 0.605458 0.547883 0.606172 0.546512 0.607464 0.541737 0.607452 0.540857 0.607052 0.540125 0.594844 0.528821 0.594808 0.528810 0.594191 0.528634 0.593659 0.529087
0 0.492252 0.477925 0.492342 0.478180 0.496719 0.484798 0.498908 0.488107 0.523728 0.458925 0.524001 0.458447 0.517359 0.448404 0.514842 0.448402 0.514719 0.448501 0.514328 0.448921 0.513730 0.449599 0.513014 0.450431 0.494228 0.472520 0.493510 0.473373 0.492907 0.474109 0.492508 0.474616 0.492376 0.474817
0 0.251567 0.182551 0.281188 0.202827 0.286600 0.196068 0.286998 0.187229 0.284237 0.185230 0.276853 0.180175 0.269469 0.175120 0.262084 0.170065 0.257360 0.166941 0.251647 0.173513
0 0.486118 0.444442 0.486276 0.445077 0.490285 0.457153 0.497833 0.452698 0.497808 0.452152 0.493752 0.439936 0.491556 0.439026 0.491371 0.439048 0.490867 0.439272 0.490119 0.439664 0.489242 0.440164 0.488370 0.440696 0.487638 0.441177 0.487158 0.441535 0.487002 0.441714
0 0.518660 0.485361 0.527964 0.527710 0.528093 0.527837 0.536070 0.524721 0.526723 0.482178 0.518746 0.485293
0 0.420642 0.546689 0.422360 0.549178 0.422443 0.549295 0.422886 0.549498 0.423621 0.549758 0.424537 0.550034 0.425492 0.550283 0.426341 0.550467 0.426952 0.550559 0.427234 0.550544 0.439402 0.539916 0.439742 0.537762 0.423588 0.533231 0.422704 0.533616
