0 0.350504 0.185052 0.357421 0.205207 0.358074 0.206558 0.373122 0.197378 0.366237 0.177315 0.365621 0.175829
0 0.436135 0.544131 0.436907 0.548566 0.438037 0.551516 0.440298 0.557416 0.441429 0.560366 0.443673 0.563798 0.443725 0.563784 0.443994 0.563620 0.444440 0.563330 0.448611 0.560525 0.456002 0.555494 0.456256 0.555204 0.448725 0.535553 0.437777 0.543012 0.436688 0.543754
0 0.380023 0.768384 0.396501 0.770879 0.396974 0.769640 0.397906 0.758705 0.381503 0.756222 0.380959 0.757398
0 0.604257 0.740919 0.609266 0.762322 0.611815 0.771256 0.612265 0.772833 0.612460 0.773272 0.613164 0.773416 0.614272 0.773241 0.615615 0.772772 0.616986 0.772083 0.618173 0.771278 0.618993 0.770484 0.619323 0.769820 0.616765 0.760868 0.616314 0.759290 0.609330 0.738701 0.609249 0.738542 0.608993 0.738413 0.608693 0.738379 0.607905 0.738540 0.606950 0.738894 0.605970 0.739386 0.605115 0.739944 0.604513 0.740482
0 0.505318 0.398674 0.505766 0.400742 0.506774 0.402423 0.508187 0.403463 0.509791 0.403702 0.511342 0.403105 0.512603 0.401761 0.513383 0.399877 0.513406 0.399705 0.513586 0.397562 0.513137 0.395491 0.512128 0.393806 0.510712 0.392765 0.509105 0.392525 0.507551 0.393123 0.506288 0.394469 0.505507 0.396357 0.505327 0.398499
0 0.519578 0.513424 0.522800 0.532766 0.523055 0.533497 0.523417 0.533751 0.526193 0.533182 0.532959 0.530937 0.529374 0.509418 0.528709 0.509589 0.521192 0.511815 0.519833 0.512239 0.519580 0.512634
0 0.537009 0.420187 0.537424 0.422947 0.537522 0.423206 0.537902 0.423739 0.538504 0.424464 0.539237 0.425272 0.539991 0.426041 0.540652 0.426655 0.541119 0.427020 0.541322 0.427081 0.543469 0.427038 0.549635 0.416702 0.550796 0.414753 0.544185 0.407743 0.537875 0.418320
0 0.523709 0.455914 0.530482 0.462223 0.535130 0.453786 0.545163 0.434397 0.542869 0.431252 0.542141 0.430421 0.541304 0.429795 0.538325 0.428029 0.535970 0.432511 0.524547 0.454314
0 0.414042 0.572866 0.414145 0.575981 0.414397 0.577406 0.415035 0.578601 0.416656 0.580558 0.419381 0.582857 0.422543 0.583595 0.424245 0.583352 0.425308 0.583033 0.426193 0.582194 0.428261 0.580196 0.428336 0.580116 0.430020 0.576494 0.430532 0.572267 0.429793 0.568078 0.427917 0.564566 0.425188 0.562269 0.422024 0.561534 0.418907 0.562475 0.418743 0.562612 0.418452 0.562857 0.417567 0.563699 0.416229 0.565015 0.414549 0.568640
0 0.513335 0.479666 0.521075 0.483565 0.521172 0.483490 0.524110 0.473122 0.516334 0.469205 0.516259 0.469346
0 0.524136 0.384842 0.526263 0.395503 0.534259 0.392666 0.534736 0.391170 0.532579 0.380360 0.524472 0.383236
0 0.561105 0.489545 0.561207 0.489800 0.573519 0.502917 0.573785 0.502917 0.574165 0.502650 0.574602 0.502158 0.575027 0.501515 0.588213 0.478779 0.588561 0.478087 0.588776 0.477457 0.588824 0.476984 0.588700 0.476740 0.576475 0.463471 0.576206 0.463505 0.575823 0.463801 0.575385 0.464312 0.573188 0.467455 0.563043 0.484949 0.561402 0.488424 0.561174 0.489061
0 0.437443 0.474744 0.437587 0.475790 0.438017 0.477941 0.439310 0.484394 0.439741 0.486545 0.440026 0.487635 0.440575 0.487749 0.441440 0.487478 0.443035 0.486911 0.447820 0.485207 0.449415 0.484639 0.455794 0.482367 0.456542 0.482062 0.453983 0.469289 0.451712 0.467446 0.451465 0.467469 0.450888 0.467618 0.450068 0.467873 0.449131 0.468193 0.441083 0.471059 0.440175 0.471396 0.439437 0.471696 0.438982 0.471914 0.438880 0.472016
0 0.542893 0.401123 0.549926 0.406884 0.550155 0.406457 0.567519 0.368778 0.560454 0.362990 0.543090 0.400669
