0 0.174621 0.521888 0.175454 0.524664 0.182739 0.538575 0.232451 0.602698 0.243954 0.613022 0.246377 0.614446 0.248668 0.614853 0.250478 0.614179 0.302292 0.575190 0.303365 0.573534 0.303526 0.571163 0.302752 0.568438 0.301157 0.565776 0.237214 0.483297 0.235053 0.481115 0.232663 0.479758 0.230411 0.479433 0.228640 0.480187 0.175712 0.517739 0.174710 0.519457
0 0.157166 0.670529 0.157231 0.673244 0.157796 0.676288 0.184036 0.777401 0.185011 0.780292 0.186241 0.782568 0.187539 0.783884 0.188706 0.784039 0.262436 0.766086 0.263236 0.765071 0.263606 0.763024 0.263490 0.760260 0.261121 0.744987 0.240932 0.667189 0.235663 0.653032 0.234454 0.650688 0.233185 0.649271 0.232051 0.649000 0.158497 0.667629 0.157611 0.668557
0 0.856469 0.251001 0.898180 0.319482 0.899051 0.319006 0.900835 0.317965 0.903261 0.316519 0.905958 0.314887 0.995186 0.260537 0.997726 0.258979 0.999704 0.257744 0.999940 0.257444 1.000000 0.257019 1.000000 0.256914 0.959189 0.188434 0.959070 0.188479 0.957925 0.189153 0.955927 0.190354 0.943593 0.197824 0.874877 0.239679 0.861461 0.247893 0.859056 0.249374 0.857303 0.250465
0 0.298610 0.393193 0.299369 0.394080 0.301238 0.394871 0.303929 0.395445 0.319266 0.397232 0.399599 0.399818 0.414652 0.399009 0.417235 0.398604 0.418942 0.397929 0.419512 0.397084 0.422472 0.320129 0.421821 0.319183 0.420046 0.318341 0.417416 0.317731 0.414334 0.317447 0.309926 0.314087 0.306880 0.314173 0.304355 0.314617 0.302736 0.315351 0.302268 0.316261
0 0.403567 0.411328 0.403755 0.411797 0.404461 0.413289 0.405579 0.415578 0.412223 0.429017 0.448177 0.500997 0.455006 0.514529 0.456192 0.516853 0.457002 0.518397 0.457313 0.518927 0.529045 0.483096 0.528798 0.482535 0.528041 0.480964 0.526890 0.478623 0.525521 0.475868 0.478834 0.382401 0.477463 0.379671 0.476310 0.377400 0.475550 0.375935 0.475299 0.375498
0 0.789368 0.146756 0.789849 0.154567 0.793281 0.161600 0.799144 0.166784 0.806544 0.169330 0.814355 0.168850 0.821388 0.165418 0.821942 0.164842 0.827135 0.158968 0.829686 0.151555 0.829204 0.143731 0.825767 0.136686 0.819894 0.131493 0.812480 0.128942 0.804656 0.129423 0.797611 0.132861 0.792418 0.138734 0.791915 0.139355
0 0.321405 0.435398 0.322757 0.443116 0.326962 0.449729 0.333376 0.454231 0.333663 0.454309 0.341298 0.456009 0.349003 0.454659 0.355605 0.450462 0.360098 0.444058 0.361798 0.436423 0.360448 0.428718 0.356251 0.422116 0.349847 0.417622 0.349589 0.417481 0.341940 0.415778 0.334222 0.417130 0.327609 0.421335 0.323107 0.427749
0 0.408852 0.229741 0.409131 0.237575 0.409287 0.238027 0.412537 0.245146 0.418264 0.250479 0.425597 0.253216 0.433417 0.252937 0.440537 0.249687 0.445870 0.243960 0.448607 0.236628 0.448328 0.228807 0.448239 0.228339 0.444984 0.221208 0.439246 0.215865 0.431901 0.213124 0.424067 0.213404 0.416935 0.216659 0.411593 0.222396
0 0.192832 0.574683 0.194908 0.582240 0.199718 0.588425 0.206529 0.592301 0.214305 0.593274 0.221861 0.591198 0.222338 0.591041 0.228513 0.586239 0.232382 0.579440 0.233353 0.571678 0.231281 0.564135 0.226479 0.557959 0.219680 0.554091 0.211918 0.553119 0.211423 0.553211 0.203866 0.555287 0.197681 0.560097 0.193805 0.566908
0 0.126625 0.095533 0.126708 0.100069 0.128938 0.157252 0.129216 0.161984 0.129648 0.166169 0.130167 0.169168 0.130692 0.170526 0.139894 0.186596 0.188248 0.184711 0.189666 0.158996 0.187462 0.102470 0.183804 0.070739 0.135450 0.072624 0.127069 0.089740 0.126753 0.091906
0 0.550880 0.386551 0.591755 0.412453 0.607781 0.403172 0.608417 0.402265 0.609946 0.399935 0.612136 0.396534 0.614653 0.392582 0.645284 0.344243 0.647732 0.340361 0.649727 0.337158 0.650964 0.335122 0.651257 0.334563 0.652806 0.316109 0.611931 0.290207 0.597462 0.312767 0.588820 0.326405 0.566686 0.361335
0 0.506429 0.371412 0.554304 0.378463 0.565174 0.363470 0.565394 0.362377 0.565851 0.359621 0.566474 0.355620 0.567169 0.350986 0.575507 0.294369 0.576163 0.289829 0.576679 0.286094 0.576976 0.283736 0.577008 0.283112 0.570922 0.265621 0.523048 0.258571 0.519048 0.285030 0.510671 0.341914
0 0.731809 0.167161 0.739875 0.180979 0.752512 0.182473 0.752971 0.182429 0.754943 0.181468 0.758124 0.179738 0.762031 0.177501 0.766076 0.175096 0.769648 0.172885 0.772206 0.171202 0.773358 0.170305 0.777593 0.156894 0.769434 0.142916 0.734489 0.163313
0 0.655279 0.544367 0.667865 0.582438 0.668638 0.582817 0.706884 0.570173 0.694240 0.531927 0.693349 0.531781
0 0.733788 0.594875 0.734865 0.595312 0.772290 0.610210 0.787189 0.572785 0.749763 0.557886 0.748619 0.557621
0 0.378052 0.575580 0.407155 0.603431 0.435006 0.574328 0.435304 0.573987 0.406334 0.546264 0.405903 0.546477
0 0.404665 0.869858 0.407971 0.910185 0.456364 0.906218 0.464478 0.895166 0.464449 0.893731 0.464276 0.890690 0.463984 0.886509 0.463617 0.881821 0.463231 0.877332 0.462885 0.873721 0.462630 0.871534 0.462505 0.871109 0.453594 0.861709 0.405755 0.865631
0 0.817354 0.186789 0.823715 0.196738 0.825761 0.198085 0.829118 0.199818 0.833277 0.201675 0.837611 0.203376 0.841465 0.204664 0.844257 0.205344 0.845558 0.205310 0.854247 0.202246 0.858342 0.198804 0.877104 0.154020 0.839785 0.138385 0.835902 0.142518
0 0.171498 0.376055 0.192754 0.410484 0.196266 0.411507 0.237109 0.386291 0.238645 0.374300 0.238508 0.373685 0.237428 0.371605 0.235574 0.368380 0.233225 0.364498 0.230736 0.360545 0.228484 0.357118 0.226807 0.354734 0.225964 0.353761 0.212813 0.350547
