0 0.475097 0.420354 0.476761 0.431213 0.476867 0.431528 0.484974 0.429321 0.483318 0.418512 0.483242 0.418137
0 0.436435 0.501227 0.436644 0.506118 0.437078 0.513000 0.437237 0.513572 0.437614 0.513969 0.440114 0.515402 0.442559 0.514411 0.442920 0.514079 0.443305 0.513226 0.443438 0.512680 0.443529 0.505279 0.443506 0.500411 0.443338 0.499893 0.442939 0.499644 0.437627 0.499186 0.437239 0.499367 0.436579 0.500734
0 0.571479 0.383719 0.574315 0.394136 0.580953 0.414447 0.581093 0.414403 0.581600 0.414175 0.582077 0.413949 0.582787 0.413608 0.583365 0.413327 0.584353 0.412836 0.585210 0.412401 0.585805 0.412088 0.586046 0.411944 0.581365 0.390624 0.580940 0.389059 0.578954 0.381750 0.578528 0.380183 0.578179 0.380323 0.577342 0.380713 0.576146 0.381293 0.574773 0.381975 0.573435 0.382652 0.572340 0.383222 0.571654 0.383596
0 0.476644 0.396388 0.476994 0.396578 0.477368 0.396773 0.477761 0.396970 0.478165 0.397165 0.478578 0.397356 0.497828 0.406143 0.498011 0.406016 0.503370 0.385144 0.484530 0.375754 0.484119 0.375553 0.483707 0.375361 0.483296 0.375179 0.482895 0.375010 0.482509 0.374858 0.481995 0.375545 0.477714 0.392220
0 0.486000 0.593772 0.486016 0.594364 0.487596 0.596564 0.487975 0.596900 0.488666 0.597167 0.489565 0.597325 0.490534 0.597351 0.491428 0.597241 0.492112 0.597012 0.492482 0.596697 0.494149 0.594585 0.494176 0.592983 0.494177 0.592388 0.493408 0.589755 0.492911 0.589297 0.491992 0.588930 0.490791 0.588713 0.489492 0.588678 0.488296 0.588830 0.487386 0.589147 0.486901 0.589578 0.486032 0.592167
0 0.449908 0.550132 0.462869 0.563905 0.473199 0.546623 0.473306 0.546436 0.460397 0.532718 0.460238 0.532850
0 0.630749 0.307096 0.646644 0.313234 0.647319 0.312375 0.675068 0.184630 0.659100 0.178463 0.658370 0.179937
0 0.536734 0.582250 0.536962 0.582640 0.545177 0.584228 0.549829 0.585027 0.550330 0.585086 0.550638 0.585090 0.550707 0.585037 0.552005 0.580824 0.552365 0.577547 0.553444 0.567713 0.553106 0.563184 0.552924 0.563102 0.552520 0.562985 0.551958 0.562850 0.551322 0.562717 0.539131 0.560415
0 0.412353 0.504758 0.413927 0.505576 0.418650 0.508029 0.420224 0.508846 0.422048 0.508644 0.422647 0.506593 0.423096 0.505055 0.422817 0.504345 0.415891 0.500748 0.414023 0.500764 0.413426 0.501085 0.412966 0.502659
0 0.549206 0.571830 0.561893 0.583660 0.563164 0.584244 0.571991 0.565632 0.559350 0.553670 0.558092 0.553217
0 0.530000 0.485162 0.544616 0.495510 0.544821 0.495489 0.558824 0.482188 0.559408 0.480719 0.531144 0.460709 0.531001 0.460889 0.530419 0.462351
0 0.503550 0.498057 0.504158 0.499370 0.504478 0.500040 0.506150 0.501589 0.506811 0.501739 0.507776 0.501477 0.508896 0.500841 0.510001 0.499929 0.510919 0.498881 0.511509 0.497859 0.511683 0.497019 0.511403 0.494319 0.510799 0.493000 0.510465 0.492345 0.508291 0.491751 0.507793 0.491650 0.507071 0.491855 0.506235 0.492334 0.505411 0.493015 0.504723 0.493795 0.504275 0.494556 0.504137 0.495183
0 0.427540 0.617155 0.440648 0.630788 0.471321 0.578354 0.471453 0.577995 0.458405 0.564425 0.458213 0.564722
