0 0.434336 0.742844 0.443343 0.760245 0.443891 0.760537 0.444922 0.759589 0.448695 0.754202 0.449105 0.753151 0.449153 0.752913 0.449023 0.752090 0.440583 0.735783 0.440052 0.735329 0.439435 0.735503 0.435154 0.739441 0.434405 0.742210
0 0.592926 0.691504 0.593784 0.693273 0.601134 0.702333 0.601817 0.701750 0.604085 0.698480 0.612022 0.687034 0.612458 0.686001 0.611429 0.684299 0.610695 0.683341 0.609483 0.681846 0.608271 0.680352 0.604634 0.675869 0.604147 0.675322 0.601940 0.676110 0.601460 0.676441 0.600838 0.677098 0.600167 0.677981 0.594550 0.686082 0.593929 0.687061 0.593452 0.687989 0.593190 0.688727
0 0.484104 0.781183 0.490042 0.788884 0.493461 0.792918 0.493844 0.793264 0.494099 0.793370 0.496970 0.791055 0.502196 0.783949 0.503938 0.781580 0.504056 0.781368 0.505784 0.777447 0.505681 0.777076 0.505414 0.776529 0.505024 0.775889 0.504570 0.775253 0.495724 0.764079 0.484135 0.779839
0 0.447405 0.260906 0.454476 0.285956 0.454805 0.286854 0.456148 0.290518 0.468726 0.284029 0.471870 0.282407 0.464863 0.256779 0.462988 0.252867 0.461027 0.251931 0.457900 0.253544 0.451648 0.256769 0.448522 0.258382
0 0.518784 0.498028 0.519050 0.500151 0.519905 0.501977 0.521219 0.503227 0.522792 0.503712 0.522831 0.503719 0.524426 0.503363 0.525798 0.502221 0.526738 0.500466 0.527102 0.498365 0.526836 0.496239 0.525979 0.494410 0.524663 0.493157 0.523087 0.492671 0.521492 0.493026 0.521455 0.493038 0.520086 0.494178 0.519148 0.495930
0 0.464682 0.656596 0.465313 0.667649 0.473603 0.666806 0.473724 0.666042 0.473095 0.655040 0.464843 0.655878
0 0.454826 0.377319 0.455570 0.381518 0.455748 0.381993 0.456993 0.384295 0.457560 0.385282 0.458564 0.386245 0.460374 0.387737 0.463556 0.388425 0.466692 0.387437 0.468419 0.385778 0.469254 0.384727 0.469882 0.383683 0.471001 0.381269 0.471517 0.377027 0.470776 0.372845 0.470658 0.372334 0.469409 0.370023 0.468766 0.368834 0.466013 0.366566 0.462819 0.365876 0.459670 0.366867 0.457045 0.369391 0.455344 0.373061
0 0.470926 0.604334 0.484511 0.617021 0.494026 0.598908 0.494054 0.598455 0.480531 0.585826 0.471059 0.603856
0 0.560688 0.746736 0.560737 0.747311 0.561443 0.750187 0.563300 0.754262 0.573303 0.756457 0.574675 0.745342 0.572968 0.739733 0.563193 0.737589 0.561434 0.740689 0.561278 0.741129 0.561101 0.742009 0.560931 0.743195 0.560793 0.744509 0.560707 0.745752
0 0.616544 0.504075 0.617140 0.513956 0.617517 0.514452 0.620267 0.514790 0.621530 0.514655 0.623214 0.514474 0.623079 0.512229 0.622673 0.505492 0.622537 0.503246 0.619736 0.503172 0.618091 0.503348 0.616856 0.503481
0 0.591145 0.712258 0.592496 0.714354 0.597086 0.721273 0.600187 0.721102 0.615462 0.720256 0.618510 0.720087 0.630850 0.705274 0.631367 0.701156 0.632132 0.695061 0.633942 0.680640 0.634464 0.676480 0.630055 0.669380 0.628547 0.667483
0 0.286665 0.425216 0.300647 0.465905 0.303388 0.466374 0.310913 0.461778 0.297123 0.421648 0.296189 0.421287 0.294294 0.420555
0 0.686727 0.277508 0.686965 0.278356 0.687422 0.279357 0.688029 0.280360 0.688695 0.281213 0.694694 0.287507 0.694836 0.287569 0.695211 0.287529 0.695764 0.287394 0.696409 0.287183 0.697049 0.286930 0.697584 0.286673 0.697934 0.286451 0.698045 0.286298 0.705328 0.267511 0.705487 0.267010 0.705295 0.265646 0.704702 0.263981 0.703418 0.261521 0.702039 0.259688 0.700985 0.259109 0.699844 0.259166 0.694223 0.265164 0.693664 0.265795 0.686942 0.274015 0.686746 0.276941
0 0.356164 0.731389 0.356167 0.732058 0.356257 0.732850 0.356409 0.733552 0.356582 0.733976 0.358887 0.738189 0.359005 0.738295 0.361687 0.737504 0.362752 0.735877 0.363714 0.731948 0.363791 0.731582 0.363784 0.730915 0.363693 0.730126 0.363543 0.729425 0.363374 0.729000 0.359987 0.721881 0.359849 0.721599 0.359135 0.721009 0.357516 0.721487 0.357211 0.723496
0 0.564791 0.440404 0.579751 0.449718 0.580072 0.449516 0.587085 0.429489 0.572065 0.420138 0.571777 0.420458
0 0.632610 0.750965 0.634860 0.763829 0.636419 0.766878 0.638020 0.767428 0.638702 0.767564 0.639595 0.767519 0.640563 0.767300 0.656791 0.762254 0.664904 0.759731 0.665792 0.759373 0.666457 0.758933 0.668949 0.756762 0.666672 0.743750 0.664767 0.740965
0 0.445575 0.251315 0.446197 0.254158 0.452054 0.261915 0.477691 0.243122 0.478855 0.241560 0.478799 0.236846 0.478636 0.236320 0.478228 0.235515 0.477637 0.234555 0.476952 0.233586 0.471042 0.225758 0.470371 0.224931 0.469818 0.224376 0.469469 0.224177 0.466762 0.222879
0 0.440982 0.228003 0.441490 0.230047 0.442547 0.231677 0.443990 0.232643 0.445601 0.232799 0.447134 0.232122 0.448356 0.230713 0.449081 0.228789 0.449198 0.226641 0.448690 0.224597 0.447633 0.222968 0.445903 0.221032 0.445025 0.220444 0.444046 0.220349 0.443114 0.220761 0.442371 0.221618 0.441930 0.222788 0.441099 0.225855
0 0.385365 0.685325 0.389398 0.691160 0.392191 0.693582 0.396552 0.697363 0.399346 0.699785 0.405100 0.702434 0.410544 0.691271 0.408629 0.686447 0.408278 0.685846 0.407670 0.685120 0.406896 0.684380 0.397063 0.675854 0.396237 0.675208 0.395482 0.674752 0.394912 0.674555 0.390809 0.674162
0 0.498548 0.471684 0.498549 0.471723 0.498658 0.471835 0.498685 0.471822 0.499272 0.471458 0.499345 0.471412 0.499392 0.471379 0.499391 0.471340 0.499281 0.471228
