0 0.502792 0.498205 0.502915 0.502604 0.502920 0.502608 0.512474 0.504555 0.512682 0.504552 0.513244 0.504530 0.514073 0.504492 0.515044 0.504445 0.523465 0.504025 0.524426 0.503975 0.525226 0.503931 0.525744 0.503900 0.525901 0.503885 0.534730 0.501020 0.534606 0.496613 0.533981 0.496641 0.529209 0.496855 0.527547 0.496930 0.510665 0.497773 0.507316 0.497955 0.503493 0.498163 0.502796 0.498201
0 0.502976 0.458961 0.503038 0.459251 0.503223 0.459970 0.503502 0.461006 0.503832 0.462202 0.512500 0.493210 0.512835 0.494395 0.513126 0.495398 0.513330 0.496067 0.513413 0.496298 0.515557 0.497565 0.515737 0.497537 0.518866 0.495982 0.507202 0.454256 0.504072 0.455811
0 0.558546 0.514225 0.606119 0.533149 0.606607 0.533302 0.611360 0.512061 0.563569 0.493051 0.563277 0.493082
0 0.490348 0.518444 0.504876 0.529218 0.512957 0.509848 0.512898 0.509802 0.498436 0.499077 0.498429 0.499073
0 0.477415 0.422969 0.477931 0.424729 0.496556 0.433726 0.498667 0.432251 0.498949 0.431214 0.503176 0.415658 0.503191 0.415269 0.503235 0.414083 0.502230 0.410997 0.483169 0.401790 0.482018 0.406026
0 0.584710 0.464240 0.586749 0.467703 0.587752 0.467330 0.594320 0.460457 0.592258 0.456954 0.589333 0.456718 0.589066 0.456931 0.588543 0.457422 0.587843 0.458117 0.587073 0.458910 0.586349 0.459681 0.585779 0.460314 0.585451 0.460714 0.585414 0.460818
0 0.500595 0.579530 0.500597 0.579850 0.517057 0.582549 0.519082 0.560603 0.519005 0.560361 0.502611 0.557672
0 0.421180 0.478415 0.421209 0.478851 0.421410 0.479453 0.421753 0.480129 0.422184 0.480776 0.422638 0.481294 0.423045 0.481605 0.423344 0.481661 0.429683 0.481442 0.429838 0.481397 0.430332 0.481217 0.431091 0.480927 0.431999 0.480573 0.432918 0.480207 0.433711 0.479886 0.434257 0.479657 0.434473 0.479555 0.435512 0.476683 0.433265 0.465019 0.433056 0.464093 0.432194 0.460619 0.430891 0.455465 0.430816 0.455398 0.429881 0.455629 0.428760 0.455991 0.426853 0.456721 0.424769 0.457579 0.423590 0.458101 0.422871 0.458466 0.422800 0.458551
0 0.555264 0.609049 0.555390 0.609298 0.555486 0.609486 0.572052 0.610181 0.572312 0.599137 0.572023 0.598740 0.555523 0.598049 0.555315 0.606849
0 0.607063 0.316249 0.608035 0.320346 0.610109 0.323634 0.611998 0.324942 0.614059 0.325740 0.616179 0.325984 0.619252 0.324688 0.621718 0.321922 0.622207 0.321207 0.623698 0.317378 0.623976 0.313080 0.623000 0.308968 0.620918 0.305666 0.618046 0.303678 0.616952 0.303552 0.614823 0.303307 0.611738 0.304608 0.609262 0.307385 0.608825 0.308156 0.607844 0.310674 0.607525 0.311646 0.607246 0.313423
0 0.636704 0.480784 0.645223 0.504629 0.648315 0.505827 0.648682 0.505726 0.649337 0.505422 0.650181 0.504962 0.651084 0.504415 0.651908 0.503865 0.652525 0.503398 0.652842 0.503084 0.654439 0.499895 0.654078 0.472997 0.653360 0.470987 0.651607 0.471318
0 0.539895 0.548866 0.540076 0.549643 0.540966 0.550746 0.554953 0.561214 0.555560 0.561035 0.557007 0.557597 0.555704 0.556281 0.541309 0.545507
0 0.459633 0.463760 0.464657 0.472556 0.464818 0.472681 0.477952 0.459346 0.477850 0.459160 0.472827 0.450364
0 0.418374 0.401764 0.418565 0.404583 0.418740 0.405345 0.419185 0.406266 0.419832 0.407207 0.420583 0.408024 0.421325 0.408596 0.421946 0.408835 0.423998 0.408840 0.424676 0.408622 0.425455 0.407484 0.425673 0.406680 0.426320 0.404178 0.426098 0.403160 0.425511 0.401925 0.424649 0.400662 0.423642 0.399567 0.422648 0.398808 0.421817 0.398500 0.421278 0.398690 0.419363 0.399811 0.418578 0.400947
0 0.542336 0.603204 0.542899 0.608548 0.543865 0.614132 0.544222 0.615349 0.544889 0.616301 0.545764 0.616845 0.546714 0.616897 0.551201 0.616586 0.554716 0.615166 0.555603 0.614716 0.555969 0.614452 0.556649 0.613570 0.557021 0.612389 0.557181 0.609029 0.557199 0.605251 0.556151 0.601708 0.555126 0.598918 0.554455 0.597969 0.553576 0.597432 0.552623 0.597387 0.548876 0.597250 0.544655 0.599168 0.543778 0.599620 0.543385 0.599849 0.542710 0.600732 0.542342 0.601910
