0 0.081891 0.155780 0.082556 0.157014 0.084270 0.158480 0.086771 0.159956 0.101107 0.166692 0.176577 0.194338 0.190791 0.198060 0.193246 0.198400 0.194891 0.198164 0.195474 0.197387 0.223920 0.126280 0.223379 0.125026 0.221771 0.123540 0.219340 0.122050 0.216458 0.120784 0.118370 0.084853 0.115495 0.084010 0.113083 0.083726 0.111502 0.084044 0.110993 0.084913
0 0.734089 0.287537 0.734400 0.288566 0.735879 0.289591 0.738300 0.290457 0.752860 0.293785 0.832597 0.303888 0.848202 0.304382 0.851016 0.304180 0.853086 0.303604 0.854093 0.302742 0.861802 0.226908 0.861601 0.225831 0.860216 0.224763 0.857859 0.223868 0.854889 0.223282 0.751255 0.210151 0.748143 0.209966 0.745384 0.210213 0.743399 0.210854 0.742490 0.211790
0 0.320401 0.657463 0.320609 0.659207 0.321305 0.659894 0.394383 0.685256 0.395403 0.684759 0.396650 0.683174 0.397935 0.680744 0.403912 0.666507 0.429077 0.590174 0.432620 0.575534 0.432987 0.572952 0.432860 0.571140 0.432256 0.570374 0.358960 0.545675 0.357914 0.546051 0.356643 0.547532 0.355341 0.549893 0.354207 0.552774 0.321500 0.651983 0.320714 0.654926
0 0.505576 0.831705 0.505591 0.832408 0.555147 0.894650 0.556068 0.894525 0.557794 0.893642 0.560063 0.892135 0.572421 0.882932 0.634537 0.831926 0.645677 0.821833 0.647487 0.819991 0.648526 0.818604 0.648633 0.817885 0.598536 0.756087 0.597657 0.756094 0.595965 0.756875 0.593719 0.758314 0.591260 0.760190 0.510528 0.826482 0.508248 0.828497 0.506509 0.830332
0 0.422073 0.605973 0.422244 0.606859 0.476485 0.663176 0.477486 0.663159 0.479208 0.662285 0.481388 0.660690 0.493023 0.650709 0.550367 0.594394 0.560425 0.583069 0.562011 0.580967 0.562842 0.579334 0.562789 0.578420 0.508052 0.522590 0.507082 0.522488 0.505386 0.523258 0.503222 0.524784 0.500921 0.526834 0.426389 0.600029 0.424316 0.602276 0.422800 0.604364
0 0.292196 0.534280 0.296733 0.545024 0.298172 0.545705 0.301110 0.546905 0.305102 0.548441 0.309533 0.550078 0.313725 0.551563 0.317033 0.552670 0.318953 0.553230 0.319198 0.553159 0.329631 0.547856 0.331719 0.542202 0.331464 0.531421 0.329497 0.530540 0.325565 0.528969 0.320268 0.526950 0.314406 0.524784 0.308858 0.522799 0.304461 0.521294 0.301883 0.520497 0.301526 0.520533 0.294288 0.528613
0 0.911879 0.747032 0.912635 0.754818 0.916314 0.761721 0.922355 0.766692 0.923082 0.767151 0.930578 0.769434 0.938377 0.768677 0.945293 0.764991 0.950272 0.758940 0.952555 0.751444 0.951798 0.743645 0.948112 0.736729 0.942061 0.731750 0.941302 0.731352 0.933818 0.729072 0.926033 0.729829 0.919129 0.733508 0.914158 0.739549
0 0.726122 0.402117 0.728443 0.409591 0.733446 0.415608 0.740372 0.419252 0.748166 0.419969 0.755639 0.417648 0.756079 0.417507 0.762107 0.412495 0.765758 0.405557 0.766476 0.397750 0.764151 0.390264 0.759139 0.384236 0.752201 0.380585 0.744395 0.379867 0.736908 0.382192 0.736501 0.382394 0.730483 0.387398 0.726839 0.394324
0 0.946147 0.441420 0.947009 0.449199 0.950781 0.456056 0.956890 0.460947 0.964406 0.463128 0.965205 0.463065 0.972997 0.462201 0.979866 0.458423 0.984766 0.452303 0.986951 0.444775 0.986088 0.436983 0.982310 0.430114 0.976190 0.425214 0.968661 0.423029 0.960869 0.423892 0.960077 0.424023 0.953220 0.427795 0.948329 0.433904
0 0.015850 0.863600 0.044718 0.891764 0.068067 0.868440 0.107606 0.827919 0.110951 0.824370 0.082274 0.796392 0.035352 0.842307
0 0.258874 0.829723 0.269411 0.868376 0.320876 0.859400 0.355807 0.846857 0.351405 0.826195 0.345199 0.807946 0.319308 0.812845 0.264748 0.827697
0 0.395164 0.193836 0.424154 0.196542 0.480727 0.197008 0.486391 0.196564 0.486703 0.156501 0.429188 0.150373 0.395478 0.153506 0.395256 0.174761
0 0.594486 0.372969 0.597219 0.393264 0.601429 0.412698 0.628324 0.408563 0.684036 0.398834 0.689943 0.397691 0.683047 0.358224 0.629633 0.365742
0 0.413781 0.055462 0.431444 0.081525 0.465550 0.126695 0.468928 0.130638 0.500894 0.106486 0.466370 0.054261 0.445960 0.031150
0 0.085469 0.602667 0.085955 0.606237 0.086924 0.610622 0.088228 0.615150 0.089666 0.619125 0.091018 0.621937 0.110466 0.651152 0.112030 0.652141 0.114519 0.652955 0.117551 0.653471 0.120663 0.653609 0.123378 0.653347 0.125282 0.652728 0.179902 0.607364 0.180490 0.603750 0.180072 0.600295 0.178583 0.592942 0.176566 0.585147 0.173350 0.574917 0.170688 0.568565 0.169448 0.568414 0.137796 0.576104 0.134428 0.577030 0.106324 0.585934 0.091425 0.590727 0.085539 0.600459
0 0.595179 0.024897 0.616178 0.095718 0.617341 0.096729 0.619402 0.098050 0.622048 0.099480 0.624874 0.100800 0.627447 0.101807 0.629374 0.102348 0.630361 0.102341 0.659766 0.087184 0.661076 0.086179 0.663547 0.084121 0.666803 0.081325 0.670352 0.078213 0.673659 0.075253 0.676223 0.072894 0.677655 0.071493 0.677733 0.071269 0.678108 0.059384 0.668431 0.047909 0.650069 0.026157 0.647766 0.023502 0.637957 0.013042 0.625438 0.000000 0.623494 0.000000 0.620166 0.001835 0.613203 0.007761 0.604890 0.015229 0.599766 0.020046 0.596105 0.023740
0 0.048742 0.699254 0.048767 0.699592 0.088628 0.760160 0.089692 0.761356 0.091796 0.762476 0.094621 0.763347 0.097733 0.763837 0.100657 0.763870 0.102945 0.763442 0.104248 0.762619 0.127288 0.742857 0.127853 0.742152 0.129372 0.740031 0.131610 0.736820 0.134229 0.733007 0.136833 0.729166 0.139030 0.725877 0.140486 0.723638 0.140980 0.722791 0.138330 0.711450 0.103047 0.685545 0.100133 0.683582 0.088960 0.676381 0.072238 0.665850 0.071635 0.666094 0.068417 0.669899 0.064901 0.674529 0.059380 0.682482 0.053591 0.691219 0.050462 0.696189
0 0.796452 0.174101 0.800827 0.183512 0.817127 0.218273 0.818191 0.219102 0.820302 0.219594 0.823138 0.219675 0.826266 0.219329 0.829207 0.218611 0.831512 0.217630 0.832828 0.216537 0.844241 0.173107 0.844151 0.162773 0.842186 0.151553 0.835946 0.143953 0.826940 0.142640 0.813600 0.144978 0.805576 0.149275 0.804954 0.149830 0.802421 0.152642 0.801666 0.153843 0.800729 0.155788 0.797369 0.163761
0 0.797475 0.771483 0.797533 0.774251 0.797754 0.778257 0.798105 0.782893 0.798532 0.787461 0.798971 0.791272 0.799355 0.793746 0.809495 0.823457 0.810300 0.824734 0.812142 0.826171 0.814739 0.827547 0.817696 0.828652 0.820559 0.829317 0.822890 0.829440 0.824335 0.829003 0.889332 0.795734 0.889665 0.795302 0.889891 0.791576 0.889774 0.785563 0.889155 0.775019 0.888232 0.765444 0.887264 0.759896 0.885999 0.755366 0.885350 0.755111 0.865634 0.755952 0.852444 0.756589 0.848937 0.756854 0.805417 0.761927 0.797588 0.770374
0 0.882843 0.601836 0.906556 0.634050 0.911256 0.635599 0.950359 0.606816 0.949935 0.594039 0.948885 0.592032 0.946893 0.588938 0.944263 0.585228 0.941400 0.581474 0.938742 0.578252 0.936698 0.576055 0.935577 0.575215 0.921500 0.573381
0 0.305401 0.433575 0.310277 0.481884 0.312445 0.482091 0.352243 0.478074 0.347423 0.430317 0.337682 0.422219 0.336552 0.422208 0.333759 0.422385 0.329727 0.422721 0.325071 0.423166 0.320507 0.423651 0.316736 0.424103 0.314335 0.424451 0.313666 0.424643
0 0.510948 0.131686 0.543932 0.154315 0.571087 0.114735 0.571909 0.110281 0.569697 0.100919 0.569031 0.099872 0.566945 0.097939 0.563757 0.095416 0.559952 0.092687 0.556115 0.090173 0.552837 0.088260 0.550617 0.087239 0.538544 0.087390 0.511075 0.127428
0 0.288468 0.908906 0.295731 0.956914 0.306793 0.962010 0.309170 0.962135 0.312910 0.961894 0.317443 0.961323 0.322073 0.960508 0.326087 0.959576 0.328872 0.958669 0.330006 0.957926 0.335739 0.950861 0.337616 0.945709 0.330435 0.898249 0.290885 0.904232
0 0.541206 0.025745 0.558848 0.070385 0.570572 0.073135 0.572921 0.072652 0.576496 0.071536 0.580757 0.069957 0.585060 0.068152 0.588756 0.066395 0.591285 0.064950 0.592260 0.064038 0.596048 0.055684 0.597159 0.050547 0.579313 0.005391 0.541683 0.020262
0 0.901488 0.710418 0.903337 0.711387 0.940421 0.727115 0.956149 0.690030 0.919065 0.674302 0.917144 0.673503
0 0.247110 0.331436 0.277851 0.357467 0.278869 0.358120 0.304780 0.327520 0.303882 0.326726 0.273140 0.300695
0 0.638996 0.265763 0.672145 0.288322 0.672938 0.287348 0.695601 0.254045 0.662298 0.231383 0.639636 0.264685
0 0.648168 0.817023 0.648850 0.818483 0.666413 0.854734 0.702665 0.837171 0.685102 0.800920 0.684253 0.799541
