0 0.206498 0.779079 0.218893 0.813018 0.248257 0.858544 0.284238 0.840923 0.282084 0.835268 0.257185 0.784489 0.242719 0.761341 0.225347 0.768931
0 0.296554 0.018545 0.298879 0.024047 0.367810 0.064650 0.371870 0.057757 0.357706 0.002990 0.356061 0.000000 0.321197 0.000000
0 0.813868 0.712907 0.818112 0.725614 0.819318 0.726390 0.821918 0.728005 0.825517 0.730215 0.829564 0.732681 0.833438 0.735025 0.836542 0.736886 0.838405 0.737980 0.838743 0.738143 0.852081 0.736371 0.907668 0.722787 0.911869 0.715870 0.842699 0.673867 0.838782 0.671880
0 0.384263 0.185047 0.385586 0.188646 0.425233 0.193950 0.431597 0.146374 0.430807 0.142286 0.424363 0.134802 0.423352 0.134197 0.420666 0.133439 0.416713 0.132643 0.412098 0.131932 0.407528 0.131415 0.403707 0.131170 0.401218 0.131236 0.400438 0.131601 0.390702 0.136921
0 0.730031 0.622669 0.730146 0.623730 0.735515 0.632593 0.738238 0.634126 0.785766 0.644059 0.794043 0.604452 0.790683 0.603258 0.743698 0.593439 0.735084 0.600103 0.734587 0.600869 0.733791 0.603311 0.732818 0.607054 0.731816 0.611532 0.730935 0.616068 0.730308 0.619977
0 0.928402 0.368757 0.928472 0.373326 0.928756 0.377137 0.929211 0.379613 0.935740 0.389134 0.983738 0.389573 0.989330 0.388296 0.989700 0.347836 0.941148 0.347391 0.936106 0.349135 0.929990 0.356236 0.929415 0.357342 0.928912 0.360112 0.928557 0.364119
0 0.683159 0.284389 0.859740 0.446929 0.861391 0.446686 0.915820 0.387556 0.738429 0.224269 0.684000 0.283399
0 0.238830 0.743746 0.255753 0.789168 0.274195 0.791389 0.275063 0.791337 0.277538 0.790637 0.281244 0.789396 0.285613 0.787804 0.339352 0.767548 0.343691 0.765858 0.347328 0.764331 0.349707 0.763201 0.350470 0.762640 0.362866 0.748815 0.345981 0.703496 0.318869 0.712500 0.265725 0.732462
0 0.348079 0.429455 0.362782 0.466958 0.363411 0.467109 0.400742 0.452474 0.386107 0.415143 0.385582 0.414752
0 0.859220 0.330959 0.870861 0.347004 0.886054 0.361074 0.896076 0.352794 0.913305 0.335726 0.886611 0.305767 0.876701 0.314126
0 0.618847 0.795590 0.619395 0.796951 0.655030 0.815733 0.673812 0.780098 0.673015 0.778814 0.637543 0.760119
0 0.278075 0.137047 0.278882 0.138593 0.280493 0.140606 0.282661 0.142780 0.285054 0.144782 0.287306 0.146304 0.289073 0.147116 0.290087 0.147094 0.360634 0.141576 0.362624 0.139862 0.364111 0.137113 0.367026 0.130583 0.369931 0.123163 0.373503 0.112781 0.375441 0.105582 0.374991 0.104079 0.344615 0.092037 0.341340 0.090814 0.313664 0.081074 0.298979 0.075928 0.288365 0.080516 0.287228 0.081951 0.285682 0.084897 0.283963 0.088904 0.282335 0.093359 0.281049 0.097576 0.280300 0.100908
0 0.444134 0.954373 0.444280 0.955958 0.477348 0.957295 0.480853 0.957384 0.509713 0.957788 0.524973 0.958000 0.533731 0.950124 0.533975 0.948544 0.534213 0.945363 0.534407 0.941067 0.534529 0.936312 0.534559 0.931832 0.534492 0.928312 0.534340 0.926288 0.526525 0.893635 0.526111 0.892902 0.524639 0.891786 0.522333 0.890458 0.519544 0.889120 0.516700 0.887977 0.514236 0.887205 0.512527 0.886921 0.511835 0.887167 0.445487 0.915902 0.445180 0.917759 0.445010 0.920704 0.444720 0.927689 0.444469 0.935616 0.444211 0.946698
0 0.207544 0.939426 0.209850 0.942269 0.213795 0.945247 0.222039 0.949741 0.231881 0.954345 0.237946 0.956767 0.242279 0.958009 0.243372 0.957888 0.300380 0.910538 0.301048 0.909358 0.301621 0.907148 0.302010 0.904244 0.302155 0.901091 0.302035 0.898171 0.301668 0.895932 0.301111 0.894713 0.276595 0.873977 0.274911 0.872696 0.271888 0.870851 0.267987 0.868721 0.263797 0.866628 0.259948 0.864887 0.257025 0.863763 0.255470 0.863427 0.245030 0.867458 0.244517 0.868283 0.237267 0.881178 0.223598 0.905752 0.222003 0.908892
0 0.648767 0.910475 0.651432 0.922114 0.651871 0.922987 0.653861 0.924624 0.657104 0.926778 0.661104 0.929120 0.665248 0.931289 0.668898 0.932952 0.671495 0.933856 0.704543 0.939667 0.706585 0.939250 0.709045 0.938031 0.711547 0.936194 0.713707 0.934021 0.715194 0.931845 0.715784 0.929998 0.721948 0.859362 0.718510 0.856267 0.715306 0.854129 0.708537 0.850081 0.701397 0.846157 0.692075 0.841485 0.686342 0.839141 0.676342 0.856335 0.669555 0.868235 0.667894 0.871312
0 0.126744 0.377680 0.139479 0.408849 0.140986 0.411202 0.143408 0.414438 0.146375 0.418061 0.149429 0.421514 0.152103 0.424268 0.153987 0.425902 0.154798 0.426171 0.166643 0.426456 0.201213 0.399858 0.203898 0.397613 0.214110 0.388586 0.228921 0.375344 0.225284 0.370217 0.218753 0.362030 0.213504 0.355820 0.208293 0.349989 0.205668 0.347266 0.202278 0.344486 0.133932 0.364732 0.132315 0.365672 0.130534 0.367561 0.128861 0.370110 0.127553 0.372930 0.126810 0.375589
