0 0.102166 0.148045 0.103555 0.196580 0.114121 0.206639 0.115547 0.206999 0.118585 0.207251 0.122770 0.207358 0.127470 0.207302 0.167545 0.206155 0.172060 0.205946 0.175720 0.205615 0.177970 0.205212 0.188053 0.197758 0.186680 0.149777 0.183057 0.145729
0 0.020520 0.457980 0.033884 0.496673 0.044538 0.496749 0.089908 0.481079 0.093005 0.470574 0.093242 0.469746 0.092844 0.467313 0.091873 0.463648 0.090477 0.459307 0.088867 0.454944 0.087286 0.451219 0.085972 0.448695 0.085125 0.447759 0.076850 0.443271 0.066952 0.441944
0 0.018981 0.864218 0.025721 0.912303 0.105863 0.901068 0.110367 0.896485 0.103704 0.848950 0.091900 0.843280 0.089771 0.843260 0.086212 0.843546 0.081761 0.844095 0.042058 0.849660 0.037379 0.850391 0.033166 0.851194 0.030056 0.851950 0.028527 0.852542
0 0.056938 0.315153 0.116761 0.370225 0.122029 0.372009 0.149187 0.342508 0.090186 0.288194 0.084474 0.285241
0 0.818681 0.378379 0.826617 0.379386 0.830393 0.377991 0.875627 0.342944 0.882962 0.336941 0.883584 0.335813 0.884344 0.333027 0.885127 0.329005 0.885812 0.324362 0.886293 0.319812 0.886498 0.316053 0.886395 0.313660 0.880720 0.302803 0.832552 0.296691 0.828751 0.299015
0 0.920273 0.221197 0.944030 0.230781 1.000000 0.246587 1.000000 0.206892 0.968535 0.188168 0.930762 0.182254 0.923691 0.202616
0 0.146916 0.373451 0.155003 0.384235 0.156354 0.384581 0.159289 0.385262 0.163357 0.386172 0.167944 0.387174 0.172358 0.388118 0.175931 0.388860 0.178123 0.389288 0.178596 0.389336 0.190048 0.383351 0.237597 0.352707 0.239288 0.344887 0.236274 0.343094 0.157177 0.325993
0 0.919495 0.298249 0.934772 0.309578 0.936873 0.310185 0.940414 0.310915 1.000000 0.321495 1.000000 0.261321 0.999580 0.258894 0.974658 0.255105 0.958697 0.252679 0.926769 0.250407
0 0.328520 0.660862 0.333309 0.678751 0.333712 0.679667 0.335303 0.681806 0.337842 0.684843 0.340941 0.688314 0.379641 0.730471 0.382814 0.733832 0.385562 0.736555 0.387467 0.738224 0.388238 0.738587 0.405653 0.744885 0.441301 0.712160 0.422648 0.689610 0.384393 0.647938 0.364168 0.628137
0 0.087410 0.796705 0.092945 0.826471 0.110793 0.881128 0.122815 0.905129 0.168816 0.890108 0.171866 0.871842 0.172014 0.870477 0.171569 0.867575 0.170600 0.863582 0.169254 0.859101 0.151612 0.805075 0.150088 0.800768 0.148611 0.797271 0.147405 0.795114 0.133410 0.781684
0 0.716565 0.659337 0.730824 0.670718 0.732664 0.671230 0.736010 0.671995 0.740354 0.672896 0.745028 0.673794 0.800108 0.683979 0.804360 0.684731 0.807545 0.685223 0.809177 0.685379 0.826353 0.679681 0.835386 0.632201 0.801649 0.625313 0.747202 0.615110 0.725640 0.611638
0 0.490396 0.176188 0.490424 0.179485 0.490547 0.183836 0.490746 0.188575 0.490989 0.192974 0.491240 0.196357 0.491460 0.198210 0.501285 0.229800 0.501793 0.230604 0.503375 0.231699 0.505790 0.232918 0.508670 0.234075 0.511573 0.234992 0.514055 0.235529 0.515738 0.235606 0.580851 0.202576 0.580846 0.200296 0.580753 0.197208 0.580502 0.190083 0.580195 0.182124 0.579741 0.171152 0.579399 0.163725 0.579284 0.162461 0.546125 0.163217 0.542621 0.163365 0.513887 0.165126 0.498702 0.166079 0.490465 0.174450
0 0.126791 0.245349 0.127564 0.252335 0.129992 0.258060 0.131673 0.261517 0.134701 0.264844 0.138614 0.267530 0.142811 0.269163 0.184164 0.278084 0.185915 0.277923 0.188193 0.276905 0.190651 0.275184 0.192911 0.273024 0.194629 0.270754 0.195542 0.268723 0.200129 0.205177 0.198839 0.201429 0.194269 0.195198 0.188090 0.189869 0.178251 0.184537 0.170129 0.183170 0.166375 0.186575 0.151358 0.207445 0.149711 0.209868 0.134777 0.232962
0 0.639105 0.073676 0.639217 0.075418 0.639781 0.077948 0.640711 0.080879 0.641864 0.083763 0.643063 0.086158 0.644127 0.087698 0.644891 0.088150 0.710738 0.115984 0.712732 0.115395 0.715136 0.113652 0.720557 0.109222 0.726526 0.103998 0.734649 0.096457 0.740030 0.090975 0.740755 0.089429 0.719196 0.064672 0.716858 0.062068 0.697125 0.040597 0.686670 0.029223 0.675021 0.028364 0.673550 0.029106 0.670961 0.030997 0.667650 0.033748 0.664124 0.036939 0.660926 0.040079 0.658545 0.042686 0.657344 0.044363 0.639461 0.072986
0 0.849064 0.730835 0.879291 0.757033 0.883676 0.760005 0.915477 0.723313 0.912608 0.710299 0.912458 0.709975 0.910938 0.708493 0.908278 0.706077 0.904884 0.703095 0.901276 0.700007 0.898009 0.697287 0.895583 0.695350 0.894367 0.694490 0.880501 0.694563
0 0.365171 0.333773 0.386112 0.377580 0.387414 0.378979 0.397713 0.382526 0.398675 0.382285 0.401143 0.381291 0.404738 0.379696 0.408916 0.377742 0.413046 0.375725 0.416505 0.373948 0.418769 0.372680 0.419491 0.372116 0.423503 0.361727 0.402801 0.318421 0.401677 0.316322
0 0.524994 0.784225 0.531751 0.795650 0.579122 0.806306 0.588003 0.766831 0.586997 0.763781 0.540167 0.753247 0.530292 0.760676 0.530051 0.761227 0.529444 0.763482 0.528566 0.767093 0.527548 0.771514 0.526545 0.776077 0.525707 0.780093 0.525163 0.782956
0 0.325086 0.548738 0.325329 0.549590 0.326485 0.551893 0.328379 0.555298 0.330723 0.559284 0.333156 0.563239 0.335304 0.566555 0.336839 0.568726 0.337528 0.569422 0.348128 0.572326 0.349864 0.571499 0.390996 0.546758 0.370378 0.512481 0.368879 0.512625 0.327272 0.537653
0 0.197310 0.229121 0.197499 0.229292 0.198569 0.230254 0.211230 0.241629 0.271086 0.295397 0.282643 0.305778 0.286785 0.309497 0.340369 0.249846 0.339775 0.249219 0.338360 0.247868 0.336341 0.246001 0.334024 0.243901 0.256300 0.174083 0.254055 0.172085 0.252239 0.170507 0.251129 0.169589 0.250894 0.169471
0 0.182045 0.899653 0.182365 0.900124 0.183836 0.900763 0.186235 0.901474 0.200673 0.904979 0.279567 0.920773 0.294692 0.923186 0.297349 0.923487 0.299206 0.923513 0.299980 0.923262 0.315720 0.844638 0.315283 0.844217 0.313718 0.843621 0.311266 0.842941 0.308296 0.842280 0.206320 0.821866 0.203266 0.821321 0.200573 0.820971 0.198647 0.820868 0.197785 0.821030
0 0.614252 0.672568 0.614966 0.673483 0.616795 0.674250 0.619461 0.674751 0.622558 0.674909 0.727016 0.674029 0.730051 0.673819 0.732542 0.673275 0.734108 0.672479 0.734513 0.671555 0.735218 0.594514 0.734398 0.593662 0.732477 0.592950 0.729751 0.592488 0.714315 0.591330 0.633944 0.592007 0.618975 0.593421 0.616424 0.593928 0.614767 0.594670 0.614258 0.595533
0 0.113037 0.772822 0.113617 0.773547 0.115231 0.774653 0.117631 0.775970 0.131514 0.782756 0.205139 0.814996 0.219109 0.820407 0.221542 0.821206 0.223205 0.821536 0.223843 0.821344 0.256561 0.748415 0.256105 0.747672 0.254598 0.746551 0.252268 0.745222 0.249471 0.743889 0.153782 0.701986 0.150962 0.700860 0.148568 0.700120 0.146964 0.699879 0.146394 0.700173
