0 0.434227 0.406710 0.434731 0.450928 0.435029 0.451152 0.451535 0.450818 0.451033 0.406802 0.450809 0.406374
0 0.461323 0.634687 0.469304 0.637957 0.472247 0.625188 0.472564 0.623757 0.471337 0.621570 0.471194 0.621335 0.470712 0.620989 0.469964 0.620583 0.469064 0.620180 0.468147 0.619839 0.467353 0.619613 0.466801 0.619535 0.466576 0.619619 0.464674 0.620524 0.464266 0.621918
0 0.561840 0.215527 0.561858 0.216116 0.562074 0.217043 0.562452 0.218166 0.562937 0.219315 0.567304 0.228684 0.567823 0.229688 0.568299 0.230400 0.570819 0.232743 0.579231 0.225772 0.580147 0.222601 0.571332 0.203691 0.562823 0.210743 0.562105 0.214049
0 0.574000 0.488634 0.574012 0.489334 0.574084 0.489570 0.575182 0.492120 0.585000 0.493862 0.585983 0.493791 0.588186 0.471721 0.578254 0.469958 0.577360 0.470302 0.575837 0.472015 0.575712 0.472302 0.575556 0.473045 0.575394 0.474129 0.575249 0.475392 0.574157 0.486326 0.574051 0.487578
0 0.451529 0.414564 0.452595 0.418647 0.454750 0.421885 0.457665 0.423786 0.460895 0.424060 0.463948 0.422668 0.466361 0.419823 0.467768 0.415958 0.467783 0.415907 0.467977 0.412825 0.468041 0.411360 0.467679 0.409971 0.466907 0.407527 0.464756 0.404287 0.461843 0.402381 0.459757 0.401920 0.458656 0.401824 0.457614 0.402296 0.455552 0.403486 0.453132 0.406332 0.451721 0.410204 0.451715 0.410259
0 0.527380 0.743164 0.527506 0.744283 0.544095 0.745733 0.545182 0.723615 0.544975 0.722590 0.528462 0.721147
0 0.426126 0.458727 0.428747 0.468781 0.458311 0.469024 0.459904 0.468449 0.461319 0.463896 0.461312 0.463227 0.461194 0.462205 0.460983 0.460985 0.460711 0.459751 0.458240 0.449718 0.457945 0.448645 0.457672 0.447903 0.455404 0.444555 0.426928 0.454940
0 0.431158 0.350857 0.433105 0.372802 0.433373 0.373311 0.449766 0.370725 0.447827 0.348867 0.447617 0.348260
0 0.460888 0.499975 0.461135 0.500411 0.461615 0.501118 0.462256 0.501989 0.462959 0.502890 0.463615 0.503682 0.464125 0.504245 0.464411 0.504492 0.470340 0.508692 0.470537 0.508808 0.470935 0.508770 0.471473 0.508582 0.472069 0.508273 0.472632 0.507891 0.473075 0.507494 0.473331 0.507143 0.478404 0.488456 0.478050 0.487791 0.477588 0.487122 0.476527 0.485677 0.475347 0.484131 0.473727 0.482083 0.472636 0.480789 0.472461 0.480718 0.467598 0.487067 0.467094 0.487759 0.463062 0.493657 0.460935 0.496789
0 0.425904 0.474427 0.426470 0.476504 0.433674 0.476899 0.433881 0.476842 0.434318 0.476661 0.434869 0.476405 0.435386 0.476143 0.435731 0.475943 0.435812 0.475860 0.438287 0.471743 0.437356 0.468327 0.433370 0.466898 0.433163 0.466948 0.432723 0.467123 0.432171 0.467378 0.431653 0.467644 0.431310 0.467849 0.431233 0.467938
0 0.470049 0.423030 0.472189 0.428967 0.473148 0.431416 0.473361 0.431594 0.473897 0.431918 0.474672 0.432340 0.475570 0.432795 0.476455 0.433215 0.477194 0.433537 0.477674 0.433711 0.477822 0.433711 0.481618 0.433545 0.484470 0.423217 0.483726 0.419539 0.473986 0.414758 0.471832 0.416575 0.471725 0.416707 0.471499 0.417311 0.471187 0.418298 0.470836 0.419515 0.470502 0.420776 0.470235 0.421887 0.470076 0.422678
0 0.494921 0.520231 0.495378 0.522298 0.496395 0.523975 0.497815 0.525005 0.499423 0.525232 0.500974 0.524622 0.502232 0.523266 0.503004 0.521373 0.503175 0.519229 0.503169 0.519196 0.502712 0.517132 0.501697 0.515458 0.500279 0.514429 0.498674 0.514202 0.497126 0.514812 0.495871 0.516165 0.495099 0.518056 0.495091 0.518087
0 0.488949 0.533616 0.490661 0.560422 0.491478 0.562364 0.506039 0.551464 0.505970 0.550876 0.496273 0.527845 0.493940 0.527037 0.493783 0.527125 0.493321 0.527446 0.492623 0.527952 0.491797 0.528564 0.490966 0.529192 0.490257 0.529740 0.489776 0.530125 0.489597 0.530288
0 0.398368 0.426038 0.407141 0.450059 0.408202 0.450631 0.423044 0.440994 0.421598 0.437036 0.414273 0.417153 0.413381 0.416290 0.411614 0.415626 0.411326 0.415625 0.410740 0.415847 0.409945 0.416257 0.409061 0.416793 0.401572 0.421656 0.400738 0.422234 0.400084 0.422765 0.399710 0.423168
0 0.405355 0.565793 0.405400 0.566542 0.416423 0.581736 0.416965 0.581796 0.417914 0.580861 0.421652 0.576040 0.421901 0.575268 0.421671 0.574484 0.411341 0.560246 0.410762 0.559914 0.410174 0.560221 0.409968 0.560359 0.406255 0.564632
0 0.429505 0.576669 0.442647 0.590249 0.442874 0.589898 0.450144 0.577401 0.450539 0.576722 0.450920 0.576065 0.451229 0.575530 0.451419 0.575197 0.451461 0.575118 0.449350 0.571538 0.447387 0.569509 0.443459 0.565450 0.441495 0.563421 0.438368 0.561589 0.438243 0.561765 0.437982 0.562180 0.437625 0.562773 0.437225 0.563452 0.434610 0.567895
0 0.635722 0.513681 0.641565 0.519239 0.649620 0.526901 0.650843 0.527158 0.651536 0.527282 0.656498 0.485235 0.655269 0.484977 0.654559 0.485046 0.653090 0.485668 0.638288 0.491937
