0 0.610760 0.061363 0.643945 0.083869 0.666452 0.050684 0.668772 0.044421 0.635124 0.021601 0.612304 0.055248
0 0.755912 0.419104 0.793872 0.431714 0.797270 0.430925 0.812577 0.384846 0.805841 0.374858 0.805372 0.374403 0.803225 0.373435 0.799725 0.372102 0.795406 0.370607 0.790931 0.369181 0.786988 0.368041 0.784180 0.367363 0.782934 0.367249 0.771045 0.373551
0 0.175595 0.212652 0.184325 0.252161 0.187932 0.254994 0.234802 0.244638 0.239890 0.233470 0.240035 0.232925 0.239762 0.230675 0.239114 0.227064 0.238189 0.222641 0.237127 0.218073 0.236088 0.214049 0.235230 0.211178 0.234682 0.209900 0.223007 0.202176
0 0.064538 0.359588 0.064678 0.363382 0.065114 0.367948 0.065778 0.372584 0.066570 0.376576 0.067366 0.379316 0.068046 0.380387 0.075048 0.386710 0.079904 0.388005 0.127565 0.382306 0.122816 0.342589 0.118455 0.340769 0.070244 0.346534 0.064715 0.357143
0 0.686029 0.550270 0.686096 0.551066 0.686777 0.553463 0.687966 0.557093 0.689484 0.561406 0.691101 0.565751 0.692573 0.569473 0.693678 0.572007 0.694246 0.572966 0.703852 0.577178 0.706209 0.578070 0.751863 0.561540 0.738089 0.523495 0.735368 0.523226 0.690235 0.539567
0 0.449600 0.911123 0.449717 0.912571 0.450186 0.915611 0.450936 0.919781 0.451851 0.924444 0.463291 0.980516 0.464229 0.984940 0.465042 0.988431 0.465607 0.990456 0.465836 0.990709 0.477514 1.000000 0.524928 0.995408 0.519073 0.963691 0.507765 0.908265 0.502129 0.883652 0.454714 0.893325
0 0.609325 0.122651 0.609898 0.162332 0.648981 0.204187 0.687787 0.206678 0.701784 0.195052 0.701561 0.155831 0.662663 0.114174 0.624279 0.112051
0 0.357427 0.433092 0.360718 0.451316 0.361098 0.451980 0.362554 0.454003 0.364863 0.457080 0.367675 0.460740 0.402749 0.505959 0.405621 0.509627 0.408104 0.512729 0.409816 0.514789 0.410500 0.515497 0.427333 0.523217 0.465570 0.493559 0.448513 0.471262 0.438778 0.458710 0.423578 0.439114 0.413842 0.426563 0.395664 0.403433
0 0.272091 0.555916 0.319399 0.566852 0.321463 0.566088 0.330578 0.560554 0.331008 0.559581 0.331784 0.556971 0.332789 0.553126 0.333869 0.548628 0.334863 0.544155 0.335619 0.540382 0.336024 0.537881 0.336015 0.537037 0.330472 0.527116 0.300509 0.479135 0.292715 0.477333 0.290318 0.477071
0 0.698457 0.842382 0.700707 0.846904 0.726290 0.897400 0.740963 0.925963 0.776941 0.907737 0.763963 0.880754 0.734197 0.824277
0 0.356718 0.568202 0.377395 0.595686 0.415222 0.637637 0.446148 0.612167 0.442620 0.607598 0.406650 0.563938 0.387851 0.542562 0.372448 0.554875
0 0.176649 0.343297 0.180345 0.345087 0.188312 0.345805 0.231737 0.309552 0.239431 0.301210 0.239857 0.300558 0.240381 0.298181 0.240925 0.294445 0.241405 0.289914 0.241750 0.285273 0.241908 0.281223 0.241854 0.278376 0.241595 0.277169 0.235323 0.269713 0.232263 0.267050 0.183904 0.262698
0 0.338673 0.304656 0.361666 0.324179 0.405265 0.360251 0.409501 0.363656 0.435038 0.332785 0.389815 0.293498 0.364381 0.273580
0 0.635506 0.237337 0.674510 0.246635 0.675313 0.245469 0.684655 0.206285 0.645471 0.196944 0.644804 0.198332
0 0.199427 0.787394 0.202636 0.827548 0.242790 0.824339 0.243969 0.822853 0.240775 0.782883 0.200805 0.786077
0 0.451359 0.470380 0.451582 0.470516 0.487164 0.489001 0.505650 0.453419 0.505676 0.453205 0.469930 0.434634
0 0.420216 0.822354 0.456117 0.840622 0.474385 0.804720 0.474503 0.803324 0.438766 0.785140 0.420581 0.820877
0 0.910363 0.395266 0.912627 0.435300 0.952660 0.433036 0.954744 0.432728 0.952470 0.392511 0.912252 0.394785
0 0.836032 0.713381 0.836477 0.721191 0.839878 0.728235 0.845715 0.733443 0.846310 0.733845 0.853709 0.736426 0.861533 0.735981 0.868590 0.732574 0.873807 0.726727 0.876387 0.719328 0.875942 0.711505 0.872535 0.704447 0.866688 0.699231 0.866058 0.698888 0.858672 0.696312 0.850862 0.696756 0.843817 0.700157 0.838609 0.705995
0 0.889622 0.664686 0.892111 0.672106 0.897250 0.678009 0.904256 0.681495 0.904952 0.681808 0.912773 0.682350 0.920205 0.679856 0.926119 0.674709 0.929611 0.667690 0.930153 0.659870 0.927659 0.652437 0.922512 0.646524 0.915493 0.643032 0.914780 0.642786 0.906972 0.642245 0.899552 0.644734 0.893649 0.649872 0.890163 0.656879
0 0.280282 0.459518 0.281002 0.465127 0.284597 0.470593 0.288806 0.473900 0.292353 0.476581 0.296749 0.478259 0.301321 0.478675 0.305520 0.478575 0.312278 0.477060 0.317119 0.473572 0.319313 0.468653 0.320681 0.464479 0.319902 0.458882 0.318436 0.452105 0.315534 0.447759 0.310797 0.444201 0.304941 0.441967 0.298850 0.441394 0.293442 0.442570 0.289540 0.445323 0.283861 0.450432 0.281606 0.455327
0 0.190179 0.720991 0.190192 0.728830 0.193205 0.736067 0.198758 0.741601 0.206007 0.744588 0.213846 0.744574 0.221084 0.741561 0.221563 0.741146 0.227087 0.735602 0.230068 0.728366 0.230055 0.720540 0.227047 0.713315 0.221503 0.707791 0.214267 0.704810 0.206441 0.704823 0.199216 0.707832 0.198699 0.708189 0.193165 0.713742
0 0.051403 0.636345 0.052529 0.644103 0.056540 0.650839 0.062822 0.655529 0.070421 0.657456 0.078179 0.656330 0.078904 0.656061 0.085628 0.652058 0.090310 0.645787 0.092234 0.638201 0.091110 0.630456 0.087107 0.623732 0.080836 0.619050 0.073250 0.617126 0.065505 0.618250 0.064757 0.618453 0.058021 0.622464 0.053331 0.628746
0 0.797941 0.539391 0.845411 0.546503 0.853491 0.547591 0.861195 0.540546 0.861815 0.539680 0.862619 0.537101 0.863483 0.533199 0.864275 0.528571 0.864872 0.523928 0.865184 0.519983 0.865163 0.517339 0.864813 0.516397 0.859557 0.507107 0.810976 0.499828 0.803868 0.499832
0 0.670243 0.448163 0.709585 0.455388 0.712499 0.454768 0.727151 0.374990 0.687262 0.367664 0.684694 0.369479
0 0.368324 0.142903 0.371890 0.156354 0.372858 0.157258 0.375274 0.158922 0.378766 0.161094 0.382807 0.163443 0.417728 0.183137 0.421717 0.185315 0.425061 0.186999 0.427253 0.187933 0.427957 0.187973 0.439512 0.186281 0.463091 0.144472 0.462664 0.140361 0.392175 0.100610
0 0.518630 0.363182 0.523624 0.373069 0.524462 0.373530 0.526907 0.374507 0.530585 0.375849 0.534938 0.377355 0.539309 0.378796 0.543038 0.379956 0.545562 0.380658 0.546492 0.380794 0.556526 0.375982 0.557848 0.373082 0.573569 0.326542 0.534786 0.313442 0.519065 0.359981
0 0.512005 0.570374 0.512144 0.571187 0.521669 0.618799 0.601021 0.602924 0.591496 0.555313 0.581404 0.548190 0.580397 0.548307 0.577748 0.548765 0.573863 0.549494 0.569330 0.550384 0.530017 0.558249 0.525511 0.559167 0.521700 0.559977 0.519162 0.560557 0.518287 0.560817
