0 0.585079 0.741637 0.586664 0.746138 0.587070 0.747290 0.603019 0.754718 0.609704 0.729200 0.608413 0.725802 0.606548 0.721918 0.606426 0.721664 0.597054 0.717298 0.593930 0.715843 0.591612 0.716702
0 0.449525 0.245140 0.450682 0.267252 0.450908 0.268319 0.467416 0.266783 0.466264 0.244772 0.466109 0.243597
0 0.439913 0.445952 0.445250 0.466888 0.445501 0.467039 0.453315 0.463497 0.448003 0.442658 0.447764 0.442394
0 0.423117 0.495638 0.423744 0.496852 0.435386 0.511016 0.470030 0.463320 0.469215 0.462258 0.457932 0.447708
0 0.543726 0.731990 0.543796 0.732283 0.544094 0.733238 0.544573 0.734710 0.545163 0.736477 0.545773 0.738274 0.546313 0.739830 0.546701 0.740910 0.546876 0.741347 0.553286 0.737386 0.554417 0.736687 0.569023 0.726092 0.569006 0.725872 0.568816 0.725172 0.568481 0.724097 0.568053 0.722813 0.567780 0.722037 0.567430 0.721069 0.567183 0.720406 0.566875 0.719653 0.566720 0.719369 0.551254 0.727346
0 0.531762 0.582310 0.531908 0.582689 0.545967 0.594518 0.554839 0.575773 0.554588 0.575426 0.540593 0.563650
0 0.583851 0.383953 0.584575 0.386709 0.584712 0.387150 0.585335 0.387565 0.586351 0.387889 0.587604 0.388074 0.588903 0.388089 0.590048 0.387933 0.590861 0.387630 0.591221 0.387226 0.592167 0.384596 0.592235 0.382975 0.592048 0.382432 0.590553 0.380226 0.590080 0.379923 0.589317 0.379687 0.588380 0.379554 0.587410 0.379542 0.586554 0.379655 0.585942 0.379875 0.585666 0.380168 0.583914 0.382336
0 0.476723 0.511561 0.476988 0.515887 0.478475 0.519748 0.480957 0.522558 0.484056 0.523886 0.487301 0.523532 0.490197 0.521550 0.492304 0.518241 0.492309 0.518229 0.492987 0.515456 0.493324 0.514058 0.493235 0.512594 0.493040 0.509776 0.491554 0.505917 0.489073 0.503110 0.487066 0.502227 0.486018 0.501777 0.482734 0.502135 0.482722 0.502137 0.479826 0.504120 0.477720 0.507429
0 0.433429 0.550402 0.446550 0.563904 0.446763 0.563648 0.456849 0.546223 0.443781 0.532775 0.443555 0.532907
0 0.573548 0.614482 0.573591 0.615769 0.574000 0.616936 0.576127 0.622157 0.576302 0.622438 0.579076 0.626114 0.579790 0.626987 0.580700 0.627428 0.581668 0.627371 0.583880 0.626110 0.586446 0.624513 0.588358 0.621728 0.589870 0.619344 0.590200 0.618130 0.590158 0.616840 0.589748 0.615670 0.588002 0.610988 0.584852 0.606777 0.584840 0.606761 0.584646 0.606517 0.583933 0.605647 0.583025 0.605207 0.582060 0.605264 0.581185 0.605809 0.577680 0.608664 0.574531 0.612321 0.573878 0.613271
0 0.558218 0.658973 0.558491 0.661173 0.561080 0.676349 0.561786 0.678388 0.563199 0.679574 0.572094 0.660730 0.571270 0.658894 0.562888 0.651859 0.560691 0.653364 0.560336 0.653800 0.559862 0.654594 0.559340 0.655626 0.558850 0.656739 0.558465 0.657765 0.558243 0.658550
0 0.423799 0.670386 0.440185 0.673445 0.440288 0.673147 0.441433 0.662242 0.425075 0.659188 0.424531 0.660344 0.424301 0.662541
0 0.450423 0.519069 0.455900 0.539997 0.550076 0.496177 0.544599 0.475249
0 0.454660 0.383118 0.454868 0.383654 0.456014 0.384292 0.473087 0.382738 0.479463 0.362377 0.479369 0.361744 0.468141 0.344384 0.466990 0.343744
0 0.574419 0.582079 0.577714 0.582415 0.587599 0.583423 0.590894 0.583759 0.591057 0.583705 0.591486 0.583562 0.591668 0.583501 0.591718 0.582971 0.591762 0.582414 0.591799 0.581840 0.591829 0.581259 0.591852 0.580674 0.592743 0.553803 0.576246 0.552120 0.576058 0.552266 0.574505 0.579316 0.574475 0.579898 0.574450 0.580471 0.574433 0.581032 0.574422 0.581571
