0 0.385773 0.285528 0.386297 0.286511 0.426309 0.289118 0.428916 0.249105 0.428589 0.247950 0.388392 0.245331
0 0.184157 0.791893 0.211835 0.821024 0.240966 0.793346 0.242151 0.792005 0.214599 0.763007 0.213288 0.764215
0 0.342949 0.063192 0.343669 0.065194 0.364563 0.099417 0.398786 0.078522 0.398320 0.076582 0.377329 0.042201
0 0.699238 0.469589 0.702035 0.485343 0.704371 0.485173 0.744210 0.478100 0.741381 0.462164 0.730577 0.455371 0.729976 0.455473 0.727652 0.455882 0.723955 0.456535 0.719451 0.457334 0.714831 0.458155 0.710805 0.458872 0.707990 0.459376 0.706811 0.459591
0 0.635642 0.086947 0.669260 0.108802 0.691115 0.075184 0.691995 0.073229 0.658223 0.051273 0.636267 0.085045
0 0.569323 0.534603 0.569774 0.546047 0.572169 0.602565 0.573003 0.603750 0.578963 0.609225 0.633711 0.549631 0.597954 0.516782 0.596835 0.516590 0.585653 0.516827 0.584919 0.517481 0.583058 0.519383 0.580356 0.522243 0.577221 0.525627 0.574127 0.529024 0.571540 0.531922 0.569852 0.533882
0 0.031024 0.696541 0.095716 0.745160 0.100336 0.742359 0.129174 0.703987 0.125507 0.692686 0.123839 0.690902 0.120999 0.688415 0.117419 0.685601 0.113638 0.682883 0.110228 0.680673 0.107703 0.679305 0.106451 0.678990 0.097198 0.679955 0.041190 0.687900 0.035886 0.690072
0 0.196309 0.923816 0.276862 0.931568 0.279412 0.926636 0.280178 0.918673 0.244194 0.875025 0.234969 0.867327 0.232667 0.866667 0.228981 0.866020 0.224470 0.865483 0.219815 0.865138 0.215719 0.865036 0.212800 0.865193 0.211507 0.865587 0.204378 0.871193 0.200960 0.875484
0 0.056192 0.804732 0.057109 0.807283 0.058894 0.810821 0.061277 0.814806 0.063892 0.818625 0.066335 0.821692 0.068233 0.823538 0.078414 0.827935 0.134308 0.840192 0.141123 0.835828 0.145225 0.831990 0.102086 0.764618 0.061662 0.790501 0.056595 0.793859
0 0.195639 0.333690 0.200809 0.373419 0.206928 0.372889 0.263003 0.365579 0.289195 0.360817 0.287720 0.341300 0.283991 0.320823 0.247422 0.323546
0 0.677169 0.771475 0.677935 0.771739 0.679807 0.772014 0.682501 0.772257 0.685606 0.772432 0.789994 0.776760 0.793016 0.776839 0.795473 0.776809 0.796992 0.776675 0.797341 0.776457 0.800662 0.696343 0.799790 0.696146 0.797833 0.695928 0.795092 0.695724 0.791982 0.695563 0.688071 0.691255 0.685045 0.691161 0.682542 0.691149 0.680942 0.691219 0.680491 0.691361
0 0.782768 0.563829 0.782950 0.564872 0.825597 0.628210 0.826817 0.628606 0.828856 0.628244 0.831405 0.627179 0.834075 0.625572 0.919853 0.565954 0.922219 0.564061 0.923905 0.562183 0.924654 0.560607 0.924353 0.559572 0.882279 0.495836 0.881006 0.495551 0.878922 0.496010 0.876345 0.497141 0.862771 0.504822 0.796772 0.550693 0.785378 0.560365 0.783622 0.562246
0 0.628673 0.311675 0.629139 0.312440 0.695109 0.353133 0.696252 0.352878 0.697847 0.351610 0.699650 0.349522 0.701387 0.346931 0.754716 0.257107 0.756110 0.254426 0.756939 0.252080 0.757078 0.250427 0.756507 0.249720 0.690893 0.208426 0.689749 0.208805 0.688154 0.210180 0.686353 0.212340 0.677385 0.225124 0.636353 0.294236 0.629798 0.307597 0.628905 0.309974
0 0.837314 0.829937 0.837822 0.837743 0.841278 0.844761 0.841866 0.845355 0.847755 0.850524 0.855173 0.853047 0.862993 0.852538 0.870023 0.849077 0.875193 0.843187 0.877716 0.835769 0.877207 0.827949 0.873745 0.820919 0.867856 0.815750 0.867224 0.815207 0.859818 0.812688 0.852012 0.813196 0.844994 0.816652 0.839833 0.822531
0 0.025693 0.238624 0.027266 0.246304 0.031658 0.252797 0.038201 0.257116 0.038995 0.257533 0.046679 0.259016 0.054346 0.257447 0.060828 0.253061 0.065140 0.246530 0.066622 0.238846 0.065052 0.231179 0.060667 0.224697 0.054136 0.220385 0.053368 0.219904 0.045671 0.218419 0.037990 0.219991 0.031497 0.224384 0.027178 0.230926
0 0.494248 0.214930 0.494326 0.222769 0.494336 0.223246 0.497404 0.230446 0.502992 0.235924 0.510252 0.238846 0.518078 0.238768 0.525278 0.235701 0.530756 0.230112 0.533678 0.222852 0.533736 0.222374 0.533658 0.214535 0.530585 0.207323 0.524987 0.201835 0.517714 0.198908 0.509875 0.198986 0.502663 0.202059 0.497175 0.207658
0 0.663654 0.424593 0.690336 0.452078 0.747091 0.457296 0.776738 0.434989 0.782226 0.411722 0.754969 0.384156 0.713957 0.380385 0.697945 0.378913 0.667745 0.401198
0 0.083063 0.892773 0.083404 0.941162 0.108730 0.944584 0.150082 0.944293 0.166227 0.944179 0.197460 0.940359 0.197119 0.891969 0.180145 0.883016 0.177887 0.882606 0.174215 0.882348 0.169687 0.882280 0.112855 0.882680 0.108139 0.882813 0.103931 0.883127 0.100868 0.883574 0.099420 0.884088
0 0.045528 0.568837 0.057086 0.607711 0.063161 0.606234 0.101502 0.594834 0.109067 0.580867 0.128443 0.545093 0.117043 0.506752 0.111718 0.506846 0.072844 0.518404
0 0.795641 0.887868 0.813382 0.965876 0.817005 0.971262 0.864351 0.960494 0.869092 0.947802 0.868924 0.945746 0.868330 0.942251 0.867399 0.937848 0.858447 0.898484 0.857325 0.893861 0.856187 0.889738 0.855207 0.886747 0.854534 0.885341 0.842446 0.877223
0 0.005621 0.489804 0.044114 0.519399 0.049324 0.519178 0.058415 0.518120 0.059556 0.517369 0.061639 0.515281 0.064344 0.512175 0.067264 0.508523 0.091701 0.476740 0.094400 0.473084 0.096479 0.469968 0.097621 0.467862 0.098086 0.455757 0.060034 0.426499 0.054947 0.425650
0 0.263475 0.805848 0.265024 0.854378 0.345908 0.851796 0.347669 0.847775 0.346137 0.799800 0.336939 0.793235 0.336237 0.792878 0.333811 0.792634 0.330034 0.792541 0.325477 0.792611 0.285406 0.793890 0.280748 0.794114 0.276681 0.794458 0.273820 0.794870 0.272603 0.795289 0.266178 0.802352
