0 0.082380 0.453942 0.083122 0.469330 0.083691 0.472029 0.084745 0.473901 0.086127 0.474659 0.157400 0.481137 0.158930 0.480676 0.160343 0.479068 0.161422 0.476557 0.162001 0.473526 0.171698 0.369583 0.171688 0.366511 0.171088 0.363882 0.169992 0.362098 0.168567 0.361430 0.097440 0.353387 0.095936 0.353947 0.094548 0.355651 0.093486 0.358237 0.089901 0.373326
0 0.952531 0.353815 0.978665 0.394077 0.992819 0.396258 0.994241 0.395621 0.996995 0.394076 1.000000 0.391858 1.000000 0.356056 0.999323 0.351531 0.991701 0.330095 0.986083 0.332037
0 0.052907 0.356650 0.057799 0.368982 0.057996 0.369294 0.059728 0.370532 0.062734 0.372507 0.066556 0.374919 0.070606 0.377398 0.074262 0.379561 0.076964 0.381078 0.078303 0.381720 0.091993 0.379397 0.117323 0.338625 0.083346 0.317516 0.078529 0.315407
0 0.740330 0.881027 0.743108 0.885432 0.773787 0.911814 0.805446 0.874999 0.803164 0.861116 0.802069 0.860042 0.799753 0.857939 0.796570 0.855127 0.793003 0.852033 0.789588 0.849123 0.786843 0.846837 0.785182 0.845521 0.784862 0.845378 0.771627 0.844633
0 0.728241 0.951745 0.731357 0.959967 0.734031 0.965284 0.778219 0.985409 0.794990 0.948586 0.791619 0.943459 0.747936 0.923564 0.737552 0.930046 0.736205 0.931941 0.734411 0.935171 0.732442 0.939246 0.730595 0.943551 0.729148 0.947436 0.728321 0.950314
0 0.909160 0.489266 0.909786 0.491654 0.911098 0.495212 0.912898 0.499402 0.914915 0.503592 0.916843 0.507149 0.918392 0.509535 0.919325 0.510383 0.927980 0.514081 0.932928 0.514244 0.977115 0.494118 0.960344 0.457295 0.955083 0.457783 0.911400 0.477679 0.909320 0.488416
0 0.285929 0.577265 0.289286 0.595477 0.289575 0.596330 0.290957 0.598510 0.293224 0.601686 0.296030 0.605374 0.331268 0.650465 0.334173 0.654085 0.336720 0.657069 0.338520 0.658962 0.339301 0.659477 0.356161 0.667136 0.394291 0.637339 0.377729 0.613943 0.342897 0.569371 0.324059 0.547468
0 0.327449 0.535640 0.331208 0.553773 0.331568 0.554558 0.333043 0.556654 0.335409 0.559745 0.338307 0.563357 0.374533 0.607658 0.377507 0.611225 0.380089 0.614188 0.381886 0.616092 0.382625 0.616651 0.399651 0.623936 0.437112 0.593303 0.419716 0.570653 0.409661 0.558357 0.383906 0.526862 0.364910 0.505007
0 0.346053 0.302480 0.349807 0.313553 0.349865 0.313589 0.351573 0.314351 0.354679 0.315723 0.358706 0.317497 0.363038 0.319401 0.367009 0.321142 0.370009 0.322452 0.371585 0.323134 0.403738 0.328340 0.404805 0.328192 0.406582 0.327214 0.408798 0.325555 0.411115 0.323468 0.413178 0.321273 0.414671 0.319305 0.415367 0.317865 0.414777 0.244661 0.413767 0.244085 0.409479 0.242012 0.403361 0.239194 0.393322 0.234704 0.384805 0.231020 0.380593 0.229358 0.377947 0.228521 0.363889 0.258732 0.362481 0.261948 0.351705 0.288466
0 0.589459 0.888030 0.596807 0.931274 0.597536 0.934719 0.605506 0.967487 0.609297 0.968041 0.614360 0.967762 0.623639 0.966052 0.634142 0.963516 0.640302 0.961682 0.644334 0.960055 0.645023 0.959361 0.659504 0.886952 0.659328 0.885570 0.658419 0.883459 0.656914 0.880940 0.655043 0.878399 0.653094 0.876225 0.651364 0.874750 0.650118 0.874199 0.618156 0.873285 0.615972 0.873413 0.612410 0.873923 0.608012 0.874735 0.603441 0.875727 0.599387 0.876750 0.596463 0.877649 0.595115 0.878288
0 0.053590 0.853317 0.058035 0.864130 0.098854 0.882340 0.102060 0.883741 0.132271 0.896461 0.133646 0.895189 0.137259 0.888280 0.141904 0.878163 0.144968 0.870863 0.147404 0.864366 0.148241 0.861580 0.147991 0.859632 0.101092 0.805717 0.100376 0.805167 0.098539 0.804672 0.095860 0.804308 0.092747 0.804131 0.089678 0.804167 0.087122 0.804413 0.085470 0.804828 0.084972 0.805351 0.063235 0.831482 0.061953 0.833200 0.060173 0.836320 0.058167 0.840368 0.056243 0.844723 0.054697 0.848716 0.053765 0.851734
0 0.587271 0.672082 0.591955 0.676502 0.599705 0.683654 0.605695 0.689117 0.611424 0.694283 0.614169 0.696721 0.617239 0.699302 0.682969 0.669630 0.684295 0.668543 0.685697 0.666476 0.686962 0.663742 0.687896 0.660761 0.688356 0.657990 0.688272 0.655851 0.687658 0.654671 0.671357 0.628002 0.670590 0.627059 0.668574 0.625021 0.665614 0.622196 0.662163 0.619018 0.658752 0.615975 0.655904 0.613534 0.654054 0.612069 0.653481 0.611797 0.641891 0.613044 0.611175 0.644125 0.608813 0.646717 0.600093 0.656974
0 0.325725 0.429458 0.379365 0.478822 0.380863 0.479409 0.383299 0.479730 0.386301 0.479736 0.389411 0.479427 0.392151 0.478849 0.394103 0.478091 0.394971 0.477270 0.412747 0.450699 0.413255 0.449289 0.414277 0.446363 0.415659 0.442362 0.417186 0.437902 0.418626 0.433668 0.419758 0.430308 0.420407 0.428336 0.420478 0.428048 0.414782 0.418125 0.400686 0.412632 0.373945 0.402346 0.370623 0.401210 0.338811 0.391331 0.337473 0.394451 0.335750 0.399028 0.332665 0.407901 0.329210 0.418187 0.327205 0.424358 0.325919 0.428571
0 0.719265 0.294060 0.724814 0.333673 0.804041 0.322573 0.808268 0.320106 0.802641 0.279942 0.762477 0.285569 0.719767 0.293588
0 0.472240 0.319858 0.490957 0.328028 0.509911 0.334263 0.519881 0.309326 0.540083 0.256505 0.542181 0.250793 0.504759 0.236484 0.484374 0.285642
0 0.652996 0.820448 0.654764 0.824152 0.659630 0.832522 0.660733 0.833182 0.663460 0.834186 0.667395 0.835381 0.671938 0.836584 0.676390 0.837609 0.680068 0.838300 0.682409 0.838550 0.683060 0.838324 0.694040 0.833879 0.743043 0.804330 0.744988 0.796475 0.742188 0.793087 0.664534 0.773855
0 0.142382 0.701588 0.142774 0.704314 0.143694 0.708211 0.145002 0.712684 0.157213 0.751162 0.158704 0.755512 0.160147 0.759062 0.161320 0.761269 0.170735 0.768426 0.217015 0.753739 0.220250 0.750839 0.196052 0.674587 0.150301 0.689105 0.146258 0.691291 0.142576 0.700447
0 0.879207 0.632622 0.898257 0.676680 0.902861 0.678723 0.911324 0.682349 0.912712 0.682225 0.915582 0.681389 0.919499 0.679966 0.923863 0.678174 0.960917 0.662152 0.965049 0.660271 0.968303 0.658593 0.970183 0.657376 0.977140 0.646606 0.957870 0.602039 0.952637 0.600873
