0 0.505551 0.460888 0.509405 0.470671 0.518006 0.489578 0.518039 0.489614 0.518226 0.489561 0.518470 0.489444 0.519170 0.489024 0.520054 0.488441 0.520986 0.487785 0.521824 0.487158 0.522439 0.486654 0.522737 0.486352 0.515950 0.466159 0.515372 0.464689 0.512672 0.457824 0.512093 0.456352 0.512027 0.456335 0.511474 0.456665 0.510521 0.457291 0.509312 0.458117 0.508029 0.459019 0.506865 0.459861 0.505995 0.460517
0 0.508784 0.410602 0.516890 0.412810 0.517126 0.411595 0.520484 0.389676 0.512264 0.387437 0.508906 0.409356
0 0.555678 0.576432 0.557361 0.587234 0.557625 0.587635 0.565763 0.585382 0.564073 0.574530 0.563779 0.574189
0 0.519814 0.591462 0.520043 0.592520 0.527446 0.601522 0.529710 0.600888 0.529877 0.600834 0.530276 0.600414 0.530845 0.599691 0.531497 0.598775 0.532133 0.597807 0.532655 0.596936 0.532983 0.596295 0.533067 0.595981 0.533072 0.593297 0.532530 0.577569 0.532158 0.576683 0.530938 0.575200
0 0.419063 0.410814 0.419434 0.411223 0.451935 0.419553 0.455059 0.397886 0.454852 0.397416 0.422201 0.389047
0 0.549573 0.431514 0.550134 0.435726 0.551873 0.439335 0.554526 0.441790 0.557691 0.442716 0.560883 0.441971 0.563617 0.439667 0.565474 0.436157 0.565497 0.436075 0.566196 0.431890 0.565927 0.428710 0.565733 0.427274 0.565139 0.426045 0.563885 0.424067 0.561228 0.421618 0.558065 0.420697 0.556035 0.420772 0.554949 0.421027 0.554019 0.421811 0.552146 0.423746 0.550288 0.427252 0.549586 0.431429
0 0.481051 0.442630 0.481138 0.442893 0.495764 0.453214 0.499634 0.443463 0.499632 0.443203 0.484939 0.432834
0 0.536814 0.582125 0.536961 0.582455 0.552434 0.590376 0.555405 0.580061 0.555310 0.579924 0.555183 0.579741 0.539772 0.571851 0.537405 0.580070
0 0.451001 0.517446 0.454532 0.548360 0.461212 0.554911 0.461389 0.554660 0.490735 0.501470 0.484087 0.494949 0.484013 0.494925 0.460828 0.499634
0 0.401438 0.555316 0.401457 0.556079 0.401576 0.557171 0.401777 0.558424 0.402031 0.559647 0.402297 0.560651 0.402535 0.561284 0.404267 0.563403 0.421198 0.558247 0.422839 0.557711 0.424601 0.556392 0.422637 0.545703 0.403396 0.551989 0.402280 0.552590 0.401523 0.554998
0 0.532472 0.470521 0.532484 0.471815 0.532867 0.473004 0.535053 0.477663 0.539726 0.486736 0.540655 0.486425 0.543440 0.483875 0.543708 0.480776 0.543658 0.480539 0.543397 0.479915 0.542966 0.478999 0.542430 0.477930 0.541871 0.476872 0.537485 0.468819 0.536780 0.467903 0.535866 0.467417 0.534882 0.467433 0.533978 0.467951 0.533859 0.468062 0.533625 0.468283 0.533510 0.468392 0.532832 0.469319
0 0.439632 0.442394 0.449918 0.459738 0.450119 0.459899 0.463075 0.446239 0.452829 0.428964 0.452640 0.428679
0 0.402605 0.586489 0.417093 0.597773 0.418232 0.596429 0.422406 0.586903 0.408117 0.575774 0.406836 0.576830
0 0.478083 0.453216 0.478338 0.455382 0.478760 0.456253 0.480579 0.457526 0.493659 0.465875 0.494127 0.465932 0.494692 0.465757 0.495265 0.465377 0.495761 0.464850 0.496102 0.464256 0.496238 0.463686 0.497640 0.456197 0.497770 0.454944 0.497755 0.453873 0.497597 0.453148 0.496329 0.450401 0.487919 0.447170 0.486790 0.446790 0.480713 0.445031 0.479969 0.446066 0.478897 0.448551 0.478274 0.450688
