0 0.418906 0.526441 0.418971 0.526652 0.419969 0.529528 0.429744 0.532459 0.430547 0.532088 0.437792 0.489140 0.428128 0.486242 0.427297 0.486083 0.425529 0.487776 0.425388 0.488007 0.425186 0.488698 0.424952 0.489744 0.424722 0.490985 0.419239 0.523494 0.419051 0.524731 0.418934 0.525766
0 0.416199 0.500264 0.428587 0.515429 0.428918 0.515358 0.440239 0.498917 0.427909 0.483822 0.427573 0.483746
0 0.551304 0.523917 0.559782 0.547788 0.560404 0.548284 0.562382 0.549241 0.562635 0.549197 0.563195 0.548944 0.563975 0.548518 0.564856 0.547985 0.572384 0.543231 0.573230 0.542674 0.573907 0.542180 0.574312 0.541824 0.574386 0.541661 0.575478 0.538766 0.568418 0.518688 0.566989 0.514663 0.566223 0.514496
0 0.443323 0.521864 0.443327 0.523021 0.443362 0.523861 0.443423 0.524257 0.444900 0.527904 0.454909 0.528359 0.455479 0.525275 0.455623 0.514673 0.445696 0.514222 0.443567 0.517754 0.443484 0.518342 0.443409 0.519330 0.443352 0.520567
0 0.526902 0.585926 0.538882 0.591058 0.541069 0.591505 0.560749 0.482748 0.558627 0.481945 0.546326 0.478588
0 0.511115 0.393763 0.518589 0.398495 0.522138 0.388530 0.522240 0.388017 0.514731 0.383263 0.511166 0.393274
0 0.579009 0.451964 0.579017 0.452118 0.579238 0.455475 0.582083 0.457710 0.586015 0.455684 0.590406 0.445748 0.587425 0.443406 0.584457 0.444482 0.581545 0.446396 0.581342 0.446684 0.580977 0.447363 0.580508 0.448327 0.580005 0.449432 0.579544 0.450510 0.579194 0.451399
0 0.446214 0.514208 0.446342 0.516876 0.496563 0.519159 0.497057 0.501439 0.497115 0.498752 0.447414 0.496493
0 0.368356 0.530380 0.368430 0.531075 0.368663 0.532087 0.369021 0.533261 0.373851 0.547629 0.374277 0.548782 0.374703 0.549733 0.375066 0.550337 0.378308 0.553659 0.387420 0.548212 0.385942 0.540722 0.381167 0.526520 0.377792 0.519577 0.368680 0.525023
0 0.647327 0.188593 0.662605 0.197068 0.663354 0.195673 0.669740 0.175209 0.654391 0.166694 0.653683 0.168222
0 0.413488 0.645689 0.428629 0.654841 0.428956 0.654131 0.442621 0.613940 0.427549 0.604830 0.427216 0.605313
0 0.568942 0.363225 0.572242 0.375049 0.573986 0.376783 0.574395 0.376897 0.575175 0.376636 0.576207 0.376043 0.577334 0.375206 0.578388 0.374251 0.579209 0.373322 0.579673 0.372560 0.579708 0.372080 0.579390 0.369168 0.573214 0.359690 0.572906 0.359584 0.572317 0.359764 0.571538 0.360203 0.570688 0.360834 0.569898 0.361560 0.569289 0.362270 0.568954 0.362854
