0 0.000000 0.609204 0.058251 0.596608 0.060582 0.595920 0.061925 0.595137 0.062073 0.594375 0.055779 0.516745 0.054707 0.516059 0.052582 0.515616 0.049728 0.515484 0.046579 0.515683 0.043618 0.516183 0.000000 0.527360
0 0.704405 0.437581 0.753667 0.500848 0.754371 0.500473 0.755934 0.499404 0.758119 0.497802 0.760590 0.495912 0.843026 0.431725 0.845392 0.429848 0.847276 0.428282 0.848390 0.427266 0.848566 0.426955 0.799305 0.363689 0.798562 0.364183 0.796970 0.365349 0.794775 0.367011 0.792308 0.368915 0.710250 0.432809 0.707870 0.434678 0.705925 0.436241 0.704707 0.437261
0 0.446528 0.291649 0.447148 0.293239 0.448516 0.295385 0.450425 0.297759 0.519494 0.376129 0.521639 0.378355 0.523681 0.380077 0.525306 0.381035 0.526268 0.381082 0.584968 0.328793 0.585073 0.327965 0.584351 0.326345 0.582914 0.324179 0.573678 0.312280 0.520536 0.251982 0.509668 0.241070 0.507616 0.239276 0.505972 0.238213 0.504988 0.238043 0.446750 0.290856
0 0.671322 0.692384 0.698945 0.767444 0.700467 0.769669 0.928583 0.684658 0.928081 0.682039 0.899003 0.607128
0 0.244421 0.168571 0.253732 0.248397 0.254858 0.249547 0.493241 0.221741 0.493210 0.220463 0.483899 0.140637
0 0.785181 0.517923 0.822579 0.755583 0.824063 0.756759 0.903648 0.744236 0.866078 0.505482 0.864401 0.505457
0 0.000000 0.538824 0.043285 0.538309 0.051024 0.522766 0.057618 0.501873 0.058094 0.499349 0.058395 0.495501 0.058476 0.490914 0.058325 0.486280 0.057965 0.482297 0.057449 0.479569 0.056856 0.478514 0.046772 0.464008 0.000000 0.464518
0 0.086728 0.486988 0.115137 0.516072 0.120425 0.515855 0.149109 0.487836 0.149775 0.431134 0.121757 0.402450 0.116488 0.401087 0.087404 0.429495 0.087214 0.445639
0 0.224892 0.805272 0.272675 0.812922 0.283731 0.798066 0.284162 0.796764 0.284817 0.793849 0.285596 0.789766 0.286382 0.785135 0.295366 0.729016 0.296042 0.724519 0.296509 0.720821 0.296695 0.718482 0.296571 0.717862 0.290705 0.700297 0.242922 0.692647 0.236266 0.722617 0.229729 0.763450 0.227177 0.779392
0 0.349504 0.953637 0.349606 0.955915 0.350121 0.957222 0.386822 1.000000 0.431445 1.000000 0.425062 0.972626 0.414444 0.930066 0.405195 0.923462 0.403908 0.923371 0.401033 0.923685 0.397006 0.924357 0.392438 0.925285 0.388018 0.926328 0.384413 0.927330 0.382170 0.928138 0.353664 0.941748 0.352612 0.942787 0.351514 0.944860 0.350536 0.947651 0.349830 0.950734
0 0.794081 0.454579 0.796482 0.492242 0.797159 0.496318 0.798443 0.500817 0.800142 0.505058 0.801997 0.508401 0.803730 0.510340 0.812514 0.514510 0.815696 0.515691 0.829667 0.511201 0.858005 0.501915 0.887979 0.491825 0.891301 0.489925 0.892523 0.486056 0.890977 0.477394 0.887330 0.466795 0.884095 0.460120 0.880626 0.455188 0.878718 0.453799 0.806345 0.444205 0.806093 0.444300 0.804947 0.445168 0.803083 0.446678 0.800785 0.448598 0.798400 0.450639 0.796289 0.452492 0.794773 0.453875
0 0.275927 0.866838 0.276198 0.868056 0.278176 0.872467 0.281302 0.878476 0.286730 0.888064 0.291611 0.895942 0.294380 0.899509 0.296576 0.901328 0.325790 0.884781 0.328811 0.882980 0.352776 0.867854 0.365381 0.859853 0.369066 0.848439 0.368353 0.846808 0.366820 0.843883 0.364701 0.840108 0.362316 0.836056 0.360024 0.832337 0.358172 0.829512 0.357042 0.828012 0.334224 0.804719 0.333150 0.804310 0.331038 0.804146 0.328208 0.804252 0.325094 0.804613 0.322172 0.805173 0.319890 0.805847 0.318595 0.806531
0 0.154174 0.581165 0.167315 0.619244 0.205393 0.606103 0.206743 0.605617 0.193663 0.567713 0.192253 0.568025
0 0.772409 0.737208 0.781615 0.750295 0.784871 0.753188 0.817965 0.729909 0.808654 0.716671 0.805126 0.714194 0.795380 0.713062 0.794241 0.713309 0.791778 0.714573 0.788368 0.716658 0.784528 0.719250 0.780837 0.721956 0.777851 0.724369 0.776025 0.726123 0.775638 0.726950
0 0.275038 0.936879 0.308212 0.959729 0.331062 0.926555 0.331836 0.924600 0.298814 0.901855 0.276069 0.934877
0 0.762169 0.794187 0.763004 0.850724 0.763514 0.856983 0.803574 0.856376 0.807728 0.804981 0.804213 0.767619 0.783092 0.766611 0.763887 0.768230
0 0.060525 0.909008 0.062201 0.916925 0.141371 0.900167 0.145470 0.895593 0.135530 0.848634 0.123392 0.843677 0.121258 0.843834 0.117722 0.844386 0.113319 0.845249 0.108714 0.846293 0.104601 0.847360 0.101603 0.848289 0.100179 0.848939 0.091731 0.861043
0 0.594194 0.332311 0.648894 0.390688 0.650616 0.389424 0.686047 0.356224 0.685714 0.345334 0.685331 0.344459 0.683745 0.342370 0.681197 0.339386 0.678076 0.335962 0.674861 0.332624 0.672046 0.329885 0.670062 0.328164 0.669210 0.327720 0.658380 0.326699 0.601188 0.324839 0.595283 0.330373
