0 0.500973 0.306567 0.517427 0.308336 0.517507 0.307456 0.520173 0.263376 0.503643 0.261599 0.500977 0.305679
0 0.404046 0.474909 0.405074 0.478995 0.407197 0.482246 0.410090 0.484166 0.410148 0.484177 0.413371 0.484474 0.416434 0.483104 0.418283 0.481291 0.419108 0.480333 0.419595 0.479028 0.420310 0.476420 0.420533 0.472122 0.419505 0.468038 0.418344 0.465993 0.417626 0.464893 0.416647 0.464243 0.414492 0.462871 0.414437 0.462847 0.411212 0.462550 0.408147 0.463920 0.405709 0.466751 0.404269 0.470609
0 0.473128 0.703000 0.473143 0.705849 0.473152 0.707314 0.473579 0.708663 0.474411 0.711287 0.476716 0.714315 0.479714 0.715937 0.481850 0.715916 0.482949 0.715905 0.483961 0.715335 0.485929 0.714226 0.488200 0.711153 0.489416 0.707156 0.489458 0.706327 0.489443 0.703489 0.489417 0.702378 0.489009 0.700687 0.488180 0.698073 0.485885 0.695057 0.482899 0.693442 0.480771 0.693462 0.478669 0.694041 0.476709 0.695146 0.474447 0.698206 0.473236 0.702188
0 0.566283 0.465447 0.566491 0.465912 0.566911 0.466677 0.567481 0.467626 0.568112 0.468613 0.568708 0.469485 0.569177 0.470111 0.569449 0.470393 0.577815 0.463863 0.578886 0.461230 0.578912 0.461111 0.578615 0.460498 0.578042 0.459489 0.577278 0.458235 0.576441 0.456927 0.575655 0.455760 0.575039 0.454910 0.574687 0.454508 0.572573 0.455460 0.566320 0.465352
0 0.518420 0.593258 0.521974 0.614765 0.522012 0.614962 0.522063 0.615226 0.528541 0.613322 0.530160 0.612846 0.526591 0.591253 0.526485 0.590888
0 0.473557 0.430322 0.473695 0.432471 0.473740 0.432587 0.474439 0.434386 0.474483 0.434498 0.475718 0.435886 0.477257 0.436537 0.478866 0.436353 0.480300 0.435363 0.481341 0.433716 0.481829 0.431664 0.481691 0.429518 0.481660 0.429397 0.480916 0.427482 0.479679 0.426092 0.478137 0.425440 0.476525 0.425624 0.475089 0.426616 0.474046 0.428266
0 0.401377 0.550877 0.407945 0.557700 0.421698 0.570223 0.421890 0.569945 0.422308 0.569276 0.422888 0.568317 0.423280 0.567657 0.423795 0.566782 0.424170 0.566138 0.424674 0.565255 0.424978 0.564697 0.425037 0.564550 0.412600 0.549862 0.411618 0.548840 0.407032 0.544070 0.406048 0.543047 0.405929 0.543208 0.405471 0.543941 0.404743 0.545139 0.403856 0.546617 0.402947 0.548149 0.402156 0.549497 0.401605 0.550455
0 0.449445 0.487980 0.449490 0.488675 0.449604 0.489728 0.449771 0.490978 0.449964 0.492232 0.450154 0.493299 0.450311 0.494014 0.450412 0.494270 0.452182 0.495979 0.452729 0.496025 0.472185 0.491059 0.469081 0.469441 0.468724 0.469088 0.467084 0.469507 0.450612 0.485045 0.449476 0.487748
0 0.450279 0.464206 0.450507 0.464370 0.466812 0.468135 0.480931 0.359432 0.480843 0.358785 0.464463 0.355002
0 0.549681 0.452881 0.550978 0.463777 0.567322 0.460318 0.567631 0.460136 0.566329 0.449190 0.549910 0.452664
0 0.506426 0.459995 0.525536 0.466954 0.527627 0.465331 0.527754 0.465172 0.528012 0.464848 0.528142 0.464684 0.531473 0.448425 0.531695 0.447341 0.530584 0.444451 0.511028 0.437330 0.510137 0.441676 0.507467 0.454714 0.506577 0.459060 0.506546 0.459250
0 0.564811 0.552003 0.566069 0.573744 0.566148 0.573885 0.566467 0.573987 0.566978 0.574032 0.570023 0.574030 0.586583 0.572819 0.589803 0.572363 0.590380 0.572238 0.590797 0.572083 0.590993 0.571921 0.589590 0.550191 0.589532 0.550030 0.589230 0.549912 0.588731 0.549855 0.588111 0.549867 0.566588 0.551441 0.565945 0.551521 0.565381 0.551656 0.564983 0.551825
0 0.303002 0.180199 0.311327 0.199323 0.312082 0.200526 0.326368 0.189471 0.318076 0.170423 0.317345 0.169099
0 0.456347 0.279405 0.456846 0.281926 0.460935 0.293954 0.463172 0.294166 0.463704 0.294099 0.464465 0.293809 0.465339 0.293340 0.472874 0.288786 0.473732 0.288207 0.474446 0.287606 0.474909 0.287072 0.475970 0.284866 0.475692 0.282379 0.471556 0.270212
0 0.428760 0.472423 0.428837 0.472677 0.429021 0.473278 0.429091 0.473505 0.432206 0.474975 0.444667 0.480855 0.444806 0.480407 0.444950 0.479922 0.445097 0.479410 0.445245 0.478879 0.445392 0.478331 0.452180 0.452756 0.452138 0.452399 0.436540 0.445039 0.429458 0.469726 0.429306 0.470267 0.429158 0.470813 0.429016 0.471361 0.428883 0.471900
0 0.560986 0.547858 0.561159 0.548975 0.561554 0.550466 0.562518 0.551626 0.563905 0.552276 0.565504 0.552314 0.565649 0.552272 0.566584 0.551925 0.567068 0.551734 0.568357 0.550625 0.569173 0.549158 0.569392 0.547559 0.569228 0.546439 0.568820 0.544953 0.567801 0.543520 0.567024 0.542601 0.565913 0.542092 0.564639 0.542066 0.563393 0.542528 0.562363 0.543408 0.561706 0.544574 0.561217 0.546265
0 0.587728 0.512393 0.595750 0.514986 0.596190 0.515055 0.598143 0.504310 0.590085 0.501705 0.589673 0.501698
0 0.556893 0.590315 0.558274 0.595857 0.558607 0.597073 0.558615 0.597087 0.558750 0.597310 0.559409 0.598265 0.560291 0.598812 0.561263 0.598867 0.565306 0.598597 0.569477 0.597167 0.570391 0.596722 0.571107 0.595844 0.571517 0.594668 0.571558 0.593372 0.571362 0.587554 0.570283 0.582420 0.569950 0.581201 0.569291 0.580246 0.569122 0.580050 0.568242 0.579505 0.567272 0.579450 0.562936 0.579297 0.559079 0.581146 0.558167 0.581590 0.557452 0.582466 0.557043 0.583639 0.557002 0.584932
