0 0.354521 0.253578 0.355213 0.257988 0.358838 0.280296 0.361745 0.284822 0.363096 0.285681 0.363462 0.285912 0.364142 0.286004 0.365031 0.285944 0.365996 0.285740 0.366891 0.285425 0.367581 0.285045 0.369984 0.282814 0.365927 0.256957 0.362790 0.251271
0 0.327676 0.786990 0.327933 0.788254 0.328533 0.789291 0.329385 0.789942 0.330359 0.790109 0.331307 0.789767 0.334267 0.787924 0.335546 0.786608 0.336349 0.784740 0.336556 0.782604 0.336133 0.780526 0.335146 0.778821 0.333745 0.777750 0.332143 0.777475 0.330584 0.778038 0.329306 0.779354 0.328502 0.781222 0.327802 0.785692
0 0.658861 0.404355 0.658929 0.404452 0.671869 0.418166 0.672086 0.417987 0.672429 0.417571 0.674465 0.414780 0.685496 0.398263 0.687633 0.394805 0.688015 0.394137 0.688289 0.393581 0.688414 0.393222 0.688370 0.393114 0.675313 0.379522 0.675099 0.379672 0.674758 0.380070 0.674342 0.380653 0.660004 0.402120 0.659579 0.402797 0.659212 0.403459 0.658960 0.404006
0 0.633149 0.602363 0.644822 0.617976 0.650731 0.611962 0.651696 0.608748 0.651631 0.608161 0.651265 0.607462 0.640772 0.593428 0.640313 0.593024 0.640026 0.593140 0.638859 0.594363 0.633404 0.601613
0 0.485218 0.277684 0.485286 0.278703 0.492843 0.298336 0.566465 0.247956 0.566771 0.246795 0.559179 0.227072
0 0.473808 0.752574 0.476305 0.763118 0.492122 0.756460 0.492158 0.755287 0.489672 0.744791 0.473928 0.751419
0 0.657782 0.602891 0.657817 0.603264 0.657928 0.603894 0.658100 0.604684 0.658305 0.605514 0.658514 0.606256 0.658693 0.606798 0.658815 0.607055 0.673066 0.615685 0.673435 0.615658 0.674440 0.615048 0.675663 0.613994 0.677468 0.612087 0.678810 0.610303 0.679231 0.609208 0.679183 0.608246 0.674548 0.601124 0.674061 0.600400 0.670191 0.594844 0.668161 0.591936 0.667725 0.591717 0.665520 0.591390 0.665103 0.591574 0.664480 0.592067 0.663745 0.592793 0.663010 0.593644 0.662385 0.594490 0.661964 0.595204
0 0.643298 0.825398 0.646069 0.847099 0.646740 0.848694 0.679442 0.841271 0.676658 0.819469 0.675851 0.818009
0 0.402569 0.278011 0.402964 0.278989 0.413843 0.287526 0.414380 0.287914 0.414809 0.288172 0.415066 0.288261 0.417410 0.285034 0.417480 0.284889 0.421191 0.276268 0.422428 0.273394 0.423357 0.269009 0.423190 0.268729 0.422828 0.268322 0.422327 0.267850 0.418074 0.264346 0.410846 0.258780
0 0.349991 0.304657 0.351706 0.306890 0.377526 0.334334 0.381643 0.327449 0.383701 0.324006 0.382899 0.319667 0.382595 0.319271 0.382040 0.318618 0.381318 0.317808 0.380539 0.316965 0.360995 0.296192 0.360284 0.295451 0.359755 0.294931 0.359489 0.294712 0.356237 0.294210
0 0.660647 0.650773 0.660939 0.653582 0.661090 0.655027 0.661643 0.656285 0.662720 0.658731 0.665289 0.661322 0.665952 0.661970 0.669082 0.663057 0.671198 0.662666 0.673233 0.661723 0.675075 0.660282 0.677026 0.656844 0.677841 0.652671 0.677547 0.649850 0.676841 0.647137 0.675760 0.644681 0.673181 0.642079 0.672488 0.641511 0.669371 0.640428 0.667264 0.640818 0.666180 0.641019 0.663402 0.643192 0.661459 0.646617
0 0.668041 0.313945 0.668479 0.319070 0.669321 0.324819 0.669654 0.326028 0.670309 0.326975 0.671186 0.327517 0.672152 0.327569 0.676755 0.327111 0.680307 0.325862 0.681214 0.325418 0.681655 0.324993 0.682368 0.324118 0.682774 0.322945 0.683090 0.319427 0.683205 0.315654 0.682229 0.312110 0.681197 0.309543 0.680540 0.308593 0.679661 0.308050 0.677740 0.307748 0.674910 0.307595 0.670518 0.309709 0.669609 0.310154 0.669584 0.310181 0.669197 0.310615 0.668486 0.311488 0.668080 0.312658
0 0.641179 0.460247 0.641414 0.460564 0.641680 0.460902 0.641972 0.461254 0.642286 0.461615 0.642620 0.461982 0.658421 0.479080 0.658936 0.479199 0.669364 0.462067 0.655030 0.445056 0.654711 0.444686 0.654379 0.444319 0.654034 0.443956 0.653684 0.443604 0.653334 0.443270 0.651593 0.443138 0.649510 0.446560
0 0.390790 0.651022 0.391933 0.662001 0.400167 0.660477 0.400625 0.659741 0.399487 0.648812 0.391290 0.650329
0 0.674534 0.257305 0.688995 0.267927 0.689755 0.266995 0.693754 0.257316 0.679234 0.246651 0.678926 0.247086 0.678517 0.247665 0.676127 0.253449
0 0.481999 0.260946 0.491204 0.266113 0.494229 0.262944 0.494445 0.262546 0.494763 0.261731 0.495134 0.260624 0.499685 0.246210 0.500054 0.244973 0.500368 0.243789 0.500578 0.242838 0.500652 0.242264 0.500337 0.237186 0.491133 0.232019 0.488758 0.237109 0.487465 0.241203 0.485446 0.247596 0.484153 0.251691
0 0.444105 0.228962 0.444116 0.229342 0.444197 0.230178 0.444336 0.231341 0.444511 0.232655 0.444697 0.233921 0.444864 0.234949 0.444989 0.235582 0.445051 0.235725 0.446942 0.236445 0.447757 0.236254 0.471045 0.228480 0.471062 0.228227 0.471031 0.227668 0.470955 0.226890 0.470847 0.226010 0.470723 0.225163 0.470602 0.224479 0.470502 0.224063 0.470440 0.223977 0.446501 0.227238 0.445684 0.227428
0 0.441724 0.752335 0.445300 0.773985 0.448143 0.776408 0.458049 0.784850 0.462269 0.788446 0.465113 0.790868 0.473231 0.788485 0.473354 0.787163 0.462678 0.722509 0.454596 0.724882 0.441991 0.751178
0 0.399679 0.212397 0.400139 0.213715 0.407672 0.233364 0.415040 0.228342 0.414649 0.227091 0.407081 0.207351
0 0.330358 0.343090 0.335560 0.354692 0.339319 0.358014 0.341099 0.358138 0.341738 0.357928 0.342548 0.357483 0.343404 0.356870 0.344179 0.356183 0.344755 0.355524 0.345044 0.354993 0.346405 0.352366 0.341322 0.341029 0.337610 0.337310
0 0.661330 0.764761 0.661616 0.765363 0.662557 0.767172 0.668204 0.778024 0.669145 0.779832 0.670087 0.781641 0.670752 0.782869 0.672330 0.785482 0.673215 0.785178 0.675960 0.782639 0.680076 0.778831 0.680553 0.777875 0.680356 0.773590 0.680250 0.773304 0.679923 0.772621 0.679425 0.771645 0.674676 0.762518 0.674085 0.761401 0.673493 0.760318 0.672990 0.759434 0.672654 0.758884 0.672534 0.758750 0.669478 0.757223
0 0.281495 0.466259 0.281562 0.466923 0.288989 0.472248 0.304345 0.481683 0.304572 0.481668 0.304974 0.481186 0.305489 0.480310 0.305818 0.479630 0.306241 0.478681 0.306542 0.477949 0.306920 0.476820 0.307118 0.475958 0.307104 0.475493 0.292845 0.463687 0.285435 0.458367 0.285081 0.458340 0.284484 0.458969 0.283735 0.460162 0.282948 0.461737 0.282245 0.463451 0.281735 0.465040
0 0.600676 0.578062 0.600715 0.578546 0.601004 0.578997 0.603260 0.581412 0.609219 0.585873 0.609622 0.586088 0.609951 0.585981 0.611352 0.584501 0.612297 0.583392 0.612105 0.580422 0.611957 0.579867 0.611627 0.579392 0.607852 0.574599 0.604163 0.571437 0.603796 0.571265 0.603558 0.571481 0.602024 0.573339
