0 0.501026 0.502179 0.501606 0.504189 0.501609 0.504196 0.502723 0.505760 0.504202 0.506636 0.505819 0.506691 0.507329 0.505917 0.508502 0.504431 0.509159 0.502459 0.509200 0.500303 0.508619 0.498289 0.507505 0.496725 0.506026 0.495850 0.504409 0.495794 0.502899 0.496569 0.502894 0.496575 0.501723 0.498058 0.501067 0.500026
0 0.306549 0.680822 0.317747 0.697136 0.318580 0.696235 0.330760 0.681373 0.319613 0.665134 0.318785 0.665892
0 0.387936 0.692306 0.404108 0.697217 0.404492 0.696427 0.408160 0.674951 0.392053 0.670060 0.391619 0.670743
0 0.344728 0.742584 0.361206 0.746217 0.362792 0.743403 0.366024 0.717340 0.363517 0.715224 0.362824 0.714888 0.361922 0.714625 0.360949 0.714475 0.360050 0.714460 0.359361 0.714582 0.357880 0.715545 0.356236 0.718037 0.345001 0.740387
0 0.641985 0.500309 0.644876 0.519802 0.645019 0.520075 0.645530 0.520333 0.646845 0.520880 0.648407 0.521460 0.650674 0.522219 0.652334 0.522689 0.652822 0.522697 0.654669 0.513769 0.656382 0.505218 0.657171 0.501205 0.655965 0.498373 0.655736 0.498181 0.655165 0.497896 0.654339 0.497560 0.653384 0.497226 0.652447 0.496945 0.651672 0.496759 0.651177 0.496698 0.644009 0.496783 0.643895 0.496829 0.643644 0.497138 0.643294 0.497661 0.642898 0.498320 0.642518 0.499013 0.642211 0.499634 0.642024 0.500089
0 0.462521 0.288207 0.462583 0.288871 0.462754 0.289673 0.463943 0.293831 0.471161 0.313744 0.472702 0.317119 0.473005 0.317625 0.473265 0.317847 0.473442 0.317751 0.488012 0.309513 0.488091 0.309107 0.488048 0.308460 0.487890 0.307669 0.487640 0.306856 0.478259 0.280975 0.477958 0.280269 0.477653 0.279782 0.477391 0.279588 0.462747 0.287659 0.462579 0.287781
0 0.392099 0.742935 0.392494 0.744512 0.397194 0.750775 0.404656 0.760718 0.420428 0.753701 0.420793 0.752538 0.423208 0.729945 0.422815 0.728375 0.392594 0.741822
0 0.647302 0.243659 0.659563 0.284539 0.668761 0.279635 0.670711 0.277087 0.670907 0.274907 0.670898 0.273985 0.670725 0.272812 0.670415 0.271568 0.667322 0.261253 0.661135 0.240625 0.660737 0.239509 0.660316 0.238702 0.658309 0.235734 0.652106 0.239042 0.649005 0.240696
0 0.622002 0.235486 0.622304 0.236710 0.622935 0.237686 0.626111 0.241098 0.629438 0.244466 0.630301 0.245046 0.631264 0.245142 0.632182 0.244739 0.632914 0.243898 0.636276 0.239439 0.636589 0.238840 0.638335 0.234583 0.638772 0.233430 0.638844 0.232142 0.638541 0.230915 0.637190 0.228118 0.635342 0.225257 0.632814 0.223556 0.630525 0.222558 0.629559 0.222462 0.628639 0.222866 0.627905 0.223709 0.625154 0.226919 0.624867 0.227545 0.622509 0.233051 0.622074 0.234201
0 0.527388 0.541483 0.527514 0.541674 0.543696 0.546768 0.566620 0.417314 0.550438 0.412220 0.550207 0.412622
0 0.473653 0.372363 0.473657 0.372400 0.474865 0.376431 0.477127 0.379540 0.480099 0.381254 0.483329 0.381315 0.486326 0.379713 0.488635 0.376692 0.489905 0.372710 0.489912 0.372674 0.489949 0.368333 0.489185 0.365479 0.488775 0.364103 0.488005 0.363042 0.486485 0.361179 0.483508 0.359457 0.480271 0.359393 0.478285 0.360248 0.477262 0.360795 0.476474 0.361827 0.474954 0.364028 0.473685 0.368019
0 0.610838 0.683345 0.610999 0.683750 0.611341 0.684525 0.611814 0.685553 0.616182 0.694922 0.616714 0.696049 0.617227 0.697108 0.617642 0.697939 0.617898 0.698415 0.617953 0.698462 0.620968 0.700204 0.629478 0.693150 0.620661 0.674238 0.619282 0.672246 0.610869 0.679220
0 0.418933 0.518348 0.468810 0.519053 0.468953 0.518965 0.469040 0.507932 0.452666 0.485632 0.452448 0.485566 0.435822 0.485332 0.433411 0.488479 0.425010 0.499445 0.421440 0.504106 0.419021 0.507265
0 0.618401 0.547377 0.633872 0.555217 0.634488 0.555471 0.640395 0.534749 0.624853 0.526873 0.624281 0.526749
0 0.490269 0.712116 0.490881 0.716350 0.492663 0.719949 0.494432 0.721545 0.496417 0.722659 0.498509 0.723230 0.501685 0.722414 0.504384 0.720039 0.505581 0.717680 0.506185 0.716095 0.506416 0.715033 0.506845 0.712243 0.506818 0.711394 0.506207 0.707177 0.504433 0.703592 0.502671 0.702003 0.501765 0.701186 0.500694 0.700893 0.498610 0.700324 0.495447 0.701137 0.492759 0.703503 0.490954 0.707060 0.490308 0.711268
0 0.401478 0.515604 0.401718 0.518980 0.405104 0.534065 0.406574 0.535122 0.407642 0.534720 0.415479 0.515345 0.406760 0.509075 0.405682 0.509180 0.403883 0.509959 0.403666 0.510195 0.403301 0.510842 0.402844 0.511801 0.402364 0.512927 0.401936 0.514046 0.401625 0.514986
0 0.560524 0.610299 0.560556 0.610501 0.560777 0.611160 0.561155 0.612177 0.561631 0.613397 0.562133 0.614634 0.562403 0.615269 0.562717 0.615987 0.562914 0.616420 0.563073 0.616697 0.578232 0.607568 0.584478 0.603155 0.585581 0.602375 0.585487 0.602112 0.585136 0.601218 0.584581 0.599831 0.583908 0.598161 0.583217 0.596461 0.582612 0.594984 0.582185 0.593955 0.582000 0.593529 0.575767 0.597939 0.574668 0.598717
0 0.322552 0.519190 0.333390 0.535931 0.334057 0.535787 0.346562 0.521394 0.335767 0.504721 0.335107 0.504740
0 0.426811 0.236445 0.427481 0.238858 0.428271 0.239725 0.429684 0.240864 0.435337 0.245417 0.440990 0.249970 0.441629 0.250253 0.446758 0.238935 0.446004 0.234576 0.445770 0.234095 0.445246 0.233423 0.444511 0.232664 0.443677 0.231934 0.436546 0.226191 0.435745 0.225603 0.435099 0.225251 0.434709 0.225186 0.431987 0.225022 0.431476 0.225657 0.429749 0.229469 0.428022 0.233281 0.427159 0.235187
0 0.447396 0.348237 0.447422 0.349567 0.447472 0.350773 0.447539 0.351672 0.447611 0.352126 0.448213 0.353825 0.450227 0.356669 0.466793 0.356553 0.470095 0.356497 0.469990 0.345491 0.469288 0.341876 0.449014 0.342219 0.447479 0.345456 0.447427 0.346011 0.447397 0.346987
0 0.580326 0.504779 0.582513 0.515400 0.582655 0.515426 0.598613 0.509585 0.597396 0.501081 0.596955 0.498941 0.596257 0.498948
