0 0.306883 0.473405 0.307736 0.474809 0.309575 0.477443 0.312120 0.480905 0.314981 0.484665 0.317718 0.488145 0.319911 0.490810 0.321227 0.492256 0.332740 0.493357 0.333114 0.493371 0.337910 0.489721 0.343483 0.480498 0.342290 0.478623 0.339811 0.475130 0.336424 0.470551 0.332639 0.465577 0.329026 0.460956 0.326129 0.457383 0.324388 0.455403 0.324073 0.455324 0.313630 0.458267 0.308823 0.461925
0 0.166620 0.707603 0.168662 0.715169 0.173445 0.721375 0.180239 0.725281 0.188010 0.726288 0.195575 0.724245 0.196099 0.723860 0.202295 0.719085 0.206194 0.712303 0.207199 0.704545 0.205160 0.696993 0.200385 0.690796 0.193603 0.686898 0.185845 0.685893 0.178293 0.687932 0.177739 0.688255 0.171532 0.693038 0.167627 0.699832
0 0.122578 0.907420 0.125123 0.914835 0.130312 0.920711 0.137355 0.924155 0.145179 0.924641 0.152594 0.922097 0.158470 0.916907 0.159057 0.916190 0.162495 0.909160 0.162980 0.901349 0.160440 0.893947 0.155260 0.888080 0.148229 0.884642 0.140419 0.884158 0.133016 0.886697 0.127150 0.891878 0.126508 0.892553 0.123064 0.899595
0 0.237822 0.703980 0.238134 0.711810 0.241420 0.718924 0.247178 0.724239 0.254531 0.726946 0.262361 0.726634 0.269475 0.723347 0.269871 0.722964 0.275178 0.717216 0.277880 0.709875 0.277568 0.702058 0.274288 0.694957 0.268540 0.689650 0.261199 0.686948 0.253382 0.687260 0.246281 0.690540 0.245844 0.690868 0.240528 0.696626
0 0.469757 0.205051 0.470103 0.208422 0.516671 0.220058 0.527011 0.212716 0.527198 0.212204 0.527800 0.209993 0.528726 0.206423 0.529834 0.202034 0.539553 0.163138 0.540679 0.158583 0.541656 0.154540 0.542336 0.151619 0.542615 0.150268 0.536481 0.138311 0.489375 0.126540
0 0.302182 0.533461 0.302453 0.536074 0.303042 0.539959 0.303861 0.544522 0.311443 0.584173 0.312363 0.588702 0.313240 0.592490 0.313942 0.594960 0.314360 0.595737 0.323252 0.602624 0.370943 0.593505 0.372418 0.592436 0.357393 0.513860 0.355744 0.514020 0.308053 0.523139 0.302271 0.532514
0 0.789423 0.681603 0.789607 0.683966 0.790150 0.687667 0.790969 0.692143 0.801996 0.747896 0.802971 0.752489 0.803957 0.756518 0.804805 0.759375 0.805387 0.760621 0.816979 0.775063 0.864450 0.765674 0.861866 0.739654 0.850710 0.683249 0.842320 0.653783 0.794849 0.663172
0 0.489045 0.734471 0.496028 0.751623 0.496726 0.752552 0.498728 0.754536 0.501730 0.757274 0.505275 0.760345 0.548930 0.797348 0.552460 0.800272 0.555422 0.802591 0.557363 0.803949 0.557989 0.804142 0.576054 0.808220 0.607343 0.771306 0.584899 0.750825 0.541746 0.714248 0.520334 0.697557
0 0.294137 0.732344 0.308725 0.796304 0.314050 0.810495 0.315939 0.810598 0.320706 0.809875 0.324975 0.808977 0.336762 0.806019 0.341667 0.804614 0.348171 0.802509 0.352173 0.800926 0.353665 0.799700 0.342077 0.754954 0.332706 0.722573 0.322596 0.716008 0.320649 0.716308 0.317279 0.717033 0.312997 0.718073 0.308451 0.719272 0.304325 0.720448 0.301245 0.721424 0.299680 0.722051
0 0.083769 0.077329 0.084190 0.080452 0.085078 0.084635 0.086300 0.089238 0.087665 0.093554 0.088966 0.096920 0.090003 0.098824 0.107493 0.128057 0.107877 0.128647 0.109423 0.129313 0.111896 0.129953 0.114918 0.130469 0.118027 0.130783 0.120747 0.130846 0.122662 0.130649 0.123482 0.130222 0.178100 0.084293 0.178756 0.082426 0.178401 0.079549 0.177047 0.072758 0.175173 0.065069 0.172144 0.054345 0.169598 0.046945 0.168361 0.045459 0.136574 0.053298 0.133190 0.054180 0.089943 0.065758 0.083881 0.075745
0 0.661536 0.832546 0.664149 0.876310 0.664500 0.879811 0.668994 0.913167 0.673125 0.913902 0.678435 0.914044 0.687922 0.913319 0.698541 0.912003 0.704697 0.910946 0.708641 0.909903 0.709231 0.909383 0.731112 0.839240 0.731175 0.837800 0.730564 0.835568 0.729370 0.832885 0.727777 0.830160 0.726029 0.827813 0.724393 0.826200 0.723119 0.825568 0.691725 0.821007 0.689403 0.820971 0.685706 0.821142 0.681197 0.821494 0.676556 0.821973 0.672483 0.822508 0.669596 0.823017 0.668333 0.823424
0 0.324307 0.166367 0.360044 0.199104 0.377465 0.193822 0.378789 0.192927 0.381118 0.190809 0.384097 0.187791 0.387276 0.184330 0.390176 0.180948 0.392359 0.178154 0.393492 0.176374 0.398110 0.159105 0.362495 0.126480 0.346267 0.139086
0 0.180907 0.191181 0.184554 0.194711 0.225027 0.220515 0.234981 0.216721 0.235823 0.216321 0.237521 0.214436 0.239815 0.211358 0.242358 0.207553 0.244765 0.203594 0.246675 0.200080 0.247797 0.197541 0.247957 0.196368 0.246531 0.186787 0.243601 0.183167 0.202660 0.157063
0 0.566344 0.854384 0.567111 0.858480 0.572416 0.866689 0.573403 0.867400 0.576027 0.868459 0.579890 0.869703 0.584403 0.870943 0.588871 0.871988 0.592608 0.872677 0.595044 0.872905 0.595809 0.872639 0.606325 0.868456 0.618295 0.821399 0.616943 0.817726 0.578178 0.807865
0 0.329940 0.719414 0.348811 0.797831 0.349058 0.798017 0.350458 0.797895 0.352793 0.797484 0.366931 0.794532 0.444416 0.776349 0.459587 0.772427 0.462338 0.771645 0.464386 0.770959 0.465417 0.770475 0.446278 0.692670 0.446119 0.692393 0.444808 0.692428 0.442544 0.692770 0.439672 0.693367 0.338626 0.716591 0.335567 0.717357 0.332841 0.718163 0.330865 0.718885
0 0.558823 0.880940 0.573227 0.960385 0.573961 0.960446 0.575788 0.960277 0.578432 0.959903 0.676257 0.944506 0.679359 0.943976 0.682370 0.943382 0.684828 0.942816 0.686359 0.942365 0.686732 0.942096 0.671995 0.861859 0.671169 0.861884 0.669261 0.862126 0.666561 0.862548 0.569411 0.878704 0.566376 0.879235 0.563391 0.879806 0.560907 0.880330 0.559303 0.880728
0 0.306114 0.021209 0.306144 0.023618 0.306612 0.026576 0.328756 0.128664 0.329587 0.131699 0.330650 0.134329 0.331782 0.136153 0.332810 0.136894 0.408105 0.118243 0.408813 0.117805 0.409152 0.116235 0.409072 0.113776 0.407122 0.099235 0.390084 0.020687 0.385589 0.005513 0.384551 0.002815 0.383453 0.000888 0.382463 0.000028 0.307316 0.019361 0.306526 0.019714
