0 0.531574 0.796092 0.531652 0.800023 0.532906 0.817352 0.533645 0.820102 0.535279 0.822740 0.537559 0.824861 0.540135 0.826142 0.542614 0.826387 0.607284 0.806733 0.623362 0.798788 0.626279 0.794163 0.626592 0.786505 0.623949 0.777901 0.618673 0.766278 0.614591 0.760057 0.610554 0.759473 0.592905 0.764564 0.582389 0.767858 0.569061 0.772112 0.540425 0.782092 0.536942 0.783943 0.532325 0.793357
0 0.823528 0.299158 0.823666 0.300121 0.837062 0.369831 0.839000 0.371451 0.841903 0.372566 0.848723 0.374673 0.856423 0.376713 0.867137 0.379137 0.874502 0.380346 0.875936 0.379854 0.884493 0.348248 0.885341 0.344855 0.891903 0.316337 0.895362 0.301214 0.889613 0.291149 0.888055 0.290239 0.884951 0.289077 0.880775 0.287840 0.876166 0.286718 0.871833 0.285884 0.868441 0.285465 0.866505 0.285524 0.832295 0.287112 0.830848 0.288121 0.829027 0.289968 0.827110 0.292372 0.825391 0.294964 0.824133 0.297347
0 0.167346 0.777692 0.167484 0.780251 0.168300 0.782010 0.208375 0.845863 0.209955 0.847550 0.214203 0.848192 0.223118 0.847532 0.232498 0.845370 0.239471 0.842240 0.246850 0.837620 0.249307 0.834856 0.244617 0.816592 0.240016 0.798976 0.227391 0.760491 0.225639 0.758605 0.217254 0.753463 0.215607 0.752894 0.212450 0.752933 0.208266 0.753573 0.203686 0.754715 0.199400 0.756188 0.172488 0.767816 0.170692 0.769380 0.169083 0.771807 0.167907 0.774726
0 0.795233 0.514922 0.795682 0.522732 0.799084 0.529776 0.804924 0.534981 0.812311 0.537556 0.812849 0.537620 0.820672 0.537170 0.827728 0.533762 0.832942 0.527912 0.835521 0.520513 0.835071 0.512689 0.831663 0.505633 0.825813 0.500419 0.818413 0.497840 0.817866 0.497844 0.810057 0.498293 0.803013 0.501695 0.797808 0.507535
0 0.489024 0.344433 0.489043 0.344701 0.491568 0.352104 0.496733 0.357979 0.503754 0.361429 0.511561 0.361930 0.518965 0.359405 0.524839 0.354240 0.528289 0.347219 0.528338 0.346956 0.528840 0.339136 0.526311 0.331719 0.521137 0.325834 0.514104 0.322379 0.506283 0.321876 0.498867 0.324406 0.492982 0.329580 0.489526 0.336613
0 0.112957 0.646811 0.114024 0.654577 0.117982 0.661344 0.124229 0.666082 0.131812 0.668067 0.139579 0.667000 0.140199 0.666714 0.146954 0.662762 0.151683 0.656526 0.153665 0.648955 0.152600 0.641202 0.148648 0.634447 0.142413 0.629718 0.134842 0.627736 0.127089 0.628800 0.126447 0.629022 0.119680 0.632981 0.114942 0.639227
0 0.713679 0.322002 0.713973 0.325386 0.717412 0.334066 0.719397 0.337429 0.724581 0.339299 0.727773 0.339869 0.737336 0.339186 0.740473 0.337324 0.743702 0.333423 0.746527 0.328074 0.748511 0.322099 0.749349 0.316419 0.748914 0.311906 0.747278 0.309250 0.740215 0.302402 0.735030 0.300505 0.731821 0.300017 0.722625 0.304919 0.720293 0.306353 0.717898 0.309296 0.715802 0.313300 0.714321 0.317760
0 0.758057 0.043065 0.797246 0.083860 0.807339 0.090736 0.809606 0.091245 0.813277 0.091628 0.817797 0.091827 0.822484 0.091813 0.826629 0.091587 0.829607 0.091183 0.830960 0.090662 0.837238 0.084664 0.841136 0.079862 0.842112 0.031317 0.761203 0.029692 0.758218 0.035067
0 0.741837 0.695443 0.743953 0.703158 0.746773 0.705506 0.804813 0.738599 0.806102 0.738671 0.808975 0.738245 0.812995 0.737385 0.817547 0.736222 0.821932 0.734934 0.825476 0.733720 0.827638 0.732765 0.828091 0.732215 0.835518 0.723125 0.822676 0.676299 0.818989 0.674284
0 0.028927 0.112026 0.064338 0.143243 0.094514 0.169308 0.109387 0.155535 0.121005 0.138897 0.091089 0.112533 0.055243 0.081816
0 0.158970 0.233969 0.188194 0.283167 0.195673 0.294683 0.196963 0.295180 0.199830 0.296053 0.203836 0.297168 0.208374 0.298357 0.212759 0.299441 0.216330 0.300255 0.218545 0.300677 0.219064 0.300641 0.230520 0.295518 0.242367 0.249003 0.239389 0.246101 0.160968 0.226127
0 0.247669 0.568098 0.278256 0.591732 0.311766 0.614576 0.314348 0.613005 0.336879 0.579954 0.270777 0.534892 0.270252 0.534972
0 0.436809 0.908626 0.515163 0.920534 0.518259 0.919042 0.548842 0.679426 0.470687 0.668665 0.467390 0.669022
0 0.458111 0.240936 0.470067 0.320607 0.470204 0.321430 0.708125 0.285726 0.709083 0.284739 0.697126 0.205067
0 0.487071 0.469395 0.487129 0.469536 0.674588 0.620335 0.675392 0.620888 0.725889 0.558114 0.537568 0.406622
0 0.380742 0.248462 0.381288 0.249615 0.418419 0.264752 0.433556 0.227621 0.433250 0.226367 0.395948 0.211161
0 0.230187 0.771657 0.241758 0.810429 0.257268 0.805800 0.260026 0.802310 0.264546 0.793890 0.264592 0.792625 0.264107 0.789797 0.263166 0.785842 0.261911 0.781357 0.260532 0.777018 0.259238 0.773482 0.258223 0.771283 0.257643 0.770760 0.248587 0.763981 0.233255 0.768557
0 0.163122 0.491315 0.172929 0.530385 0.174428 0.530245 0.213318 0.520483 0.203556 0.481592 0.202192 0.481508
0 0.940479 0.117461 0.980487 0.120131 0.982699 0.118382 0.985382 0.078190 0.945189 0.075507 0.943149 0.077453
0 0.536667 0.174691 0.565098 0.213365 0.597326 0.189673 0.598451 0.186085 0.569692 0.146964 0.557745 0.146871 0.557081 0.146949 0.555031 0.148107 0.551908 0.150169 0.548187 0.152822 0.544441 0.155658 0.541246 0.158241 0.539089 0.160175 0.538297 0.161168 0.537091 0.170930
0 0.266495 0.439701 0.285936 0.475187 0.288383 0.475471 0.330479 0.452408 0.333136 0.440970 0.332915 0.440244 0.331848 0.438021 0.330098 0.434645 0.327931 0.430625 0.325673 0.426569 0.323667 0.423089 0.322214 0.420711 0.321538 0.419801 0.309078 0.416372
0 0.529384 0.828251 0.529792 0.832816 0.537584 0.872616 0.577385 0.864825 0.569593 0.825024 0.568639 0.820567
0 0.051027 0.753239 0.052332 0.801776 0.092780 0.800689 0.097434 0.797252 0.096144 0.749270 0.085179 0.742078 0.083033 0.741878 0.079442 0.741803 0.074951 0.741863 0.070237 0.742050 0.066013 0.742335 0.062916 0.742676 0.061421 0.743021
0 0.318219 0.375504 0.320296 0.376927 0.357478 0.391677 0.375178 0.347060 0.370134 0.335267 0.369107 0.334710 0.366522 0.333558 0.362771 0.331985 0.358427 0.330231 0.354157 0.328568 0.350618 0.327249 0.348350 0.326476 0.347697 0.326366 0.336123 0.330371
