0 0.467864 0.407412 0.469429 0.408970 0.470242 0.409193 0.494099 0.413477 0.494141 0.413383 0.494228 0.412973 0.494347 0.412309 0.494479 0.411493 0.494604 0.410650 0.494703 0.409909 0.494761 0.409382 0.494770 0.409151 0.471552 0.400512 0.470738 0.400288 0.468844 0.400899 0.468814 0.401058 0.468715 0.401688 0.468561 0.402691 0.468376 0.403915 0.468188 0.405176 0.468024 0.406282 0.467911 0.407068
0 0.445031 0.404358 0.449020 0.414167 0.449719 0.415344 0.478743 0.394361 0.478447 0.392892 0.474458 0.383083
0 0.491747 0.453657 0.491812 0.453772 0.504944 0.467216 0.505972 0.468140 0.511802 0.473380 0.512160 0.472876 0.512771 0.471828 0.513540 0.470395 0.514353 0.468794 0.515087 0.467264 0.515633 0.466036 0.515906 0.465297 0.515864 0.465161 0.514832 0.464234 0.508989 0.458990 0.494710 0.447821 0.494541 0.448019 0.494242 0.448448 0.493966 0.448888 0.493396 0.449916 0.492805 0.451080 0.492284 0.452201 0.491912 0.453106
0 0.570719 0.585546 0.572373 0.587547 0.590980 0.598279 0.592984 0.596879 0.596999 0.584503 0.598337 0.580378 0.597687 0.577604 0.595893 0.576179 0.595454 0.575831 0.577273 0.565344 0.575962 0.569385
0 0.501865 0.565030 0.501873 0.565291 0.502190 0.569582 0.503716 0.573383 0.505367 0.575189 0.506205 0.575986 0.507267 0.576542 0.509310 0.577367 0.512528 0.576944 0.515379 0.574910 0.516734 0.572708 0.517400 0.571453 0.517748 0.570175 0.518367 0.567450 0.518050 0.563160 0.517978 0.562907 0.516458 0.559121 0.514814 0.557322 0.513968 0.556398 0.512921 0.555975 0.510886 0.555153 0.507681 0.555575 0.504841 0.557600 0.502799 0.560920
0 0.444227 0.373349 0.444307 0.373913 0.446601 0.379524 0.448299 0.383547 0.449262 0.384929 0.449578 0.385219 0.449989 0.385093 0.454491 0.381049 0.454746 0.380575 0.454695 0.380048 0.452843 0.376172 0.449945 0.370218 0.449366 0.369354 0.449039 0.369012 0.448594 0.368999 0.446058 0.369906 0.444406 0.372773
0 0.354278 0.660256 0.355036 0.682345 0.454435 0.676279 0.454643 0.675473 0.453888 0.653485 0.354944 0.659523
0 0.456156 0.526309 0.464415 0.527288 0.464578 0.527163 0.465309 0.516201 0.457087 0.515226 0.456890 0.515296
0 0.418983 0.489945 0.434313 0.498920 0.434616 0.498925 0.448016 0.458234 0.447775 0.458041 0.432446 0.449066
0 0.455170 0.579394 0.461247 0.600057 0.463388 0.599190 0.468978 0.595600 0.462932 0.575044 0.460810 0.575979
0 0.534341 0.626840 0.534419 0.627131 0.534478 0.627350 0.542193 0.631386 0.548247 0.610814 0.548054 0.610371 0.544981 0.608763 0.540370 0.606351
0 0.541461 0.593659 0.541885 0.597417 0.542088 0.597705 0.542557 0.598267 0.543220 0.599019 0.543976 0.599845 0.544709 0.600618 0.545306 0.601220 0.545677 0.601559 0.545764 0.601584 0.548442 0.601726 0.554728 0.591323 0.554102 0.590279 0.547675 0.583375
0 0.412240 0.490371 0.461107 0.502827 0.461284 0.502814 0.462834 0.492005 0.460946 0.488296 0.451602 0.469948 0.449720 0.466253 0.449605 0.466175 0.449489 0.466098 0.433200 0.461946 0.413797 0.479512
0 0.443900 0.562671 0.445382 0.565171 0.445495 0.565313 0.445962 0.565548 0.446711 0.565838 0.447629 0.566140 0.455749 0.568622 0.456693 0.568888 0.457514 0.569078 0.458089 0.569162 0.458329 0.569127 0.460158 0.567640 0.460568 0.566945 0.464994 0.541199 0.448903 0.536282 0.448312 0.536701 0.447566 0.541041
0 0.460919 0.486921 0.469692 0.496232 0.475642 0.501988 0.478299 0.497645 0.480672 0.493148 0.476203 0.488524 0.466905 0.479119 0.465916 0.478139
