0 0.427985 0.470418 0.428140 0.474966 0.428337 0.475024 0.428751 0.475139 0.429317 0.475294 0.429950 0.475466 0.442000 0.478700 0.445274 0.457068 0.444964 0.456855 0.436829 0.454672 0.432855 0.453638 0.432247 0.453480 0.431761 0.453363 0.431469 0.453306 0.431417 0.453317 0.429951 0.457429
0 0.444998 0.516884 0.445575 0.518973 0.446197 0.518756 0.461688 0.511150 0.458265 0.498758 0.455858 0.497308 0.455621 0.497392 0.455064 0.497639 0.454269 0.498010 0.453360 0.498450 0.452475 0.498891 0.451750 0.499265 0.451297 0.499515 0.451184 0.499603 0.449948 0.502590
0 0.551734 0.453327 0.551763 0.453992 0.551822 0.454184 0.553189 0.456768 0.556486 0.457001 0.557808 0.455996 0.558704 0.433502 0.555330 0.433263 0.553137 0.435761 0.552526 0.436499 0.552447 0.436835 0.552360 0.437623 0.552278 0.438741 0.552214 0.440022 0.551775 0.451037 0.551738 0.452289
0 0.586940 0.319294 0.587101 0.319841 0.587647 0.320117 0.602466 0.321578 0.603086 0.321417 0.603422 0.320919 0.604264 0.316222 0.604173 0.307879 0.587686 0.306253 0.587510 0.307384 0.586942 0.317624
0 0.531577 0.532951 0.537478 0.552106 0.538064 0.554007 0.538239 0.554255 0.539176 0.555345 0.560163 0.523271 0.559226 0.522181 0.558956 0.522080 0.552569 0.519871 0.542430 0.516365
0 0.422520 0.608046 0.425606 0.618337 0.433324 0.614222 0.433630 0.613699 0.430558 0.603455 0.422875 0.607551
0 0.449498 0.435154 0.449500 0.435222 0.450140 0.439437 0.451948 0.443012 0.454647 0.445404 0.457825 0.446246 0.460999 0.445413 0.463683 0.443031 0.465470 0.439467 0.466090 0.435261 0.466099 0.435192 0.465457 0.430983 0.464297 0.428291 0.463682 0.427075 0.462765 0.426260 0.460956 0.425020 0.457780 0.424172 0.454606 0.424999 0.452830 0.426229 0.451914 0.427038 0.451303 0.428253 0.450123 0.430941
0 0.397535 0.571949 0.400126 0.574841 0.413183 0.589195 0.416033 0.588590 0.416998 0.587571 0.417229 0.587262 0.417667 0.586614 0.418245 0.585726 0.418876 0.584733 0.419465 0.583784 0.419922 0.583022 0.420179 0.582564 0.420195 0.582479 0.420366 0.578819 0.405175 0.561866 0.402957 0.563313
0 0.406528 0.463124 0.407332 0.465733 0.407655 0.466306 0.408439 0.466794 0.409565 0.467122 0.410862 0.467238 0.412128 0.467124 0.413169 0.466800 0.413826 0.466314 0.414656 0.463851 0.414874 0.463141 0.414898 0.461577 0.414481 0.460871 0.413014 0.458931 0.412424 0.458573 0.411581 0.458332 0.410613 0.458246 0.409667 0.458326 0.408885 0.458562 0.408387 0.458917 0.406782 0.460851 0.406547 0.461557
0 0.479305 0.513817 0.479357 0.514951 0.562473 0.519820 0.562791 0.518707 0.563103 0.497286 0.480135 0.492426
0 0.439064 0.624945 0.446379 0.690559 0.454581 0.688933 0.468546 0.663811 0.468690 0.663062 0.466263 0.641290 0.450208 0.625424 0.447507 0.622755 0.439343 0.624374
0 0.512300 0.418260 0.512630 0.431459 0.520880 0.431092 0.521368 0.429481 0.521030 0.415973 0.519170 0.414158 0.519004 0.414052 0.518478 0.413978 0.517673 0.413950 0.516710 0.413970 0.515739 0.414036 0.514908 0.414137 0.514345 0.414259 0.514134 0.414382 0.512588 0.416348
0 0.429989 0.545772 0.446525 0.547423 0.446822 0.546147 0.447727 0.524994 0.431174 0.523341 0.430805 0.524522
0 0.406463 0.411291 0.406741 0.411745 0.411540 0.415363 0.411974 0.415445 0.412299 0.415116 0.412837 0.413842 0.414538 0.409565 0.416919 0.403562 0.416991 0.402979 0.416792 0.402414 0.415004 0.399678 0.412329 0.399032 0.411863 0.399094 0.411527 0.399477 0.408896 0.405301 0.407026 0.409458 0.406507 0.410749
0 0.430961 0.518250 0.432220 0.523589 0.432519 0.524817 0.433148 0.525799 0.434011 0.526386 0.434976 0.526488 0.439018 0.526724 0.443193 0.525195 0.444115 0.524796 0.444250 0.524736 0.444985 0.523899 0.445424 0.522752 0.445500 0.521468 0.445499 0.515945 0.444533 0.510538 0.444234 0.509313 0.443607 0.508333 0.442746 0.507748 0.441783 0.507646 0.437460 0.507490 0.437317 0.507507 0.433425 0.508958 0.432503 0.509357 0.431767 0.510195 0.431327 0.511346 0.431250 0.512633
