0 0.432163 0.427930 0.457754 0.456232 0.457948 0.456433 0.463230 0.447942 0.463061 0.447702 0.437470 0.419399
0 0.417936 0.483699 0.417966 0.484254 0.420442 0.490560 0.420779 0.490938 0.421213 0.490913 0.424653 0.488776 0.429787 0.485423 0.430118 0.485017 0.430423 0.484317 0.430510 0.483728 0.430217 0.480291 0.428194 0.477865 0.427762 0.477579 0.427294 0.477639 0.422220 0.480217 0.418688 0.482138 0.418399 0.482533
0 0.420839 0.396118 0.421928 0.397546 0.438443 0.398942 0.438966 0.387932 0.438116 0.386370 0.421370 0.384954
0 0.485158 0.491247 0.485405 0.491972 0.485556 0.492054 0.500192 0.499596 0.500726 0.499281 0.500734 0.499273 0.501186 0.497715 0.501788 0.495639 0.486211 0.487613 0.485609 0.489690
0 0.491333 0.402911 0.505074 0.408779 0.506772 0.409001 0.510929 0.387591 0.497205 0.381442 0.495524 0.381326
0 0.282278 0.299371 0.291201 0.318078 0.292107 0.318954 0.302854 0.310360 0.303358 0.309876 0.303721 0.309396 0.303888 0.308992 0.303833 0.308727 0.302758 0.304411 0.298758 0.296025 0.297424 0.293230 0.294944 0.290091 0.294666 0.289988 0.294216 0.290080 0.293662 0.290353 0.289335 0.293466
0 0.503266 0.634470 0.503281 0.635088 0.510586 0.640320 0.514510 0.630580 0.514444 0.629983 0.507172 0.624775
0 0.568701 0.446488 0.568908 0.450775 0.569847 0.453322 0.570451 0.454553 0.571152 0.455594 0.572750 0.457468 0.575800 0.458854 0.579016 0.458578 0.579333 0.458412 0.582237 0.456509 0.584373 0.453269 0.585417 0.449186 0.585209 0.444881 0.584267 0.442325 0.583782 0.441010 0.582957 0.440043 0.581352 0.438162 0.578290 0.436770 0.575061 0.437047 0.573144 0.438303 0.572158 0.438950 0.571993 0.439090 0.571146 0.440290 0.569741 0.442421
0 0.397499 0.505996 0.399293 0.508881 0.399345 0.508949 0.399759 0.509119 0.400475 0.509366 0.401381 0.509651 0.417626 0.514577 0.425749 0.517040 0.426701 0.517318 0.427546 0.517544 0.428154 0.517685 0.428434 0.517717 0.430864 0.515690 0.433060 0.502812 0.400867 0.493050 0.399721 0.492970 0.398980 0.497312 0.398239 0.501654
0 0.421862 0.410359 0.422220 0.410769 0.435910 0.423067 0.440522 0.413940 0.440249 0.413545 0.426495 0.401190
0 0.484098 0.389756 0.484316 0.391268 0.492462 0.393043 0.494312 0.390349 0.494350 0.390244 0.494443 0.389657 0.494577 0.388677 0.494732 0.387453 0.497408 0.365631 0.498745 0.354720 0.498899 0.353429 0.499028 0.352257 0.499114 0.351380 0.499144 0.350934 0.497757 0.347507 0.489498 0.345707
