0 0.442363 0.561715 0.442394 0.562006 0.442635 0.562670 0.443050 0.563609 0.443576 0.564678 0.448284 0.573840 0.448838 0.574872 0.449334 0.575707 0.449696 0.576217 0.449870 0.576325 0.451988 0.577266 0.460253 0.569715 0.460707 0.568918 0.451377 0.550761 0.443206 0.558225 0.442549 0.558898
0 0.448652 0.543760 0.452356 0.553682 0.497004 0.524051 0.497018 0.523941 0.493331 0.514065 0.471143 0.504144 0.471076 0.504153 0.471010 0.504163 0.456127 0.514040 0.453462 0.524635
0 0.584317 0.592986 0.596982 0.607123 0.597372 0.607553 0.608017 0.590599 0.595301 0.576405 0.594920 0.576099
0 0.536361 0.513845 0.536443 0.514022 0.541390 0.520189 0.541933 0.520823 0.548940 0.528349 0.549154 0.528477 0.551367 0.528392 0.551508 0.528386 0.551880 0.528005 0.552428 0.527306 0.553067 0.526396 0.553699 0.525414 0.554227 0.524512 0.554570 0.523827 0.557436 0.515144 0.557420 0.514600 0.557271 0.513884 0.557013 0.513104 0.556685 0.512381 0.556338 0.511825 0.556024 0.511521 0.541948 0.505679 0.541302 0.506266 0.540770 0.506944 0.539689 0.508461 0.538581 0.510122 0.537176 0.512369
0 0.514397 0.518241 0.517996 0.539723 0.518037 0.539814 0.518068 0.539882 0.526156 0.537474 0.522543 0.515906 0.522453 0.515843 0.520842 0.516322
0 0.414368 0.580864 0.417692 0.591023 0.425311 0.586591 0.425653 0.586194 0.422344 0.576082 0.414761 0.580494
0 0.439564 0.446339 0.441638 0.462632 0.441757 0.463473 0.441879 0.464198 0.441984 0.464697 0.442057 0.464893 0.445463 0.465221 0.452805 0.463511 0.455253 0.462940 0.458374 0.461092 0.458389 0.460961 0.458358 0.460519 0.458286 0.459834 0.458185 0.459010 0.457522 0.453637 0.456102 0.442796 0.455900 0.442533
0 0.558770 0.508844 0.560388 0.512681 0.565243 0.524193 0.566862 0.528030 0.568107 0.528552 0.568426 0.528685 0.586096 0.515436 0.586538 0.512340 0.586125 0.511360 0.579929 0.496669 0.577815 0.495802 0.576386 0.495879 0.576037 0.495898
0 0.480801 0.550811 0.481233 0.551248 0.482045 0.552061 0.483112 0.553125 0.484274 0.554282 0.485357 0.555356 0.486198 0.556187 0.486668 0.556648 0.486694 0.556667 0.487440 0.555331 0.490916 0.549103 0.491660 0.547769 0.500733 0.529217 0.500634 0.529068 0.500463 0.528861 0.499893 0.528248 0.499128 0.527461 0.498283 0.526620 0.497489 0.525855 0.496867 0.525284 0.496513 0.524993 0.496493 0.525012 0.485761 0.541936 0.485017 0.543266 0.481545 0.549479
0 0.535814 0.476364 0.543463 0.480500 0.544067 0.480229 0.556648 0.438867 0.548892 0.434674 0.548222 0.435570
0 0.474386 0.402237 0.474669 0.404359 0.474712 0.404524 0.475581 0.406338 0.476904 0.407570 0.478481 0.408034 0.480070 0.407657 0.481430 0.406499 0.482355 0.404734 0.482702 0.402633 0.482420 0.400514 0.482390 0.400342 0.481520 0.398525 0.480194 0.397291 0.478615 0.396826 0.477023 0.397203 0.475660 0.398364 0.474734 0.400131
0 0.554799 0.617757 0.554897 0.617968 0.555408 0.618520 0.556254 0.619329 0.557307 0.620272 0.558405 0.621204 0.559378 0.621980 0.560078 0.622483 0.560397 0.622635 0.562213 0.620909 0.562883 0.619507 0.562428 0.616302 0.562344 0.616145 0.561954 0.615736 0.561317 0.615136 0.560531 0.614436 0.559714 0.613743 0.558989 0.613160 0.558467 0.612777 0.558226 0.612651 0.555882 0.613418 0.555214 0.614817
0 0.422475 0.372115 0.437403 0.411728 0.437690 0.412132 0.445083 0.407179 0.430224 0.367748 0.429903 0.367140
0 0.520088 0.463514 0.530302 0.486144 0.531012 0.485822 0.538249 0.480015 0.537378 0.478085 0.527474 0.457352 0.524984 0.456723 0.524854 0.456797 0.524419 0.457120 0.523742 0.457645 0.522929 0.458292 0.522104 0.458960 0.521394 0.459548 0.520906 0.459965 0.520716 0.460148
0 0.475156 0.589926 0.475517 0.591131 0.476196 0.592060 0.477090 0.592572 0.481072 0.594306 0.485221 0.594875 0.486194 0.594891 0.487097 0.594410 0.487794 0.593505 0.488178 0.592313 0.489677 0.586853 0.489700 0.586654 0.489930 0.581273 0.489942 0.579979 0.489582 0.578777 0.488905 0.577850 0.488013 0.577340 0.484123 0.575208 0.479902 0.575043 0.478932 0.575026 0.478030 0.575506 0.477335 0.576409 0.476952 0.577598 0.476896 0.577788 0.475482 0.582833 0.475169 0.588629
0 0.506283 0.603297 0.506409 0.604723 0.507440 0.607965 0.508926 0.611545 0.511307 0.613964 0.511478 0.614063 0.514395 0.614945 0.517403 0.614148 0.520040 0.611787 0.521897 0.608224 0.522687 0.604008 0.522291 0.599792 0.520774 0.596222 0.518374 0.593841 0.518208 0.593731 0.515519 0.592673 0.514528 0.592388 0.513511 0.592669 0.512810 0.593243 0.509702 0.596068 0.506983 0.600955 0.506554 0.601875
0 0.484396 0.409443 0.484467 0.409857 0.493465 0.428310 0.500386 0.422311 0.500387 0.421954 0.491348 0.403416
