0 0.600826 0.431596 0.626614 0.459255 0.627197 0.459067 0.632407 0.450432 0.606500 0.422645 0.606012 0.423000
0 0.419933 0.324033 0.420909 0.325061 0.422403 0.325464 0.430512 0.327649 0.437492 0.329529 0.438154 0.329654 0.448014 0.311856 0.440526 0.290841 0.439547 0.289808 0.438887 0.289501
0 0.528074 0.456429 0.535381 0.465345 0.538007 0.465100 0.538185 0.464868 0.538594 0.464296 0.539170 0.463472 0.539826 0.462521 0.540461 0.461591 0.540977 0.460823 0.541296 0.460335 0.541370 0.460201 0.541427 0.456731 0.534036 0.447713 0.528399 0.455926
0 0.467973 0.453190 0.468184 0.455328 0.468992 0.457195 0.469046 0.457269 0.470326 0.458579 0.471885 0.459136 0.473486 0.458856 0.474884 0.457780 0.475867 0.456073 0.476285 0.453994 0.476074 0.451860 0.475267 0.449996 0.475225 0.449910 0.473942 0.448597 0.472380 0.448039 0.470777 0.448320 0.469377 0.449398 0.468392 0.451108
0 0.450609 0.506641 0.460432 0.524441 0.460500 0.524399 0.460590 0.524343 0.461920 0.523039 0.464579 0.520430 0.467238 0.517821 0.457455 0.500092 0.457358 0.500092 0.457284 0.500093
0 0.499037 0.616770 0.499194 0.617310 0.499592 0.617561 0.504967 0.617901 0.505365 0.617701 0.505828 0.616741 0.505987 0.616219 0.505904 0.611086 0.505691 0.603769 0.505545 0.603172 0.505173 0.602766 0.502675 0.601327 0.500169 0.602434 0.499795 0.602791 0.499528 0.603400 0.499379 0.603977 0.499141 0.611657
0 0.446444 0.385168 0.447958 0.407136 0.448273 0.407322 0.468535 0.404840 0.468968 0.404784 0.469387 0.404722 0.469790 0.404654 0.470171 0.404582 0.470521 0.404506 0.470219 0.400119 0.469312 0.386956 0.469009 0.382568 0.468813 0.382390 0.468073 0.381721 0.467657 0.381748 0.467228 0.381785 0.466794 0.381833 0.466361 0.381890 0.465934 0.381956
0 0.483087 0.630693 0.488494 0.639210 0.494881 0.632000 0.495861 0.616274 0.495918 0.614679 0.490584 0.606280 0.484285 0.613391 0.484066 0.614967
0 0.489327 0.564338 0.489351 0.564671 0.489448 0.565451 0.489602 0.566558 0.489791 0.567825 0.491461 0.578707 0.491655 0.579935 0.491823 0.580933 0.491941 0.581549 0.491989 0.581689 0.494016 0.583868 0.503832 0.581190 0.503788 0.580263 0.500480 0.558699 0.490776 0.561345
0 0.619451 0.363478 0.621935 0.366549 0.630643 0.372899 0.630725 0.372953 0.634029 0.374103 0.634207 0.373845 0.634480 0.373330 0.634805 0.372637 0.635134 0.371872 0.640946 0.357468 0.626396 0.346859 0.625818 0.347559 0.621858 0.357215 0.619732 0.362601 0.619534 0.363160
0 0.447292 0.479462 0.452726 0.500340 0.452915 0.500338 0.468510 0.493122 0.463098 0.472328 0.462950 0.472217
0 0.467089 0.631565 0.467592 0.631778 0.468582 0.632026 0.469908 0.632271 0.471365 0.632474 0.472729 0.632605 0.473789 0.632643 0.474384 0.632582 0.474426 0.632434 0.474558 0.630773 0.475305 0.621372 0.476034 0.599188 0.475895 0.599120 0.475671 0.599054 0.474955 0.598910 0.474004 0.598754 0.472963 0.598608 0.471989 0.598496 0.471228 0.598434 0.470796 0.598432 0.470775 0.598466 0.467975 0.620481 0.467842 0.622142
0 0.448691 0.420499 0.449291 0.424204 0.449874 0.425075 0.450093 0.425323 0.450583 0.425830 0.451270 0.426520 0.452049 0.427287 0.478755 0.453342 0.485431 0.459855 0.486194 0.460593 0.486834 0.461198 0.487255 0.461579 0.487391 0.461678 0.489831 0.461309 0.491781 0.457756 0.491588 0.456768 0.450687 0.416863
0 0.437240 0.561680 0.437438 0.562109 0.437984 0.562459 0.452307 0.567735 0.452888 0.567800 0.453170 0.567548 0.453602 0.565649 0.455653 0.555753 0.455758 0.555015 0.439822 0.549145 0.437567 0.558600
0 0.484812 0.529256 0.484839 0.530212 0.484971 0.531414 0.485188 0.532678 0.485457 0.533810 0.485737 0.534636 0.485984 0.535031 0.495439 0.534454 0.495714 0.534297 0.497496 0.532663 0.497585 0.531906 0.497534 0.530634 0.497350 0.529039 0.497062 0.527362 0.496712 0.525855 0.496354 0.524745 0.496042 0.524202 0.493898 0.523729 0.493619 0.523863 0.484895 0.528693
0 0.511804 0.547303 0.511930 0.549450 0.511951 0.549535 0.512685 0.551457 0.513915 0.552859 0.515453 0.553526 0.517066 0.553357 0.518507 0.552379 0.519558 0.550739 0.520059 0.548688 0.519932 0.546537 0.519198 0.544615 0.519165 0.544539 0.517938 0.543140 0.516402 0.542474 0.514792 0.542642 0.513353 0.543619 0.512304 0.545256
