0 0.505143 0.542226 0.505523 0.543716 0.505703 0.544370 0.507746 0.545646 0.508195 0.545846 0.508918 0.545825 0.509805 0.545586 0.510722 0.545166 0.511531 0.544629 0.512109 0.544055 0.512369 0.543531 0.513397 0.540851 0.513233 0.540189 0.512849 0.538701 0.511455 0.536644 0.510862 0.536363 0.509898 0.536380 0.508710 0.536694 0.507481 0.537256 0.506401 0.537980 0.505634 0.538755 0.505299 0.539460
0 0.464827 0.479690 0.470281 0.500572 0.470400 0.500569 0.478199 0.496948 0.472767 0.476150 0.472657 0.476054 0.471091 0.476781
0 0.496637 0.516151 0.513520 0.539010 0.514141 0.539745 0.516005 0.540493 0.516033 0.540496 0.516304 0.540129 0.516777 0.539448 0.517379 0.538557 0.518020 0.537591 0.518603 0.536695 0.519040 0.536005 0.519264 0.535625 0.518487 0.533258 0.517867 0.532526 0.498822 0.512935 0.498788 0.512908 0.498593 0.513131 0.498266 0.513569 0.497857 0.514156 0.497428 0.514802 0.497046 0.515408 0.496768 0.515882
0 0.425307 0.448395 0.425408 0.452705 0.426287 0.455300 0.426864 0.456709 0.427539 0.457637 0.429095 0.459586 0.429379 0.459748 0.432392 0.461266 0.435611 0.461131 0.437549 0.459965 0.438546 0.459364 0.439295 0.458302 0.440751 0.456235 0.441890 0.452218 0.441789 0.447926 0.440463 0.444012 0.438116 0.441072 0.437867 0.440836 0.434843 0.439311 0.431611 0.439446 0.429665 0.440618 0.428787 0.441321 0.427912 0.442287 0.426450 0.444363
0 0.447732 0.510121 0.447740 0.510304 0.447853 0.510820 0.448041 0.511531 0.448253 0.512245 0.448432 0.512771 0.448531 0.512967 0.451492 0.515828 0.451898 0.515859 0.454450 0.514579 0.455224 0.509610 0.455210 0.509428 0.455093 0.508914 0.454905 0.508206 0.454694 0.507493 0.454519 0.506966 0.454425 0.506765 0.449512 0.499715 0.447961 0.500493
0 0.501950 0.570581 0.501993 0.572149 0.504489 0.593275 0.504974 0.593798 0.507895 0.593185 0.507714 0.591055 0.505146 0.569313 0.502292 0.569912
0 0.582100 0.621683 0.583049 0.623089 0.599629 0.625746 0.602021 0.599219 0.599996 0.596050 0.599677 0.595893 0.599031 0.595701 0.598157 0.595501 0.597189 0.595325 0.588975 0.594008 0.588055 0.593882 0.587320 0.593823 0.586883 0.593842 0.584587 0.595536 0.584561 0.595568 0.582494 0.617312
0 0.488411 0.435173 0.488459 0.436468 0.488571 0.437692 0.488731 0.438657 0.488913 0.439216 0.489091 0.439286 0.498593 0.440727 0.500567 0.439470 0.500742 0.438896 0.500850 0.437746 0.500874 0.436195 0.500811 0.434477 0.500670 0.432849 0.500472 0.431559 0.500248 0.430801 0.500031 0.430693 0.497918 0.429761 0.488675 0.432722 0.488528 0.433145 0.488436 0.434005
0 0.407521 0.377410 0.425395 0.439490 0.425737 0.439767 0.441186 0.431859 0.423393 0.370064 0.423041 0.369466
0 0.465833 0.464152 0.465990 0.464316 0.473513 0.468843 0.487093 0.428718 0.487034 0.428391 0.479476 0.423843
0 0.401455 0.568210 0.401484 0.569507 0.401883 0.570690 0.402591 0.571579 0.403501 0.572040 0.407722 0.573598 0.411698 0.573877 0.412670 0.573838 0.413558 0.573306 0.413769 0.573127 0.414434 0.572185 0.414779 0.570975 0.416271 0.565511 0.416153 0.560072 0.416124 0.558779 0.415726 0.557599 0.415020 0.556711 0.414112 0.556252 0.410333 0.554393 0.405935 0.554419 0.404965 0.554458 0.404732 0.554591 0.403845 0.555123 0.403178 0.556067 0.402833 0.557280 0.401769 0.562455
0 0.609540 0.686591 0.610045 0.687450 0.622256 0.702491 0.633536 0.686209 0.632924 0.685356 0.620769 0.670384
0 0.379473 0.287350 0.379586 0.287484 0.380151 0.287818 0.381004 0.288209 0.382016 0.288598 0.383033 0.288926 0.383903 0.289145 0.384494 0.289220 0.384626 0.289173 0.389471 0.267768 0.391342 0.256878 0.391102 0.256504 0.390336 0.255981 0.389158 0.255389 0.387749 0.254819 0.386325 0.254359 0.385106 0.254080 0.384280 0.254025 0.383973 0.254201 0.383692 0.255839 0.382383 0.263479 0.382103 0.265115 0.379483 0.287226
