0 0.917404 0.025507 0.921060 0.038619 0.947482 0.088638 0.955126 0.090998 0.960386 0.086269 0.984256 0.008945 0.937861 0.000000 0.932859 0.000399 0.924804 0.002694 0.923974 0.004226 0.922731 0.007273 0.921265 0.011369 0.919797 0.015895 0.918548 0.020168 0.917708 0.023542
0 0.589994 0.807050 0.591245 0.811320 0.619639 0.840278 0.646337 0.865008 0.674964 0.836939 0.674564 0.836169 0.618555 0.779046
0 0.152239 0.800675 0.163282 0.839465 0.193385 0.833287 0.252584 0.812430 0.241614 0.773897 0.236560 0.775013 0.182128 0.790527
0 0.394320 0.049981 0.395769 0.056153 0.455519 0.109350 0.482118 0.079476 0.482077 0.078512 0.451579 0.046659 0.421289 0.019691
0 0.549878 0.879051 0.549964 0.879703 0.552576 0.887091 0.557819 0.892916 0.564890 0.896292 0.572716 0.896703 0.580103 0.894091 0.585928 0.888848 0.589304 0.881777 0.589716 0.873951 0.589561 0.873309 0.586953 0.865934 0.581720 0.860119 0.574660 0.856749 0.566848 0.856338 0.559474 0.858946 0.553659 0.864180 0.550289 0.871239
0 0.370952 0.935293 0.372241 0.943022 0.376390 0.949669 0.382766 0.954224 0.390401 0.955990 0.398131 0.954702 0.404778 0.950553 0.409332 0.944176 0.411099 0.936541 0.411252 0.935791 0.409965 0.928075 0.405823 0.921439 0.399458 0.916892 0.391836 0.915129 0.384120 0.916415 0.377484 0.920558 0.372937 0.926923 0.372719 0.927658
0 0.247142 0.134978 0.248469 0.138996 0.251386 0.143779 0.255444 0.148591 0.260020 0.152693 0.264408 0.155454 0.267936 0.156454 0.277132 0.153187 0.279783 0.152064 0.283936 0.148227 0.284437 0.144910 0.284513 0.134988 0.283488 0.131986 0.281294 0.128419 0.278265 0.124827 0.274857 0.121750 0.271584 0.119656 0.268944 0.118863 0.258521 0.118090 0.255825 0.119142 0.251681 0.123005 0.247600 0.132340
0 0.071288 0.452782 0.072427 0.455869 0.076885 0.464441 0.081134 0.467758 0.084523 0.469263 0.094416 0.467241 0.097318 0.466611 0.100657 0.464547 0.103927 0.461362 0.106636 0.457540 0.108374 0.453656 0.108878 0.450298 0.108592 0.441077 0.107242 0.437194 0.102983 0.433902 0.099633 0.432324 0.090600 0.430206 0.086718 0.430991 0.082237 0.433714 0.077846 0.437963 0.074219 0.443085 0.071916 0.448292
0 0.096705 0.444869 0.096785 0.445054 0.131795 0.517948 0.132935 0.517538 0.134990 0.516661 0.137647 0.515452 0.230475 0.472240 0.233299 0.470898 0.235924 0.469596 0.237953 0.468533 0.239078 0.467869 0.239125 0.467706 0.204403 0.395412 0.203332 0.395715 0.201337 0.396502 0.198719 0.397655 0.105202 0.440405 0.102329 0.441763 0.099704 0.443088 0.097729 0.444179
0 0.412542 0.272470 0.412895 0.274119 0.413930 0.276424 0.415489 0.279033 0.473294 0.366044 0.475128 0.368543 0.476947 0.370533 0.478473 0.371712 0.479473 0.371901 0.544356 0.327973 0.544626 0.327179 0.544176 0.325486 0.543077 0.323152 0.535620 0.310129 0.491144 0.243182 0.481775 0.230879 0.479955 0.228817 0.478425 0.227530 0.477419 0.227217 0.412923 0.271727
0 0.194620 0.370805 0.253913 0.423612 0.254688 0.423613 0.256166 0.422708 0.258123 0.421033 0.260260 0.418843 0.330353 0.341388 0.332330 0.339031 0.333834 0.336883 0.334634 0.335270 0.334610 0.334438 0.275786 0.281113 0.274990 0.281233 0.273493 0.282244 0.271524 0.283989 0.260798 0.294703 0.206868 0.354298 0.197192 0.366129 0.195620 0.368297 0.194716 0.369939
0 0.580763 0.134772 0.581528 0.150392 0.592283 0.230043 0.595587 0.244556 0.596419 0.246962 0.597375 0.248422 0.598311 0.248711 0.674635 0.239780 0.675468 0.238850 0.676012 0.236849 0.676183 0.234080 0.675954 0.230967 0.661976 0.127445 0.661384 0.124481 0.660523 0.122139 0.659524 0.120775 0.658541 0.120596 0.582124 0.128835 0.581366 0.129863 0.580889 0.131948
0 0.342712 0.162482 0.360849 0.173628 0.430967 0.214182 0.501086 0.254735 0.536145 0.275011 0.553780 0.284554 0.582473 0.236835 0.588186 0.226549 0.379677 0.105958 0.347691 0.151779
0 0.158698 0.172175 0.172929 0.209755 0.174424 0.211082 0.211832 0.196916 0.197666 0.159508 0.196278 0.157944
0 0.351697 0.612097 0.370466 0.647739 0.406108 0.628971 0.406539 0.628380 0.387856 0.592901 0.352377 0.611583
0 0.835066 0.842362 0.835114 0.843643 0.837437 0.852556 0.841338 0.856632 0.855954 0.863585 0.873338 0.827048 0.869071 0.823310 0.854623 0.816436 0.844635 0.822251 0.843129 0.824248 0.841197 0.827531 0.839130 0.831602 0.837240 0.835846 0.835814 0.839623
0 0.362867 0.236288 0.377253 0.273914 0.377816 0.274950 0.415269 0.260629 0.414879 0.259527 0.400492 0.221902
0 0.067580 0.063976 0.073525 0.069970 0.109969 0.086692 0.143413 0.013804 0.138442 0.007026 0.106969 0.000000 0.101490 0.000000
0 0.303626 0.722413 0.366210 0.774012 0.392010 0.742720 0.393491 0.739391 0.331766 0.688499 0.329426 0.691121
0 0.847906 0.323578 0.880676 0.396558 0.885077 0.395362 0.929371 0.375473 0.931406 0.365347 0.931600 0.364330 0.931009 0.361785 0.929724 0.358098 0.927938 0.353833 0.911402 0.317006 0.909396 0.312827 0.907481 0.309387 0.905951 0.307211 0.905039 0.306627 0.896222 0.301649 0.851928 0.321539
