0 0.578855 0.559596 0.579156 0.570594 0.579520 0.570918 0.596092 0.570110 0.595789 0.559062 0.595352 0.558792
0 0.450077 0.611252 0.450553 0.613313 0.451584 0.614974 0.453013 0.615983 0.454623 0.616186 0.456168 0.615552 0.457414 0.614177 0.458170 0.612272 0.458242 0.612079 0.458394 0.609936 0.457919 0.607879 0.456890 0.606221 0.455464 0.605214 0.453857 0.605011 0.452314 0.605644 0.451070 0.607016 0.450986 0.607201 0.450229 0.609106
0 0.429337 0.515738 0.432852 0.523009 0.433829 0.524805 0.434306 0.524626 0.447679 0.511701 0.442832 0.502785 0.442733 0.502790
0 0.555344 0.422303 0.561634 0.437832 0.563730 0.438865 0.581160 0.426315 0.583059 0.424591 0.576637 0.408735 0.575031 0.404771 0.557193 0.417615 0.556927 0.417998 0.555886 0.419498
0 0.432497 0.572402 0.482118 0.579082 0.482200 0.578720 0.483862 0.556767 0.434469 0.550118 0.434167 0.550348
0 0.501128 0.530314 0.501139 0.530594 0.501476 0.533651 0.501633 0.533841 0.502077 0.534295 0.502742 0.534942 0.503524 0.535686 0.510336 0.542078 0.511116 0.542801 0.511770 0.543391 0.512198 0.543757 0.512337 0.543845 0.514778 0.543395 0.515276 0.542535 0.519121 0.535252 0.520082 0.533431 0.520539 0.532483 0.520351 0.532186 0.519652 0.531516 0.515603 0.527715 0.511553 0.523914 0.510203 0.522647 0.507503 0.520114 0.506836 0.519503
0 0.483624 0.381967 0.483730 0.382537 0.484043 0.383025 0.488376 0.387993 0.491504 0.391144 0.491888 0.391319 0.492169 0.391095 0.493488 0.389372 0.495428 0.384502 0.495433 0.384003 0.495162 0.383540 0.491959 0.380537 0.486988 0.376457 0.486570 0.376237 0.486199 0.376349 0.484524 0.377880 0.483710 0.378908
0 0.493395 0.377646 0.493425 0.378205 0.495753 0.388763 0.496913 0.393922 0.497091 0.394712 0.497241 0.395346 0.497340 0.395728 0.497374 0.395797 0.500786 0.395611 0.510321 0.391874 0.513266 0.389569 0.513242 0.389311 0.513150 0.388768 0.513005 0.388024 0.512828 0.387191 0.509306 0.371410
0 0.465030 0.381647 0.465583 0.403746 0.465740 0.404186 0.482239 0.403452 0.481689 0.381454 0.481605 0.380909
0 0.454294 0.433726 0.454503 0.434030 0.503813 0.441701 0.504772 0.430743 0.504783 0.430584 0.504794 0.430424 0.502694 0.426884 0.492309 0.409379 0.490208 0.405839 0.473696 0.403270 0.467122 0.410203 0.457912 0.419917 0.455257 0.422718
0 0.490841 0.393628 0.491928 0.405479 0.492393 0.410465 0.508938 0.407757 0.507968 0.395807 0.507347 0.390926 0.504122 0.390404 0.503158 0.390449 0.494878 0.391805 0.493938 0.392071
0 0.501361 0.594414 0.502249 0.598577 0.502255 0.598593 0.503614 0.600911 0.504299 0.602067 0.505263 0.602784 0.507097 0.604093 0.510312 0.604586 0.513421 0.603394 0.515156 0.601691 0.516017 0.600772 0.516550 0.599482 0.517517 0.596908 0.517879 0.592605 0.516986 0.588444 0.515721 0.586240 0.515036 0.585087 0.514073 0.584371 0.512147 0.582957 0.512135 0.582952 0.508928 0.582459 0.505824 0.583647 0.503297 0.586334 0.501729 0.590115
0 0.411844 0.578400 0.412250 0.578613 0.412358 0.578669 0.428311 0.584405 0.428429 0.583911 0.428549 0.583388 0.428669 0.582844 0.428788 0.582289 0.428903 0.581725 0.434201 0.555531 0.434103 0.555401 0.418128 0.549658 0.412381 0.575662 0.412259 0.576228 0.412143 0.576790 0.412033 0.577346 0.411933 0.577886
0 0.452726 0.219260 0.452804 0.219774 0.453071 0.220405 0.453487 0.221060 0.455941 0.224115 0.469180 0.237062 0.471735 0.238904 0.472188 0.239099 0.472510 0.239044 0.482433 0.223282 0.482582 0.222970 0.482530 0.222461 0.482284 0.221831 0.481881 0.221178 0.481382 0.220600 0.464151 0.203785 0.463638 0.203376 0.463190 0.203199 0.462876 0.203282 0.452851 0.218943
0 0.432201 0.428296 0.432659 0.430421 0.434493 0.438921 0.434756 0.439165 0.450629 0.433076 0.448346 0.422494 0.448257 0.422360 0.448138 0.422182
