0 0.022677 0.350726 0.025141 0.361644 0.070154 0.379850 0.075066 0.381223 0.090064 0.344141 0.045566 0.326143 0.040313 0.324133 0.032013 0.329398 0.031050 0.330025 0.029540 0.332266 0.027715 0.335781 0.025852 0.340034 0.024240 0.344372 0.023125 0.348127
0 0.209171 0.335036 0.213259 0.347472 0.213665 0.347750 0.215584 0.348945 0.218723 0.350877 0.222606 0.353251 0.226635 0.355703 0.230190 0.357855 0.232729 0.359378 0.233866 0.360042 0.246643 0.357751 0.271639 0.316773 0.268999 0.314655 0.234456 0.293584
0 0.647069 0.532095 0.673546 0.572132 0.675552 0.572966 0.685970 0.575239 0.686983 0.574831 0.689380 0.573468 0.692798 0.571357 0.696715 0.568819 0.700528 0.566245 0.703652 0.564030 0.705609 0.562513 0.706104 0.561924 0.709302 0.550647 0.682519 0.510147 0.680433 0.510031
0 0.410611 0.805075 0.413960 0.845399 0.462348 0.841380 0.470418 0.830692 0.470381 0.829342 0.470198 0.826373 0.469897 0.822241 0.469524 0.817569 0.469135 0.813064 0.468789 0.809405 0.468538 0.807147 0.468420 0.806637 0.459468 0.797616 0.411632 0.801589
0 0.620061 0.897191 0.620389 0.898737 0.624269 0.908347 0.624713 0.909164 0.626812 0.910517 0.630252 0.912201 0.634508 0.913957 0.638925 0.915516 0.642826 0.916638 0.645612 0.917152 0.679509 0.918173 0.681413 0.917479 0.683639 0.915929 0.685846 0.913757 0.687696 0.911298 0.688906 0.908926 0.689292 0.907006 0.685056 0.836255 0.681502 0.833638 0.678123 0.831962 0.670946 0.828900 0.663346 0.826024 0.653384 0.822730 0.647211 0.821245 0.639725 0.839685 0.634619 0.852437 0.633413 0.855718
0 0.160919 0.239664 0.161241 0.242791 0.161950 0.245598 0.162936 0.247657 0.164050 0.248654 0.189124 0.266101 0.190068 0.266433 0.196385 0.268654 0.200721 0.270178 0.205171 0.271742 0.208839 0.273031 0.211240 0.273874 0.212011 0.274144 0.222278 0.268619 0.238291 0.227904 0.239443 0.224587 0.243527 0.211888 0.249419 0.193010 0.249077 0.192651 0.244645 0.190748 0.239310 0.188672 0.230222 0.185414 0.220277 0.182001 0.214644 0.180157 0.211201 0.179146 0.210851 0.179162 0.162437 0.232958 0.161567 0.234341 0.161034 0.236695
0 0.352415 0.848857 0.353007 0.850045 0.356514 0.851026 0.362737 0.852020 0.367638 0.852532 0.379886 0.853225 0.384518 0.853252 0.390004 0.852921 0.392619 0.852287 0.394341 0.837560 0.398003 0.771724 0.390566 0.762656 0.389359 0.762226 0.386511 0.761753 0.382460 0.761311 0.377817 0.760966 0.373283 0.760769 0.369543 0.760751 0.367163 0.760915 0.366511 0.761236 0.357911 0.769367 0.355375 0.802768 0.353747 0.827195
0 0.696940 0.891779 0.696976 0.892729 0.697181 0.895369 0.697523 0.899295 0.697951 0.903914 0.698400 0.908527 0.698802 0.912441 0.699096 0.915059 0.699238 0.915981 0.709915 0.944321 0.710652 0.945691 0.712442 0.947186 0.715014 0.948578 0.717976 0.949653 0.720873 0.950248 0.723261 0.950271 0.724778 0.949719 0.788883 0.916001 0.789053 0.915752 0.789005 0.912287 0.788649 0.906457 0.787787 0.896032 0.786797 0.886386 0.785974 0.880584 0.785029 0.875612 0.784643 0.875048 0.764912 0.876207 0.751643 0.877142 0.748144 0.877454 0.704743 0.883103
0 0.395544 0.112559 0.396386 0.113991 0.398041 0.116779 0.400256 0.120496 0.402691 0.124574 0.404972 0.128385 0.406750 0.131344 0.407753 0.133003 0.407832 0.133111 0.431271 0.156439 0.432151 0.156814 0.434104 0.156946 0.436834 0.156817 0.439922 0.156444 0.442897 0.155885 0.445302 0.155226 0.446771 0.154567 0.488381 0.094004 0.487758 0.092729 0.485276 0.088242 0.481795 0.082185 0.476140 0.072578 0.471397 0.064738 0.469121 0.061260 0.467780 0.059588 0.438939 0.076264 0.435930 0.078073 0.411634 0.093198 0.398815 0.101193
0 0.556656 0.514846 0.557311 0.515017 0.605735 0.518570 0.614242 0.511065 0.614461 0.510162 0.614781 0.507558 0.615154 0.503646 0.615524 0.499025 0.615833 0.494404 0.616033 0.490494 0.616095 0.487891 0.616009 0.486991 0.608696 0.478216 0.571303 0.434902 0.563232 0.434309 0.562509 0.435060
0 0.322344 0.720842 0.322553 0.721940 0.323620 0.724486 0.325382 0.728095 0.327573 0.732214 0.329854 0.736212 0.331875 0.739472 0.333327 0.741499 0.333990 0.741985 0.344466 0.746323 0.399430 0.762242 0.406518 0.758337 0.407587 0.755385 0.368988 0.685313 0.326945 0.708472 0.324944 0.710882
0 0.089196 0.139583 0.101644 0.178580 0.110749 0.185927 0.156476 0.171331 0.160368 0.158753 0.159953 0.156647 0.159020 0.153185 0.157709 0.148891 0.156220 0.144413 0.154776 0.140427 0.153596 0.137536 0.152859 0.136183 0.140201 0.128985 0.096995 0.137093
0 0.229160 0.623952 0.229285 0.625874 0.230104 0.628402 0.231490 0.631149 0.284656 0.721070 0.286390 0.723601 0.288196 0.725512 0.289799 0.726514 0.290953 0.726453 0.356916 0.688050 0.357394 0.686967 0.357176 0.684994 0.356295 0.682434 0.349782 0.668580 0.308876 0.599395 0.299914 0.587074 0.298109 0.585092 0.296507 0.583985 0.295351 0.583924 0.229745 0.622928
0 0.091410 0.500334 0.091677 0.501320 0.092799 0.502992 0.094604 0.505093 0.105389 0.516264 0.164150 0.571102 0.175594 0.580676 0.177647 0.582175 0.179141 0.582945 0.179846 0.582866 0.234632 0.525663 0.234489 0.524702 0.233473 0.523052 0.231738 0.520964 0.229550 0.518757 0.153179 0.447484 0.150884 0.445508 0.148848 0.444078 0.147381 0.443411 0.146707 0.443608
0 0.845678 0.916921 0.847270 0.918841 0.881683 0.939778 0.902620 0.905365 0.900775 0.903507 0.866520 0.882666
0 0.658017 0.237502 0.660015 0.277550 0.700063 0.275551 0.700984 0.274518 0.698976 0.234286 0.658744 0.236294
0 0.421006 0.779894 0.456231 0.799231 0.475568 0.764006 0.475679 0.762799 0.440615 0.743551 0.421367 0.778615
0 0.584999 0.448529 0.622331 0.463163 0.622894 0.462994 0.637596 0.425490 0.600092 0.410789 0.599633 0.411198
0 0.189529 0.461023 0.192059 0.468443 0.197236 0.474331 0.204272 0.477788 0.204780 0.477826 0.212590 0.478328 0.219997 0.475802 0.225875 0.470634 0.229326 0.463611 0.229828 0.455801 0.227302 0.448394 0.222134 0.442516 0.215110 0.439065 0.214620 0.438960 0.206797 0.438457 0.199377 0.440987 0.193489 0.446164 0.190032 0.453200
0 0.572505 0.649482 0.574599 0.657019 0.574727 0.657289 0.579553 0.663463 0.586375 0.667319 0.594153 0.668272 0.601703 0.666175 0.607877 0.661349 0.611733 0.654527 0.612686 0.646749 0.610589 0.639199 0.605763 0.633025 0.605581 0.632796 0.598771 0.628947 0.591006 0.627995 0.583469 0.630089 0.577306 0.634907 0.573457 0.641717
0 0.282988 0.148234 0.283425 0.156061 0.286825 0.163125 0.287191 0.163704 0.293025 0.168921 0.300412 0.171507 0.308226 0.171071 0.315277 0.167676 0.320494 0.161843 0.323080 0.154456 0.322644 0.146642 0.319249 0.139591 0.318938 0.138970 0.313095 0.133744 0.305695 0.131154 0.297868 0.131591 0.290804 0.134991 0.285579 0.140835
0 0.483140 0.819585 0.485895 0.826921 0.491247 0.832644 0.498383 0.835883 0.506214 0.836146 0.513550 0.833391 0.519274 0.828038 0.522513 0.820903 0.522776 0.813071 0.522737 0.812533 0.519986 0.805210 0.514643 0.799496 0.507520 0.796263 0.499702 0.796000 0.492378 0.798751 0.486664 0.804094 0.483431 0.811217 0.483403 0.811753
0 0.099005 0.279497 0.101185 0.285130 0.108589 0.293141 0.109289 0.293512 0.112167 0.292990 0.116781 0.291656 0.122427 0.289715 0.128256 0.287460 0.133392 0.285230 0.137059 0.283360 0.138699 0.282134 0.138831 0.271393 0.136656 0.265772 0.135842 0.265245 0.125555 0.260222 0.123406 0.260575 0.119934 0.261551 0.115667 0.263002 0.111261 0.264707 0.107392 0.266403 0.104654 0.267829 0.103462 0.268770
