0 0.158639 0.029973 0.160203 0.032127 0.193110 0.055039 0.216022 0.022132 0.214714 0.019932 0.183115 0.000000 0.181656 0.000000
0 0.681774 0.196108 0.714746 0.218975 0.732359 0.193818 0.738320 0.185132 0.705175 0.162146 0.699110 0.170759
0 0.931244 0.683396 0.965312 0.704541 0.967455 0.705483 0.988697 0.671257 0.954472 0.650015 0.952389 0.649327
0 0.060922 0.254082 0.079249 0.289778 0.090932 0.285116 0.112094 0.270685 0.104842 0.253247 0.093672 0.234802 0.081900 0.239344
0 0.763987 0.487872 0.766129 0.495399 0.770989 0.501532 0.777826 0.505340 0.785601 0.506241 0.786092 0.506252 0.793632 0.504106 0.799776 0.499237 0.803591 0.492388 0.804493 0.484600 0.802347 0.477060 0.797478 0.470916 0.790629 0.467102 0.782842 0.466200 0.782356 0.466258 0.774828 0.468400 0.768695 0.473260 0.764887 0.480097
0 0.206919 0.633610 0.207059 0.641445 0.210187 0.648630 0.215826 0.654071 0.223118 0.656940 0.230953 0.656799 0.238138 0.653672 0.238588 0.653408 0.244020 0.647778 0.246884 0.640499 0.246744 0.632677 0.243622 0.625504 0.237992 0.620073 0.230712 0.617209 0.222891 0.617349 0.222414 0.617551 0.215229 0.620679 0.209788 0.626318
0 0.743285 0.235195 0.743932 0.242991 0.747513 0.249946 0.753483 0.255000 0.760933 0.257386 0.768729 0.256739 0.775684 0.253158 0.776159 0.252733 0.781222 0.246752 0.783612 0.239290 0.782964 0.231480 0.779377 0.224513 0.773396 0.219450 0.765933 0.217060 0.758124 0.217708 0.751157 0.221295 0.750725 0.221774 0.745671 0.227745
0 0.886137 0.260368 0.887562 0.268059 0.891824 0.274620 0.898271 0.279051 0.905923 0.280676 0.913614 0.279251 0.914326 0.278871 0.920898 0.274602 0.925336 0.268144 0.926964 0.260479 0.925537 0.252774 0.921268 0.246202 0.914810 0.241764 0.907145 0.240136 0.899440 0.241563 0.898754 0.242007 0.892193 0.246269 0.887762 0.252716
0 0.889916 0.698343 0.892641 0.705676 0.897964 0.711409 0.898649 0.711772 0.905773 0.715036 0.913604 0.715326 0.920950 0.712596 0.926692 0.707264 0.929955 0.700140 0.930245 0.692309 0.927516 0.684964 0.922183 0.679221 0.915059 0.675958 0.914346 0.675656 0.906529 0.675366 0.899196 0.678091 0.893463 0.683414 0.890206 0.690526
0 0.841581 0.344944 0.860900 0.389312 0.890223 0.376926 0.942940 0.353972 0.965475 0.343778 0.946157 0.299410 0.927683 0.298107 0.927405 0.298208 0.925475 0.299031 0.922185 0.300452 0.918037 0.302253 0.865568 0.325100 0.861213 0.327000 0.857334 0.328700 0.854525 0.329941 0.853212 0.330534
0 0.564409 0.069944 0.567960 0.118204 0.585766 0.125973 0.588279 0.126199 0.592115 0.126192 0.596692 0.125951 0.653372 0.121781 0.658015 0.121343 0.662037 0.120773 0.664831 0.120156 0.665967 0.119586 0.681711 0.109835 0.678160 0.061575 0.650952 0.060083 0.634851 0.061267 0.609711 0.063117 0.593610 0.064302
0 0.199321 0.537616 0.204634 0.585715 0.230783 0.583263 0.271886 0.578723 0.287933 0.576950 0.318004 0.573193 0.312691 0.525094 0.295432 0.518379 0.294245 0.518505 0.291400 0.518814 0.287330 0.519260 0.282656 0.519776 0.225775 0.526058 0.221231 0.526561 0.217530 0.526973 0.215237 0.527231 0.214698 0.527296
0 0.060823 0.836766 0.066495 0.847104 0.068305 0.848760 0.071421 0.850919 0.075366 0.853250 0.079535 0.855395 0.083287 0.857024 0.086048 0.857890 0.087398 0.857861 0.096252 0.856310 0.100866 0.852238 0.124051 0.810209 0.089027 0.790888 0.084276 0.794251
0 0.771074 0.339927 0.785287 0.377317 0.830154 0.360261 0.833971 0.358646 0.837184 0.348900 0.837303 0.347840 0.836749 0.345218 0.835606 0.341430 0.834047 0.337056 0.832313 0.332768 0.830669 0.329225 0.829368 0.326967 0.828607 0.326337 0.819594 0.320824 0.774208 0.338077
0 0.605000 0.474480 0.605024 0.477063 0.605129 0.477950 0.612734 0.486378 0.660703 0.488110 0.662561 0.487972 0.664021 0.447536 0.615497 0.445784 0.614177 0.446404 0.606000 0.453828 0.605827 0.454806 0.605615 0.457465 0.605395 0.461396 0.605202 0.466006 0.605063 0.470599
0 0.493081 0.176274 0.493160 0.179973 0.509445 0.225126 0.519968 0.228859 0.520805 0.228905 0.523237 0.228322 0.526891 0.227200 0.531214 0.225710 0.535553 0.224076 0.539254 0.222545 0.541756 0.221349 0.542675 0.220670 0.547073 0.211556 0.547617 0.208221 0.531144 0.162546
0 0.209368 0.745415 0.257878 0.747509 0.268157 0.738417 0.268502 0.737186 0.268873 0.734314 0.269214 0.730240 0.269472 0.725582 0.269611 0.721041 0.269607 0.717303 0.269463 0.714936 0.269198 0.714302 0.262370 0.704718 0.214414 0.702648 0.211113 0.704991
0 0.077369 0.204706 0.194686 0.416016 0.196084 0.416401 0.266198 0.377475 0.149420 0.167134 0.147807 0.165601
0 0.677900 0.500518 0.678152 0.503541 0.678671 0.506606 0.679378 0.509246 0.680163 0.511057 0.680908 0.511763 0.709333 0.527987 0.710989 0.528544 0.714154 0.529470 0.718346 0.530627 0.722923 0.531836 0.727181 0.532911 0.730468 0.533688 0.732281 0.534048 0.742169 0.527772 0.746449 0.513193 0.754483 0.485581 0.755378 0.482189 0.763132 0.449906 0.762134 0.449636 0.755116 0.447790 0.744569 0.445024 0.736840 0.443001 0.729841 0.441172 0.726752 0.440365 0.724245 0.439720 0.678303 0.496377 0.677953 0.498003
0 0.363262 0.377351 0.363780 0.378525 0.378880 0.406142 0.379654 0.407178 0.381609 0.409359 0.384450 0.412356 0.387741 0.415708 0.390976 0.418900 0.393660 0.421443 0.395381 0.422948 0.395881 0.423190 0.407479 0.422488 0.439738 0.393010 0.442228 0.390541 0.464963 0.366414 0.464971 0.366244 0.460431 0.361510 0.453014 0.353941 0.447319 0.348195 0.441906 0.342796 0.439336 0.340272 0.436547 0.337684 0.369238 0.363844 0.367892 0.364895 0.366411 0.366912 0.365020 0.369588 0.363932 0.372514 0.363315 0.375240
0 0.307450 0.308917 0.364709 0.354617 0.366236 0.354989 0.368682 0.355055 0.371673 0.354804 0.374752 0.354275 0.377447 0.353550 0.379346 0.352738 0.380160 0.351964 0.395834 0.323631 0.395909 0.323487 0.396429 0.321614 0.397315 0.318299 0.398431 0.314049 0.399610 0.309503 0.400673 0.305348 0.401459 0.302213 0.401849 0.300574 0.395394 0.290835 0.380938 0.286551 0.353519 0.278520 0.350121 0.277633 0.317636 0.269990 0.316488 0.272711 0.315085 0.277119 0.312668 0.286108 0.310009 0.296741 0.308494 0.303239 0.307558 0.307818
