0 0.601151 0.712643 0.625570 0.951985 0.626149 0.954065 0.706297 0.945888 0.681765 0.705444 0.680932 0.704503
0 0.303475 0.583733 0.311862 0.663857 0.552242 0.638711 0.543860 0.558586 0.543658 0.558300 0.304374 0.583332
0 0.378657 0.033417 0.433493 0.269232 0.508141 0.253627 0.513053 0.251416 0.458369 0.016257 0.383034 0.030220
0 0.741839 0.121649 0.743336 0.129327 0.747656 0.135848 0.754144 0.140219 0.761810 0.141776 0.769488 0.140279 0.776010 0.135959 0.776485 0.135332 0.780863 0.128833 0.782423 0.121154 0.780923 0.113462 0.776596 0.106930 0.770097 0.102551 0.762417 0.100992 0.754726 0.102491 0.748193 0.106819 0.743815 0.113318 0.743396 0.113982
0 0.689628 0.798761 0.690266 0.805024 0.691608 0.810523 0.693447 0.814414 0.695498 0.816105 0.705179 0.819509 0.710904 0.819139 0.713312 0.818185 0.720141 0.809997 0.721283 0.807688 0.721958 0.803986 0.722065 0.799455 0.721588 0.794780 0.720600 0.790666 0.719249 0.787736 0.711842 0.781144 0.709314 0.778966 0.703602 0.779360 0.701175 0.780232 0.692299 0.784724 0.690731 0.787769 0.689792 0.792699
0 0.911526 0.035970 0.912460 0.043740 0.916296 0.050562 0.922451 0.055395 0.929987 0.057506 0.937757 0.056571 0.944579 0.052735 0.945345 0.051965 0.950186 0.045799 0.952301 0.038251 0.951365 0.030467 0.947522 0.023634 0.941356 0.018792 0.933807 0.016677 0.926024 0.017614 0.919191 0.021456 0.918470 0.022279 0.913637 0.028434
0 0.531512 0.431317 0.570771 0.439473 0.571097 0.439194 0.579290 0.399754 0.539850 0.391561 0.539668 0.392058
0 0.003181 0.265377 0.005458 0.266452 0.044845 0.273964 0.052357 0.234577 0.050296 0.233355 0.010727 0.225808
0 0.083404 0.974162 0.116990 0.996401 0.118746 0.994126 0.140883 0.960694 0.107450 0.938556 0.105643 0.940575
0 0.067396 0.900971 0.095407 0.929783 0.124218 0.901772 0.125936 0.899935 0.098053 0.871255 0.096207 0.872960
0 0.105481 0.386304 0.109989 0.387604 0.187779 0.406278 0.198984 0.359604 0.191426 0.348606 0.190124 0.348192 0.187226 0.347409 0.183172 0.346378 0.178582 0.345255 0.139328 0.335832 0.134918 0.334794 0.131375 0.334001 0.129240 0.333576 0.128836 0.333581 0.116815 0.339091
0 0.659712 0.576645 0.662741 0.587194 0.664622 0.588202 0.707884 0.610247 0.744626 0.538145 0.701365 0.516099 0.699063 0.515915 0.688937 0.519294 0.688272 0.520086 0.686877 0.522389 0.684965 0.525850 0.682827 0.529944 0.664624 0.565665 0.662577 0.569785 0.660925 0.573316 0.659918 0.575727
0 0.421309 0.854679 0.437071 0.900605 0.447818 0.903776 0.448619 0.904011 0.451042 0.903613 0.454720 0.902641 0.459092 0.901242 0.497275 0.888137 0.501658 0.886531 0.505369 0.884967 0.507841 0.883686 0.508700 0.882881 0.513613 0.874335 0.513457 0.870057 0.497876 0.824656 0.422208 0.850626
0 0.088231 0.829388 0.101424 0.867844 0.139880 0.854651 0.144835 0.849774 0.169750 0.798835 0.156739 0.760908 0.118812 0.773919 0.113493 0.777739
0 0.133827 0.270727 0.134018 0.275139 0.135215 0.284299 0.136995 0.295208 0.138284 0.301915 0.139430 0.306688 0.139920 0.307877 0.210864 0.328057 0.212334 0.327737 0.214556 0.326798 0.217189 0.325383 0.219831 0.323708 0.222077 0.322030 0.223584 0.320605 0.224124 0.319651 0.227296 0.287073 0.227176 0.285253 0.226797 0.281935 0.226217 0.277623 0.225524 0.272968 0.224822 0.268672 0.224217 0.265385 0.223800 0.263608 0.213844 0.256961 0.198968 0.258728 0.170755 0.262139 0.167276 0.262640 0.134224 0.268107
0 0.588235 0.587098 0.588296 0.590221 0.588640 0.593207 0.589214 0.595599 0.589930 0.597033 0.645424 0.644473 0.646365 0.644146 0.650514 0.642335 0.656489 0.639595 0.666350 0.634947 0.674765 0.630862 0.678993 0.628660 0.681733 0.627042 0.668135 0.596628 0.666617 0.593462 0.653371 0.568070 0.646325 0.554691 0.635693 0.550232 0.635489 0.550309 0.633673 0.551159 0.630517 0.552657 0.626502 0.554572 0.622245 0.556612 0.618400 0.558462 0.615556 0.559839 0.614145 0.560535 0.589623 0.581364 0.588954 0.582304 0.588466 0.584318
0 0.336434 0.216164 0.336647 0.219239 0.337221 0.222284 0.338068 0.224834 0.339058 0.226499 0.396195 0.269255 0.399594 0.268798 0.402771 0.267524 0.409489 0.264299 0.416579 0.260505 0.425841 0.255040 0.431543 0.251078 0.431591 0.249978 0.416629 0.220912 0.414941 0.217851 0.399850 0.192684 0.391791 0.179368 0.380902 0.175874 0.378829 0.176386 0.375537 0.177740 0.371530 0.179728 0.367424 0.182046 0.363848 0.184338 0.361351 0.186251 0.337160 0.211741 0.336614 0.213530
0 0.349284 0.470885 0.350441 0.476863 0.367782 0.486988 0.373851 0.490516 0.415971 0.514538 0.421326 0.514278 0.437392 0.511322 0.439726 0.510666 0.441995 0.508972 0.443850 0.506496 0.445008 0.503618 0.445292 0.500778 0.444660 0.498410 0.438528 0.483719 0.435886 0.479158 0.396470 0.456875 0.393661 0.455321 0.369942 0.442219 0.364161 0.444457 0.358835 0.451239 0.352296 0.462856
