0 0.409008 0.555552 0.415782 0.575795 0.430964 0.566763 0.431280 0.566457 0.424537 0.546308 0.409425 0.555297
0 0.452444 0.397512 0.464585 0.412499 0.464800 0.412503 0.478623 0.392595 0.478918 0.392165 0.479204 0.391738 0.479479 0.391316 0.479739 0.390907 0.479978 0.390517 0.470278 0.378544 0.467853 0.375551 0.467685 0.375479 0.467281 0.375308 0.467127 0.375243 0.466841 0.375620 0.466547 0.376022 0.466250 0.376442 0.465955 0.376872 0.465665 0.377309
0 0.503683 0.578256 0.503809 0.578500 0.504012 0.578748 0.504662 0.579326 0.505525 0.579979 0.506469 0.580606 0.507348 0.581111 0.508027 0.581416 0.508404 0.581475 0.516714 0.562448 0.520424 0.552592 0.520423 0.552381 0.519925 0.551855 0.519007 0.551097 0.517809 0.550221 0.516510 0.549359 0.515307 0.548640 0.514380 0.548173 0.513870 0.548028 0.510727 0.556392 0.510173 0.557867 0.503697 0.578143
0 0.438596 0.542406 0.438837 0.543460 0.447385 0.573299 0.447590 0.573317 0.448004 0.573228 0.448564 0.573047 0.449184 0.572801 0.449769 0.572527 0.450230 0.572268 0.450496 0.572063 0.450528 0.571944 0.445151 0.540798 0.444911 0.539745 0.443612 0.537839 0.443309 0.537856 0.442693 0.538021 0.441859 0.538310 0.440931 0.538678 0.440051 0.539070 0.439351 0.539427 0.438938 0.539694 0.438875 0.539831
0 0.404680 0.243372 0.404809 0.244658 0.405792 0.250781 0.406008 0.251352 0.407706 0.255710 0.407720 0.255745 0.408206 0.256864 0.408977 0.257650 0.409915 0.257983 0.412397 0.257867 0.415197 0.257369 0.417641 0.255480 0.419565 0.253592 0.420154 0.252564 0.420404 0.251314 0.420275 0.250031 0.419709 0.245117 0.419525 0.244531 0.417396 0.238931 0.416908 0.237808 0.416135 0.237020 0.415195 0.236686 0.414230 0.236858 0.410315 0.238501 0.406364 0.240438 0.405522 0.241088 0.404931 0.242119
0 0.538807 0.481549 0.542098 0.481903 0.558620 0.483651 0.559852 0.483307 0.561487 0.481344 0.561585 0.481064 0.561699 0.480314 0.561812 0.479210 0.561906 0.477918 0.561967 0.476639 0.561986 0.475567 0.561959 0.474868 0.561892 0.474647 0.560600 0.472061 0.540393 0.469891 0.539470 0.470579
0 0.445435 0.443613 0.445554 0.454875 0.446411 0.455985 0.447636 0.456991 0.454238 0.456867 0.455012 0.456802 0.454872 0.443582 0.452980 0.441002 0.452433 0.440316 0.452178 0.440240 0.451576 0.440183 0.450719 0.440153 0.449739 0.440155 0.448785 0.440189 0.448005 0.440250 0.447517 0.440328 0.447395 0.440411
0 0.534457 0.558695 0.534512 0.559057 0.534753 0.559576 0.535142 0.560172 0.535622 0.560754 0.536117 0.561233 0.536553 0.561535 0.536863 0.561615 0.551875 0.559651 0.551972 0.559492 0.552306 0.558448 0.552751 0.556823 0.553452 0.554022 0.554019 0.551524 0.554265 0.550129 0.554373 0.549049 0.547863 0.545964 0.547172 0.545670 0.538458 0.542478 0.536305 0.543769 0.536197 0.544111 0.535993 0.544879 0.535724 0.545957 0.535430 0.547181 0.535157 0.548366 0.534946 0.549334 0.534827 0.549937
0 0.443212 0.595215 0.457954 0.605316 0.458122 0.604895 0.465667 0.585318 0.450984 0.575258 0.450787 0.575560
0 0.426844 0.606779 0.429126 0.615488 0.429797 0.617517 0.429965 0.617480 0.430478 0.617204 0.444193 0.609136 0.444749 0.608783 0.445019 0.608563 0.445415 0.607781 0.442081 0.597706 0.426970 0.606596
