0 0.395890 0.570984 0.396441 0.575231 0.398168 0.578875 0.400809 0.581359 0.403962 0.582308 0.407148 0.581574 0.409881 0.579271 0.409939 0.579220 0.411428 0.576671 0.412059 0.575479 0.412300 0.574056 0.412511 0.571499 0.411962 0.567254 0.410236 0.563613 0.408760 0.561792 0.407867 0.560951 0.406800 0.560631 0.404445 0.560183 0.401261 0.560915 0.401198 0.560955 0.398465 0.563258 0.396602 0.566780
0 0.394150 0.501208 0.394331 0.502657 0.398154 0.509266 0.401902 0.515744 0.404162 0.519649 0.420655 0.518191 0.423063 0.510506 0.425892 0.501474 0.426417 0.499797 0.426682 0.497583 0.426530 0.496134 0.394544 0.498989
0 0.452033 0.514290 0.457606 0.519569 0.468103 0.527587 0.472547 0.518292 0.471602 0.517422 0.461756 0.509056 0.456507 0.504934
0 0.516649 0.481381 0.517648 0.484342 0.519119 0.488700 0.522516 0.498763 0.523477 0.501608 0.530685 0.521409 0.531824 0.524331 0.537591 0.539125 0.538780 0.542175 0.539239 0.542674 0.542315 0.540683 0.542948 0.537354 0.542921 0.537172 0.542729 0.536550 0.542399 0.535583 0.541983 0.534418 0.538260 0.524190 0.527090 0.493507 0.523366 0.483279 0.522933 0.482109 0.522553 0.481129 0.522286 0.480487 0.522171 0.480280 0.519922 0.479171 0.516846 0.481161
0 0.383952 0.531299 0.398147 0.542707 0.398554 0.542537 0.407076 0.523686 0.392938 0.512323 0.392508 0.512373
0 0.401670 0.435830 0.402609 0.502315 0.403056 0.502304 0.419601 0.501889 0.418666 0.435708 0.418291 0.435412
0 0.548680 0.395465 0.555901 0.438420 0.565566 0.435532 0.566324 0.434787 0.567301 0.432487 0.567348 0.432151 0.567305 0.431370 0.567179 0.430265 0.566987 0.429002 0.561521 0.396488 0.561296 0.395271 0.561073 0.394296 0.560886 0.393711 0.559019 0.391335 0.549242 0.394257
0 0.467053 0.398911 0.467555 0.400961 0.467611 0.401131 0.468661 0.402766 0.470101 0.403741 0.471711 0.403907 0.473247 0.403239 0.474473 0.401838 0.475204 0.399918 0.475328 0.397771 0.475286 0.397595 0.474784 0.395545 0.473731 0.393907 0.472289 0.392930 0.470676 0.392764 0.469138 0.393434 0.467910 0.394837 0.467177 0.396760
0 0.425643 0.674034 0.426127 0.680636 0.426450 0.685038 0.442955 0.682887 0.443086 0.682468 0.443183 0.682155 0.442380 0.671195 0.425941 0.673338
0 0.517245 0.305765 0.517598 0.307866 0.518528 0.309627 0.519891 0.310780 0.521482 0.311149 0.523058 0.310678 0.524379 0.309439 0.525244 0.307621 0.525521 0.305499 0.525564 0.305165 0.525211 0.303060 0.524280 0.301296 0.522914 0.300141 0.521320 0.299771 0.519742 0.300242 0.518419 0.301484 0.517552 0.303305 0.517275 0.305430
0 0.440370 0.475004 0.450760 0.492149 0.451328 0.491627 0.457318 0.485174 0.458370 0.483969 0.458478 0.483476 0.458222 0.482772 0.448882 0.467361 0.448404 0.466853 0.447982 0.466829 0.445562 0.468881
0 0.548671 0.563937 0.549662 0.577077 0.550236 0.577968 0.558544 0.576855 0.557542 0.563563 0.555382 0.561078 0.555121 0.561023 0.554524 0.561027 0.553682 0.561089 0.552723 0.561200 0.551791 0.561342 0.551028 0.561496 0.550548 0.561636 0.550427 0.561743
0 0.523235 0.490466 0.530960 0.503340 0.531363 0.504000 0.531718 0.504566 0.531972 0.504952 0.532086 0.505099 0.535186 0.503191 0.537122 0.501115 0.540994 0.496962 0.542930 0.494885 0.544993 0.491256 0.544961 0.491130 0.544775 0.490759 0.544465 0.490202 0.541537 0.485228 0.536335 0.476589 0.536132 0.476635
0 0.556083 0.373623 0.573625 0.404834 0.574947 0.406151 0.577785 0.405246 0.578001 0.404918 0.578413 0.404234 0.578957 0.403296 0.579550 0.402249 0.584535 0.393351 0.585085 0.392358 0.585506 0.391573 0.585734 0.391117 0.585808 0.387229 0.561728 0.363243 0.556731 0.372162
0 0.575361 0.477683 0.576071 0.483175 0.576240 0.484450 0.576763 0.485540 0.577559 0.486281 0.578507 0.486559 0.582450 0.487530 0.582639 0.487502 0.587009 0.486754 0.587967 0.486527 0.588787 0.485828 0.589344 0.484765 0.589553 0.483498 0.590041 0.478028 0.589723 0.472417 0.589553 0.471140 0.589029 0.470047 0.588232 0.469304 0.587281 0.469025 0.582936 0.468158 0.578971 0.468798 0.578013 0.469025 0.577823 0.469100 0.577005 0.469797 0.576449 0.470858 0.576240 0.472122
0 0.491703 0.593539 0.504907 0.597945 0.508208 0.599046 0.511512 0.581442 0.512338 0.577040 0.511999 0.574922 0.495948 0.569566 0.491931 0.590967
0 0.423034 0.402411 0.423211 0.402946 0.427123 0.408110 0.427525 0.408339 0.427905 0.408131 0.428663 0.407167 0.431163 0.403602 0.434671 0.398579 0.434857 0.398039 0.434778 0.397421 0.433600 0.394151 0.431144 0.392603 0.430681 0.392503 0.430280 0.392759 0.426567 0.397522 0.423927 0.400912 0.423185 0.401900
