0 0.553080 0.617873 0.553982 0.625183 0.554636 0.630294 0.554915 0.631124 0.555149 0.631607 0.555577 0.631725 0.560920 0.630295 0.561283 0.629966 0.561363 0.629398 0.560525 0.624348 0.559247 0.616784 0.559088 0.616253 0.558856 0.615710 0.558429 0.615431 0.555756 0.614840 0.553456 0.616772 0.553141 0.617251
0 0.533032 0.490979 0.533065 0.491133 0.533217 0.491556 0.533464 0.492183 0.535761 0.497718 0.539820 0.507300 0.540003 0.507333 0.554442 0.496459 0.548381 0.481999 0.548060 0.481264 0.547772 0.480649 0.547559 0.480246 0.547455 0.480117 0.544164 0.481328 0.542000 0.482957 0.535510 0.487845
0 0.400868 0.490738 0.401035 0.491310 0.401468 0.492447 0.402102 0.493978 0.402838 0.495667 0.403564 0.497252 0.404167 0.498490 0.404555 0.499193 0.404670 0.499254 0.405754 0.498422 0.410806 0.494542 0.411888 0.493710 0.425772 0.481463 0.425619 0.481066 0.425419 0.480585 0.425097 0.479825 0.424818 0.479175 0.424292 0.477969 0.423785 0.476825 0.423373 0.475916 0.423120 0.475380 0.423063 0.475301 0.408102 0.485189
0 0.538176 0.431196 0.548117 0.448835 0.554732 0.442208 0.555494 0.441403 0.545415 0.423517 0.538708 0.430237
0 0.574137 0.588460 0.574822 0.589277 0.575723 0.589622 0.577353 0.590107 0.583873 0.592045 0.588762 0.593498 0.590392 0.593982 0.591102 0.594116 0.593279 0.581092 0.591614 0.577942 0.591308 0.577784 0.590681 0.577541 0.589827 0.577249 0.588877 0.576954 0.580802 0.574554 0.579896 0.574298 0.579169 0.574119 0.578731 0.574046 0.578650 0.574088 0.576295 0.575555 0.576028 0.576543 0.574950 0.582988 0.574591 0.585136 0.574232 0.587285
0 0.570167 0.492405 0.583682 0.505101 0.588284 0.497360 0.589281 0.494456 0.589193 0.493947 0.588764 0.493365 0.576616 0.481953 0.576090 0.481637 0.575771 0.481764 0.574866 0.483329 0.570431 0.491722
0 0.425976 0.571818 0.428790 0.593664 0.461559 0.586161 0.461735 0.585767 0.458934 0.564021 0.426315 0.571489
0 0.517726 0.478526 0.534083 0.481502 0.534477 0.481287 0.537186 0.454814 0.535565 0.452445 0.535424 0.452348 0.534928 0.452197 0.534151 0.452015 0.533212 0.451830 0.524959 0.450328 0.524005 0.450169 0.523184 0.450060 0.522623 0.450019 0.522405 0.450051 0.520640 0.451805 0.520428 0.452301 0.518173 0.474164
0 0.549564 0.539035 0.550137 0.539486 0.566078 0.546116 0.566575 0.543990 0.561091 0.530048 0.559680 0.526971 0.559420 0.526860 0.558840 0.526616 0.558027 0.526277 0.557105 0.525893 0.556213 0.525523 0.555486 0.525222 0.555033 0.525036 0.554925 0.524993 0.552513 0.526428
0 0.568944 0.542472 0.568960 0.543760 0.569344 0.544942 0.570038 0.545838 0.570198 0.545943 0.570209 0.545950 0.571109 0.546425 0.575241 0.548338 0.579250 0.548401 0.580218 0.548380 0.581107 0.547866 0.581780 0.546938 0.582639 0.544063 0.583679 0.540552 0.583618 0.534884 0.583603 0.533593 0.583217 0.532408 0.582521 0.531509 0.581621 0.531035 0.577840 0.529300 0.577662 0.529233 0.573302 0.528988 0.572336 0.529009 0.571450 0.529521 0.570778 0.530447 0.570422 0.531645 0.569242 0.537001
0 0.461729 0.393866 0.461858 0.395609 0.462547 0.396980 0.463025 0.397860 0.464166 0.398652 0.465338 0.399208 0.466476 0.399285 0.467665 0.398793 0.468727 0.397809 0.469501 0.396479 0.469869 0.395006 0.469817 0.393412 0.469700 0.391669 0.469023 0.390287 0.468537 0.389415 0.467400 0.388607 0.465975 0.388498 0.464482 0.389109 0.463149 0.390345 0.462182 0.392017
