0 0.429327 0.564263 0.430130 0.569870 0.430400 0.571116 0.431008 0.572129 0.431860 0.572756 0.432827 0.572899 0.437175 0.573076 0.441109 0.571954 0.442044 0.571594 0.442803 0.570783 0.442935 0.570621 0.442943 0.570611 0.443412 0.569477 0.443519 0.568191 0.443914 0.562469 0.442812 0.557176 0.442542 0.555932 0.441936 0.554922 0.441086 0.554297 0.440121 0.554154 0.436084 0.553676 0.431859 0.555097 0.430927 0.555456 0.430917 0.555464 0.430758 0.555592 0.429998 0.556402 0.429529 0.557538 0.429421 0.558828
0 0.442701 0.551601 0.443046 0.554882 0.444083 0.564723 0.445363 0.568945 0.445429 0.568984 0.445734 0.568971 0.446233 0.568908 0.446850 0.568804 0.450883 0.568122 0.459104 0.566594 0.459351 0.566278 0.457048 0.544425 0.444852 0.546657 0.444215 0.546782 0.443650 0.546905 0.443244 0.547008 0.443058 0.547074
0 0.571008 0.484206 0.587394 0.487285 0.587796 0.487226 0.590116 0.465277 0.573654 0.462185 0.573317 0.462358
0 0.572301 0.411070 0.581910 0.414271 0.584495 0.412201 0.584653 0.411840 0.584879 0.411041 0.585139 0.409926 0.585393 0.408665 0.585603 0.407452 0.585735 0.406474 0.585770 0.405879 0.584881 0.402480 0.575161 0.399242 0.574302 0.400393
0 0.477256 0.525699 0.482524 0.546723 0.514059 0.532675 0.508791 0.511652 0.508751 0.511599 0.477360 0.525582
0 0.539439 0.566838 0.541503 0.573117 0.542654 0.576261 0.557660 0.566922 0.555724 0.560571 0.554523 0.557450 0.550520 0.559420 0.543003 0.564098
0 0.478316 0.492370 0.491895 0.505063 0.491932 0.505039 0.548786 0.396899 0.549010 0.396425 0.535430 0.383733
0 0.576866 0.520176 0.582054 0.541097 0.582431 0.541286 0.582812 0.541477 0.583004 0.541573 0.583895 0.541271 0.590251 0.538468 0.590783 0.537059 0.589207 0.530702 0.588156 0.526464 0.586054 0.517989 0.584996 0.517280 0.583831 0.517043 0.577561 0.519807
0 0.535037 0.592504 0.535856 0.594668 0.539103 0.595917 0.541056 0.593867 0.541164 0.593747 0.541362 0.593151 0.541621 0.592172 0.541900 0.590957 0.542157 0.589693 0.542352 0.588576 0.542456 0.587775 0.542453 0.587412 0.541444 0.585095 0.540497 0.583150 0.537325 0.581930
0 0.440031 0.405120 0.441701 0.408327 0.441963 0.408740 0.442530 0.408875 0.442998 0.408665 0.444908 0.407503 0.445671 0.406966 0.448082 0.404966 0.450597 0.402638 0.451477 0.401731 0.453842 0.399139 0.454488 0.398371 0.455279 0.397070 0.455382 0.396315 0.455181 0.395846 0.453511 0.392639 0.452703 0.392971 0.452286 0.393143 0.451586 0.393625 0.450222 0.394567 0.447636 0.396697 0.444930 0.399203 0.442530 0.401689 0.440810 0.403768
0 0.553289 0.580229 0.553337 0.582160 0.553936 0.583920 0.554559 0.584890 0.555630 0.586226 0.557002 0.586914 0.558525 0.587565 0.559608 0.587517 0.560595 0.586921 0.561038 0.586290 0.561489 0.585322 0.561717 0.584512 0.561681 0.583068 0.561271 0.580831 0.560666 0.579051 0.560561 0.578914 0.560076 0.578282 0.559973 0.578148 0.558915 0.576827 0.557558 0.576147 0.556110 0.576211 0.554790 0.577009 0.553799 0.578420
0 0.557008 0.378840 0.562716 0.399506 0.570466 0.395701 0.570587 0.395522 0.570749 0.395282 0.565018 0.374532 0.563462 0.375296 0.557237 0.378353 0.557106 0.378631
0 0.500536 0.636264 0.500658 0.636428 0.501005 0.636657 0.501524 0.636916 0.504539 0.638205 0.520544 0.644090 0.523527 0.645006 0.524033 0.645125 0.524361 0.645144 0.524461 0.645062 0.528860 0.623794 0.528714 0.623641 0.528347 0.623423 0.527817 0.623172 0.527203 0.622926 0.506515 0.615319 0.505907 0.615115 0.505393 0.614982 0.505052 0.614941 0.504935 0.614997
0 0.456271 0.642485 0.456627 0.664541 0.476265 0.665086 0.476696 0.665092 0.477130 0.665085 0.477566 0.665065 0.477995 0.665032 0.478410 0.664987 0.478612 0.664678 0.479268 0.663670 0.478984 0.646049 0.478913 0.641644 0.478558 0.641608 0.478174 0.641582 0.477768 0.641568 0.477346 0.641564 0.476911 0.641572 0.456569 0.642156
0 0.533372 0.626799 0.533526 0.627383 0.550116 0.628794 0.551175 0.606673 0.550940 0.606184 0.534426 0.604779
0 0.548263 0.393989 0.551205 0.404528 0.552354 0.408643 0.556683 0.414397 0.565227 0.410424 0.566005 0.404088 0.565939 0.402922 0.565682 0.401672 0.561569 0.386938 0.561160 0.385800 0.560663 0.384952 0.557020 0.381028 0.548439 0.384863
