0 0.298397 0.325421 0.298753 0.327015 0.299814 0.328525 0.310513 0.343740 0.311382 0.344457 0.327243 0.338157 0.330209 0.315680 0.329854 0.314094 0.329071 0.313238
0 0.571907 0.287119 0.573146 0.291211 0.576864 0.303486 0.578104 0.307577 0.581173 0.305925 0.590379 0.300967 0.593448 0.299314 0.596090 0.293641 0.590992 0.276811 0.589717 0.272604 0.577095 0.279401 0.573940 0.281100
0 0.692916 0.456669 0.693532 0.458659 0.694673 0.460183 0.696164 0.461008 0.697778 0.461010 0.698119 0.460943 0.699613 0.460120 0.700758 0.458596 0.701378 0.456605 0.701380 0.454449 0.700762 0.452456 0.699620 0.450930 0.698126 0.450103 0.696509 0.450100 0.696171 0.450186 0.694679 0.451008 0.693536 0.452529 0.692917 0.454517
0 0.547776 0.420169 0.548302 0.422918 0.548656 0.424202 0.549228 0.425501 0.550504 0.427773 0.553275 0.429966 0.556465 0.430578 0.558527 0.429877 0.559690 0.429395 0.560464 0.428642 0.562168 0.426941 0.562418 0.426648 0.564070 0.422938 0.564530 0.418667 0.563731 0.414487 0.561792 0.411032 0.559009 0.408831 0.555807 0.408216 0.552671 0.409282 0.551791 0.410160 0.550081 0.411867 0.549880 0.412220 0.548235 0.415915
0 0.458434 0.562357 0.458449 0.562952 0.458523 0.563533 0.458652 0.564097 0.458835 0.564634 0.459070 0.565133 0.460428 0.564951 0.464893 0.564352 0.465696 0.562883 0.465847 0.562343 0.465944 0.561782 0.465985 0.561209 0.465970 0.560633 0.465899 0.560059 0.461439 0.533585 0.459796 0.533806 0.458856 0.534594
0 0.319273 0.544962 0.335131 0.551624 0.335887 0.551387 0.360755 0.446151 0.344969 0.439519 0.344255 0.439241
0 0.584592 0.270656 0.592320 0.290170 0.606956 0.279866 0.607448 0.278852 0.599685 0.259249 0.584982 0.269600
0 0.371953 0.256977 0.372466 0.257950 0.386866 0.268745 0.394962 0.249545 0.394540 0.248538 0.380082 0.237700
0 0.276888 0.773961 0.288707 0.795541 0.292182 0.794677 0.292386 0.794581 0.292885 0.794165 0.293603 0.793491 0.300332 0.786940 0.301156 0.786112 0.301960 0.785261 0.302618 0.784516 0.303032 0.783992 0.303138 0.783766 0.304267 0.779428 0.294720 0.761403 0.292772 0.757847 0.279438 0.770829
0 0.385217 0.781221 0.385289 0.782564 0.385439 0.783819 0.385646 0.784792 0.385876 0.785335 0.389202 0.792877 0.389478 0.793383 0.389954 0.793806 0.390559 0.794081 0.391198 0.794166 0.391775 0.794049 0.392202 0.793747 0.404267 0.784498 0.404471 0.784311 0.404777 0.782452 0.404814 0.781193 0.404733 0.778832 0.404533 0.776560 0.404121 0.773880 0.403690 0.772568 0.399591 0.773192 0.395929 0.773886 0.387188 0.775950 0.385517 0.778598 0.385341 0.779074 0.385236 0.779995
0 0.628091 0.242423 0.651115 0.273983 0.655849 0.267843 0.658216 0.264773 0.660046 0.262053 0.659186 0.258812 0.658741 0.257856 0.658115 0.256878 0.640688 0.232990 0.639984 0.232147 0.639315 0.231573 0.636755 0.230129 0.629572 0.239445
0 0.369421 0.581469 0.369853 0.603576 0.386434 0.603000 0.386889 0.602588 0.386458 0.580569 0.369944 0.581143
0 0.332819 0.545401 0.336760 0.611636 0.353735 0.609486 0.353746 0.608754 0.349920 0.543094 0.332925 0.544952
0 0.615553 0.637166 0.616229 0.640823 0.616860 0.644223 0.617436 0.645266 0.617452 0.645287 0.617723 0.645621 0.618556 0.646292 0.619518 0.646487 0.623397 0.646708 0.627822 0.645984 0.628767 0.645674 0.629551 0.644905 0.630054 0.643794 0.630201 0.642512 0.630316 0.636603 0.629824 0.631439 0.629591 0.630179 0.629014 0.629134 0.628717 0.628837 0.628699 0.628819 0.627868 0.628149 0.626909 0.627955 0.622457 0.627085 0.619714 0.627987 0.617682 0.628766 0.616900 0.629533 0.616398 0.630641 0.615978 0.633442
0 0.557507 0.793954 0.557787 0.804955 0.558053 0.806355 0.566341 0.805980 0.566060 0.794929 0.565758 0.793581
0 0.402041 0.381037 0.402152 0.382286 0.403047 0.383364 0.403984 0.383500 0.413890 0.383534 0.418843 0.383551 0.419577 0.383420 0.419602 0.370197 0.418859 0.368998 0.417576 0.367242 0.417278 0.367066 0.416643 0.366915 0.415770 0.366812 0.414792 0.366774 0.406460 0.366745 0.405529 0.366777 0.404790 0.366874 0.404355 0.367022 0.402177 0.368941 0.402062 0.369902 0.402049 0.376583
0 0.596458 0.714216 0.596468 0.714650 0.596734 0.715409 0.597218 0.716379 0.597845 0.717410 0.598519 0.718346 0.599137 0.719041 0.599603 0.719389 0.599847 0.719339 0.607996 0.712837 0.608956 0.710191 0.608921 0.709619 0.608545 0.708616 0.607888 0.707337 0.607049 0.705974 0.606155 0.704734 0.605340 0.703801 0.604727 0.703318 0.604409 0.703359 0.602318 0.704297
