0 0.425059 0.536322 0.425390 0.549674 0.442080 0.548938 0.442742 0.548379 0.442414 0.535180 0.440366 0.533104 0.440255 0.533069 0.439783 0.533056 0.439023 0.533067 0.438090 0.533100 0.429822 0.533464 0.428854 0.533515 0.427995 0.533575 0.427376 0.533637 0.427091 0.533689
0 0.323862 0.661308 0.324047 0.661782 0.324444 0.662559 0.324991 0.663520 0.325605 0.664520 0.326194 0.665409 0.326669 0.666051 0.326958 0.666350 0.329393 0.666524 0.330396 0.665442 0.330499 0.665287 0.331645 0.662659 0.331409 0.662029 0.330887 0.660990 0.330158 0.659701 0.329335 0.658361 0.328544 0.657176 0.327907 0.656328 0.327521 0.655945 0.325338 0.656884 0.324330 0.657963 0.324239 0.658133
0 0.483213 0.556619 0.483458 0.559761 0.483658 0.561196 0.484256 0.562425 0.485555 0.564443 0.488212 0.566894 0.491366 0.567815 0.493348 0.567701 0.494429 0.567446 0.495352 0.566662 0.497249 0.564763 0.499083 0.561250 0.499103 0.561171 0.499780 0.556987 0.499196 0.552767 0.497441 0.549155 0.494782 0.546702 0.491624 0.545782 0.488449 0.546536 0.485742 0.548846 0.483915 0.552361 0.483884 0.552434
0 0.396257 0.455957 0.406474 0.498144 0.406903 0.498153 0.414776 0.494763 0.404607 0.452769 0.404168 0.452552
0 0.540501 0.413308 0.545661 0.421932 0.558596 0.408171 0.558866 0.407749 0.553682 0.399085 0.540687 0.412909
0 0.465157 0.434716 0.465694 0.436751 0.465753 0.436860 0.466831 0.438462 0.468287 0.439393 0.469900 0.439510 0.471423 0.438796 0.472625 0.437358 0.473323 0.435417 0.473411 0.433267 0.472875 0.431236 0.472829 0.431117 0.471748 0.429511 0.470290 0.428579 0.468675 0.428462 0.467149 0.429177 0.465944 0.430617 0.465245 0.432562
0 0.367318 0.443483 0.375744 0.462528 0.376241 0.462678 0.390468 0.451489 0.382076 0.432520 0.381602 0.432249
0 0.504129 0.578686 0.504148 0.579048 0.516923 0.593233 0.570115 0.508068 0.557340 0.493884 0.557078 0.493912
0 0.556177 0.490061 0.556254 0.490322 0.567550 0.505063 0.567809 0.505092 0.568204 0.504873 0.568672 0.504438 0.569144 0.503853 0.583973 0.482994 0.584372 0.482354 0.584635 0.481759 0.584723 0.481301 0.584622 0.481048 0.573426 0.466168 0.573160 0.466172 0.572761 0.466420 0.572289 0.466874 0.569874 0.469718 0.558464 0.485767 0.556563 0.488995 0.556286 0.489595
0 0.563823 0.527369 0.563841 0.527501 0.568625 0.538721 0.570574 0.540160 0.570970 0.539888 0.571689 0.539233 0.572620 0.538295 0.573624 0.537214 0.574550 0.536155 0.575258 0.535275 0.575640 0.534709 0.575636 0.534545 0.574948 0.531700 0.567618 0.523285 0.567317 0.523469 0.566773 0.523947 0.566068 0.524646 0.565311 0.525461 0.564618 0.526265 0.564096 0.526935
0 0.450254 0.610073 0.450295 0.610693 0.450372 0.611703 0.450474 0.612948 0.450585 0.614238 0.450688 0.615375 0.450767 0.616184 0.450810 0.616542 0.452659 0.617358 0.453485 0.617224 0.477194 0.611127 0.477187 0.610884 0.477151 0.610344 0.477092 0.609587 0.477018 0.608730 0.476941 0.607904 0.476873 0.607235 0.476824 0.606826 0.476802 0.606737 0.452741 0.608418 0.451917 0.608552 0.450256 0.609935
0 0.405063 0.518943 0.420258 0.535217 0.420593 0.535571 0.420936 0.535925 0.421285 0.536275 0.421633 0.536616 0.421976 0.536942 0.422893 0.537153 0.423137 0.537209 0.431164 0.523207 0.433171 0.519706 0.432906 0.519407 0.432614 0.519086 0.432300 0.518751 0.431971 0.518405 0.431627 0.518051 0.415462 0.501575 0.415112 0.501417
0 0.494644 0.496064 0.496081 0.507030 0.525483 0.511481 0.527128 0.511097 0.528424 0.508448 0.528429 0.508210 0.528367 0.507508 0.528249 0.506449 0.528092 0.505195 0.526658 0.494254 0.526486 0.493000 0.526327 0.491941 0.526204 0.491240 0.526137 0.491003 0.524253 0.489165
0 0.739642 0.207672 0.740052 0.208152 0.740965 0.209098 0.747903 0.213553 0.748843 0.213500 0.756016 0.193640 0.751108 0.187701 0.747143 0.188082 0.746596 0.188417 0.746159 0.189134 0.739712 0.206985
