0 0.323615 0.198142 0.324087 0.229099 0.372450 0.230737 0.381570 0.214620 0.381758 0.214078 0.381979 0.211783 0.382199 0.208088 0.382386 0.203554 0.384310 0.146753 0.384436 0.142049 0.384482 0.137868 0.384442 0.134845 0.384320 0.133442 0.376311 0.116744 0.327948 0.115106 0.325561 0.140677
0 0.163730 0.315027 0.191703 0.354514 0.210053 0.352016 0.211186 0.351680 0.213644 0.350334 0.217051 0.348184 0.220889 0.345557 0.267265 0.312704 0.270970 0.309987 0.273993 0.307582 0.275877 0.305852 0.276332 0.305063 0.284775 0.288581 0.256802 0.249094 0.231345 0.263652 0.184427 0.296889
0 0.422010 0.718747 0.422646 0.720154 0.493379 0.759100 0.609798 0.548061 0.610019 0.545879 0.539326 0.507510
0 0.165280 0.870134 0.181193 0.876605 0.194755 0.869818 0.205528 0.856766 0.212297 0.848564 0.213022 0.847255 0.214326 0.844450 0.216009 0.840578 0.217817 0.836225 0.232920 0.799087 0.234585 0.794900 0.235858 0.791502 0.236547 0.789407 0.236546 0.788938 0.233191 0.776675 0.218370 0.770647 0.197636 0.790572
0 0.047414 0.744282 0.047496 0.748059 0.047835 0.750422 0.053878 0.761224 0.102895 0.764453 0.111971 0.758409 0.114601 0.718495 0.066705 0.715340 0.056569 0.720377 0.049982 0.726649 0.049320 0.727881 0.048634 0.730787 0.048030 0.734927 0.047602 0.739668
0 0.154271 0.622114 0.212613 0.678195 0.215898 0.676158 0.249162 0.641553 0.247844 0.630627 0.247515 0.629820 0.245915 0.627866 0.243290 0.625066 0.240039 0.621843 0.211135 0.594060 0.207740 0.590894 0.204707 0.588255 0.202493 0.586543 0.201438 0.586021 0.191486 0.586113 0.187920 0.587109
0 0.635890 0.848896 0.639069 0.857057 0.679969 0.858769 0.682024 0.809689 0.677863 0.802611 0.671204 0.795472 0.670062 0.795044 0.667264 0.794606 0.663240 0.794223 0.658598 0.793954 0.654040 0.793838 0.650253 0.793894 0.647810 0.794113 0.647087 0.794462 0.637898 0.800938
0 0.078452 0.212820 0.082526 0.261203 0.087297 0.263932 0.167015 0.257220 0.162988 0.209390 0.152316 0.199876 0.150940 0.199556 0.147935 0.199440 0.143757 0.199544 0.139045 0.199853 0.098818 0.203240 0.094307 0.203707 0.090700 0.204259 0.088547 0.204810
0 0.187299 0.555714 0.243600 0.614383 0.247125 0.612810 0.276055 0.585047 0.220528 0.527185 0.216633 0.527564
0 0.209967 0.681461 0.227982 0.717490 0.264012 0.699475 0.265093 0.698561 0.247161 0.662697 0.211297 0.680629
0 0.751681 0.087759 0.769498 0.123681 0.805419 0.105864 0.806825 0.104049 0.788926 0.067962 0.752840 0.085861
0 0.493714 0.735662 0.533521 0.741827 0.539687 0.702020 0.539505 0.701094 0.499880 0.694957 0.493743 0.734582
0 0.762504 0.836011 0.765539 0.839896 0.810541 0.858127 0.820468 0.851434 0.821813 0.849397 0.823529 0.846018 0.825354 0.841814 0.827008 0.837429 0.828237 0.833539 0.828853 0.830737 0.828764 0.829449 0.825733 0.820625 0.803424 0.767930 0.799956 0.764868 0.792541 0.761865
0 0.168141 0.450498 0.193003 0.481915 0.197956 0.478415 0.242292 0.443306 0.262427 0.425236 0.251077 0.409468 0.237399 0.393610 0.207580 0.414123
0 0.822802 0.155224 0.827576 0.167387 0.857184 0.215588 0.864965 0.217448 0.869184 0.214181 0.887993 0.135473 0.840768 0.124187 0.828625 0.132186 0.827978 0.133563 0.827006 0.136510 0.825855 0.140577 0.824700 0.145148 0.823715 0.149533 0.823048 0.153070
0 0.444582 0.162289 0.445215 0.166148 0.447042 0.173937 0.524928 0.155667 0.525216 0.151687 0.514128 0.104415 0.504261 0.100203 0.503371 0.099885 0.500821 0.100035 0.496998 0.100632 0.492485 0.101585 0.487976 0.102748 0.484164 0.103942 0.481631 0.104984 0.480761 0.105715 0.474735 0.113655
0 0.417119 0.655229 0.419894 0.662557 0.425262 0.668266 0.432406 0.671486 0.440239 0.671726 0.447567 0.668952 0.453275 0.663583 0.456496 0.656439 0.456571 0.656170 0.456810 0.648352 0.454041 0.641036 0.448681 0.635337 0.441550 0.632122 0.433731 0.631883 0.426415 0.634652 0.420716 0.640011 0.420580 0.640252 0.417360 0.647396
0 0.903024 0.304461 0.904066 0.312214 0.907994 0.318978 0.914213 0.323724 0.921774 0.325730 0.929527 0.324688 0.930266 0.324387 0.937043 0.320452 0.941797 0.314222 0.943806 0.306648 0.942763 0.298882 0.938828 0.292105 0.932598 0.287351 0.925024 0.285342 0.917258 0.286385 0.916541 0.286753 0.909776 0.290681 0.905030 0.296899
0 0.045501 0.550297 0.048016 0.557718 0.053179 0.563613 0.060205 0.567082 0.068024 0.567600 0.068767 0.567484 0.076176 0.564973 0.082060 0.559819 0.085524 0.552805 0.086040 0.544999 0.083530 0.537590 0.078375 0.531706 0.071361 0.528242 0.063556 0.527726 0.062804 0.527773 0.055383 0.530288 0.049488 0.535452 0.046019 0.542478
0 0.440229 0.721901 0.441726 0.729596 0.446055 0.736132 0.452554 0.740516 0.460237 0.742077 0.467932 0.740580 0.474468 0.736252 0.478852 0.729752 0.480413 0.722069 0.480446 0.721688 0.478952 0.714006 0.474631 0.707481 0.468143 0.703105 0.460474 0.701547 0.452791 0.703041 0.446267 0.707362 0.441891 0.713850 0.441791 0.714218
0 0.042948 0.611093 0.043247 0.613650 0.048654 0.622791 0.050568 0.624605 0.053925 0.626434 0.058216 0.628002 0.062791 0.629072 0.066961 0.629484 0.070095 0.629173 0.078919 0.624283 0.081633 0.622629 0.083173 0.617090 0.082958 0.614542 0.081708 0.604669 0.079204 0.602218 0.074745 0.599744 0.069010 0.597626 0.062880 0.596192 0.057299 0.595663 0.053125 0.596118 0.050993 0.597484 0.044516 0.605550
