0 0.190658 0.560284 0.350239 0.741803 0.410745 0.688609 0.411154 0.687744 0.252305 0.507058 0.251164 0.507091
0 0.599101 0.813273 0.603802 0.823481 0.604763 0.825251 0.607304 0.827329 0.611038 0.829400 0.615398 0.831151 0.619728 0.832319 0.623374 0.832725 0.625781 0.832307 0.635683 0.827964 0.637035 0.825986 0.639043 0.820565 0.638591 0.810276 0.637361 0.807891 0.634000 0.805090 0.629015 0.802301 0.623173 0.799955 0.617373 0.798413 0.612507 0.797910 0.609319 0.798521 0.602408 0.805852 0.601130 0.807871
0 0.535925 0.331596 0.537490 0.337417 0.547339 0.343546 0.549019 0.343272 0.552180 0.342559 0.556341 0.341514 0.560872 0.340295 0.565092 0.339087 0.568362 0.338071 0.570184 0.337403 0.575548 0.327184 0.575715 0.326797 0.574147 0.320963 0.567704 0.312308 0.565488 0.312623 0.561266 0.313541 0.555681 0.314926 0.549591 0.316564 0.543934 0.318202 0.539582 0.319588 0.537196 0.320511 0.537131 0.320832
0 0.961595 0.045422 0.965178 0.050269 0.974425 0.055904 0.975566 0.055215 0.978520 0.053149 0.982835 0.050022 0.987860 0.046307 0.992840 0.042562 0.997025 0.039350 0.999780 0.037159 1.000000 0.036327 0.997982 0.025779 0.994391 0.020922 0.982735 0.018953 0.981886 0.019426 0.979662 0.020952 0.976401 0.023299 0.972602 0.026107 0.968849 0.028945 0.965719 0.031378 0.963689 0.033034 0.963065 0.033662
0 0.744359 0.196489 0.747016 0.203846 0.752285 0.209628 0.759366 0.212952 0.767181 0.213314 0.774538 0.210657 0.780320 0.205388 0.780802 0.204881 0.784132 0.197787 0.784495 0.189960 0.781834 0.182589 0.776555 0.176798 0.769462 0.173468 0.761634 0.173105 0.754264 0.175767 0.748472 0.181045 0.748045 0.181593 0.744721 0.188674
0 0.566390 0.261499 0.567085 0.269291 0.570711 0.276223 0.576712 0.281241 0.584177 0.283579 0.591969 0.282884 0.598901 0.279258 0.603919 0.273257 0.604097 0.272867 0.606440 0.265389 0.605743 0.257583 0.602111 0.250640 0.596100 0.245613 0.588622 0.243271 0.580817 0.243968 0.573873 0.247599 0.568846 0.253611 0.566504 0.261089
0 0.660801 0.896772 0.660848 0.898405 0.660975 0.901606 0.661162 0.905888 0.661382 0.910605 0.661602 0.915044 0.661787 0.918535 0.661911 0.920547 0.661953 0.920767 0.670977 0.928471 0.686044 0.928027 0.714598 0.927177 0.718107 0.927027 0.751412 0.925083 0.751735 0.923096 0.751790 0.919026 0.751445 0.909898 0.750831 0.898730 0.750343 0.891700 0.749864 0.886503 0.749628 0.885036 0.681377 0.857321 0.679815 0.857612 0.677464 0.858410 0.674683 0.859595 0.671897 0.860983 0.669534 0.862363 0.667954 0.863524 0.667398 0.864289
0 0.256303 0.738839 0.258937 0.750249 0.271477 0.758994 0.295209 0.775498 0.298123 0.777445 0.325955 0.795291 0.326882 0.794357 0.331168 0.788258 0.337319 0.779152 0.341702 0.772505 0.345546 0.766511 0.347155 0.763884 0.348118 0.761824 0.309946 0.699878 0.308419 0.699043 0.305983 0.698193 0.303011 0.697458 0.299957 0.696952 0.297289 0.696752 0.295414 0.696887 0.294618 0.697337 0.269545 0.719080 0.268306 0.720505 0.266264 0.723229 0.263727 0.726838 0.261086 0.730779 0.258746 0.734446 0.257067 0.737277
0 0.238536 0.410017 0.238594 0.444993 0.239482 0.446686 0.241205 0.448723 0.243499 0.450792 0.246014 0.452575 0.248365 0.453801 0.250191 0.454282 0.321213 0.445525 0.323153 0.442704 0.324490 0.439536 0.327022 0.432506 0.329474 0.424842 0.332391 0.414511 0.333851 0.407776 0.333265 0.407052 0.302236 0.396470 0.298893 0.395439 0.270647 0.387870 0.255657 0.383923 0.245355 0.388943 0.244287 0.390799 0.242907 0.394093 0.241429 0.398323 0.240077 0.402839 0.239061 0.406947
0 0.265280 0.276805 0.265544 0.279617 0.266184 0.283629 0.267101 0.288224 0.268154 0.292697 0.269182 0.296362 0.270027 0.298658 0.270561 0.299240 0.280842 0.305041 0.323877 0.297847 0.327304 0.297130 0.340527 0.293946 0.359817 0.289223 0.358941 0.282936 0.356996 0.272616 0.355298 0.264674 0.353489 0.257107 0.352499 0.253501 0.350952 0.249542 0.280961 0.235146 0.279122 0.235235 0.276684 0.236078 0.274018 0.237547 0.271532 0.239417 0.269608 0.241401 0.268539 0.243197
0 0.471607 0.952283 0.495810 1.000000 0.541383 1.000000 0.592217 0.998799 0.606364 0.993597 0.608759 0.992602 0.610292 0.991787 0.610726 0.991276 0.585860 0.914730 0.585111 0.914537 0.583313 0.914756 0.580740 0.915352 0.577784 0.916236 0.478545 0.948854 0.475676 0.949885 0.473350 0.950899 0.471921 0.951741
0 0.362565 0.346625 0.362973 0.349648 0.382757 0.452220 0.383510 0.455218 0.384491 0.457714 0.385547 0.459328 0.386520 0.459815 0.462487 0.444803 0.463166 0.444101 0.463509 0.442302 0.463464 0.439684 0.461791 0.424681 0.446569 0.345762 0.442484 0.330908 0.441529 0.328345 0.440509 0.326631 0.439578 0.326028 0.363743 0.341726 0.362983 0.342338 0.362569 0.344058
0 0.212434 0.370468 0.213274 0.370744 0.215159 0.371302 0.217802 0.372058 0.220802 0.372896 0.321043 0.400606 0.323963 0.401405 0.326379 0.402048 0.327924 0.402438 0.328361 0.402515 0.349725 0.325230 0.349005 0.324915 0.347214 0.324320 0.344626 0.323538 0.329819 0.319269 0.252268 0.297830 0.238015 0.294067 0.235634 0.293475 0.234154 0.293165 0.233798 0.293184
0 0.534757 0.383906 0.534929 0.384969 0.594959 0.434409 0.595868 0.434494 0.597424 0.433625 0.599390 0.431938 0.609874 0.421174 0.661481 0.359556 0.670521 0.347010 0.671943 0.344652 0.672683 0.342777 0.672628 0.341673 0.612150 0.292769 0.611259 0.292564 0.609718 0.293328 0.607761 0.294944 0.605687 0.297168 0.538613 0.377253 0.536750 0.379729 0.535397 0.382066
0 0.483260 0.357251 0.488752 0.361971 0.530184 0.395915 0.544616 0.406626 0.557208 0.397273 0.560522 0.393949 0.563165 0.390138 0.570648 0.375447 0.537526 0.346628 0.508923 0.326515
0 0.141374 0.689023 0.221043 0.703222 0.224232 0.700899 0.225635 0.693024 0.193274 0.646626 0.185090 0.637640 0.184602 0.637298 0.182385 0.636687 0.178779 0.635900 0.174332 0.635057 0.169714 0.634284 0.165622 0.633699 0.162676 0.633390 0.161327 0.633405 0.149894 0.641221
0 0.013943 0.866496 0.057243 0.888102 0.072241 0.877238 0.073216 0.875917 0.074862 0.873155 0.076926 0.869376 0.079097 0.865150 0.104471 0.814296 0.106428 0.810249 0.107882 0.806978 0.108612 0.804978 0.108167 0.786042 0.064867 0.764437 0.048458 0.792333 0.022786 0.843782
