0 0.588512 0.432035 0.589185 0.432220 0.590972 0.432408 0.593603 0.432571 0.596678 0.432684 0.612350 0.433012 0.686682 0.433270 0.699100 0.433036 0.700892 0.432938 0.701549 0.432784 0.703712 0.351699 0.703132 0.351441 0.701399 0.351191 0.698777 0.350988 0.695665 0.350861 0.692541 0.350832 0.595551 0.351541 0.592977 0.351611 0.591287 0.351771 0.590736 0.351994
0 0.084011 0.793089 0.139301 0.849502 0.139969 0.849791 0.141437 0.849194 0.143481 0.847801 0.145790 0.845825 0.222639 0.773973 0.224840 0.771732 0.226590 0.769579 0.227620 0.767841 0.227775 0.766784 0.172989 0.710032 0.172291 0.709862 0.170800 0.710559 0.168743 0.712015 0.166432 0.714009 0.089491 0.785828 0.087258 0.788075 0.085432 0.790244 0.084292 0.792004
0 0.841077 0.412010 0.841296 0.412919 0.842386 0.414514 0.844181 0.416554 0.846408 0.418725 0.923597 0.489111 0.925902 0.491070 0.927917 0.492506 0.929337 0.493198 0.929944 0.493044 0.985023 0.435338 0.984680 0.434406 0.983484 0.432791 0.981618 0.430739 0.970606 0.419770 0.911216 0.365614 0.899760 0.356097 0.897726 0.354593 0.896279 0.353797 0.895640 0.353834
0 0.616051 0.766259 0.616399 0.806354 0.616935 0.807765 0.657215 0.807415 0.656866 0.767135 0.656147 0.765911
0 0.695872 0.711824 0.710874 0.749009 0.711845 0.750155 0.749201 0.735084 0.734130 0.697727 0.733057 0.696821
0 0.568592 0.953841 0.568908 0.955931 0.608865 0.961036 0.613970 0.921079 0.613448 0.919149 0.573674 0.914067
0 0.090031 0.728923 0.110977 0.763331 0.145385 0.742385 0.147010 0.741274 0.126160 0.707024 0.124439 0.707977
0 0.081298 0.592801 0.096137 0.599262 0.100753 0.598128 0.109509 0.594728 0.110390 0.593762 0.111866 0.591264 0.113714 0.587618 0.115652 0.583375 0.117390 0.579175 0.118664 0.575653 0.119281 0.573342 0.119145 0.572597 0.116722 0.561454 0.102052 0.555066 0.097452 0.555703
0 0.410603 0.445603 0.433585 0.479018 0.434496 0.479306 0.474502 0.486706 0.490121 0.489595 0.523078 0.466928 0.523399 0.466468 0.500416 0.433052 0.444018 0.422620
0 0.842907 0.887772 0.872479 0.901477 0.925989 0.922517 0.949055 0.929509 0.966763 0.884474 0.954620 0.870492 0.953164 0.869666 0.950222 0.868295 0.946245 0.866588 0.941834 0.864804 0.888943 0.844007 0.884750 0.842409 0.881394 0.841232 0.879383 0.840656 0.860614 0.842737
0 0.798970 0.718811 0.834808 0.751327 0.853271 0.744568 0.855435 0.742896 0.858348 0.740163 0.861564 0.736786 0.900018 0.694403 0.903033 0.690912 0.905374 0.687855 0.906684 0.685699 0.911449 0.666855 0.875611 0.634339 0.853570 0.654201 0.815559 0.696095
0 0.801060 0.544594 0.810163 0.569892 0.833352 0.621470 0.836227 0.626860 0.872762 0.610417 0.855413 0.559995 0.837839 0.528042 0.818209 0.535817
0 0.088152 0.184602 0.088347 0.188762 0.088731 0.191729 0.089247 0.193054 0.095232 0.199619 0.099858 0.203052 0.147837 0.204450 0.150168 0.124484 0.146123 0.120143 0.138034 0.119907 0.096410 0.159174 0.089382 0.169408 0.088845 0.171659 0.088422 0.175339 0.088179 0.179886
0 0.690712 0.411884 0.768224 0.431678 0.771325 0.430889 0.773327 0.423048 0.744135 0.373832 0.737051 0.364283 0.736473 0.363876 0.734197 0.363075 0.730567 0.362000 0.726137 0.360817 0.721588 0.359707 0.717619 0.358841 0.714837 0.358351 0.713664 0.358311 0.704930 0.363820 0.702588 0.365377
0 0.137534 0.526922 0.158194 0.531925 0.176752 0.536330 0.185943 0.508673 0.199165 0.453665 0.200009 0.448052 0.161050 0.438706 0.142077 0.493408
0 0.638764 0.667282 0.640368 0.669216 0.686397 0.684673 0.695991 0.678705 0.696543 0.678070 0.697598 0.675783 0.698997 0.672191 0.700525 0.667843 0.713376 0.629574 0.714795 0.625147 0.715883 0.621333 0.716475 0.618713 0.716482 0.617686 0.712158 0.607958 0.709734 0.606724 0.664231 0.591444
0 0.843444 0.528459 0.849630 0.547242 0.894563 0.660175 0.909541 0.697820 0.924519 0.735464 0.933615 0.755091 0.945601 0.751756 0.992148 0.726399 0.903117 0.502630 0.891461 0.506732
0 0.833854 0.847693 0.835546 0.852104 0.916844 0.852699 0.924495 0.613573 0.922372 0.610210 0.840463 0.609545
