0 0.681866 0.659622 0.759348 0.888601 0.760494 0.890247 0.837805 0.864125 0.759236 0.636216 0.758102 0.633463
0 0.370942 0.245352 0.370960 0.248439 0.371343 0.251073 0.372030 0.252852 0.420422 0.305429 0.423912 0.305422 0.427289 0.304685 0.434501 0.302670 0.442165 0.300206 0.452246 0.296548 0.458533 0.293781 0.458731 0.292838 0.449297 0.261474 0.448190 0.258156 0.437867 0.230757 0.432329 0.216254 0.422265 0.210813 0.420109 0.211004 0.416610 0.211786 0.412302 0.213038 0.407846 0.214571 0.403926 0.216147 0.401144 0.217525 0.372824 0.238008 0.371951 0.239705 0.371290 0.242283
0 0.279556 0.207438 0.280390 0.208418 0.300814 0.215661 0.307585 0.218022 0.323892 0.223707 0.355595 0.234445 0.366384 0.229684 0.366918 0.229194 0.367974 0.227050 0.369392 0.223580 0.370957 0.219311 0.372432 0.214888 0.373596 0.210977 0.374271 0.208170 0.374353 0.206897 0.368877 0.196469 0.306911 0.174125 0.292674 0.169933 0.291109 0.172125 0.288719 0.177090 0.286974 0.181392 0.282918 0.192989 0.281506 0.197714 0.280019 0.203836
0 0.787463 0.624736 0.787726 0.625662 0.806967 0.652623 0.808393 0.653882 0.810989 0.656111 0.814363 0.658972 0.817997 0.662026 0.821332 0.664803 0.823856 0.666878 0.825185 0.667934 0.836898 0.666517 0.846872 0.655131 0.865738 0.633549 0.868002 0.630867 0.889001 0.605053 0.887414 0.603475 0.884256 0.600681 0.877245 0.594752 0.868695 0.587637 0.863329 0.583231 0.859379 0.580060 0.858280 0.579237 0.792021 0.610659 0.791107 0.612007 0.790051 0.614278 0.789017 0.617127 0.788161 0.620116 0.787616 0.622788
0 0.748593 0.825166 0.755953 0.834688 0.770682 0.837596 0.798635 0.843074 0.802103 0.843685 0.835248 0.848888 0.836358 0.846727 0.837502 0.842598 0.839201 0.833567 0.840925 0.822611 0.841821 0.815763 0.842265 0.810758 0.842204 0.809395 0.781014 0.767909 0.779497 0.767796 0.777078 0.768024 0.774126 0.768560 0.771091 0.769321 0.768441 0.770191 0.766578 0.771036 0.765787 0.771728 0.752577 0.801787 0.752153 0.803485 0.751501 0.806704 0.750721 0.810953 0.749931 0.815591 0.749249 0.819918 0.748779 0.823280
0 0.762687 0.896540 0.763324 0.898791 0.764518 0.901497 0.766086 0.904245 0.767787 0.906615 0.769361 0.908243 0.770569 0.908881 0.842586 0.925283 0.843471 0.925092 0.846548 0.922285 0.850685 0.917545 0.857229 0.909052 0.862553 0.901182 0.864893 0.896434 0.865987 0.892349 0.839253 0.871676 0.836398 0.869615 0.799809 0.845388 0.788595 0.846729 0.787491 0.847568 0.785508 0.849771 0.782946 0.853003 0.780194 0.856773 0.777668 0.860514 0.775747 0.863661 0.774725 0.865735 0.762701 0.895088
0 0.918559 0.092555 0.918641 0.095561 0.919150 0.099678 0.920009 0.104282 0.921088 0.108680 0.922224 0.112206 0.923246 0.114327 0.931568 0.122950 0.978493 0.112850 0.984025 0.108374 0.975510 0.068817 0.928042 0.079035 0.923150 0.083846 0.918918 0.091119
0 0.151339 0.671710 0.153227 0.720229 0.193659 0.718655 0.197160 0.716156 0.195293 0.668193 0.185170 0.660930 0.184668 0.660753 0.182412 0.660675 0.178749 0.660707 0.174233 0.660844 0.169547 0.661066 0.165398 0.661337 0.162413 0.661619 0.161050 0.661868
0 0.520805 0.042788 0.535678 0.088426 0.546993 0.091950 0.549422 0.091597 0.553096 0.090692 0.557458 0.089373 0.561851 0.087839 0.565611 0.086321 0.568168 0.085049 0.569132 0.084217 0.573709 0.076033 0.574561 0.071131 0.559517 0.024966 0.521046 0.037503
0 0.308388 0.501750 0.308506 0.502667 0.314776 0.512068 0.363357 0.519346 0.366480 0.518903 0.372406 0.479345 0.369422 0.478862 0.320841 0.471584 0.312124 0.478518 0.311735 0.479409 0.311128 0.482010 0.310396 0.485926 0.309651 0.490559 0.309007 0.495198 0.308564 0.499128
0 0.290099 0.821417 0.336962 0.834123 0.348255 0.826675 0.348695 0.825359 0.349547 0.822477 0.350680 0.818470 0.351924 0.813944 0.362415 0.775249 0.363584 0.770878 0.364505 0.767310 0.365037 0.765087 0.365099 0.764550 0.359760 0.753093 0.313433 0.740532 0.311276 0.743312
0 0.755058 0.738850 0.782954 0.767517 0.784254 0.768746 0.813053 0.740721 0.785028 0.711923 0.783725 0.710954
0 0.679236 0.256528 0.714885 0.274946 0.729425 0.248411 0.734092 0.238768 0.698257 0.220254 0.684022 0.246941
0 0.556073 0.699582 0.556331 0.700501 0.596391 0.704724 0.600614 0.664664 0.600153 0.663909 0.560277 0.659705
0 0.816813 0.791929 0.818272 0.793273 0.854771 0.810315 0.871813 0.773816 0.870109 0.772561 0.833777 0.755597
0 0.417497 0.031704 0.420224 0.037517 0.446033 0.087817 0.458537 0.109685 0.476749 0.102192 0.494424 0.091281 0.478518 0.056357 0.453147 0.013422
0 0.731824 0.330628 0.748341 0.341444 0.766938 0.350467 0.786647 0.318754 0.809708 0.272629 0.774826 0.252922 0.771587 0.258270 0.743782 0.307504
