0 0.474589 0.618951 0.474908 0.621065 0.475809 0.622856 0.477156 0.624051 0.478744 0.624468 0.480330 0.624042 0.481673 0.622841 0.482569 0.621045 0.482881 0.618928 0.482911 0.618724 0.482592 0.616613 0.481693 0.614825 0.480348 0.613633 0.478763 0.613217 0.477180 0.613641 0.475839 0.614841 0.474945 0.616634 0.474902 0.616834
0 0.438208 0.617306 0.438224 0.618309 0.438273 0.618904 0.439763 0.621865 0.439787 0.621896 0.456598 0.622900 0.459975 0.623072 0.460890 0.620259 0.461205 0.609262 0.441410 0.608252 0.439247 0.610996 0.438541 0.612287 0.438451 0.612693 0.438360 0.613550 0.438282 0.614729 0.438229 0.616048
0 0.568039 0.417372 0.568070 0.417581 0.568263 0.418011 0.568587 0.418594 0.568995 0.419243 0.577270 0.431551 0.589712 0.416998 0.590086 0.416556 0.584587 0.408244 0.581321 0.403598 0.580929 0.403114 0.580637 0.402836 0.580491 0.402807 0.577453 0.404892 0.571849 0.411446 0.569982 0.413631
0 0.406057 0.537716 0.409090 0.550448 0.417048 0.547078 0.417996 0.546540 0.414997 0.533954 0.412392 0.532577 0.412096 0.532697 0.411481 0.532952 0.410642 0.533304 0.409707 0.533699 0.408820 0.534076 0.408116 0.534377 0.407704 0.534557 0.407645 0.534588
0 0.482020 0.513982 0.484826 0.524494 0.500595 0.517011 0.500587 0.516777 0.497819 0.506409 0.482267 0.513790
0 0.518610 0.418994 0.526805 0.420522 0.526928 0.420156 0.529231 0.398204 0.520998 0.396669 0.520902 0.397142
0 0.368546 0.417668 0.372748 0.439114 0.373331 0.439393 0.453385 0.411508 0.449202 0.390160 0.448969 0.389654
0 0.544930 0.569219 0.545185 0.572153 0.545531 0.572475 0.546309 0.572918 0.547400 0.573415 0.548639 0.573891 0.549842 0.574275 0.550825 0.574509 0.551440 0.574556 0.551592 0.574409 0.552936 0.572032 0.553819 0.559273 0.553570 0.559016 0.552992 0.558669 0.552173 0.558287 0.551238 0.557928 0.550332 0.557647 0.549592 0.557487 0.549133 0.557473 0.549023 0.557605
0 0.462328 0.557143 0.462338 0.557774 0.463105 0.561256 0.465247 0.563252 0.465671 0.563438 0.466074 0.563256 0.466791 0.562871 0.471149 0.558516 0.473968 0.555626 0.474162 0.555143 0.474052 0.554576 0.470917 0.548702 0.470564 0.548399 0.470186 0.548536 0.469010 0.549124 0.466296 0.552223 0.462559 0.556638
0 0.472835 0.383519 0.472959 0.384052 0.478215 0.404917 0.493864 0.397910 0.493835 0.397441 0.488556 0.376480
0 0.512176 0.535088 0.512232 0.535250 0.517101 0.544233 0.523838 0.537741 0.518969 0.528758 0.518882 0.528627
0 0.406931 0.563950 0.418387 0.580149 0.419320 0.579233 0.420521 0.577723 0.428070 0.553106 0.427801 0.550187 0.427767 0.549937 0.427478 0.549359 0.426979 0.548541 0.426347 0.547607 0.425676 0.546698 0.425068 0.545951 0.424614 0.545479 0.424384 0.545355 0.422408 0.545099 0.421511 0.545620
