0 0.425414 0.477046 0.427937 0.498901 0.428267 0.498905 0.444582 0.495556 0.442070 0.473802 0.441804 0.473682
0 0.489624 0.588951 0.505236 0.597148 0.508310 0.586740 0.508196 0.585548 0.492798 0.577463 0.489767 0.587728
0 0.421163 0.545364 0.423131 0.547918 0.427154 0.546849 0.427309 0.546679 0.427636 0.546262 0.428047 0.545711 0.428433 0.545173 0.428690 0.544791 0.428749 0.544668 0.431456 0.535723 0.430268 0.534181 0.423625 0.538018 0.423467 0.538182 0.423136 0.538595 0.422723 0.539146 0.422338 0.539687 0.422084 0.540073 0.422030 0.540199
0 0.523189 0.589207 0.528191 0.610238 0.528321 0.610746 0.536244 0.607395 0.531219 0.586267 0.531076 0.585871
0 0.498215 0.528696 0.498431 0.529961 0.498993 0.531019 0.499817 0.531710 0.503468 0.534381 0.507581 0.535667 0.508541 0.535885 0.509489 0.535597 0.510283 0.534847 0.510801 0.533748 0.512836 0.528799 0.513769 0.523396 0.513932 0.522117 0.513716 0.520852 0.513154 0.519794 0.513122 0.519745 0.512300 0.519057 0.508630 0.516271 0.504555 0.515109 0.503598 0.514892 0.502651 0.515179 0.501860 0.515927 0.501343 0.517023 0.499283 0.521840 0.498382 0.527350 0.498219 0.528626
0 0.487397 0.472301 0.487454 0.472428 0.501294 0.484526 0.516087 0.473052 0.516161 0.472928 0.516844 0.471538 0.490082 0.448143 0.489398 0.449534 0.489217 0.451589 0.487860 0.467027
0 0.416629 0.457771 0.416712 0.457816 0.417893 0.458370 0.424575 0.461502 0.440599 0.467577 0.440755 0.467089 0.441019 0.466171 0.441349 0.464962 0.441696 0.463646 0.441882 0.462913 0.442099 0.462038 0.442236 0.461469 0.442348 0.460939 0.442325 0.460911 0.426937 0.452243 0.420242 0.449099 0.419060 0.448544 0.418801 0.449189 0.418401 0.450446 0.417922 0.452126 0.417436 0.453969 0.417020 0.455691 0.416736 0.457026
0 0.467962 0.584885 0.473299 0.596375 0.480481 0.590445 0.480927 0.588378 0.475712 0.577150 0.473232 0.576759 0.473106 0.576791 0.472678 0.577083 0.472014 0.577591 0.471214 0.578238 0.470399 0.578925 0.469691 0.579550 0.469199 0.580017 0.468997 0.580256 0.468637 0.581189
0 0.401527 0.596005 0.404585 0.606299 0.406465 0.612062 0.406707 0.612665 0.406906 0.613014 0.407029 0.613057 0.410418 0.612467 0.412730 0.611257 0.419668 0.607624 0.422447 0.604984 0.422465 0.604722 0.422387 0.604188 0.422226 0.603465 0.422007 0.602661 0.417362 0.587425 0.401957 0.595491
0 0.449380 0.388088 0.449476 0.388595 0.449580 0.389131 0.449690 0.389685 0.449804 0.390249 0.449922 0.390819 0.455385 0.417060 0.471366 0.411351 0.471380 0.411297 0.466001 0.384526 0.465887 0.383967 0.465665 0.382884 0.465560 0.382380 0.465486 0.382349 0.465466 0.382341 0.452597 0.386938
0 0.550279 0.602005 0.550291 0.603367 0.550461 0.604239 0.552214 0.605813 0.552596 0.606126 0.561925 0.606461 0.562229 0.606151 0.562551 0.605390 0.562841 0.604293 0.563054 0.603028 0.563158 0.601789 0.563137 0.600767 0.562994 0.600117 0.562752 0.599937 0.553997 0.595235 0.551889 0.595770 0.551500 0.596199 0.551085 0.597222 0.550708 0.598683 0.550425 0.600362
0 0.452600 0.384668 0.452653 0.385062 0.452809 0.385890 0.453044 0.387025 0.453322 0.388294 0.455738 0.399051 0.458141 0.409749 0.460531 0.420387 0.460802 0.421566 0.461029 0.422487 0.461176 0.423010 0.463444 0.425370 0.473083 0.421632 0.472873 0.419958 0.463471 0.377483 0.460258 0.378730 0.453834 0.381224
0 0.541376 0.542087 0.546114 0.551099 0.546326 0.551333 0.559905 0.538640 0.555145 0.529587 0.554893 0.529452
