0 0.526164 0.422935 0.528749 0.443572 0.529207 0.444056 0.530428 0.443784 0.532057 0.443421 0.532204 0.443162 0.532353 0.442899 0.532427 0.442767 0.529677 0.420806 0.526794 0.421448 0.526436 0.422134
0 0.455007 0.432205 0.455213 0.432516 0.463395 0.434155 0.468313 0.390517 0.468167 0.390013 0.459948 0.388366
0 0.408916 0.483333 0.408966 0.483612 0.409436 0.484207 0.410254 0.485028 0.411295 0.485949 0.412402 0.486832 0.413409 0.487545 0.414164 0.487980 0.414551 0.488069 0.416345 0.486328 0.419946 0.474445 0.419924 0.474224 0.419584 0.473765 0.418978 0.473138 0.418198 0.472437 0.417363 0.471771 0.416603 0.471242 0.416032 0.470931 0.415740 0.470885 0.409307 0.480405
0 0.431950 0.469516 0.432198 0.469982 0.435441 0.472622 0.440348 0.476553 0.440842 0.476758 0.441286 0.476904 0.441722 0.476680 0.443834 0.474484 0.444356 0.470924 0.444314 0.470290 0.444025 0.469805 0.439574 0.465681 0.436422 0.462821 0.435620 0.462529 0.435206 0.462426 0.434856 0.462762 0.432019 0.468937
0 0.420814 0.584155 0.421848 0.588242 0.423977 0.591490 0.426876 0.593405 0.430104 0.593695 0.432129 0.592784 0.433170 0.592315 0.435606 0.589477 0.435864 0.589119 0.437294 0.585269 0.437510 0.580982 0.436830 0.578293 0.436371 0.577043 0.435760 0.575812 0.434360 0.573676 0.431472 0.571768 0.428257 0.571480 0.426241 0.572387 0.425076 0.572979 0.424903 0.573146 0.422467 0.575985 0.421031 0.579850
0 0.492001 0.599698 0.502092 0.617314 0.515303 0.603860 0.515233 0.603384 0.505189 0.585849 0.492038 0.599241
0 0.453665 0.501323 0.453814 0.502599 0.454317 0.503702 0.455099 0.504465 0.458494 0.507558 0.462602 0.509115 0.463543 0.509421 0.464500 0.509223 0.464586 0.509200 0.465412 0.508531 0.465982 0.507491 0.468206 0.502856 0.469462 0.497511 0.469690 0.496260 0.469542 0.494987 0.469040 0.493886 0.468260 0.493125 0.464693 0.490033 0.460775 0.488486 0.459837 0.488181 0.459745 0.488154 0.459739 0.488153 0.458782 0.488351 0.457954 0.489022 0.457383 0.490064 0.454973 0.494705 0.453895 0.500068
0 0.554513 0.572078 0.555144 0.572912 0.562272 0.582300 0.574007 0.566459 0.566878 0.557071 0.566114 0.556419 0.564072 0.556665 0.563855 0.556770 0.563405 0.557218 0.562792 0.557939 0.562108 0.558825 0.556294 0.566673 0.555642 0.567591 0.555117 0.568406 0.554799 0.568994 0.554738 0.569265
0 0.514152 0.490812 0.514372 0.493768 0.514939 0.495243 0.517198 0.496342 0.517221 0.496337 0.517574 0.496106 0.518203 0.495683 0.519014 0.495133 0.519881 0.494540 0.520672 0.493995 0.521265 0.493581 0.521570 0.493363 0.522224 0.490273 0.521655 0.488794 0.519977 0.486828 0.519469 0.487174 0.517560 0.488479 0.515363 0.489982 0.514569 0.490526
0 0.402703 0.620595 0.410592 0.628830 0.411614 0.627358 0.421790 0.610027 0.420490 0.608670 0.408903 0.610551 0.405967 0.611480 0.405726 0.611826 0.405286 0.612520 0.404716 0.613455 0.404101 0.614489 0.403537 0.615463 0.403110 0.616226 0.402885 0.616664
