0 0.488804 0.367562 0.488899 0.389673 0.488943 0.390115 0.505460 0.389989 0.505482 0.389547 0.505387 0.367436
0 0.431742 0.603961 0.431906 0.605609 0.435633 0.612944 0.441550 0.624587 0.458030 0.621673 0.458222 0.621115 0.463797 0.599541 0.463634 0.597901 0.432055 0.603485
0 0.483128 0.583596 0.483728 0.586767 0.484038 0.588162 0.484728 0.589292 0.486065 0.591010 0.488900 0.593049 0.492112 0.593497 0.494189 0.593184 0.495245 0.592772 0.496103 0.591859 0.497731 0.589608 0.499285 0.585860 0.499637 0.581614 0.499627 0.581515 0.498723 0.577420 0.496701 0.574097 0.493866 0.572053 0.490651 0.571601 0.487547 0.572810 0.485027 0.575496 0.483476 0.579249 0.483128 0.583496
0 0.517857 0.605927 0.517943 0.606277 0.518183 0.607025 0.518542 0.608058 0.518965 0.609218 0.519388 0.610332 0.519747 0.611231 0.519987 0.611777 0.520073 0.611888 0.522022 0.611840 0.522765 0.611349 0.543517 0.595170 0.543480 0.594928 0.543336 0.594421 0.543104 0.593726 0.542822 0.592950 0.542531 0.592211 0.542277 0.591623 0.542098 0.591275 0.542022 0.591220 0.519807 0.603406 0.519065 0.603895
0 0.551853 0.510114 0.551911 0.510211 0.552354 0.510441 0.552809 0.510637 0.553503 0.510920 0.554079 0.511145 0.555097 0.511511 0.556013 0.511810 0.556686 0.511998 0.557014 0.512045 0.562404 0.491094 0.564276 0.482013 0.564606 0.480409 0.564500 0.480334 0.563865 0.480072 0.562800 0.479663 0.561467 0.479170 0.560067 0.478667 0.558809 0.478229 0.557884 0.477922 0.557431 0.477794 0.557102 0.479394 0.555567 0.486860 0.555239 0.488459
0 0.492962 0.616006 0.493005 0.628989 0.494175 0.631552 0.494224 0.631605 0.494756 0.631537 0.495689 0.631358 0.496880 0.631095 0.498149 0.630789 0.499307 0.630485 0.500178 0.630230 0.500630 0.630061 0.501071 0.627132 0.497793 0.614910 0.497761 0.614849 0.497365 0.614880 0.496665 0.614999 0.495768 0.615189 0.494811 0.615419 0.493941 0.615656 0.493292 0.615862
0 0.396869 0.505591 0.397066 0.506862 0.398358 0.512260 0.400302 0.517070 0.400848 0.518144 0.401661 0.518857 0.402617 0.519101 0.402840 0.519057 0.402854 0.519054 0.403805 0.518793 0.408077 0.517365 0.411442 0.514489 0.412246 0.513762 0.412779 0.512681 0.412962 0.511410 0.412498 0.508405 0.411927 0.504717 0.409538 0.499959 0.408993 0.498888 0.408182 0.498177 0.407228 0.497933 0.407002 0.497928 0.406049 0.498191 0.402217 0.499583 0.398392 0.502505 0.397587 0.503233 0.397052 0.504317
0 0.454622 0.411654 0.454905 0.425008 0.455420 0.425865 0.488423 0.424619 0.488330 0.420219 0.488143 0.411418 0.488006 0.410394 0.486362 0.408482 0.486154 0.408368 0.485598 0.408286 0.484777 0.408248 0.483817 0.408260 0.467163 0.408888 0.458837 0.409203 0.457892 0.409263 0.457114 0.409361 0.456621 0.409483 0.456489 0.409610
0 0.438580 0.578382 0.439061 0.581632 0.440504 0.591382 0.441957 0.595503 0.442018 0.595558 0.442318 0.595540 0.442810 0.595451 0.443420 0.595306 0.447411 0.594357 0.455555 0.592231 0.455817 0.591793 0.452613 0.570142 0.440538 0.573236 0.439906 0.573411 0.439344 0.573587 0.438938 0.573736 0.438750 0.573836
0 0.489482 0.409907 0.489500 0.410062 0.490036 0.412092 0.491114 0.413694 0.492570 0.414624 0.494182 0.414741 0.495705 0.414026 0.496906 0.412588 0.497604 0.410648 0.497691 0.408498 0.497687 0.408341 0.497150 0.406307 0.496070 0.404703 0.494612 0.403771 0.492997 0.403654 0.491472 0.404370 0.490268 0.405810 0.489570 0.407755
0 0.397208 0.440165 0.399011 0.443999 0.406227 0.459337 0.408799 0.460452 0.411596 0.458113 0.419986 0.451096 0.422783 0.448756 0.421029 0.445027 0.415766 0.433840 0.414011 0.430110 0.411586 0.428139 0.400083 0.437760
0 0.447912 0.533528 0.462661 0.543638 0.462832 0.543438 0.470380 0.523863 0.455698 0.513799 0.455495 0.513863
0 0.379886 0.733462 0.383223 0.733655 0.399980 0.734366 0.400021 0.734347 0.402315 0.731159 0.402452 0.730602 0.402584 0.729628 0.402692 0.728384 0.402758 0.727059 0.403116 0.716039 0.403132 0.714830 0.403095 0.713916 0.403010 0.713437 0.401764 0.709946 0.381973 0.708804 0.380608 0.711218
