0 0.889076 0.880099 0.889853 0.883903 0.891975 0.889646 0.896828 0.894132 0.903682 0.896668 0.911488 0.896859 0.919045 0.894669 0.925191 0.890438 0.928981 0.884818 0.929845 0.878676 0.929114 0.874859 0.926928 0.869134 0.922128 0.864423 0.918213 0.860869 0.912728 0.858878 0.906506 0.858744 0.900486 0.860489 0.895575 0.863846 0.892519 0.868312 0.889998 0.873976
0 0.249241 0.295791 0.249886 0.303600 0.253472 0.310568 0.259451 0.315634 0.259864 0.315951 0.267314 0.318338 0.275110 0.317693 0.282065 0.314114 0.287122 0.308145 0.289509 0.300696 0.288865 0.292900 0.285285 0.285944 0.284916 0.285575 0.278937 0.280510 0.271474 0.278119 0.263665 0.278764 0.256697 0.282350 0.251632 0.288329
0 0.831986 0.622272 0.833622 0.632252 0.834381 0.634442 0.837445 0.639360 0.848442 0.641890 0.850397 0.642178 0.853566 0.641408 0.857469 0.639699 0.861516 0.637310 0.865095 0.634601 0.867666 0.631982 0.868836 0.629849 0.871391 0.619317 0.870709 0.617094 0.867617 0.612181 0.859148 0.606235 0.856554 0.605795 0.852320 0.606782 0.847090 0.609050 0.841669 0.612251 0.836892 0.615892 0.833492 0.619412
0 0.585110 0.464502 0.585700 0.468843 0.586909 0.472173 0.592869 0.479055 0.595619 0.482080 0.601166 0.482230 0.604245 0.482265 0.613278 0.478570 0.615632 0.476185 0.617504 0.471751 0.618602 0.465940 0.618758 0.459647 0.617947 0.453840 0.616295 0.449411 0.614058 0.447036 0.605222 0.442799 0.599666 0.442624 0.596595 0.442671 0.589140 0.450306 0.587405 0.452124 0.586032 0.455459 0.585227 0.459804
0 0.598378 0.806487 0.607646 0.849330 0.608528 0.852735 0.617942 0.885007 0.621722 0.885107 0.626750 0.884437 0.635938 0.882262 0.646325 0.879327 0.652408 0.877331 0.656382 0.875688 0.657052 0.875079 0.668318 0.802395 0.668074 0.800964 0.667066 0.798854 0.665448 0.796387 0.663467 0.793940 0.661427 0.791888 0.659638 0.790545 0.658376 0.790114 0.626385 0.790443 0.624219 0.790761 0.620690 0.791496 0.616336 0.792536 0.611813 0.793724 0.607804 0.794881 0.604914 0.795831 0.603586 0.796431
0 0.043577 0.820759 0.043676 0.828850 0.084629 0.868817 0.095550 0.875632 0.097719 0.876021 0.101345 0.876255 0.105875 0.876297 0.110611 0.876142 0.114828 0.875812 0.117879 0.875359 0.119302 0.874853 0.129373 0.864114 0.128788 0.816117 0.048794 0.817093
0 0.696311 0.036900 0.704399 0.116490 0.752153 0.111638 0.761294 0.100537 0.761546 0.099094 0.761574 0.096035 0.761373 0.091824 0.760974 0.087106 0.760437 0.082605 0.759845 0.079013 0.759289 0.076878 0.750978 0.066893 0.706632 0.030728 0.698581 0.031546
0 0.801863 0.113108 0.802051 0.116097 0.802612 0.120206 0.803459 0.124814 0.804464 0.129226 0.805477 0.132775 0.806344 0.134924 0.815115 0.143552 0.862346 0.174686 0.870182 0.173076 0.874462 0.169296 0.858179 0.090027 0.810617 0.099796 0.807067 0.104370 0.802077 0.111698
0 0.305040 0.065526 0.315668 0.093653 0.339019 0.152827 0.376380 0.138361 0.353648 0.078948 0.342650 0.050964
0 0.193216 0.549909 0.202071 0.605328 0.242041 0.602583 0.242066 0.596745 0.238168 0.540313 0.234079 0.512341 0.214891 0.513261 0.193843 0.515104
0 0.718719 0.611915 0.747476 0.650347 0.750337 0.652085 0.782734 0.627844 0.753645 0.588967 0.750746 0.587951 0.740624 0.586432 0.739572 0.586867 0.737215 0.588334 0.733913 0.590606 0.730167 0.593340 0.726540 0.596123 0.723582 0.598535 0.721740 0.600210 0.721297 0.600893
0 0.081659 0.485743 0.081887 0.489622 0.082416 0.494210 0.083164 0.498801 0.084018 0.502689 0.084845 0.505281 0.085519 0.506184 0.092755 0.513050 0.097409 0.512901 0.144951 0.506284 0.139438 0.466666 0.135269 0.466281 0.087178 0.472974 0.082192 0.482276 0.081767 0.483164
0 0.372056 0.853933 0.377279 0.902206 0.387668 0.907967 0.390150 0.908143 0.393972 0.908026 0.398552 0.907635 0.403186 0.907029 0.407160 0.906302 0.409869 0.905565 0.410901 0.904931 0.417507 0.897853 0.418450 0.893306 0.413286 0.845585 0.373518 0.849888
0 0.728384 0.441452 0.771065 0.463414 0.774199 0.462991 0.783906 0.459961 0.784702 0.459090 0.786222 0.456712 0.788233 0.453187 0.790430 0.449054 0.792473 0.444947 0.794050 0.441499 0.794919 0.439234 0.794950 0.438498 0.792712 0.427013 0.749538 0.404797 0.746686 0.405885
0 0.438574 0.758498 0.438869 0.759694 0.439876 0.762414 0.441442 0.766245 0.443329 0.770602 0.445245 0.774814 0.446897 0.778235 0.448033 0.780342 0.448479 0.780818 0.459450 0.786414 0.504350 0.766488 0.504250 0.760397 0.488025 0.723836 0.444151 0.743306 0.439280 0.755527
0 0.507126 0.693765 0.507225 0.696466 0.541892 0.717707 0.584373 0.648373 0.583213 0.646333 0.549022 0.625385
0 0.094829 0.011590 0.109836 0.057768 0.114295 0.062822 0.190378 0.038097 0.175543 0.000000 0.108004 0.000000 0.104565 0.001472 0.102517 0.002840
0 0.388237 0.586487 0.408045 0.630818 0.481930 0.597806 0.482137 0.596688 0.462555 0.552864 0.451507 0.548645 0.450733 0.548955 0.448405 0.549965 0.444880 0.551520 0.440692 0.553384 0.404088 0.569739 0.399859 0.571635 0.396219 0.573282 0.393717 0.574430 0.392738 0.574903
