0 0.329812 0.640521 0.341057 0.687756 0.380420 0.678384 0.381786 0.676346 0.370669 0.629651 0.360119 0.623943 0.359411 0.623992 0.357029 0.624458 0.353338 0.625269 0.348899 0.626303 0.344381 0.627402 0.340465 0.628402 0.337745 0.629150 0.336637 0.629533
0 0.027866 0.836540 0.035989 0.845888 0.037973 0.847054 0.041377 0.848481 0.045683 0.849949 0.050227 0.851232 0.054312 0.852134 0.057313 0.852518 0.058774 0.852325 0.066504 0.848554 0.071458 0.844571 0.085710 0.798735 0.047514 0.786859 0.042283 0.790175
0 0.305664 0.964184 0.305722 0.968940 0.305882 0.973449 0.306120 0.977018 0.306399 0.979103 0.314345 0.990047 0.362886 0.988904 0.364453 0.983316 0.363511 0.943327 0.315524 0.944458 0.306107 0.955257 0.305873 0.956778 0.305717 0.959913
0 0.161212 0.591120 0.170651 0.638749 0.182098 0.644773 0.182580 0.644785 0.184797 0.644438 0.188414 0.643783 0.192878 0.642919 0.232477 0.635072 0.237093 0.634135 0.241140 0.633272 0.244000 0.632613 0.245238 0.632260 0.252889 0.621611 0.243558 0.574527 0.165084 0.590079
0 0.188911 0.357449 0.188977 0.358489 0.192107 0.368400 0.195626 0.369904 0.240111 0.387936 0.270163 0.313795 0.267506 0.311643 0.222507 0.293403 0.213157 0.298835 0.212433 0.299422 0.211125 0.301628 0.209433 0.305119 0.207615 0.309363 0.192450 0.346775 0.190790 0.351110 0.189548 0.354859
0 0.422994 0.917787 0.503639 0.926485 0.507988 0.886163 0.507879 0.880867 0.428340 0.872288 0.427344 0.877464
0 0.493673 0.519489 0.542104 0.522955 0.550963 0.515408 0.551096 0.514511 0.551341 0.511911 0.551660 0.508002 0.552004 0.503381 0.554886 0.463115 0.555202 0.458503 0.555441 0.454619 0.555566 0.452057 0.555558 0.451204 0.547880 0.442236 0.499449 0.438770
0 0.179665 0.156120 0.180743 0.157436 0.187492 0.161029 0.197527 0.165693 0.204835 0.168794 0.211407 0.171286 0.214274 0.172162 0.216474 0.172006 0.270227 0.125208 0.270844 0.124515 0.271402 0.122699 0.271817 0.120035 0.272024 0.116929 0.271992 0.113857 0.271726 0.111290 0.271266 0.109618 0.270684 0.109097 0.244920 0.087349 0.243303 0.086092 0.240267 0.084326 0.236272 0.082319 0.231932 0.080380 0.227914 0.078807 0.224834 0.077840 0.223162 0.077627 0.212384 0.082046 0.205948 0.096136 0.193815 0.122725 0.192404 0.125926
0 0.733587 0.672996 0.736210 0.684007 0.748531 0.693370 0.771107 0.710518 0.773991 0.712531 0.802082 0.730936 0.804879 0.728608 0.808180 0.724861 0.813717 0.717243 0.819728 0.708242 0.823105 0.702747 0.825133 0.698882 0.825302 0.697961 0.786716 0.635374 0.785571 0.634458 0.783414 0.633519 0.780571 0.632702 0.777478 0.632131 0.774610 0.631894 0.772404 0.632026 0.771196 0.632508 0.747025 0.653607 0.745632 0.655240 0.743464 0.658081 0.740850 0.661697 0.738184 0.665543 0.735869 0.669039 0.734254 0.671656
0 0.360837 0.748813 0.361005 0.751198 0.361558 0.752646 0.405038 0.811233 0.405719 0.811318 0.409722 0.810713 0.415842 0.809492 0.426280 0.807141 0.435505 0.804824 0.440543 0.803262 0.444320 0.801746 0.437713 0.768955 0.436902 0.765536 0.425083 0.723378 0.415650 0.716844 0.414363 0.717056 0.411499 0.717664 0.407494 0.718576 0.402954 0.719654 0.398565 0.720734 0.394988 0.721655 0.392767 0.722276 0.392244 0.722502 0.364662 0.737189 0.363638 0.738084 0.362598 0.740045 0.361699 0.742773 0.361081 0.745853
0 0.247260 0.832801 0.249906 0.834421 0.254287 0.836037 0.263309 0.838353 0.274021 0.840653 0.280590 0.841814 0.285245 0.842345 0.286385 0.842213 0.330920 0.783402 0.331238 0.781976 0.331236 0.779607 0.330914 0.776655 0.330320 0.773573 0.329547 0.770833 0.328712 0.768854 0.327943 0.767936 0.299062 0.753164 0.297210 0.752512 0.293900 0.751573 0.289638 0.750489 0.285065 0.749426 0.280871 0.748542 0.277692 0.747972 0.276010 0.747803 0.266880 0.754331 0.266360 0.754767 0.262422 0.769169 0.255038 0.796529 0.254225 0.799951
0 0.427746 0.229069 0.428077 0.230312 0.646618 0.330915 0.647293 0.330136 0.680981 0.256954 0.461435 0.155888
0 0.312301 0.330498 0.312609 0.331226 0.384853 0.363121 0.385708 0.362754 0.386922 0.361320 0.388309 0.359037 0.389657 0.356255 0.431287 0.260446 0.432383 0.257605 0.433051 0.255158 0.433191 0.253477 0.432781 0.252818 0.360817 0.220282 0.359978 0.220774 0.358780 0.222314 0.357404 0.224667 0.350486 0.238433 0.318455 0.312149 0.313256 0.326270 0.312528 0.328757
0 0.590758 0.168254 0.593168 0.175696 0.598243 0.181650 0.605210 0.185208 0.613008 0.185829 0.620450 0.183419 0.626403 0.178344 0.629961 0.171377 0.630185 0.170812 0.630808 0.163001 0.628393 0.155546 0.623309 0.149582 0.616331 0.146018 0.608519 0.145395 0.601065 0.147810 0.595101 0.152893 0.591537 0.159872 0.591380 0.160457
0 0.060009 0.722065 0.060759 0.724334 0.062940 0.728135 0.066221 0.732888 0.070098 0.737862 0.073974 0.742290 0.077251 0.745491 0.079431 0.746980 0.089705 0.743962 0.090623 0.743414 0.095376 0.739709 0.097085 0.728346 0.096479 0.726644 0.094820 0.723810 0.092362 0.720276 0.089477 0.716574 0.086600 0.713264 0.084165 0.710847 0.082542 0.709689 0.071148 0.708627 0.070187 0.709097 0.065423 0.712810
0 0.062207 0.877435 0.064390 0.884964 0.069289 0.891084 0.076157 0.894865 0.083949 0.895729 0.091478 0.893545 0.097598 0.888646 0.098290 0.887978 0.102064 0.881122 0.102926 0.873344 0.100747 0.865827 0.095856 0.859718 0.089000 0.855944 0.081222 0.855082 0.073705 0.857261 0.067596 0.862152 0.066851 0.862775 0.063070 0.869643
0 0.548597 0.906836 0.549234 0.917234 0.551803 0.922516 0.552985 0.924190 0.563435 0.927777 0.565683 0.927887 0.569138 0.927092 0.573276 0.925516 0.577469 0.923395 0.581087 0.921052 0.583580 0.918838 0.584571 0.917091 0.588166 0.906403 0.585579 0.901142 0.584466 0.899421 0.576747 0.892604 0.573766 0.892402 0.569151 0.893424 0.563608 0.895515 0.557990 0.898355 0.553161 0.901508 0.549864 0.904487
