0 0.531680 0.221604 0.535374 0.269462 0.544257 0.276041 0.545113 0.276266 0.547665 0.276314 0.551521 0.276181 0.556097 0.275885 0.596069 0.272800 0.600685 0.272386 0.604654 0.271916 0.607376 0.271460 0.608434 0.271088 0.615136 0.263306 0.616467 0.260569 0.612731 0.212159 0.532046 0.218385
0 0.903848 0.661674 0.932820 0.699944 0.942945 0.704622 0.952079 0.705415 0.953425 0.705128 0.956055 0.703759 0.959569 0.701515 0.963430 0.698739 0.967044 0.695856 0.969856 0.693311 0.971437 0.691492 0.975582 0.679914 0.945932 0.640749 0.935740 0.637531
0 0.104602 0.303400 0.110024 0.306096 0.188725 0.320455 0.195905 0.281105 0.191676 0.278061 0.111881 0.263502
0 0.919197 0.898793 0.922774 0.912766 0.924062 0.913872 0.926617 0.915935 0.930050 0.918641 0.933838 0.921576 0.965841 0.946182 0.969392 0.948889 0.972152 0.950944 0.973700 0.952036 0.988198 0.952728 1.000000 0.914235 1.000000 0.905552 0.989303 0.892238 0.988388 0.891520 0.986643 0.890167 0.984337 0.888386 0.948454 0.860740
0 0.514595 0.307010 0.548025 0.328973 0.556811 0.315601 0.557468 0.313469 0.555107 0.302979 0.554411 0.302213 0.552280 0.300551 0.549037 0.298245 0.545176 0.295647 0.541291 0.293157 0.537980 0.291157 0.535748 0.289952 0.534933 0.289725 0.523651 0.291252 0.514764 0.304779
0 0.785534 0.566871 0.810160 0.598516 0.811588 0.598969 0.843378 0.574230 0.818638 0.542440 0.817178 0.542245
0 0.724874 0.651479 0.725909 0.652176 0.766070 0.655300 0.769194 0.615140 0.767961 0.614612 0.727984 0.611502
0 0.561165 0.870403 0.561447 0.872108 0.590028 0.900493 0.618414 0.871912 0.617871 0.870207 0.589420 0.841952
0 0.766570 0.231614 0.766754 0.232537 0.767725 0.234228 0.769338 0.236429 0.771345 0.238805 0.773439 0.240991 0.775300 0.242653 0.776644 0.243538 0.850172 0.245038 0.850921 0.243784 0.853349 0.239200 0.856530 0.232935 0.861478 0.222919 0.865421 0.214669 0.867046 0.210907 0.867647 0.208952 0.837863 0.194009 0.834699 0.192486 0.808755 0.180426 0.795057 0.174067 0.783747 0.177580 0.783031 0.179043 0.781622 0.181935 0.779735 0.185816 0.777659 0.190091 0.775713 0.194102 0.774195 0.197234 0.773337 0.199012 0.773267 0.199168
0 0.714668 0.865823 0.721393 0.898763 0.722191 0.900663 0.723669 0.903890 0.725602 0.907952 0.727693 0.912227 0.729622 0.916057 0.731091 0.918855 0.731878 0.920194 0.743168 0.923722 0.782859 0.904857 0.786013 0.903322 0.815650 0.888376 0.814933 0.886881 0.811532 0.879937 0.806633 0.869963 0.803135 0.862855 0.800059 0.856617 0.798767 0.854005 0.797970 0.852433 0.725324 0.853842 0.724656 0.853903 0.723277 0.854869 0.721395 0.856592 0.719299 0.858812 0.717309 0.861187 0.715730 0.863354 0.714803 0.864982
0 0.135808 0.207105 0.136078 0.210196 0.136747 0.212824 0.137712 0.214590 0.188566 0.263734 0.192784 0.263660 0.196354 0.262759 0.203670 0.260334 0.211218 0.257391 0.220855 0.253047 0.226526 0.249786 0.219701 0.231066 0.214965 0.218093 0.213653 0.214856 0.195671 0.175206 0.194543 0.173949 0.184300 0.169206 0.181898 0.169480 0.178264 0.170445 0.173954 0.171954 0.169628 0.173777 0.165953 0.175633 0.163491 0.177238 0.137476 0.199712 0.136566 0.201429 0.135980 0.204026
0 0.749347 0.337676 0.754526 0.348005 0.794711 0.365365 0.797990 0.366627 0.810539 0.371015 0.829214 0.377479 0.829621 0.377450 0.831717 0.373515 0.833995 0.368503 0.837552 0.359603 0.841271 0.349671 0.843274 0.343929 0.844366 0.340271 0.844339 0.339745 0.792071 0.289170 0.790728 0.288345 0.788400 0.287799 0.785440 0.287616 0.782302 0.287825 0.779467 0.288393 0.777368 0.289232 0.776324 0.290215 0.758134 0.315158 0.757808 0.315790 0.756865 0.318036 0.755450 0.321550 0.753776 0.325799 0.752098 0.330140 0.750667 0.333920 0.749701 0.336567
0 0.556337 0.378181 0.602804 0.443303 0.603992 0.442647 0.643517 0.414445 0.644978 0.403421 0.644635 0.402545 0.643274 0.400301 0.641100 0.397029 0.638445 0.393229 0.635717 0.389485 0.633336 0.386373 0.631665 0.384368 0.630958 0.383773 0.620015 0.381507 0.563576 0.372072 0.556988 0.376772
0 0.329738 0.034098 0.341772 0.063929 0.363195 0.116325 0.365130 0.120979 0.402214 0.105815 0.378911 0.046261 0.367069 0.018833
0 0.848508 0.505216 0.887209 0.515582 0.908438 0.460494 0.913365 0.427650 0.874407 0.417215 0.864085 0.445069 0.849419 0.499715
0 0.100763 0.348505 0.147723 0.414411 0.151749 0.415389 0.158264 0.410747 0.167629 0.354959 0.168012 0.342612 0.167917 0.342072 0.166773 0.340123 0.164756 0.337064 0.162173 0.333358 0.159413 0.329564 0.156892 0.326256 0.154993 0.323934 0.154005 0.322954 0.140306 0.320329
0 0.878903 0.264198 0.925093 0.277257 0.937951 0.270560 0.938780 0.269372 0.939986 0.266589 0.941384 0.262635 0.942761 0.258112 0.943905 0.253717 0.944640 0.250125 0.944855 0.247884 0.941015 0.235746 0.894292 0.222536 0.889786 0.225707
0 0.558065 0.900405 0.558741 0.905067 0.596361 0.920731 0.615158 0.875587 0.613832 0.871264 0.610320 0.862350 0.609321 0.861514 0.606771 0.860098 0.603063 0.858317 0.598756 0.856440 0.594502 0.854752 0.590942 0.853507 0.588614 0.852893 0.587878 0.853006 0.576645 0.855781
0 0.860075 0.335171 0.860897 0.337660 0.862459 0.341228 0.864522 0.345335 0.866777 0.349361 0.868882 0.352699 0.870519 0.354842 0.871439 0.355462 0.880575 0.359367 0.884975 0.357742 0.927860 0.334973 0.908886 0.299235 0.904213 0.301529 0.861818 0.324038 0.860120 0.334142
0 0.803186 0.751350 0.873141 0.771893 0.880165 0.773062 0.941930 0.538037 0.935147 0.535950 0.864423 0.518336
