0 0.526259 0.420983 0.531372 0.429659 0.557398 0.402389 0.557929 0.401486 0.558198 0.401028 0.553014 0.392231 0.526625 0.419882
0 0.431688 0.599456 0.441256 0.603267 0.443919 0.599614 0.444048 0.599240 0.444265 0.598439 0.444538 0.597334 0.444825 0.596092 0.448181 0.581110 0.448440 0.579915 0.448633 0.578942 0.448730 0.578340 0.448716 0.578201 0.447992 0.573198 0.438424 0.569388 0.436220 0.577537 0.433778 0.588438 0.432825 0.592694
0 0.509003 0.767421 0.509039 0.768496 0.522689 0.781052 0.532106 0.762852 0.531978 0.761800 0.518382 0.749293
0 0.449809 0.580775 0.455837 0.588405 0.461560 0.580367 0.461736 0.579999 0.455735 0.572403 0.450039 0.580405
0 0.475775 0.539902 0.475802 0.540385 0.475932 0.540579 0.490995 0.547892 0.491196 0.547763 0.491449 0.547335 0.491717 0.546674 0.492984 0.542789 0.498451 0.521912 0.499252 0.517898 0.499344 0.517188 0.499334 0.516687 0.499223 0.516472 0.484112 0.509339 0.483907 0.509436 0.483649 0.509835 0.483378 0.510477 0.483136 0.511264 0.476030 0.538398 0.475855 0.539204
0 0.562587 0.556925 0.562590 0.557702 0.562649 0.558029 0.564644 0.560310 0.566157 0.561721 0.574538 0.563125 0.575481 0.562147 0.576323 0.553207 0.576339 0.552029 0.576162 0.551908 0.575633 0.551547 0.574939 0.551074 0.574767 0.550958 0.564928 0.549310 0.563270 0.551440 0.563163 0.551622 0.563025 0.552277 0.562878 0.553304 0.562743 0.554546 0.562641 0.555817
0 0.492768 0.391682 0.492801 0.392178 0.507660 0.401891 0.514945 0.382080 0.515013 0.381538 0.500087 0.371780
0 0.502306 0.516963 0.502416 0.517775 0.503670 0.522075 0.519792 0.513713 0.518538 0.509414 0.516163 0.507919 0.515606 0.507646 0.515409 0.507727 0.514889 0.507979 0.514128 0.508362 0.513239 0.508819 0.505529 0.512818 0.504645 0.513280 0.503897 0.513680 0.503399 0.513956 0.503227 0.514066
0 0.550955 0.434632 0.561616 0.457739 0.561847 0.458232 0.562076 0.458710 0.562302 0.459168 0.562523 0.459600 0.562733 0.459998 0.576806 0.448454 0.576858 0.448203 0.576994 0.447538 0.577051 0.447257 0.576851 0.446780 0.576637 0.446289 0.576413 0.445793 0.576183 0.445300 0.575947 0.444815 0.565059 0.422698 0.550966 0.434257
0 0.540580 0.576783 0.541051 0.577671 0.564580 0.609419 0.571723 0.600008 0.571397 0.596197 0.571358 0.596144 0.571057 0.595737 0.570540 0.595039 0.563326 0.585304 0.557459 0.577387 0.551592 0.569471 0.550344 0.567788 0.547641 0.567479 0.542933 0.573681
0 0.521121 0.473694 0.521512 0.477969 0.522525 0.480562 0.523066 0.481839 0.523933 0.482742 0.525645 0.484372 0.528759 0.485527 0.531970 0.485008 0.533828 0.483737 0.534789 0.483016 0.535469 0.481861 0.536787 0.479500 0.537660 0.475347 0.537271 0.471047 0.535682 0.467293 0.533135 0.464636 0.530017 0.463483 0.526805 0.464007 0.523989 0.466129 0.521996 0.469523 0.521988 0.469542
0 0.498433 0.481749 0.524813 0.508651 0.529694 0.500337 0.530221 0.499192 0.503857 0.472306 0.503215 0.473334
0 0.587170 0.608147 0.588178 0.609397 0.604458 0.614353 0.606688 0.601329 0.604849 0.597961 0.604526 0.597776 0.603884 0.597507 0.603022 0.597195 0.602069 0.596888 0.594004 0.594432 0.593102 0.594175 0.592386 0.594006 0.591963 0.593951 0.589375 0.595272
0 0.414598 0.581756 0.415068 0.583876 0.416949 0.592358 0.432852 0.586089 0.433121 0.585745 0.430780 0.575185 0.414940 0.581429
0 0.531242 0.546434 0.546991 0.549762 0.547960 0.549770 0.562078 0.417765 0.561170 0.417185 0.545306 0.414940
0 0.493108 0.481412 0.496661 0.502566 0.512593 0.499053 0.513116 0.498062 0.509639 0.476848 0.493704 0.480488
0 0.425434 0.433194 0.425775 0.433500 0.442091 0.437187 0.450386 0.371925 0.450158 0.371336 0.433767 0.367631
0 0.332947 0.218413 0.337015 0.226622 0.342701 0.237006 0.345837 0.235424 0.346662 0.234786 0.347391 0.233957 0.349494 0.230595 0.347362 0.226465 0.340631 0.213784 0.339695 0.212044
