0 0.443552 0.405911 0.449640 0.416502 0.450101 0.417266 0.452262 0.417406 0.452476 0.417361 0.452956 0.417017 0.453630 0.416425 0.454396 0.415677 0.460962 0.408967 0.461706 0.408172 0.462317 0.407450 0.462703 0.406909 0.462804 0.406633 0.463218 0.403861 0.462878 0.402973 0.456790 0.392382 0.456078 0.392935 0.450776 0.398353 0.446800 0.402416 0.444150 0.405125
0 0.374382 0.475493 0.377804 0.485706 0.379484 0.485902 0.394593 0.476903 0.391218 0.466830 0.389701 0.466368
0 0.391521 0.468274 0.391815 0.469313 0.401878 0.498593 0.402043 0.498529 0.402421 0.498356 0.402954 0.498102 0.403561 0.497804 0.404149 0.497510 0.404628 0.497262 0.404925 0.497101 0.404995 0.497049 0.398079 0.466271 0.397786 0.465234 0.396382 0.463409 0.396265 0.463442 0.395808 0.463643 0.395078 0.463984 0.394188 0.464410 0.393274 0.464858 0.392476 0.465258 0.391917 0.465549 0.391681 0.465686
0 0.457004 0.510016 0.457643 0.513099 0.484802 0.530268 0.484976 0.529923 0.488512 0.519978 0.466691 0.494004 0.465199 0.493061 0.464797 0.492981 0.462694 0.494013 0.462563 0.494234 0.462289 0.494880 0.461914 0.495852 0.461494 0.497004 0.457925 0.507039 0.457527 0.508190 0.457212 0.509159 0.457028 0.509800
0 0.546541 0.402729 0.549799 0.424307 0.598349 0.411275 0.598800 0.410867 0.595527 0.389190 0.546755 0.402282
0 0.475817 0.552687 0.478224 0.557094 0.480722 0.561653 0.482625 0.559938 0.487356 0.554978 0.482477 0.546059 0.480589 0.547803
0 0.509829 0.401874 0.539434 0.421600 0.539616 0.421240 0.547047 0.401412 0.517305 0.381595 0.509874 0.401423
0 0.499508 0.587008 0.499553 0.588090 0.499647 0.589432 0.499775 0.590828 0.499918 0.592062 0.499999 0.592591 0.500097 0.593106 0.500162 0.593344 0.516727 0.592163 0.524972 0.590883 0.525010 0.590686 0.524978 0.589770 0.524880 0.588274 0.524732 0.586428 0.524555 0.584508 0.524377 0.582804 0.524225 0.581571 0.524120 0.580998 0.515893 0.582282 0.499583 0.586214 0.499519 0.586349
0 0.497972 0.461085 0.498944 0.465193 0.498954 0.465217 0.501031 0.468515 0.503896 0.470500 0.506088 0.470869 0.507184 0.470996 0.508233 0.470553 0.510193 0.469572 0.512669 0.466801 0.514163 0.462977 0.514445 0.460236 0.514542 0.458773 0.514213 0.457372 0.513483 0.454570 0.511408 0.451265 0.511390 0.451251 0.508525 0.449260 0.505306 0.448886 0.502222 0.450186 0.499746 0.452962 0.498253 0.456790
0 0.549033 0.546568 0.553787 0.567701 0.554035 0.568013 0.569958 0.561645 0.565182 0.540413 0.564883 0.540228
0 0.539326 0.570425 0.539507 0.570749 0.569270 0.590509 0.572975 0.580588 0.572641 0.580219 0.543014 0.560549
0 0.562426 0.480198 0.562440 0.480398 0.563700 0.489882 0.565320 0.490349 0.569429 0.482411 0.569514 0.482215 0.569641 0.481671 0.569777 0.480928 0.569884 0.480183 0.569935 0.479638 0.569915 0.479439 0.568672 0.474714 0.565987 0.473940 0.565517 0.473980 0.562926 0.477425 0.562846 0.477626 0.562723 0.478170 0.562589 0.478912 0.562480 0.479654
0 0.511679 0.492205 0.524986 0.505253 0.525086 0.505274 0.526069 0.503493 0.529999 0.496368 0.516639 0.483267 0.516572 0.483334
0 0.477921 0.501185 0.479199 0.503023 0.488996 0.515850 0.547980 0.438170 0.538974 0.424304 0.537470 0.422764
0 0.416014 0.380715 0.416974 0.382078 0.449643 0.388447 0.451076 0.375379 0.450510 0.373939 0.449422 0.371879 0.449167 0.371673 0.448575 0.371424 0.447734 0.371172 0.446774 0.370953 0.438532 0.369346 0.430289 0.367739 0.422047 0.366133 0.421121 0.365983 0.420379 0.365928 0.419933 0.365973 0.417464 0.367496
0 0.571094 0.448713 0.572973 0.470635 0.589414 0.468129 0.589826 0.467983 0.587938 0.445960 0.571422 0.448477
