0 0.559056 0.400276 0.574914 0.406579 0.575259 0.406149 0.580008 0.384907 0.564077 0.378575 0.563783 0.379131
0 0.539079 0.426883 0.555620 0.427555 0.555876 0.427221 0.556129 0.416143 0.539512 0.415469 0.539331 0.415856
0 0.541443 0.405463 0.541536 0.405677 0.549569 0.412646 0.551778 0.412696 0.552079 0.412346 0.552528 0.411428 0.553057 0.410082 0.553585 0.408513 0.554033 0.406955 0.554335 0.405643 0.554442 0.404776 0.554340 0.404489 0.552766 0.402390 0.543438 0.399530 0.543202 0.399777 0.542856 0.400456 0.542452 0.401465 0.542054 0.402648 0.541722 0.403824 0.541508 0.404813
0 0.452672 0.379667 0.452889 0.380218 0.457615 0.389274 0.464407 0.382972 0.464243 0.382433 0.459495 0.373336
0 0.457491 0.561626 0.457575 0.562854 0.457901 0.563567 0.459376 0.565455 0.460454 0.565977 0.461098 0.566085 0.463002 0.564738 0.463472 0.564328 0.463955 0.563506 0.464380 0.562397 0.464681 0.561168 0.464814 0.560005 0.464758 0.559084 0.464021 0.556678 0.463625 0.555775 0.462548 0.555261 0.461908 0.555131 0.459924 0.555318 0.459292 0.555850 0.458640 0.556940 0.458068 0.558423 0.457664 0.560069
0 0.480201 0.509852 0.480482 0.514150 0.481974 0.517977 0.484452 0.520752 0.487537 0.522051 0.490760 0.521677 0.493631 0.519688 0.495711 0.516384 0.495729 0.516319 0.496699 0.512222 0.496515 0.509395 0.496414 0.507955 0.495915 0.506647 0.494933 0.504129 0.492466 0.501365 0.489393 0.500072 0.489351 0.500072 0.487222 0.500319 0.486128 0.500446 0.485153 0.501121 0.483257 0.502436 0.481176 0.505739
0 0.460632 0.493178 0.468767 0.495687 0.469124 0.495736 0.471356 0.482869 0.469971 0.479980 0.469747 0.479897 0.469185 0.479712 0.468373 0.479453 0.467432 0.479160 0.466510 0.478878 0.465746 0.478651 0.465257 0.478512 0.465118 0.478484 0.462890 0.480162
0 0.587561 0.666978 0.589893 0.675825 0.589946 0.676004 0.590204 0.676590 0.590627 0.677494 0.591152 0.678579 0.591698 0.679678 0.592181 0.680623 0.592526 0.681267 0.592682 0.681514 0.595111 0.682127 0.597719 0.679851 0.603216 0.674979 0.608956 0.669812 0.608683 0.669239 0.607735 0.667321 0.606437 0.664712 0.605541 0.662918 0.604783 0.661411 0.604487 0.660830 0.604396 0.660681 0.589410 0.663304 0.589304 0.663409 0.589073 0.663778 0.588752 0.664355 0.588391 0.665053 0.588043 0.665764 0.587764 0.666379 0.587595 0.666806
0 0.506404 0.578459 0.506438 0.579087 0.507353 0.582505 0.509621 0.584354 0.510062 0.584511 0.510468 0.584304 0.511080 0.583826 0.515343 0.579189 0.518121 0.576128 0.518302 0.575634 0.518167 0.575077 0.514739 0.569431 0.514366 0.569152 0.513985 0.569313 0.512980 0.570055 0.510317 0.573318 0.506622 0.577942
0 0.399810 0.501568 0.404424 0.504012 0.423122 0.510256 0.424647 0.507348 0.425021 0.506388 0.425327 0.505187 0.425516 0.503930 0.425560 0.502809 0.425282 0.499514 0.422760 0.498340 0.403493 0.491455 0.401949 0.490928
0 0.583932 0.494533 0.584073 0.495565 0.584886 0.497940 0.585308 0.498654 0.586004 0.499358 0.586869 0.499944 0.587770 0.500326 0.588574 0.500443 0.589157 0.500279 0.591181 0.499454 0.591640 0.498749 0.592108 0.497372 0.592116 0.494659 0.592015 0.493831 0.591458 0.492870 0.590530 0.491924 0.589372 0.491139 0.588164 0.490634 0.587090 0.490488 0.586316 0.490722 0.584849 0.492444 0.584404 0.493161
0 0.407106 0.577226 0.411657 0.586500 0.439480 0.562230 0.439758 0.561945 0.435228 0.552713 0.434929 0.552956
0 0.445821 0.414537 0.445829 0.415400 0.445871 0.416225 0.445941 0.416887 0.446028 0.417285 0.446120 0.417358 0.470030 0.419012 0.470854 0.418994 0.472579 0.417852 0.472670 0.417459 0.472734 0.416624 0.472763 0.415475 0.472752 0.414185 0.472703 0.412949 0.472623 0.411954 0.472524 0.411350 0.472422 0.411232 0.470641 0.410168 0.469815 0.410188 0.445992 0.412956 0.445910 0.413214 0.445850 0.413769
0 0.475972 0.501653 0.476171 0.502046 0.476320 0.502339 0.484517 0.503269 0.486241 0.481646 0.486110 0.481318 0.485934 0.480880 0.482651 0.480518 0.477734 0.479976
0 0.558993 0.453691 0.560143 0.454299 0.565508 0.457132 0.566656 0.457738 0.582354 0.464551 0.582461 0.464539 0.582659 0.464322 0.582847 0.464011 0.583246 0.463071 0.583670 0.461853 0.584053 0.460543 0.584338 0.459344 0.584480 0.458440 0.584457 0.457967 0.569542 0.448593 0.563018 0.445141 0.561865 0.444531 0.561658 0.444600 0.561264 0.445354 0.560745 0.446676 0.560179 0.448364 0.559652 0.450165 0.559241 0.451809 0.559010 0.453047
