0 0.417963 0.000000 0.423737 0.067641 0.424412 0.067976 0.426199 0.068172 0.428824 0.068199 0.431890 0.068053 0.535620 0.060564 0.538680 0.060267 0.541290 0.059862 0.543053 0.059410 0.543699 0.058980 0.537925 0.000000
0 0.341939 0.295284 0.341997 0.296069 0.421490 0.306568 0.421639 0.306133 0.421924 0.304556 0.422302 0.302080 0.422717 0.299079 0.436335 0.195974 0.436724 0.192886 0.437033 0.190159 0.437214 0.188207 0.437239 0.187329 0.357746 0.176829 0.357541 0.177151 0.357207 0.178637 0.356795 0.181061 0.354622 0.195657 0.344087 0.275424 0.342312 0.290719 0.342049 0.293406
0 0.104552 0.357070 0.104657 0.358659 0.105059 0.361125 0.105696 0.364095 0.129678 0.465782 0.130449 0.468781 0.131231 0.471333 0.131904 0.473047 0.132367 0.473665 0.210409 0.455259 0.210523 0.454705 0.210340 0.453049 0.209887 0.450546 0.209235 0.447575 0.185362 0.346352 0.184605 0.343345 0.183852 0.340740 0.183219 0.338931 0.182801 0.338196 0.104759 0.356602
0 0.841659 0.848226 0.888653 0.913194 0.889489 0.913198 0.891190 0.912485 0.893497 0.911163 0.896058 0.909432 0.980710 0.848199 0.983118 0.846336 0.984989 0.844637 0.986037 0.843361 0.986106 0.842702 0.939112 0.777734 0.938233 0.777848 0.936502 0.778659 0.934182 0.780042 0.931626 0.781788 0.847360 0.842741 0.844939 0.844595 0.843006 0.846288 0.841854 0.847563
0 0.388325 0.168637 0.390444 0.183140 0.393765 0.205867 0.395900 0.220477 0.427907 0.244255 0.452072 0.215881 0.457569 0.195848 0.449597 0.143602 0.417439 0.119856 0.392978 0.148038
0 0.181924 0.321241 0.184285 0.353444 0.206469 0.405840 0.226621 0.426810 0.268571 0.410152 0.270726 0.390392 0.270998 0.387218 0.270333 0.383090 0.268829 0.378641 0.246565 0.326055 0.244459 0.321980 0.242081 0.318918 0.224135 0.305199
0 0.510832 0.541430 0.535550 0.556601 0.584807 0.586261 0.608544 0.600268 0.633506 0.558812 0.623863 0.543003 0.623237 0.542584 0.621123 0.541276 0.617841 0.539276 0.613893 0.536889 0.564867 0.507369 0.560871 0.504971 0.557455 0.502937 0.555141 0.501579 0.554279 0.501102 0.535795 0.499975
0 0.702683 0.376869 0.741874 0.384872 0.742985 0.384343 0.751025 0.344972 0.711654 0.336932 0.710686 0.337678
0 0.457319 0.095009 0.457514 0.096866 0.468541 0.135417 0.507093 0.124390 0.507126 0.122660 0.496048 0.083932
0 0.117949 0.296445 0.119696 0.297376 0.155141 0.315914 0.173679 0.280470 0.172180 0.279461 0.136573 0.260838
0 0.900944 0.624970 0.918881 0.660832 0.920808 0.661573 0.956836 0.643554 0.938817 0.607527 0.936807 0.607033
0 0.233702 0.972675 0.257681 1.000000 0.258789 1.000000 0.289926 0.980940 0.290886 0.978742 0.267017 0.946644 0.234919 0.970514
0 0.350103 0.063922 0.377247 0.108160 0.381169 0.114439 0.392838 0.133075 0.397182 0.131323 0.404459 0.127136 0.415695 0.120195 0.422782 0.115507 0.426550 0.112248 0.426217 0.111206 0.417799 0.096908 0.384336 0.042755 0.372963 0.039628 0.371971 0.039585 0.369561 0.040518 0.366098 0.042286 0.362110 0.044621 0.358212 0.047163 0.355001 0.049521 0.352969 0.051336 0.352422 0.052330
0 0.369608 0.509361 0.377057 0.522716 0.391232 0.547913 0.393050 0.550909 0.410952 0.578719 0.411692 0.578557 0.417784 0.575075 0.427054 0.569538 0.433898 0.565348 0.440144 0.561422 0.442937 0.559598 0.445339 0.557757 0.436315 0.485908 0.435433 0.484418 0.433692 0.482554 0.431358 0.480601 0.428786 0.478858 0.426373 0.477593 0.424485 0.476998 0.423411 0.477162 0.392207 0.485780 0.390731 0.486398 0.387925 0.487881 0.384215 0.490002 0.380170 0.492438 0.376413 0.494814 0.373518 0.496764 0.371929 0.497992
0 0.878084 0.181023 0.882838 0.185647 0.891309 0.192015 0.898095 0.196429 0.904811 0.200176 0.908182 0.201652 0.912489 0.202161 0.972238 0.165196 0.973593 0.163571 0.974826 0.161070 0.975747 0.158073 0.976214 0.155039 0.976157 0.152434 0.975585 0.150654 0.955068 0.122703 0.953054 0.120487 0.949881 0.117826 0.946036 0.115128 0.942110 0.112810 0.938705 0.111225 0.936342 0.110615 0.925377 0.113029 0.923838 0.114413 0.898015 0.149396 0.896059 0.152284 0.878868 0.179726
0 0.479172 0.513247 0.486750 0.516086 0.549441 0.487898 0.549829 0.487021 0.550805 0.484550 0.552221 0.480861 0.553861 0.476515 0.555472 0.472183 0.556808 0.468528 0.557663 0.466110 0.557909 0.465294 0.553031 0.454499 0.507562 0.437465
0 0.616468 0.486070 0.649080 0.509342 0.684829 0.462859 0.703013 0.435219 0.670185 0.411791 0.652456 0.435413 0.619584 0.481464
0 0.281072 0.126077 0.283574 0.130350 0.316573 0.165208 0.327239 0.163961 0.328133 0.163773 0.330220 0.162354 0.333181 0.159922 0.336567 0.156847 0.365682 0.129285 0.368990 0.126022 0.371729 0.123058 0.373483 0.120841 0.373983 0.119709 0.374669 0.110210 0.373221 0.105703 0.339840 0.070442
