0 0.411033 0.383615 0.411668 0.387841 0.413468 0.391421 0.413524 0.391491 0.416213 0.393879 0.419382 0.394713 0.421704 0.394463 0.422777 0.394176 0.423685 0.393364 0.425233 0.391467 0.427024 0.387882 0.427649 0.383656 0.427443 0.381216 0.427228 0.379786 0.426619 0.378574 0.425215 0.375855 0.425167 0.375775 0.422476 0.373386 0.419305 0.372551 0.416135 0.373399 0.413450 0.375799 0.411659 0.379387
0 0.529542 0.206415 0.530308 0.217391 0.531427 0.217700 0.543054 0.216235 0.549235 0.213188 0.548464 0.202140 0.541803 0.200099
0 0.469203 0.489407 0.499392 0.507983 0.502875 0.497920 0.472686 0.479344
0 0.498292 0.644867 0.498330 0.644993 0.498658 0.645416 0.499226 0.646073 0.499948 0.646863 0.500714 0.647666 0.501405 0.648358 0.501916 0.648832 0.502169 0.649018 0.503903 0.647842 0.504415 0.646963 0.517915 0.620155 0.517873 0.620094 0.517639 0.619834 0.517251 0.619415 0.516767 0.618901 0.516261 0.618371 0.515809 0.617903 0.515479 0.617569 0.515323 0.617420 0.499244 0.641435 0.498733 0.642312
0 0.460092 0.604193 0.469445 0.608981 0.471863 0.607131 0.471894 0.607036 0.472056 0.606483 0.472326 0.605554 0.472661 0.604391 0.473011 0.603173 0.473322 0.602088 0.473545 0.601301 0.473648 0.600931 0.472753 0.597461 0.463506 0.592728 0.463085 0.593800
0 0.519685 0.504031 0.527823 0.505866 0.527951 0.505893 0.530717 0.484091 0.522541 0.482247 0.522438 0.482328
0 0.489216 0.411908 0.504059 0.421615 0.504333 0.420968 0.507725 0.411750 0.508358 0.409949 0.508265 0.409510 0.507796 0.409045 0.494454 0.400319 0.493875 0.400098 0.493520 0.400245 0.492292 0.402851
0 0.568903 0.598572 0.573877 0.610117 0.579628 0.607081 0.589915 0.599200 0.594285 0.594483 0.589310 0.582939 0.585492 0.583145 0.585214 0.583161 0.584651 0.583427 0.583888 0.583900 0.583040 0.584511 0.572872 0.592301 0.572065 0.592957 0.571419 0.593564 0.571030 0.594027
0 0.421703 0.494994 0.469660 0.513005 0.470055 0.511718 0.474170 0.491349 0.426104 0.473298 0.425512 0.474424
0 0.399461 0.538666 0.399646 0.539314 0.400009 0.540458 0.400494 0.541923 0.401027 0.543490 0.401529 0.544921 0.401924 0.546003 0.402152 0.546569 0.404393 0.546412 0.412483 0.539157 0.412516 0.539119 0.412392 0.538633 0.412131 0.537771 0.411772 0.536665 0.411370 0.535485 0.410987 0.534411 0.410681 0.533608 0.410499 0.533199 0.401060 0.536472 0.399481 0.538615
0 0.450464 0.393387 0.450691 0.393876 0.463524 0.407805 0.473971 0.390693 0.473851 0.390190 0.460959 0.376197
