0 0.527623 0.427000 0.527671 0.430429 0.528222 0.437440 0.532277 0.437536 0.536532 0.436821 0.536512 0.433383 0.535890 0.426384
0 0.458272 0.397446 0.458439 0.397856 0.472073 0.410266 0.481380 0.392087 0.481305 0.391653 0.467616 0.379194
0 0.420554 0.551176 0.421939 0.564407 0.424275 0.566060 0.424363 0.566112 0.424815 0.566087 0.425561 0.565987 0.426488 0.565828 0.427455 0.565635 0.428311 0.565436 0.428927 0.565263 0.429208 0.565142 0.431006 0.562150 0.429637 0.549070 0.421462 0.550591
0 0.578236 0.576423 0.578491 0.580706 0.579458 0.583233 0.580093 0.584678 0.580788 0.585480 0.582407 0.587321 0.582739 0.587672 0.585816 0.589003 0.589041 0.588662 0.591923 0.586701 0.592636 0.585587 0.594023 0.583419 0.595021 0.579316 0.594765 0.575015 0.593295 0.571173 0.592459 0.570222 0.590833 0.568373 0.590470 0.568100 0.587404 0.566774 0.584192 0.567114 0.582297 0.568404 0.581462 0.569186 0.580612 0.570177 0.579231 0.572336
0 0.481601 0.397195 0.481675 0.397606 0.495683 0.409251 0.504417 0.390574 0.504435 0.390134 0.490370 0.378442
0 0.417583 0.609749 0.426477 0.628412 0.440474 0.616553 0.440746 0.616021 0.431893 0.597443 0.417960 0.609247
0 0.579561 0.537152 0.584719 0.545777 0.585900 0.546414 0.589210 0.546912 0.597690 0.548186 0.604249 0.541212 0.599018 0.532466 0.597657 0.532021 0.586030 0.530274
0 0.416064 0.506611 0.416335 0.511149 0.417125 0.514290 0.418706 0.520571 0.419497 0.523712 0.421334 0.527549 0.421533 0.527466 0.421939 0.527290 0.422491 0.527047 0.423105 0.526773 0.434746 0.521554 0.429480 0.500633 0.429099 0.500661 0.421235 0.504186 0.416829 0.506202 0.416368 0.506424 0.416099 0.506568
0 0.391691 0.417981 0.392710 0.418940 0.393201 0.419312 0.410119 0.422757 0.419670 0.404739 0.411587 0.384626 0.411180 0.384095 0.410161 0.383136
0 0.426048 0.457553 0.426052 0.458078 0.426191 0.458784 0.426445 0.459562 0.426774 0.460294 0.427128 0.460866 0.427453 0.461193 0.441444 0.467020 0.442147 0.466528 0.442701 0.465883 0.443806 0.464404 0.444925 0.462758 0.446324 0.460496 0.447112 0.458974 0.446988 0.458728 0.442087 0.452568 0.441546 0.451931 0.434573 0.444371 0.434310 0.444162 0.431968 0.444257 0.431574 0.444603 0.431009 0.445275 0.430360 0.446169 0.429726 0.447149 0.429205 0.448065 0.428877 0.448775
