0 0.065717 0.677981 0.266454 0.811527 0.267522 0.810102 0.311834 0.743495 0.112014 0.610560 0.110232 0.611068
0 0.786924 0.145129 0.975951 0.293009 0.978137 0.292059 1.000000 0.244134 1.000000 0.219907 0.976393 0.197212 0.837761 0.080200 0.836217 0.082119
0 0.458231 0.131638 0.486698 0.137575 0.527158 0.141832 0.542956 0.143494 0.571664 0.143574 0.576728 0.095449 0.560462 0.084563 0.557915 0.083820 0.554043 0.083095 0.549437 0.082499 0.492524 0.076511 0.487907 0.076136 0.484004 0.076043 0.481410 0.076244 0.463295 0.083512
0 0.623433 0.619626 0.636744 0.697338 0.637358 0.697837 0.639087 0.698063 0.641668 0.697980 0.656608 0.696436 0.735929 0.683466 0.750996 0.680103 0.753624 0.679334 0.755425 0.678531 0.756123 0.677817 0.742123 0.600218 0.741601 0.599638 0.739951 0.599343 0.737423 0.599378 0.734404 0.599739 0.631311 0.616597 0.628279 0.617225 0.625717 0.618022 0.624016 0.618865
0 0.410618 0.273730 0.450060 0.339447 0.451028 0.339938 0.452899 0.339725 0.455390 0.338843 0.469042 0.332304 0.538079 0.291147 0.550544 0.282117 0.552587 0.280296 0.553788 0.278677 0.553962 0.277506 0.513921 0.212146 0.513012 0.211549 0.511189 0.211669 0.508731 0.212488 0.506012 0.213881 0.416285 0.267373 0.413737 0.269119 0.411765 0.270941 0.410671 0.272560
0 0.059259 0.776869 0.059331 0.777561 0.131421 0.812122 0.131971 0.811677 0.132975 0.810194 0.134280 0.807902 0.135687 0.805148 0.136985 0.802349 0.176157 0.712999 0.177172 0.710523 0.177737 0.708774 0.177766 0.708018 0.105083 0.673293 0.104505 0.673618 0.103468 0.675004 0.102132 0.677243 0.100699 0.679993 0.099389 0.682834 0.060702 0.772738 0.059740 0.775176
0 0.909364 0.926014 0.914096 0.930939 0.945770 0.956118 0.975985 0.918109 0.972271 0.904008 0.970930 0.902904 0.968362 0.900830 0.964957 0.898103 0.961233 0.895135 0.957749 0.892373 0.955033 0.890235 0.953496 0.889045 0.953376 0.888987 0.939233 0.888440
0 0.241568 0.451200 0.241900 0.453694 0.242639 0.457474 0.243671 0.461966 0.244838 0.466477 0.245960 0.470315 0.246866 0.472893 0.247418 0.473821 0.256231 0.479491 0.259017 0.479725 0.305646 0.468335 0.296155 0.429477 0.293798 0.428662 0.246630 0.440184 0.241691 0.450373
0 0.016553 0.630608 0.038679 0.664716 0.045021 0.662452 0.078661 0.640630 0.056838 0.606991 0.050661 0.608482
0 0.347069 0.354882 0.347946 0.367456 0.348415 0.367911 0.350155 0.369561 0.352902 0.372155 0.356238 0.375299 0.359650 0.378508 0.362613 0.381289 0.364674 0.383218 0.365521 0.384001 0.377941 0.383959 0.410843 0.349009 0.409812 0.347264 0.380351 0.319529
0 0.174791 0.117587 0.193438 0.162418 0.196942 0.166276 0.233874 0.150914 0.215440 0.106595 0.212150 0.102047 0.203092 0.099531 0.201851 0.099355 0.199095 0.099913 0.195243 0.101121 0.190883 0.102796 0.186686 0.104681 0.183297 0.106484 0.181233 0.107931
0 0.091254 0.898669 0.091465 0.903398 0.094239 0.943672 0.094664 0.948178 0.095237 0.951757 0.095871 0.953865 0.103269 0.964290 0.151709 0.960953 0.155689 0.955685 0.150192 0.875875 0.102305 0.879173 0.097708 0.883557 0.092044 0.889967 0.091568 0.891400 0.091290 0.894455
0 0.146408 0.302138 0.147381 0.304202 0.149503 0.307872 0.154359 0.315672 0.160341 0.325040 0.164128 0.330843 0.166953 0.335025 0.167771 0.336113 0.240519 0.326339 0.241790 0.325351 0.243480 0.323521 0.245331 0.321130 0.247060 0.318542 0.248402 0.316155 0.249152 0.314332 0.249197 0.313353 0.239078 0.281962 0.239049 0.281883 0.238057 0.280276 0.236249 0.277382 0.233900 0.273640 0.231371 0.269625 0.229050 0.265953 0.227293 0.263188 0.226368 0.261752 0.214771 0.259540 0.201812 0.267316 0.177282 0.282075 0.174306 0.283939
