0 0.714180 0.619426 0.714599 0.637026 0.714704 0.641426 0.719726 0.644734 0.739989 0.643876 0.741060 0.641223 0.740659 0.624376 0.740632 0.623253 0.739453 0.621362 0.735054 0.619132 0.733979 0.618588
0 0.556004 0.527779 0.556261 0.527907 0.588970 0.535865 0.591954 0.514060 0.559246 0.506101 0.558975 0.506073
0 0.571693 0.446490 0.588162 0.448634 0.588568 0.448397 0.590184 0.426336 0.573638 0.424182 0.573301 0.424530
0 0.476056 0.383108 0.476275 0.384178 0.476951 0.384991 0.480841 0.389077 0.483435 0.391800 0.484065 0.392358 0.486405 0.391580 0.486540 0.391524 0.486889 0.391081 0.487397 0.390319 0.487988 0.389352 0.493106 0.380687 0.493692 0.379660 0.494186 0.378727 0.494513 0.378026 0.494623 0.377667 0.494238 0.373893 0.486376 0.365636 0.485844 0.366356 0.482744 0.371603 0.478611 0.378600 0.476545 0.382098
0 0.569462 0.462224 0.585769 0.465647 0.586760 0.465249 0.588318 0.452053 0.586372 0.449555 0.585934 0.449386 0.585198 0.449180 0.584275 0.448969 0.583309 0.448784 0.582446 0.448654 0.581820 0.448600 0.581525 0.448628 0.579155 0.450890 0.569718 0.460050
0 0.411472 0.556136 0.411518 0.557186 0.411605 0.557850 0.412953 0.560680 0.423086 0.561024 0.424844 0.559629 0.425054 0.548628 0.415153 0.548292 0.413168 0.549421 0.411846 0.551312 0.411723 0.551637 0.411609 0.552425 0.411521 0.553558 0.411473 0.554862
0 0.443350 0.380628 0.444933 0.384411 0.447936 0.391514 0.448314 0.392331 0.451998 0.399781 0.452227 0.400046 0.453538 0.399314 0.455470 0.397879 0.456869 0.396682 0.458119 0.395453 0.458659 0.394808 0.459051 0.393887 0.457219 0.374607 0.457013 0.374107 0.456636 0.373532 0.456145 0.372970 0.455615 0.372508 0.455128 0.372216 0.454759 0.372138 0.447679 0.374268 0.447071 0.374555 0.446290 0.375070 0.445455 0.375734 0.444695 0.376446 0.444127 0.377095 0.443837 0.377582
0 0.410313 0.568010 0.411597 0.572107 0.416737 0.588497 0.417099 0.588303 0.417483 0.588094 0.417880 0.587875 0.418284 0.587648 0.418693 0.587416 0.437512 0.576641 0.431129 0.556288 0.431102 0.556262 0.412330 0.566727 0.411925 0.566953 0.411524 0.567179 0.411128 0.567403 0.410746 0.567621 0.410383 0.567829 0.410368 0.567867 0.410327 0.567971
0 0.502795 0.397928 0.503581 0.402065 0.505507 0.405497 0.508281 0.407698 0.511479 0.408334 0.514615 0.407307 0.517208 0.404774 0.518865 0.401123 0.518900 0.400899 0.518962 0.400501 0.519122 0.399065 0.519351 0.396796 0.518561 0.392660 0.516632 0.389234 0.514869 0.387234 0.513925 0.386486 0.512837 0.386270 0.510665 0.386401 0.507532 0.387425 0.504938 0.389952 0.503877 0.391825 0.503311 0.393068 0.503149 0.394503 0.502802 0.397814
0 0.430212 0.429072 0.433566 0.439234 0.435310 0.444359 0.435577 0.445142 0.435823 0.445819 0.436012 0.446287 0.436115 0.446474 0.439482 0.445712 0.441758 0.444381 0.448583 0.440388 0.451283 0.437600 0.451270 0.437487 0.451158 0.437084 0.450964 0.436452 0.450717 0.435687 0.445664 0.420458 0.445438 0.420165
0 0.407323 0.599652 0.413292 0.607365 0.413690 0.606873 0.419448 0.598951 0.413506 0.591274 0.413108 0.591694
0 0.424570 0.602933 0.424575 0.603017 0.424840 0.606768 0.433611 0.613543 0.435128 0.610948 0.439266 0.601425 0.430695 0.594805 0.427938 0.596086 0.427100 0.597203 0.426907 0.597555 0.426549 0.598297 0.426083 0.599318 0.425578 0.600460 0.425113 0.601550 0.424759 0.602418
0 0.411360 0.514118 0.411511 0.514359 0.411882 0.514658 0.412416 0.514971 0.415454 0.516438 0.431361 0.522700 0.434339 0.523602 0.434850 0.523700 0.435187 0.523680 0.435299 0.523543 0.440206 0.502933 0.440080 0.502684 0.439731 0.502377 0.439212 0.502059 0.438602 0.501779 0.417928 0.493640 0.417325 0.493443 0.416823 0.493359 0.416501 0.493401 0.416405 0.493563
0 0.481034 0.590340 0.481036 0.590416 0.481538 0.590818 0.482467 0.591487 0.483681 0.592320 0.484993 0.593190 0.486200 0.593961 0.487117 0.594516 0.487604 0.594770 0.490748 0.586300 0.491302 0.584807 0.497768 0.564317 0.497753 0.564307 0.497589 0.564198 0.497431 0.564093 0.495919 0.563090 0.494095 0.561881 0.493414 0.561430 0.493028 0.561175 0.493017 0.561168 0.484729 0.580400 0.481588 0.588848
