0 0.430154 0.594873 0.435759 0.606115 0.436387 0.605616 0.442015 0.600628 0.443340 0.598328 0.443571 0.596802 0.439002 0.587637 0.435832 0.586486 0.435759 0.586511 0.435382 0.586812 0.434760 0.587342 0.433986 0.588020 0.433177 0.588745 0.432456 0.589406 0.431932 0.589904 0.431684 0.590162 0.430890 0.591211
0 0.474858 0.472798 0.488003 0.499509 0.488503 0.500388 0.488577 0.500480 0.490276 0.501678 0.490620 0.501441 0.491202 0.500937 0.491933 0.500242 0.492704 0.499462 0.493397 0.498714 0.493908 0.498111 0.494160 0.497745 0.493753 0.495238 0.493254 0.494360 0.493189 0.494258 0.477444 0.470179 0.477204 0.470311 0.476807 0.470629 0.476313 0.471083 0.475797 0.471605 0.475340 0.472114 0.475010 0.472533
0 0.398458 0.414286 0.398479 0.415584 0.398551 0.416727 0.398662 0.417541 0.398795 0.417902 0.399975 0.419667 0.401118 0.420585 0.411023 0.420654 0.411066 0.409649 0.410038 0.408604 0.400019 0.408534 0.398686 0.411397 0.398570 0.412019 0.398489 0.413034
0 0.712739 0.420353 0.712868 0.421801 0.713404 0.423073 0.715074 0.425327 0.717613 0.427991 0.720724 0.429156 0.722189 0.429027 0.723275 0.428854 0.724076 0.428599 0.726895 0.426490 0.728893 0.423102 0.729768 0.418953 0.729385 0.414673 0.727803 0.410914 0.725262 0.408250 0.722150 0.407083 0.718940 0.407595 0.718799 0.407654 0.718158 0.407925 0.717204 0.408638 0.715982 0.409762 0.713984 0.413147 0.713110 0.417294
0 0.582318 0.597630 0.582392 0.599176 0.582587 0.600300 0.582874 0.600832 0.584813 0.602158 0.586026 0.602293 0.586437 0.602115 0.588147 0.600172 0.588390 0.599581 0.588593 0.598594 0.588727 0.597362 0.588771 0.596070 0.588719 0.594914 0.588578 0.594069 0.588370 0.593662 0.586808 0.591280 0.585597 0.591152 0.585184 0.591307 0.583171 0.592162 0.582839 0.592939 0.582560 0.594252 0.582377 0.595899
0 0.388725 0.568243 0.402654 0.580243 0.403099 0.579876 0.429975 0.524413 0.416109 0.512468 0.415724 0.512526
0 0.510611 0.566328 0.510654 0.566595 0.526910 0.570966 0.530188 0.549290 0.530068 0.549093 0.513876 0.544740
0 0.447234 0.519133 0.448201 0.524589 0.448499 0.525824 0.449129 0.526813 0.449995 0.527405 0.450964 0.527510 0.455274 0.527633 0.459222 0.526239 0.460148 0.525841 0.460239 0.525782 0.460245 0.525778 0.460985 0.524940 0.461428 0.523789 0.461507 0.522499 0.461737 0.516874 0.460555 0.511516 0.460258 0.510284 0.459630 0.509298 0.458766 0.508707 0.457799 0.508602 0.453715 0.508393 0.453609 0.508413 0.449438 0.509895 0.448512 0.510292 0.447770 0.511132 0.447326 0.512286 0.447247 0.513579
0 0.475180 0.748310 0.475197 0.748435 0.491355 0.753665 0.492582 0.753953 0.499540 0.755582 0.499629 0.755087 0.499798 0.753899 0.500021 0.752201 0.500265 0.750250 0.500493 0.748340 0.500671 0.746758 0.500771 0.745741 0.500779 0.745446 0.499553 0.745160 0.492609 0.743541 0.476126 0.741139 0.476028 0.741476 0.475874 0.742317 0.475687 0.743538 0.475496 0.744952 0.475330 0.746340 0.475215 0.747490 0.475187 0.747930
0 0.557311 0.447663 0.557379 0.447802 0.577670 0.449824 0.578107 0.449865 0.578539 0.449902 0.578963 0.449933 0.579372 0.449959 0.579759 0.449979 0.580744 0.432403 0.580990 0.428009 0.580951 0.427505 0.580940 0.427369 0.580546 0.427314 0.580131 0.427263 0.579701 0.427216 0.579264 0.427175 0.578824 0.427141 0.558544 0.425664
0 0.523493 0.522387 0.535581 0.537378 0.535744 0.537549 0.541391 0.529454 0.529248 0.514394 0.529114 0.514329
