0 0.552714 0.243996 0.552773 0.244290 0.554218 0.246590 0.563358 0.250405 0.563590 0.250167 0.563962 0.249497 0.564417 0.248496 0.564887 0.247319 0.565299 0.246144 0.565589 0.245152 0.565714 0.244497 0.565654 0.244276 0.558035 0.236339 0.555825 0.236083 0.555529 0.236427 0.555047 0.237341 0.554452 0.238684 0.553836 0.240254 0.553290 0.241812 0.552896 0.243126
0 0.552678 0.481359 0.560897 0.482432 0.561002 0.482402 0.561142 0.482361 0.562758 0.460355 0.556156 0.459493 0.554505 0.459278 0.554380 0.459371 0.554287 0.459441
0 0.415400 0.515110 0.415761 0.515437 0.416554 0.516113 0.417658 0.517036 0.418904 0.518063 0.420099 0.519037 0.421060 0.519806 0.421639 0.520255 0.421750 0.520315 0.425496 0.512330 0.426156 0.510921 0.434075 0.491445 0.434013 0.491359 0.433613 0.490997 0.432935 0.490414 0.432082 0.489697 0.431185 0.488958 0.430705 0.488570 0.430147 0.488125 0.429797 0.487851 0.429519 0.487652 0.419820 0.505701
0 0.533612 0.400094 0.549421 0.406612 0.549649 0.406182 0.554560 0.385005 0.538678 0.378457 0.538500 0.379014
0 0.488843 0.601327 0.495504 0.607956 0.500476 0.599074 0.500474 0.598620 0.493843 0.592022 0.488894 0.600863
0 0.549836 0.620772 0.550036 0.621257 0.564393 0.632325 0.572694 0.613183 0.572403 0.612730 0.558104 0.601706
0 0.440370 0.454396 0.447275 0.474500 0.447486 0.474602 0.462504 0.465433 0.455627 0.445410 0.455449 0.445190
0 0.399588 0.423403 0.401432 0.424810 0.401883 0.425153 0.404880 0.427001 0.413870 0.432542 0.416867 0.434389 0.425180 0.410415 0.424201 0.407281 0.422876 0.405660 0.422786 0.405550 0.410547 0.398006 0.408095 0.398867
0 0.723824 0.819403 0.726786 0.832005 0.729407 0.835843 0.745342 0.829186 0.744843 0.827061 0.742045 0.823323 0.731700 0.816112 0.729664 0.815867 0.728725 0.815953 0.727758 0.816249 0.726911 0.816710
0 0.436208 0.379964 0.443703 0.399689 0.443960 0.400147 0.451323 0.395173 0.443862 0.375539 0.443604 0.374968
0 0.417938 0.364781 0.418954 0.373984 0.419074 0.374940 0.420151 0.382528 0.420723 0.386517 0.420927 0.386763 0.422681 0.388691 0.423074 0.388726 0.423772 0.388670 0.424669 0.388530 0.425629 0.388329 0.426507 0.388096 0.427171 0.387866 0.433759 0.384261 0.433901 0.383991 0.434078 0.383437 0.434261 0.382683 0.434423 0.381845 0.434539 0.381049 0.434592 0.380420 0.434573 0.380052 0.426106 0.362915 0.425821 0.362799 0.424782 0.362774 0.423363 0.362912 0.421096 0.363307 0.419229 0.363798 0.418378 0.364242
0 0.476596 0.582061 0.524686 0.599684 0.529091 0.578311 0.528958 0.577952 0.481089 0.560410 0.481002 0.560687
0 0.524506 0.607253 0.531883 0.612213 0.535706 0.606286 0.543502 0.583372 0.541470 0.580866 0.540876 0.580169 0.540069 0.579521 0.539172 0.579023 0.538323 0.578750 0.536055 0.578364 0.534141 0.581616 0.525160 0.605362
