0 0.420916 0.620450 0.420918 0.620818 0.421135 0.621550 0.421532 0.622534 0.422050 0.623621 0.422608 0.624642 0.423122 0.625441 0.423513 0.625896 0.425686 0.627175 0.445568 0.622586 0.446948 0.621332 0.447554 0.619946 0.438260 0.601755 0.421888 0.616626 0.420985 0.617974
0 0.503955 0.535658 0.503984 0.535917 0.505492 0.536855 0.511459 0.540383 0.518454 0.520390 0.518422 0.520355 0.510938 0.515700
0 0.414521 0.573879 0.423034 0.592855 0.437266 0.581503 0.437517 0.581177 0.429037 0.562278 0.414863 0.573584
0 0.446348 0.447422 0.464531 0.456806 0.466164 0.457379 0.466257 0.457324 0.467905 0.455718 0.468276 0.455105 0.468684 0.454135 0.469065 0.452958 0.472013 0.442583 0.472308 0.441381 0.472472 0.440342 0.472479 0.439624 0.472122 0.436686 0.472071 0.436591 0.457011 0.428603 0.453937 0.426984 0.452243 0.426678
0 0.528604 0.538078 0.532255 0.559595 0.551920 0.554134 0.552348 0.554012 0.552774 0.553886 0.553196 0.553756 0.553605 0.553624 0.553996 0.553492 0.554054 0.553346 0.554191 0.552999 0.554242 0.552868 0.551326 0.535678 0.550596 0.531381 0.550227 0.531477 0.549834 0.531583 0.549424 0.531698 0.549005 0.531820 0.548578 0.531947 0.528733 0.537933
0 0.440276 0.560459 0.442154 0.581338 0.458512 0.580013 0.458895 0.578674 0.457120 0.557812 0.440731 0.559190
0 0.585660 0.401610 0.585711 0.407452 0.586509 0.412649 0.591582 0.412569 0.603186 0.410990 0.604522 0.410687 0.603679 0.399721 0.593632 0.399669
0 0.410764 0.543154 0.490306 0.575325 0.495132 0.554113 0.495154 0.553866 0.415976 0.521842 0.415590 0.521942
0 0.439206 0.429627 0.439566 0.433927 0.440557 0.436383 0.441090 0.437675 0.441141 0.437732 0.443672 0.440443 0.446784 0.441662 0.450001 0.441205 0.452836 0.439141 0.454858 0.435786 0.455760 0.431648 0.455761 0.431634 0.455405 0.427339 0.454372 0.424749 0.453840 0.423456 0.452979 0.422530 0.451315 0.420824 0.448202 0.419597 0.444977 0.420050 0.443064 0.421320 0.442096 0.422024 0.441406 0.423169 0.440108 0.425479
0 0.429126 0.504340 0.429228 0.504876 0.430663 0.509624 0.434297 0.515992 0.434595 0.516477 0.434950 0.516697 0.436864 0.516999 0.437987 0.516122 0.438980 0.514090 0.439058 0.513610 0.438930 0.513020 0.436834 0.505104 0.434826 0.501139 0.434542 0.500714 0.434230 0.500653 0.431142 0.502583 0.429272 0.503994
