0 0.130555 0.423571 0.130646 0.425648 0.145855 0.455790 0.147556 0.458035 0.150233 0.461081 0.153478 0.464460 0.156790 0.467654 0.159662 0.470172 0.161654 0.471630 0.162467 0.471810 0.172997 0.471233 0.174286 0.471142 0.206653 0.441905 0.209153 0.439455 0.218609 0.429634 0.232325 0.415259 0.228270 0.410400 0.221103 0.402739 0.215384 0.396968 0.209742 0.391587 0.206924 0.389101 0.203367 0.386658 0.136785 0.412167 0.135257 0.413246 0.133637 0.415279 0.132174 0.417957 0.131091 0.420870
0 0.108484 0.320975 0.109019 0.322638 0.110485 0.325573 0.112657 0.329332 0.115203 0.333339 0.117731 0.336977 0.119854 0.339688 0.121248 0.341062 0.146279 0.363246 0.146935 0.363774 0.148701 0.364007 0.151308 0.363909 0.154359 0.363495 0.157386 0.362829 0.159926 0.362012 0.161590 0.361169 0.162128 0.360429 0.200882 0.300569 0.200490 0.298258 0.199128 0.295513 0.195627 0.289338 0.191473 0.282553 0.185448 0.273335 0.181037 0.267248 0.179748 0.266458 0.151645 0.283427 0.148683 0.285290 0.124259 0.301232 0.111327 0.309690
0 0.480969 0.545467 0.481547 0.545646 0.483229 0.546077 0.485759 0.546693 0.488751 0.547401 0.590489 0.571171 0.593467 0.571858 0.595958 0.572415 0.597581 0.572757 0.598089 0.572832 0.616332 0.494751 0.615840 0.494608 0.614230 0.494208 0.611749 0.493612 0.597146 0.490157 0.518796 0.471851 0.504040 0.468447 0.501501 0.467869 0.499806 0.467497 0.499212 0.467387
0 0.145511 0.844607 0.166070 0.921299 0.167167 0.921506 0.169269 0.921325 0.172054 0.920786 0.187295 0.916979 0.264220 0.893685 0.278080 0.888680 0.280345 0.887689 0.281667 0.886833 0.281843 0.886240 0.260615 0.809751 0.259603 0.809451 0.257574 0.809550 0.254835 0.810034 0.251806 0.810830 0.151827 0.841106 0.148988 0.842087 0.146791 0.843097 0.145570 0.843982
0 0.817076 0.923499 0.817424 0.928016 0.818447 0.932672 0.829986 0.983413 0.830557 0.983803 0.870220 0.993570 0.872001 0.993752 0.874670 0.993678 0.877820 0.993358 0.880969 0.992843 0.883634 0.992209 0.885407 0.991556 0.886020 0.990982 0.873818 0.909327 0.873191 0.908995 0.833494 0.901655 0.831798 0.901552 0.829239 0.901676 0.826205 0.902009 0.823155 0.902501 0.820552 0.903076 0.818791 0.903649 0.818138 0.904131
0 0.307778 0.480920 0.341123 0.503519 0.341851 0.503503 0.364347 0.470310 0.331154 0.447815 0.330377 0.447575
0 0.602644 0.362764 0.618254 0.366279 0.629041 0.359539 0.629413 0.358456 0.630135 0.355738 0.631095 0.351798 0.632148 0.347238 0.633131 0.342758 0.633893 0.339047 0.634319 0.336671 0.634343 0.335990 0.628510 0.325259 0.612720 0.321703 0.611432 0.323741
0 0.346830 0.745812 0.362547 0.782901 0.399636 0.767183 0.400096 0.765959 0.384451 0.729040 0.347532 0.744685
0 0.926133 0.367658 0.931038 0.407454 0.970834 0.402549 0.973002 0.402101 0.968074 0.362121 0.928095 0.367049
0 0.618959 0.658034 0.640513 0.735076 0.641158 0.736155 0.873345 0.671195 0.851691 0.593799 0.850084 0.593371
0 0.380274 0.742428 0.384059 0.745672 0.611666 0.792795 0.631457 0.715268 0.626657 0.712216 0.400018 0.663610
0 0.648695 0.771069 0.681656 0.844177 0.682493 0.845762 0.902826 0.746423 0.869713 0.672979 0.868019 0.672185
0 0.380130 0.580231 0.381308 0.592497 0.394266 0.602508 0.396683 0.600165 0.543407 0.410239 0.544422 0.408139 0.531465 0.398128 0.519462 0.399875 0.518919 0.400477 0.517318 0.402464 0.514902 0.405535 0.512039 0.409220 0.462104 0.473858 0.387201 0.570816 0.384365 0.574507 0.382025 0.577592 0.380539 0.579602
0 0.350733 0.126510 0.350775 0.130154 0.350917 0.134688 0.352496 0.175026 0.352717 0.179742 0.352981 0.183904 0.353248 0.186876 0.353477 0.188207 0.363121 0.197650 0.411084 0.195771 0.407954 0.115833 0.406890 0.111391 0.358372 0.113291 0.350959 0.123888 0.350798 0.124310
0 0.478658 0.357742 0.478902 0.359367 0.502538 0.401145 0.513765 0.404055 0.514545 0.403730 0.516801 0.402552 0.520185 0.400703 0.524186 0.398463 0.559080 0.378721 0.563103 0.376422 0.566549 0.374407 0.568898 0.372980 0.569788 0.372360 0.573001 0.360154 0.549092 0.317893
0 0.842771 0.898462 0.849854 0.945936 0.853899 0.951092 0.933938 0.939150 0.926773 0.891126 0.921895 0.886656 0.915100 0.881610 0.913646 0.881243 0.910603 0.881203 0.906437 0.881494 0.901778 0.882074 0.862125 0.887990 0.857666 0.888771 0.854070 0.889637 0.851881 0.890458
0 0.719924 0.917647 0.722982 0.923455 0.744601 0.957769 0.813229 0.914533 0.791610 0.880219 0.787611 0.875004
0 0.087534 0.137229 0.093204 0.142217 0.133266 0.143901 0.136635 0.063777 0.131570 0.057696 0.090950 0.055988
0 0.505094 0.871343 0.505153 0.875636 0.513244 0.923512 0.553140 0.916770 0.552533 0.912007 0.544534 0.864678 0.535432 0.859685 0.534481 0.859364 0.531869 0.859398 0.527997 0.859780 0.523451 0.860453 0.518918 0.861315 0.515081 0.862235 0.512521 0.863075 0.511632 0.863707
0 0.428128 0.697239 0.431629 0.709519 0.474750 0.731837 0.493349 0.695903 0.493425 0.693664 0.450797 0.671600 0.439223 0.675803 0.438882 0.676386 0.437750 0.678507 0.436002 0.681840 0.433903 0.685880 0.431770 0.690018 0.429924 0.693628 0.428644 0.696165
