0 0.784789 0.502652 0.837634 0.562714 0.841537 0.563439 0.877991 0.531366 0.876922 0.519498 0.876813 0.518833 0.875503 0.516885 0.873190 0.513949 0.870226 0.510473 0.843560 0.480165 0.840409 0.476691 0.837562 0.473762 0.835453 0.471824 0.834404 0.471172 0.824536 0.470609 0.820827 0.470945
0 0.103373 0.641291 0.103443 0.644021 0.103917 0.647980 0.104723 0.652564 0.112649 0.692147 0.113661 0.696640 0.114721 0.700341 0.115667 0.702685 0.124156 0.710741 0.171766 0.701207 0.175517 0.698908 0.159810 0.620465 0.112744 0.629889 0.108267 0.631391 0.103716 0.640204
0 0.309599 0.504905 0.366173 0.563031 0.368008 0.562166 0.396673 0.534267 0.340875 0.476938 0.338662 0.476618
0 0.363688 0.358077 0.363914 0.360462 0.364342 0.361872 0.364905 0.362095 0.444465 0.367568 0.445014 0.366565 0.445535 0.364497 0.445948 0.361676 0.457039 0.261039 0.457281 0.257917 0.457322 0.254911 0.457154 0.252477 0.456804 0.250985 0.456324 0.250664 0.377170 0.245604 0.376569 0.246499 0.376008 0.248478 0.375571 0.251242 0.363944 0.351935 0.363698 0.355083
0 0.367215 0.143127 0.367308 0.144414 0.413657 0.204558 0.414689 0.205059 0.416540 0.204743 0.418926 0.203659 0.431797 0.195832 0.495867 0.147303 0.507234 0.136771 0.509054 0.134668 0.510055 0.132824 0.510083 0.131520 0.463178 0.071799 0.462192 0.071187 0.460381 0.071406 0.458019 0.072423 0.455467 0.074085 0.372196 0.137158 0.369860 0.139199 0.368111 0.141295
0 0.398509 0.834282 0.435378 0.850264 0.451360 0.813395 0.451582 0.811962 0.414882 0.796054 0.398973 0.832754
0 0.123044 0.954144 0.135495 0.992454 0.173805 0.980002 0.175299 0.977802 0.162905 0.939669 0.124771 0.952063
0 0.693376 0.358097 0.726982 0.379969 0.728027 0.379417 0.750001 0.345656 0.716239 0.323683 0.715248 0.324491
0 0.251735 0.222849 0.252873 0.224119 0.291627 0.234410 0.301919 0.195656 0.301007 0.194255 0.262074 0.183916
0 0.571789 0.752307 0.577467 0.755663 0.615017 0.756356 0.618503 0.716953 0.612985 0.713434 0.575402 0.712929
0 0.398161 0.584780 0.399116 0.590683 0.401699 0.596394 0.405520 0.601050 0.410004 0.603948 0.414473 0.604643 0.422518 0.605189 0.427243 0.603169 0.431365 0.601223 0.434506 0.596610 0.435575 0.590102 0.435519 0.585040 0.434816 0.580608 0.432877 0.576321 0.429999 0.572836 0.426347 0.569699 0.420711 0.566109 0.415117 0.565300 0.410418 0.567380 0.406278 0.569284 0.401454 0.575858 0.398980 0.579575
0 0.299206 0.461387 0.301756 0.468800 0.306948 0.474674 0.313993 0.478112 0.314313 0.478150 0.322124 0.478632 0.329525 0.476086 0.335389 0.470903 0.338821 0.463870 0.339302 0.456058 0.336757 0.448658 0.331573 0.442794 0.324541 0.439362 0.324238 0.439257 0.316414 0.438775 0.309000 0.441325 0.303127 0.446517 0.299688 0.453562
0 0.419973 0.342929 0.422797 0.350242 0.422930 0.350500 0.428328 0.356167 0.435483 0.359336 0.443307 0.359527 0.450608 0.356708 0.456275 0.351311 0.459444 0.344155 0.459635 0.336332 0.459565 0.336049 0.456741 0.328736 0.451334 0.323059 0.444166 0.319885 0.436329 0.319693 0.429016 0.322517 0.423339 0.327924 0.420165 0.335092
0 0.301897 0.207473 0.302253 0.207998 0.304431 0.210004 0.308094 0.213180 0.312684 0.217045 0.317511 0.221015 0.321848 0.224495 0.325041 0.226959 0.326605 0.228032 0.336069 0.222839 0.339898 0.218184 0.339164 0.206452 0.338946 0.206056 0.337351 0.204542 0.334617 0.202139 0.331160 0.199212 0.327512 0.196210 0.324232 0.193596 0.321824 0.191769 0.320653 0.191007 0.309036 0.192458 0.305198 0.197123
0 0.567213 0.859440 0.568270 0.867191 0.568388 0.867823 0.572336 0.874592 0.578575 0.879333 0.586153 0.881328 0.593917 0.880269 0.600686 0.876321 0.605428 0.870082 0.607422 0.862504 0.606364 0.854740 0.606181 0.854130 0.602239 0.847373 0.596011 0.842639 0.588446 0.840648 0.580695 0.841705 0.573938 0.845647 0.569205 0.851875
0 0.498966 0.546896 0.510117 0.577941 0.511399 0.581201 0.523070 0.607768 0.529007 0.621149 0.529312 0.621801 0.539249 0.626626 0.539687 0.626815 0.541765 0.626320 0.545171 0.625217 0.549385 0.623672 0.553759 0.621922 0.557623 0.620237 0.560383 0.618875 0.561621 0.618044 0.586928 0.598322 0.587805 0.597587 0.588551 0.595739 0.589053 0.593062 0.589233 0.589963 0.589064 0.586917 0.588571 0.584391 0.587831 0.582770 0.536527 0.532210 0.533220 0.532930 0.529947 0.534023 0.522912 0.536595 0.515403 0.539503 0.505484 0.543554 0.499249 0.546344
0 0.428355 0.677600 0.428849 0.680383 0.429778 0.683371 0.431000 0.686107 0.432328 0.688171 0.433558 0.689251 0.499572 0.719382 0.500111 0.718982 0.503193 0.716320 0.507878 0.712168 0.515849 0.705008 0.522872 0.698612 0.526684 0.695035 0.529513 0.692256 0.508067 0.666805 0.505716 0.664199 0.475133 0.632933 0.463660 0.631638 0.463243 0.631934 0.461527 0.633414 0.458769 0.635856 0.455390 0.638888 0.451909 0.642044 0.448861 0.644839 0.446712 0.646844 0.445789 0.647757 0.428894 0.674254 0.428371 0.675448
0 0.657186 0.548464 0.658616 0.554939 0.661466 0.565172 0.663859 0.572892 0.666328 0.580100 0.667631 0.583436 0.669519 0.586741 0.740511 0.595475 0.742334 0.595112 0.744688 0.593978 0.747214 0.592245 0.749525 0.590178 0.751266 0.588094 0.752174 0.586313 0.752446 0.551923 0.751933 0.548992 0.750941 0.544962 0.749622 0.540450 0.748178 0.536151 0.746832 0.532724 0.745788 0.530691 0.745206 0.530359 0.735517 0.525695 0.734454 0.525627 0.692223 0.536535 0.688872 0.537547 0.657753 0.548099
0 0.618180 0.442475 0.618309 0.445976 0.620655 0.478924 0.620778 0.479262 0.627337 0.479294 0.637931 0.479037 0.646015 0.478717 0.653652 0.478295 0.657248 0.478018 0.661038 0.477432 0.687393 0.410528 0.687531 0.408762 0.687050 0.406260 0.686023 0.403405 0.684608 0.400632 0.683021 0.398368 0.681505 0.396956 0.680291 0.396613 0.649744 0.388695 0.648456 0.388453 0.645526 0.388327 0.641396 0.388335 0.636701 0.388476 0.632162 0.388730 0.628475 0.389056 0.626203 0.389406 0.625687 0.389724 0.618785 0.398154 0.618348 0.398810
0 0.523593 0.723728 0.556122 0.740965 0.580660 0.750628 0.597760 0.714049 0.565112 0.697208 0.540675 0.687188 0.531359 0.704459
0 0.835287 0.332464 0.841955 0.379998 0.853075 0.386657 0.853518 0.386679 0.855709 0.386443 0.859308 0.385985 0.863773 0.385376 0.868428 0.384706 0.872570 0.384078 0.875574 0.383586 0.876979 0.383304 0.885978 0.372991 0.879234 0.324907 0.839164 0.330527
0 0.867205 0.058060 0.904843 0.087850 0.918866 0.084478 0.919991 0.083207 0.922089 0.080683 0.924844 0.077289 0.927832 0.073544 0.930595 0.070023 0.932708 0.067267 0.933849 0.065698 0.934635 0.051358 0.896562 0.021224 0.892030 0.026695
0 0.189214 0.214352 0.189646 0.216536 0.190583 0.220073 0.191882 0.224423 0.193344 0.228919 0.194742 0.232869 0.195865 0.235669 0.196539 0.236895 0.208771 0.243503 0.254592 0.229207 0.242678 0.191022 0.239703 0.187450 0.193352 0.201912 0.189350 0.213852
