0 0.273667 0.801237 0.273698 0.802453 0.274831 0.804006 0.276894 0.805659 0.279573 0.807160 0.374099 0.851627 0.376968 0.852737 0.379571 0.853279 0.381511 0.853171 0.382493 0.852431 0.415030 0.783862 0.414878 0.782656 0.413641 0.781113 0.411507 0.779468 0.398425 0.771613 0.325696 0.737400 0.311265 0.732312 0.308623 0.731710 0.306624 0.731730 0.305572 0.732371
0 0.404657 0.361021 0.405093 0.361656 0.477496 0.395683 0.579576 0.178475 0.579941 0.176998 0.507206 0.142815
0 0.043998 0.462742 0.081424 0.477639 0.083342 0.477741 0.098171 0.440487 0.060916 0.425658 0.058895 0.425316
0 0.556996 0.261956 0.585268 0.290389 0.613702 0.262117 0.614225 0.261021 0.585822 0.232457 0.557258 0.260861
0 0.669534 0.830480 0.671494 0.834301 0.683177 0.845502 0.711179 0.816294 0.708765 0.812679 0.697216 0.801606 0.686610 0.803232 0.685729 0.803494 0.683716 0.805040 0.680878 0.807629 0.677645 0.810872 0.674505 0.814276 0.671932 0.817330 0.670316 0.819571 0.669905 0.820656
0 0.357851 0.548676 0.366008 0.588124 0.405456 0.579967 0.405889 0.579600 0.397769 0.540333 0.358503 0.548453
0 0.727368 0.818502 0.732842 0.828806 0.794719 0.852134 0.809100 0.855476 0.810574 0.854023 0.812903 0.849708 0.814636 0.845677 0.818743 0.834231 0.820207 0.829353 0.821805 0.822724 0.822384 0.818456 0.821701 0.816442 0.778071 0.801354 0.746205 0.791302 0.734908 0.796049 0.733899 0.797802 0.732508 0.800987 0.730948 0.805118 0.729452 0.809572 0.728247 0.813678 0.727515 0.816814
0 0.804567 0.352614 0.804694 0.363438 0.805178 0.371442 0.806002 0.378761 0.806639 0.382042 0.808218 0.384899 0.874296 0.411618 0.876276 0.411530 0.878923 0.410877 0.881834 0.409757 0.884561 0.408342 0.886688 0.406848 0.887890 0.405505 0.897235 0.371215 0.897622 0.368001 0.897744 0.363704 0.897582 0.358982 0.897160 0.354563 0.896545 0.351122 0.895830 0.349186 0.887204 0.341666 0.871582 0.341831 0.842148 0.342236 0.838658 0.342392 0.806138 0.344694 0.805080 0.345521
0 0.144936 0.619232 0.146017 0.627251 0.191523 0.661946 0.202411 0.668412 0.202930 0.668512 0.205196 0.668350 0.208867 0.667952 0.213384 0.667377 0.218051 0.666714 0.222152 0.666065 0.225060 0.665529 0.226333 0.665188 0.234690 0.654751 0.228277 0.607181 0.148994 0.617869
0 0.138919 0.258127 0.166984 0.287404 0.198544 0.318780 0.199233 0.319194 0.228108 0.291513 0.172747 0.233762 0.168196 0.230062
0 0.431789 0.682278 0.434358 0.689952 0.511095 0.664256 0.510968 0.662379 0.495727 0.616863 0.485358 0.611983 0.484508 0.612127 0.482050 0.612831 0.478363 0.613986 0.474004 0.615417 0.469631 0.616910 0.465905 0.618237 0.463389 0.619199 0.462470 0.619648 0.432568 0.680195
0 0.085529 0.799688 0.112082 0.840340 0.179834 0.796086 0.183493 0.792702 0.179118 0.786004 0.123755 0.774389 0.110182 0.773208 0.109927 0.773350 0.108177 0.774472 0.105202 0.776402 0.101451 0.778847 0.097492 0.781438 0.093922 0.783783 0.091281 0.785529 0.089973 0.786408
0 0.127331 0.756249 0.195223 0.800290 0.198706 0.796859 0.224828 0.756589 0.221149 0.746513 0.220747 0.745689 0.218869 0.743994 0.215805 0.741689 0.212017 0.739120 0.178383 0.717302 0.174436 0.714853 0.170917 0.712888 0.168357 0.711703 0.167149 0.711483 0.157713 0.713052 0.153756 0.715515
0 0.808158 0.087726 0.818374 0.134626 0.857458 0.126113 0.865819 0.117367 0.855365 0.069370 0.843055 0.064772 0.840851 0.064843 0.837228 0.065359 0.832736 0.066241 0.828067 0.067354 0.823939 0.068527 0.820982 0.069580 0.819646 0.070352 0.815972 0.075291
0 0.370671 0.522679 0.376774 0.532592 0.424877 0.542549 0.426594 0.541576 0.434701 0.502407 0.387698 0.492678 0.385071 0.492506 0.375620 0.498767 0.375266 0.499677 0.374586 0.502275 0.373686 0.506168 0.372702 0.510761 0.371785 0.515348 0.371078 0.519225 0.370687 0.521798
