0 0.303383 0.490190 0.304355 0.491982 0.308247 0.499146 0.309014 0.499150 0.322394 0.486231 0.317549 0.477311 0.317236 0.477272 0.316816 0.477220
0 0.553460 0.308353 0.556403 0.310350 0.565232 0.316340 0.568175 0.318336 0.577160 0.294793 0.578965 0.289992 0.578043 0.287459 0.566023 0.279305 0.563906 0.279775 0.554710 0.303870 0.553705 0.307473
0 0.698507 0.570793 0.699112 0.575011 0.700882 0.578599 0.702642 0.580192 0.703547 0.581011 0.704014 0.581197 0.705440 0.581633 0.707532 0.582209 0.710708 0.581399 0.713410 0.579029 0.714610 0.576673 0.715449 0.574027 0.715880 0.571239 0.715273 0.567003 0.713496 0.563401 0.711729 0.561802 0.710458 0.560875 0.709977 0.560735 0.706822 0.559866 0.703659 0.560674 0.700967 0.563033 0.699158 0.566587
0 0.588711 0.413811 0.602274 0.454071 0.602745 0.453859 0.610329 0.449317 0.596703 0.408872 0.589119 0.413414
0 0.691614 0.648570 0.692057 0.652933 0.695520 0.656711 0.698962 0.657219 0.699203 0.657176 0.709204 0.655370 0.712339 0.653672 0.712450 0.653306 0.712484 0.652662 0.712435 0.651838 0.712311 0.650960 0.712131 0.650162 0.711921 0.649567 0.711716 0.649265 0.710380 0.647299 0.707975 0.645615
0 0.705144 0.247411 0.707847 0.269183 0.724175 0.265577 0.725208 0.264498 0.722492 0.242627 0.706088 0.246249
0 0.498190 0.516287 0.498489 0.518407 0.499373 0.520213 0.500709 0.521431 0.502292 0.521875 0.503882 0.521477 0.505237 0.520297 0.506150 0.518517 0.506483 0.516406 0.506184 0.514286 0.506174 0.514261 0.505291 0.512458 0.503958 0.511242 0.502377 0.510799 0.500790 0.511196 0.499437 0.512374 0.498526 0.514151 0.498194 0.516259
0 0.528943 0.788897 0.529001 0.791985 0.529493 0.793582 0.531716 0.794981 0.531821 0.795043 0.532257 0.794899 0.532957 0.794569 0.533814 0.794106 0.534700 0.793578 0.535479 0.793066 0.536036 0.792646 0.536283 0.792383 0.537100 0.789261 0.536604 0.787671 0.535021 0.785453 0.534886 0.785354 0.534309 0.785532 0.533375 0.785961 0.532226 0.786577 0.531040 0.787284 0.529999 0.787974 0.529263 0.788540
0 0.688563 0.578324 0.688790 0.578828 0.692839 0.583138 0.693212 0.583272 0.694825 0.582757 0.695116 0.582447 0.696707 0.578166 0.698716 0.572008 0.698796 0.571408 0.698639 0.570795 0.697171 0.567740 0.694875 0.566770 0.694471 0.566783 0.693497 0.567128 0.693196 0.567490 0.690347 0.573638 0.688616 0.577762
0 0.606314 0.287682 0.611840 0.295895 0.624159 0.281158 0.624731 0.280150 0.619179 0.271900 0.606803 0.286705
0 0.275592 0.365516 0.278157 0.367052 0.310944 0.372281 0.312120 0.359166 0.309601 0.355758 0.309161 0.355538 0.308409 0.355290 0.307460 0.355053 0.306460 0.354863 0.298188 0.353544 0.281643 0.350906 0.280751 0.350794 0.280111 0.350777 0.279820 0.350859 0.276781 0.352250 0.275988 0.361094
0 0.366977 0.292093 0.376342 0.329525 0.377296 0.331353 0.378698 0.333280 0.380685 0.333064 0.381260 0.332840 0.382010 0.332351 0.382820 0.331672 0.389612 0.325370 0.390363 0.324600 0.390942 0.323855 0.391263 0.323248 0.392250 0.320705 0.375273 0.288182 0.373831 0.285733
0 0.485002 0.508609 0.486025 0.508973 0.486036 0.508939 0.486062 0.508722 0.485039 0.508358 0.485028 0.508391
0 0.424315 0.362286 0.425180 0.363860 0.426332 0.365438 0.438167 0.350090 0.437452 0.348356 0.430465 0.338778 0.428214 0.339527 0.427745 0.339850 0.427110 0.340484 0.426405 0.341331 0.425739 0.342262 0.425214 0.343133 0.424910 0.343811 0.424479 0.346541
