0 0.431110 0.556174 0.433789 0.571545 0.440893 0.577444 0.441703 0.576382 0.446067 0.567040 0.444167 0.556137 0.443425 0.551881 0.436419 0.546062 0.435535 0.546703
0 0.417724 0.573010 0.417947 0.574272 0.418516 0.575325 0.419343 0.576007 0.423206 0.578533 0.427130 0.579886 0.428090 0.580094 0.429037 0.579796 0.429827 0.579038 0.429988 0.578857 0.429998 0.578845 0.430508 0.577744 0.432696 0.572689 0.433410 0.567388 0.433566 0.566110 0.433343 0.564851 0.432776 0.563801 0.431950 0.563120 0.428448 0.560270 0.424183 0.559251 0.423225 0.559043 0.422280 0.559340 0.422090 0.559486 0.421300 0.560244 0.420789 0.561347 0.418948 0.566086 0.417880 0.571729
0 0.432348 0.514627 0.432599 0.518924 0.434065 0.522766 0.436522 0.525567 0.439595 0.526902 0.442818 0.526566 0.442892 0.526532 0.443022 0.526471 0.443997 0.525810 0.445734 0.524596 0.447834 0.521323 0.448835 0.517227 0.448819 0.514349 0.448733 0.512895 0.448238 0.511595 0.447118 0.509094 0.444663 0.506294 0.441592 0.504960 0.441554 0.504963 0.438331 0.505299 0.435450 0.507253 0.433349 0.510529
0 0.527153 0.310273 0.527189 0.310587 0.527339 0.311148 0.527579 0.311871 0.527873 0.312645 0.538034 0.337849 0.538339 0.338563 0.538612 0.339112 0.538811 0.339413 0.538904 0.339420 0.553478 0.328975 0.553465 0.328677 0.553335 0.328128 0.553107 0.327411 0.552816 0.326635 0.542608 0.301316 0.542300 0.300605 0.542025 0.300073 0.541823 0.299800 0.541727 0.299828
0 0.579788 0.488300 0.580957 0.503787 0.582202 0.511584 0.586062 0.511109 0.590483 0.510480 0.590659 0.501073 0.588026 0.485625 0.579800 0.486722
0 0.544575 0.437718 0.544723 0.440586 0.544796 0.440846 0.545122 0.441427 0.545649 0.442240 0.546300 0.443163 0.546974 0.444057 0.547571 0.444785 0.548000 0.445239 0.548195 0.445348 0.550328 0.445608 0.551505 0.444336 0.558773 0.434915 0.552885 0.426840 0.545617 0.436261
0 0.554937 0.521380 0.555060 0.522592 0.555330 0.523542 0.556456 0.525400 0.557084 0.526306 0.557794 0.526396 0.558917 0.526445 0.560748 0.525435 0.561300 0.524839 0.561747 0.523665 0.562019 0.522092 0.562075 0.520362 0.561906 0.518741 0.561538 0.517477 0.561028 0.516765 0.559267 0.515594 0.558554 0.515527 0.557434 0.515470 0.556752 0.516232 0.555508 0.518029 0.555179 0.518912 0.554979 0.520089
0 0.660394 0.564530 0.664408 0.581348 0.666106 0.582592 0.669200 0.584131 0.669991 0.584524 0.689310 0.576328 0.685212 0.559156 0.684187 0.554863 0.683330 0.554607 0.680804 0.553855 0.679977 0.553609 0.661100 0.561618
0 0.543268 0.534742 0.543768 0.535144 0.552011 0.536913 0.553603 0.523723 0.551936 0.520913 0.551681 0.520845 0.551092 0.520708 0.550258 0.520522 0.549307 0.520315 0.548382 0.520119 0.547623 0.519964 0.547144 0.519872 0.547019 0.519858 0.544842 0.521704
0 0.464347 0.630426 0.466067 0.632673 0.466564 0.632927 0.467341 0.633183 0.468279 0.633403 0.493004 0.638239 0.493952 0.638388 0.494758 0.638440 0.495299 0.638390 0.497391 0.636888 0.498361 0.628076 0.498845 0.623670 0.498859 0.622257 0.466192 0.615869 0.465801 0.617208
0 0.482647 0.446136 0.483036 0.450352 0.483796 0.458307 0.483913 0.459257 0.485210 0.468133 0.485343 0.468277 0.486762 0.468096 0.488956 0.467671 0.490591 0.467292 0.492098 0.466883 0.492783 0.466656 0.493412 0.466289 0.497186 0.447188 0.497139 0.446685 0.496953 0.446008 0.496659 0.445260 0.496300 0.444556 0.495932 0.444003 0.495611 0.443686 0.488779 0.442489 0.488459 0.442441 0.487817 0.442487 0.486948 0.442621 0.485987 0.442823 0.485081 0.443062 0.484369 0.443300 0.483961 0.443502
0 0.413730 0.391941 0.413878 0.392127 0.414075 0.392373 0.415589 0.393249 0.421647 0.396754 0.428218 0.376562 0.427929 0.376066 0.420327 0.371668
0 0.553251 0.406315 0.559929 0.427324 0.576444 0.428710 0.576796 0.428381 0.580428 0.420049 0.585435 0.408562 0.585513 0.406903 0.553575 0.404224 0.553329 0.404663
0 0.480718 0.404305 0.481315 0.405768 0.484700 0.414049 0.493542 0.432842 0.493875 0.432606 0.494510 0.432148 0.495349 0.431538 0.496267 0.430869 0.496781 0.430493 0.497395 0.430042 0.497795 0.429748 0.498173 0.429466 0.498201 0.429439 0.491143 0.409291 0.487157 0.399524 0.486681 0.399791 0.485784 0.400384 0.484602 0.401214 0.483317 0.402151 0.482127 0.403052 0.481215 0.403777 0.480721 0.404217
