0 0.471244 0.604568 0.472012 0.608030 0.472263 0.608556 0.472671 0.608786 0.477760 0.609337 0.481388 0.609717 0.482480 0.609741 0.482864 0.609553 0.483043 0.609023 0.483319 0.601722 0.483180 0.601171 0.482813 0.600931 0.481722 0.600876 0.478088 0.600750 0.472990 0.600575 0.472566 0.600746 0.472277 0.601234
0 0.501025 0.489233 0.532652 0.502236 0.532802 0.502246 0.535252 0.491656 0.503480 0.478592 0.501030 0.489183
0 0.539153 0.562180 0.539310 0.562430 0.555734 0.565405 0.557965 0.543507 0.557733 0.543333 0.541376 0.540370
0 0.447788 0.459521 0.448066 0.460180 0.449253 0.461090 0.450455 0.461487 0.455888 0.454210 0.456671 0.453125 0.456970 0.452639 0.457036 0.452283 0.456133 0.451280 0.455855 0.451160 0.455262 0.450952 0.450096 0.449247 0.449614 0.449688
0 0.568482 0.610340 0.570776 0.619885 0.573662 0.622069 0.578167 0.625478 0.581053 0.627661 0.589114 0.625951 0.590296 0.619083 0.588095 0.609615 0.577866 0.601876 0.569916 0.603662
0 0.460720 0.527080 0.466627 0.534838 0.466780 0.534678 0.478364 0.518996 0.472483 0.511274 0.472357 0.511326
0 0.454475 0.438876 0.454996 0.439574 0.467808 0.453453 0.480299 0.432953 0.480009 0.429347 0.479836 0.429094 0.479393 0.428559 0.478748 0.427824 0.478001 0.427001 0.471535 0.419998 0.470801 0.419215 0.470194 0.418594 0.469808 0.418231 0.469700 0.418180 0.467148 0.418234 0.456581 0.435420
0 0.395764 0.632149 0.407266 0.648289 0.414530 0.639087 0.415506 0.637497 0.415137 0.634702 0.414861 0.634031 0.414370 0.633152 0.413738 0.632200 0.408039 0.624203 0.407361 0.623318 0.406736 0.622631 0.406261 0.622246 0.404135 0.621542 0.396955 0.630639
0 0.360362 0.583428 0.361351 0.584450 0.366955 0.590235 0.380769 0.602719 0.380892 0.602516 0.381109 0.602154 0.381801 0.600994 0.382448 0.599908 0.383098 0.598815 0.383653 0.597879 0.384030 0.597242 0.384170 0.597003 0.371697 0.582336 0.370712 0.581317 0.366108 0.576558 0.365121 0.575538 0.364919 0.575764 0.364383 0.576559 0.363596 0.577803 0.362676 0.579306 0.361766 0.580837 0.361006 0.582158 0.360513 0.583068
0 0.438874 0.446975 0.442338 0.450575 0.445517 0.453659 0.449457 0.447855 0.456493 0.435436 0.457130 0.434081 0.450531 0.427442 0.442591 0.438825
0 0.487600 0.692910 0.513472 0.713311 0.515875 0.711439 0.516168 0.711055 0.516593 0.710283 0.517084 0.709241 0.521325 0.699681 0.521806 0.698531 0.522202 0.697453 0.522452 0.696611 0.522519 0.696134 0.521721 0.691928 0.520300 0.690808 0.491943 0.681233 0.487741 0.690705
0 0.411240 0.614950 0.421845 0.632020 0.434648 0.617880 0.434947 0.617339 0.424391 0.600348 0.411647 0.614423
