0 0.418964 0.526570 0.422172 0.527690 0.426985 0.529370 0.427153 0.529303 0.427278 0.529252 0.431460 0.507947 0.423471 0.505159 0.423339 0.505167 0.423163 0.505179
0 0.416530 0.543897 0.417842 0.565920 0.431488 0.565124 0.433152 0.564743 0.431831 0.542549 0.418228 0.543595
0 0.522128 0.410236 0.522133 0.410368 0.523531 0.413366 0.533351 0.415083 0.533737 0.414102 0.535908 0.392026 0.525974 0.390289 0.523860 0.392809 0.523803 0.393200 0.523707 0.394031 0.523585 0.395175 0.523455 0.396458 0.522379 0.407395 0.522262 0.408627 0.522174 0.409624
0 0.542908 0.444508 0.549448 0.451266 0.549675 0.451042 0.559858 0.433521 0.553288 0.426732 0.553044 0.427068
0 0.430354 0.547317 0.430468 0.548952 0.430828 0.550617 0.431378 0.552054 0.432035 0.553043 0.432697 0.553435 0.434639 0.553854 0.435712 0.553459 0.436414 0.553129 0.436889 0.552034 0.437629 0.549893 0.437735 0.548878 0.437647 0.547656 0.437378 0.546414 0.436970 0.545338 0.436483 0.544591 0.434983 0.543216 0.434161 0.542707 0.433091 0.543108 0.432382 0.543417 0.430894 0.545096 0.430505 0.545963
0 0.409518 0.426932 0.409738 0.428195 0.410304 0.429250 0.411130 0.429936 0.411334 0.430097 0.411347 0.430107 0.415201 0.432989 0.419105 0.434011 0.420062 0.434223 0.421008 0.433930 0.421797 0.433177 0.423036 0.430563 0.424529 0.427366 0.425238 0.421735 0.425397 0.420458 0.425177 0.419198 0.424613 0.418145 0.424602 0.418133 0.424428 0.417945 0.423603 0.417259 0.420130 0.414733 0.415826 0.413346 0.414866 0.413133 0.413918 0.413427 0.413127 0.414181 0.412612 0.415283 0.410780 0.420368 0.409677 0.425652
0 0.433390 0.516554 0.444698 0.558601 0.446426 0.557893 0.459536 0.551173 0.448345 0.509563 0.435077 0.515692
0 0.575457 0.431079 0.585351 0.431708 0.586337 0.430918 0.587682 0.429216 0.587807 0.428870 0.587931 0.428069 0.588036 0.426936 0.588104 0.425643 0.588127 0.424389 0.588099 0.423367 0.588026 0.422733 0.586735 0.419798 0.576727 0.419163 0.575850 0.420087
0 0.555085 0.468658 0.555143 0.468834 0.573852 0.479496 0.574256 0.479724 0.574654 0.479944 0.575046 0.480155 0.575423 0.480355 0.575781 0.480538 0.582275 0.460280 0.582286 0.459760 0.582289 0.459601 0.581927 0.459378 0.581545 0.459149 0.581149 0.458919 0.580746 0.458693 0.580339 0.458470 0.561588 0.448373
0 0.485027 0.645183 0.490811 0.655587 0.492892 0.656688 0.493065 0.656607 0.493558 0.656045 0.494294 0.655089 0.495162 0.653884 0.496031 0.652613 0.496771 0.651465 0.497269 0.650615 0.497450 0.650191 0.496510 0.647474 0.488448 0.640338 0.488312 0.640377 0.487936 0.640779 0.487377 0.641485 0.486719 0.642386 0.486064 0.643344 0.485512 0.644213 0.485148 0.644859
0 0.453259 0.609070 0.453292 0.609905 0.453385 0.611054 0.453524 0.612343 0.454838 0.623310 0.455001 0.624537 0.455163 0.625510 0.455298 0.626081 0.457145 0.628718 0.476932 0.624502 0.477196 0.623079 0.474591 0.601345 0.471331 0.602039 0.454978 0.605633 0.453291 0.608676
0 0.562649 0.496149 0.563091 0.511702 0.563828 0.519637 0.573806 0.519133 0.575538 0.514296 0.575602 0.513589 0.575628 0.512516 0.575612 0.511243 0.575165 0.495509 0.575109 0.494233 0.575022 0.493156 0.574917 0.492441 0.572915 0.487774 0.562937 0.488278
0 0.436034 0.543181 0.436055 0.543754 0.438415 0.550267 0.438743 0.550658 0.439172 0.550634 0.442601 0.548442 0.447747 0.545083 0.448132 0.544622 0.448466 0.544204 0.448560 0.543597 0.448321 0.540049 0.446356 0.537537 0.445933 0.537241 0.445470 0.537301 0.440442 0.540030 0.436923 0.542001 0.436324 0.542774
