0 0.559171 0.510023 0.559382 0.512157 0.560190 0.514022 0.561471 0.515333 0.563031 0.515890 0.563139 0.515918 0.564743 0.515636 0.566144 0.514557 0.567129 0.512846 0.567547 0.510763 0.567336 0.508624 0.566527 0.506756 0.565244 0.505443 0.563681 0.504885 0.563572 0.504877 0.561971 0.505158 0.560572 0.506234 0.559589 0.507943
0 0.545655 0.419567 0.548268 0.441334 0.548826 0.441285 0.556430 0.439662 0.557896 0.439293 0.558113 0.438950 0.558128 0.438175 0.555779 0.418609 0.555580 0.417846 0.555284 0.417532 0.552967 0.417592
0 0.544256 0.566573 0.548763 0.572447 0.569395 0.598018 0.575134 0.589830 0.554570 0.564161 0.549936 0.558470 0.547740 0.560107 0.547039 0.560715 0.546334 0.561584 0.545731 0.562581 0.545321 0.563558
0 0.440494 0.397332 0.445898 0.403686 0.446097 0.403834 0.446530 0.404074 0.447081 0.404342 0.447603 0.404567 0.447958 0.404689 0.448049 0.404674 0.451966 0.403640 0.452857 0.400205 0.450388 0.395664 0.450193 0.395510 0.449761 0.395265 0.449209 0.394994 0.448685 0.394771 0.448329 0.394655 0.441037 0.395244
0 0.442526 0.482779 0.447389 0.491882 0.454202 0.504635 0.456167 0.508311 0.464364 0.510148 0.464527 0.510101 0.472752 0.444823 0.472627 0.444569 0.464430 0.442733 0.461672 0.445352 0.452107 0.454436 0.448038 0.458301 0.445281 0.460920
0 0.539812 0.539133 0.539955 0.540583 0.540293 0.541555 0.542623 0.546911 0.545356 0.550089 0.546000 0.550770 0.546976 0.551201 0.547974 0.551065 0.550784 0.550505 0.550974 0.550440 0.553533 0.548424 0.555323 0.545095 0.556062 0.540960 0.555635 0.536657 0.554107 0.532850 0.551717 0.530125 0.548835 0.528898 0.545905 0.529344 0.545713 0.529396 0.543177 0.531442 0.541418 0.534768 0.540057 0.537737
0 0.527984 0.468652 0.530056 0.472079 0.530759 0.471426 0.557064 0.443152 0.554943 0.439645 0.552196 0.439549 0.552117 0.439629 0.551750 0.440018 0.551151 0.440659 0.550411 0.441453 0.543850 0.448505 0.530728 0.462609 0.529967 0.463428 0.529306 0.464141 0.528847 0.464640 0.528659 0.464847 0.528330 0.465251
0 0.464382 0.512803 0.464428 0.513134 0.464963 0.515946 0.465487 0.516266 0.466418 0.516598 0.467614 0.516891 0.468894 0.517102 0.470067 0.517198 0.470956 0.517165 0.471424 0.517008 0.472498 0.514461 0.472091 0.501684 0.472074 0.501470 0.471689 0.501212 0.470994 0.500948 0.470095 0.500719 0.469130 0.500560 0.468247 0.500496 0.467581 0.500536 0.467234 0.500674
0 0.576778 0.555624 0.576887 0.577805 0.576976 0.579464 0.577481 0.588873 0.577630 0.588933 0.578327 0.588941 0.579467 0.588894 0.580877 0.588799 0.582339 0.588672 0.583628 0.588531 0.584545 0.588399 0.584951 0.588296 0.584350 0.577206 0.582070 0.555164 0.582002 0.555167 0.581496 0.555207 0.580677 0.555275 0.579669 0.555361 0.578625 0.555452 0.577701 0.555534 0.577038 0.555595 0.576857 0.555614
0 0.468704 0.588692 0.468762 0.589025 0.469011 0.589740 0.469412 0.590727 0.469905 0.591837 0.470414 0.592899 0.470861 0.593749 0.471176 0.594258 0.471314 0.594349 0.473534 0.595552 0.493554 0.592202 0.494977 0.591036 0.495034 0.589996 0.486385 0.571248 0.469512 0.585086 0.469160 0.586069
0 0.521472 0.520442 0.524553 0.533845 0.525000 0.535738 0.526355 0.541436 0.526448 0.541606 0.527125 0.541468 0.528341 0.541082 0.529305 0.540727 0.531727 0.539728 0.532648 0.539306 0.533747 0.538737 0.534281 0.538376 0.533440 0.534363 0.529403 0.517171 0.527292 0.515560 0.527071 0.515599 0.526524 0.515780 0.525732 0.516077 0.524817 0.516444 0.523917 0.516826 0.523167 0.517165 0.522681 0.517409 0.522533 0.517523
0 0.490486 0.446624 0.490529 0.446868 0.505048 0.486524 0.512483 0.481684 0.512541 0.481600 0.497955 0.441762
0 0.450339 0.414938 0.450721 0.425109 0.450802 0.425537 0.451894 0.427933 0.452114 0.428262 0.468602 0.427161 0.468188 0.416169 0.467291 0.413805
0 0.551713 0.531744 0.552901 0.597757 0.553144 0.598206 0.569723 0.597675 0.568529 0.531360 0.568216 0.531216
0 0.434085 0.689497 0.436424 0.702487 0.452662 0.697289 0.453203 0.695034 0.450890 0.682193 0.448465 0.681289 0.447999 0.681254 0.447255 0.681370 0.446345 0.681618 0.438301 0.684194 0.437361 0.684537 0.436531 0.684926 0.435935 0.685300 0.435666 0.685604 0.434838 0.687331
0 0.409677 0.440169 0.416485 0.446836 0.418394 0.448051 0.420348 0.444503 0.419597 0.440978 0.419550 0.440907 0.419206 0.440547 0.418617 0.439956 0.417873 0.439222 0.417085 0.438456 0.416374 0.437774 0.415846 0.437279 0.415582 0.437047 0.414601 0.436315 0.411677 0.436538
