0 0.628508 0.325341 0.632577 0.336977 0.647366 0.343084 0.649070 0.341269 0.664512 0.303869 0.649552 0.297693 0.637720 0.303030 0.637188 0.304137 0.636039 0.306769 0.634448 0.310520 0.632656 0.314824 0.630934 0.319031 0.629541 0.322506 0.628688 0.324723
0 0.658143 0.297028 0.698195 0.298934 0.699107 0.298008 0.701022 0.257772 0.660785 0.255857 0.660049 0.256976
0 0.578569 0.622866 0.581316 0.662771 0.581689 0.663519 0.621778 0.660760 0.619019 0.620671 0.618475 0.620119
0 0.785022 0.738943 0.792080 0.778414 0.793424 0.779696 0.833077 0.772606 0.825988 0.732953 0.824494 0.731885
0 0.185329 0.120648 0.186771 0.122386 0.226725 0.125774 0.230113 0.085820 0.228870 0.083913 0.188732 0.080510
0 0.461746 0.914107 0.480139 0.950253 0.516285 0.931861 0.534038 0.877322 0.533571 0.872148 0.515431 0.836497 0.479781 0.854638 0.474864 0.869742 0.462271 0.908428
0 0.869559 0.855179 0.869665 0.857346 0.870166 0.860913 0.870985 0.865340 0.882270 0.921042 0.883286 0.925675 0.884350 0.929830 0.885301 0.932879 0.885993 0.934354 0.897652 0.948742 0.945079 0.939134 0.943027 0.914564 0.931610 0.858211 0.922431 0.827346 0.875004 0.836955
0 0.533068 0.200803 0.573066 0.201226 0.613486 0.161650 0.615064 0.156945 0.615492 0.116391 0.574938 0.115963 0.533956 0.156089 0.533490 0.160806
0 0.340289 0.344924 0.353480 0.357922 0.354553 0.358379 0.357218 0.359303 0.361065 0.360552 0.365513 0.361939 0.419859 0.378568 0.424251 0.379886 0.427938 0.380942 0.430362 0.381575 0.431150 0.381688 0.449356 0.378297 0.463515 0.332023 0.435725 0.322232 0.420286 0.317508 0.380743 0.305409 0.354448 0.298651
0 0.243916 0.543330 0.245144 0.561808 0.245286 0.562677 0.246368 0.564992 0.248226 0.568403 0.250578 0.572388 0.280363 0.621253 0.282838 0.625187 0.285049 0.628453 0.286657 0.630551 0.287418 0.631164 0.303280 0.640722 0.344600 0.615536 0.331135 0.590451 0.322868 0.576888 0.301693 0.542148 0.285236 0.518144
0 0.833369 0.307645 0.833764 0.308626 0.835028 0.310244 0.836969 0.312254 0.839292 0.314347 0.841639 0.316204 0.843652 0.317539 0.845023 0.318151 0.918485 0.310087 0.919215 0.308907 0.921221 0.304268 0.923676 0.297788 0.927312 0.287288 0.930028 0.278506 0.930900 0.274323 0.930842 0.271900 0.899156 0.260981 0.895811 0.259897 0.868638 0.251642 0.854310 0.247310 0.843305 0.252294 0.842554 0.254054 0.841367 0.257252 0.839926 0.261403 0.838448 0.265879 0.837157 0.270004 0.836246 0.273156 0.835856 0.274854
0 0.888942 0.745896 0.889241 0.777579 0.889785 0.778935 0.891241 0.780774 0.893387 0.782813 0.895896 0.784741 0.898384 0.786263 0.900469 0.787146 0.901834 0.787256 0.974559 0.774541 0.975292 0.774044 0.977029 0.770296 0.978998 0.764346 0.981737 0.753994 0.983601 0.744666 0.983932 0.739350 0.983381 0.735105 0.950735 0.726379 0.947303 0.725584 0.904190 0.717415 0.894365 0.723009 0.893680 0.724191 0.892710 0.726975 0.891604 0.730937 0.890528 0.735478 0.889645 0.739912 0.889088 0.743570
0 0.787308 0.132832 0.793468 0.134560 0.803839 0.136214 0.811925 0.137017 0.819725 0.137337 0.823510 0.137191 0.827899 0.135956 0.863408 0.075207 0.863934 0.073208 0.863924 0.070468 0.863378 0.067406 0.862380 0.064490 0.861082 0.062167 0.859684 0.060792 0.828987 0.045871 0.826279 0.044929 0.822296 0.044091 0.817650 0.043486 0.813054 0.043206 0.809214 0.043295 0.806717 0.043738 0.798180 0.051010 0.797158 0.052680 0.790471 0.095673 0.790076 0.099142 0.788903 0.112955
0 0.844580 0.502582 0.879325 0.566935 0.881336 0.566906 0.884329 0.566754 0.891357 0.566356 0.899285 0.565879 0.910312 0.565181 0.917885 0.564663 0.919350 0.564502 0.917761 0.531378 0.917535 0.527878 0.915277 0.499177 0.914075 0.484009 0.905471 0.475961 0.903828 0.475920 0.900603 0.476014 0.896289 0.476228 0.891547 0.476530 0.887106 0.476874 0.883648 0.477205 0.881697 0.477475 0.850028 0.488011 0.849303 0.488531 0.848297 0.490131 0.847164 0.492568 0.846079 0.495472 0.845206 0.498396 0.844680 0.500893
0 0.102262 0.723300 0.121972 0.758745 0.157417 0.739036 0.162115 0.735757 0.142676 0.700798 0.107717 0.720237
0 0.119525 0.164639 0.142062 0.207647 0.146153 0.210988 0.155214 0.213165 0.156481 0.213117 0.159176 0.212226 0.162887 0.210629 0.167052 0.208568 0.171043 0.206355 0.174257 0.204323 0.176208 0.202780 0.181583 0.192422 0.159304 0.149906 0.155365 0.145858
0 0.123247 0.519666 0.168119 0.538216 0.171912 0.537779 0.181001 0.533826 0.181772 0.532934 0.183124 0.530485 0.184851 0.526856 0.186692 0.522595 0.188369 0.518346 0.189628 0.514750 0.190280 0.512352 0.190222 0.511519 0.187193 0.500813 0.142834 0.482476 0.138705 0.482273
0 0.097402 0.939577 0.143932 0.953452 0.156470 0.945579 0.157185 0.944113 0.158313 0.941116 0.159683 0.937047 0.161088 0.932522 0.162315 0.928223 0.163179 0.924799 0.163550 0.922770 0.159432 0.909938 0.113434 0.896221 0.108965 0.900802
0 0.332139 0.444854 0.464045 0.647378 0.531553 0.603409 0.531409 0.602935 0.400107 0.401339 0.399646 0.400886
0 0.842580 0.929682 0.843257 0.934603 0.848353 0.942123 0.850575 0.945361 0.854865 0.947669 0.860569 0.948704 0.866824 0.948310 0.872688 0.946548 0.877274 0.943680 0.879885 0.940138 0.882588 0.932127 0.882881 0.927523 0.882156 0.922602 0.879427 0.918521 0.874081 0.915595 0.868376 0.912868 0.864099 0.912078 0.859403 0.912374 0.855007 0.913709 0.851585 0.915880 0.846017 0.920625 0.842806 0.925080
0 0.920742 0.651896 0.928497 0.660789 0.929073 0.661006 0.931411 0.661273 0.935159 0.661549 0.939746 0.661792 0.944467 0.661966 0.948598 0.662042 0.951505 0.662010 0.952746 0.661875 0.961157 0.653686 0.961378 0.647649 0.957698 0.637412 0.956879 0.637166 0.953729 0.636852 0.948738 0.636516 0.942661 0.636211 0.936415 0.635982 0.930939 0.635863 0.927058 0.635872 0.925365 0.636009 0.920963 0.645873
0 0.771842 0.849588 0.774726 0.854072 0.776864 0.857217 0.784761 0.862227 0.788373 0.863255 0.793331 0.862624 0.798876 0.860427 0.804156 0.856998 0.808357 0.852865 0.810834 0.848667 0.811215 0.845046 0.809973 0.835715 0.807105 0.831210 0.804903 0.828117 0.800366 0.826902 0.791943 0.825922 0.788235 0.826427 0.784098 0.828084 0.780157 0.830644 0.777006 0.833719 0.775124 0.836845 0.772392 0.845070
0 0.761625 0.619827 0.761707 0.625853 0.769825 0.634344 0.770187 0.634525 0.772327 0.634668 0.775925 0.634751 0.780431 0.634761 0.785155 0.634697 0.789371 0.634568 0.792432 0.634395 0.793873 0.634203 0.801787 0.625599 0.801705 0.619559 0.797552 0.609522 0.797021 0.609325 0.794136 0.609177 0.789343 0.609099 0.783373 0.609103 0.777123 0.609188 0.771534 0.609341 0.767449 0.609540 0.765489 0.609754
