0 0.511052 0.567272 0.511071 0.567917 0.511162 0.569500 0.512912 0.571461 0.513291 0.571778 0.513981 0.571982 0.514878 0.572041 0.515845 0.571948 0.516737 0.571716 0.517418 0.571379 0.517786 0.570990 0.519275 0.568716 0.519273 0.568072 0.519177 0.566487 0.518206 0.563993 0.517708 0.563557 0.516789 0.563275 0.515590 0.563190 0.514294 0.563315 0.513102 0.563632 0.512196 0.564090 0.511714 0.564620
0 0.574025 0.379407 0.577230 0.390580 0.577515 0.391462 0.578671 0.394907 0.580400 0.399866 0.581588 0.399415 0.583580 0.398389 0.585130 0.397485 0.586624 0.396516 0.587346 0.395982 0.588179 0.395136 0.588166 0.375754 0.588093 0.375216 0.587838 0.374570 0.587439 0.373917 0.586956 0.373356 0.586464 0.372972 0.586038 0.372825 0.579204 0.373497 0.578673 0.373654 0.577902 0.374004 0.577010 0.374493 0.576134 0.375045 0.575408 0.375577 0.574944 0.376006 0.574811 0.376267
0 0.404924 0.452679 0.407175 0.474586 0.407546 0.474688 0.423911 0.471699 0.421670 0.449880 0.421355 0.449678
0 0.497427 0.393878 0.497472 0.394264 0.497594 0.395082 0.497775 0.396208 0.497986 0.397469 0.498197 0.398678 0.498374 0.399650 0.498492 0.400239 0.498532 0.400354 0.500617 0.402550 0.519932 0.396688 0.520400 0.394271 0.518525 0.383289 0.516878 0.383789 0.498771 0.390569
0 0.531414 0.642386 0.537267 0.646186 0.545314 0.649969 0.548456 0.651446 0.553611 0.652821 0.556931 0.640265 0.554324 0.636540 0.554074 0.636275 0.553504 0.635883 0.552703 0.635424 0.551791 0.634966 0.540731 0.629767 0.539843 0.629378 0.539111 0.629117 0.538645 0.629022 0.534734 0.629830
0 0.483003 0.646821 0.483403 0.650681 0.491561 0.658410 0.492035 0.657686 0.493970 0.654056 0.497839 0.646796 0.498806 0.644981 0.499773 0.643166 0.500740 0.641351 0.501223 0.640281 0.501211 0.638997 0.500537 0.638201 0.495155 0.633101 0.493809 0.631826 0.493128 0.631339 0.490600 0.632416 0.490298 0.632854 0.489839 0.633630 0.489291 0.634628 0.484499 0.643619 0.483945 0.644689 0.483466 0.645673 0.483135 0.646422
0 0.471478 0.510006 0.476816 0.530998 0.492560 0.523881 0.492594 0.523771 0.487281 0.502875 0.487222 0.502889
0 0.572669 0.577417 0.572872 0.578798 0.576059 0.593780 0.578278 0.602058 0.586285 0.599034 0.585179 0.590811 0.580623 0.574413
0 0.425294 0.536425 0.425402 0.556241 0.425608 0.557047 0.426093 0.557444 0.429417 0.557936 0.430669 0.557924 0.431462 0.557262 0.431832 0.556740 0.431718 0.535819 0.431341 0.535252 0.426142 0.535303 0.425972 0.535383 0.425491 0.535666
0 0.425540 0.453694 0.425659 0.458001 0.427006 0.461919 0.429375 0.464852 0.429420 0.464875 0.432448 0.466375 0.432646 0.466473 0.433739 0.466419 0.435677 0.466216 0.438613 0.464421 0.440812 0.461265 0.441726 0.458720 0.442107 0.457353 0.442066 0.455895 0.441817 0.452923 0.440472 0.449007 0.438104 0.446076 0.438064 0.446041 0.435034 0.444541 0.431804 0.444700 0.428865 0.446495 0.426665 0.449654
0 0.393402 0.570164 0.394017 0.574396 0.395801 0.577992 0.397571 0.579585 0.398655 0.580266 0.399557 0.580697 0.401649 0.581266 0.404824 0.580445 0.405204 0.580123 0.407891 0.577755 0.409693 0.574196 0.410336 0.569988 0.409723 0.565773 0.407946 0.562191 0.406184 0.560604 0.405277 0.559788 0.404206 0.559497 0.402122 0.558931 0.398960 0.559748 0.398554 0.559988 0.395857 0.562366 0.394662 0.564726 0.394230 0.565826 0.393828 0.567374
0 0.485063 0.465907 0.485135 0.466341 0.486211 0.468830 0.486751 0.469054 0.487694 0.469126 0.488894 0.469035 0.490172 0.468795 0.491335 0.468443 0.492207 0.468031 0.492657 0.467621 0.493187 0.464831 0.493133 0.464393 0.490241 0.452458 0.489840 0.452270 0.489134 0.452200 0.488230 0.452260 0.487267 0.452440 0.486392 0.452714 0.485741 0.453038 0.485412 0.453364
0 0.411736 0.569224 0.420024 0.570052 0.420391 0.569731 0.421009 0.558730 0.412759 0.557905 0.412357 0.558172
0 0.519675 0.436412 0.521038 0.438357 0.531465 0.449597 0.598312 0.349743 0.597223 0.347437 0.585878 0.337521
