0 0.494349 0.507628 0.500525 0.517266 0.500733 0.517459 0.502808 0.518345 0.503273 0.517976 0.503967 0.517145 0.504787 0.515978 0.505607 0.514650 0.506306 0.513362 0.506777 0.512307 0.506948 0.511647 0.505905 0.509092 0.505708 0.508881 0.497451 0.502610 0.497095 0.502867 0.496566 0.503479 0.495945 0.504352 0.495326 0.505353 0.494806 0.506328 0.494463 0.507126
0 0.476223 0.535529 0.491421 0.544347 0.498035 0.524084 0.498042 0.523988 0.482906 0.515205 0.482837 0.515266
0 0.443622 0.551042 0.459366 0.557991 0.459528 0.557759 0.464719 0.536852 0.449039 0.529931 0.448834 0.530051
0 0.484378 0.607799 0.485871 0.614127 0.486369 0.616236 0.486867 0.618345 0.502686 0.611710 0.502680 0.611454 0.502675 0.611263 0.500197 0.600759 0.484441 0.607368 0.484414 0.607552
0 0.447133 0.418544 0.447375 0.418917 0.488254 0.456477 0.492949 0.447393 0.492916 0.447151 0.491399 0.436160 0.489271 0.420745 0.488660 0.416321 0.474971 0.403744 0.471653 0.404558 0.460092 0.407395 0.451849 0.409418
0 0.348308 0.429786 0.349563 0.431230 0.356198 0.426757 0.356558 0.426369 0.356960 0.425805 0.357297 0.425218 0.357479 0.424762 0.358367 0.419919 0.358395 0.419709 0.356331 0.417333 0.355166 0.416830 0.351821 0.418432 0.351458 0.418817 0.351054 0.419380 0.350718 0.419971 0.350539 0.420431 0.348381 0.428590
0 0.430082 0.568671 0.444834 0.578891 0.445087 0.578529 0.448902 0.568740 0.434218 0.558567 0.433915 0.558836
0 0.500880 0.473027 0.500968 0.477333 0.502286 0.481266 0.503824 0.483270 0.504618 0.484273 0.505640 0.484794 0.507649 0.485766 0.510878 0.485649 0.513828 0.483892 0.513837 0.483882 0.516059 0.480752 0.517214 0.476726 0.517126 0.472418 0.515808 0.468482 0.513460 0.465519 0.510441 0.463979 0.507210 0.464097 0.504258 0.465854 0.502036 0.468984 0.500881 0.473009
0 0.410970 0.580509 0.411066 0.582661 0.411771 0.584601 0.412980 0.586033 0.414508 0.586739 0.416122 0.586612 0.417577 0.585671 0.417719 0.585524 0.418791 0.583915 0.419319 0.581881 0.419224 0.579733 0.418520 0.577796 0.417313 0.576367 0.415788 0.575662 0.414176 0.575789 0.412724 0.576728 0.412574 0.576860 0.411500 0.578472
0 0.544839 0.421432 0.589630 0.449979 0.590042 0.449749 0.597212 0.429750 0.552215 0.401072 0.551976 0.401526
0 0.553124 0.557261 0.553142 0.558290 0.553196 0.559538 0.554372 0.581543 0.554960 0.592545 0.555042 0.593833 0.555141 0.594975 0.555241 0.595798 0.555327 0.596177 0.557640 0.598775 0.567633 0.597825 0.565259 0.553408 0.564513 0.552798 0.557926 0.553424 0.554633 0.553737 0.553202 0.556431 0.553145 0.556608
