0 0.169796 0.632038 0.170821 0.644238 0.211840 0.670219 0.215134 0.668273 0.257940 0.600689 0.217389 0.575005 0.204237 0.577659 0.203355 0.578539 0.201618 0.580843 0.199293 0.584222 0.196734 0.588159 0.175134 0.622263 0.172740 0.626146 0.170885 0.629367 0.169852 0.631435
0 0.196916 0.111405 0.200380 0.115846 0.247101 0.126852 0.256346 0.118445 0.257216 0.116331 0.258292 0.112818 0.259411 0.108439 0.268604 0.069415 0.269599 0.064821 0.270323 0.060695 0.270665 0.057661 0.270573 0.056183 0.262733 0.043769 0.215472 0.032636
0 0.780056 0.445898 0.780749 0.457652 0.819875 0.485459 0.823573 0.485291 0.870453 0.419328 0.830875 0.391200 0.817344 0.393431 0.816394 0.394319 0.814529 0.396565 0.812034 0.399823 0.809286 0.403601 0.786061 0.436280 0.783468 0.440016 0.781417 0.443155 0.780218 0.445222
0 0.310187 0.358376 0.312356 0.359995 0.320245 0.361324 0.366337 0.328529 0.375336 0.321030 0.375652 0.320361 0.376225 0.317988 0.376966 0.314275 0.377763 0.309785 0.378496 0.305195 0.379055 0.301198 0.379354 0.298399 0.379347 0.297228 0.371516 0.286647 0.323637 0.278577
0 0.865956 0.182567 0.868679 0.187700 0.901657 0.233662 0.921469 0.254543 0.936638 0.243998 0.954254 0.231054 0.938486 0.200174 0.898525 0.159234
0 0.341978 0.963827 0.389031 0.975810 0.399939 0.967388 0.400034 0.967115 0.400569 0.965097 0.401464 0.961640 0.402581 0.957270 0.403751 0.952659 0.404791 0.948516 0.405545 0.945475 0.405896 0.943997 0.400171 0.931610 0.371280 0.882975 0.363528 0.881001 0.361950 0.885405
0 0.912006 0.375876 0.991510 0.384767 0.997193 0.383435 1.000000 0.335181 0.992391 0.326407 0.990336 0.325920 0.986801 0.325353 0.982323 0.324792 0.977591 0.324324 0.973333 0.324019 0.970199 0.323925 0.968666 0.324055 0.957092 0.332619 0.912895 0.367926
0 0.668631 0.157278 0.692478 0.172873 0.742897 0.198523 0.770290 0.208996 0.792233 0.165866 0.781037 0.149904 0.779010 0.148318 0.775710 0.146268 0.771642 0.144068 0.720636 0.118120 0.716438 0.116114 0.712769 0.114619 0.710189 0.113861 0.690573 0.114148
0 0.670739 0.771015 0.699723 0.781353 0.715212 0.785909 0.754884 0.797577 0.780163 0.803199 0.793818 0.756774 0.780486 0.743921 0.779234 0.743339 0.776411 0.742329 0.772451 0.741044 0.767954 0.739679 0.713430 0.723642 0.709059 0.722398 0.705459 0.721460 0.703176 0.720969 0.702562 0.721001 0.684394 0.724590
0 0.503088 0.515191 0.518637 0.550093 0.570768 0.573792 0.607746 0.562767 0.615656 0.541717 0.600604 0.507080 0.548719 0.483493 0.512275 0.494721
0 0.509452 0.826462 0.509513 0.829241 0.510041 0.839596 0.512254 0.842158 0.516537 0.845573 0.525986 0.847987 0.529199 0.848056 0.533348 0.846120 0.537798 0.842468 0.541864 0.837662 0.544919 0.832441 0.546497 0.827608 0.546358 0.823904 0.542034 0.815432 0.539761 0.812927 0.535501 0.809499 0.531481 0.809487 0.522405 0.811150 0.519310 0.812629 0.515996 0.815371 0.512961 0.818959 0.510664 0.822851
0 0.645235 0.622416 0.647530 0.629898 0.652514 0.635932 0.652776 0.636166 0.659701 0.639840 0.667506 0.640584 0.675000 0.638285 0.681045 0.633293 0.684719 0.626367 0.685463 0.618563 0.683164 0.611069 0.678172 0.605024 0.677866 0.604843 0.670952 0.601175 0.663161 0.600433 0.655679 0.602728 0.649646 0.607712 0.645977 0.614625
0 0.680527 0.290355 0.683495 0.297593 0.689006 0.303144 0.696223 0.306163 0.704046 0.306192 0.711283 0.303223 0.711647 0.302885 0.717208 0.297364 0.720232 0.290135 0.720261 0.282299 0.717287 0.275049 0.711767 0.269488 0.704537 0.266463 0.696701 0.266435 0.689451 0.269408 0.683890 0.274929 0.683574 0.275316 0.680555 0.282533
0 0.184179 0.753915 0.185701 0.761605 0.190049 0.768128 0.196563 0.772490 0.204250 0.774028 0.211940 0.772507 0.218463 0.768159 0.218948 0.767698 0.223302 0.761195 0.224838 0.753521 0.223319 0.745844 0.218978 0.739332 0.212476 0.734977 0.204801 0.733442 0.197125 0.734961 0.190613 0.739301 0.190079 0.739713 0.185717 0.746227
0 0.302777 0.923406 0.303164 0.931232 0.306518 0.938314 0.312326 0.943575 0.319706 0.946211 0.327533 0.945824 0.334614 0.942469 0.339875 0.936662 0.340150 0.935911 0.342782 0.928544 0.342395 0.920731 0.339047 0.913661 0.333249 0.908410 0.325882 0.905778 0.318069 0.906165 0.310999 0.909513 0.305748 0.915311 0.305413 0.916026
0 0.062221 0.827178 0.062816 0.829910 0.256615 0.971320 0.305518 0.906877 0.303836 0.903834 0.111654 0.762381
0 0.193746 0.716171 0.396698 0.847416 0.440446 0.779766 0.440719 0.778483 0.238697 0.647839 0.237494 0.648520
0 0.266795 0.225419 0.267863 0.226678 0.508433 0.229326 0.508472 0.228079 0.509359 0.147520 0.267682 0.144861
0 0.402462 0.941734 0.436331 0.976526 0.449016 0.974286 0.450838 0.972988 0.453616 0.970603 0.456925 0.967494 0.460256 0.964139 0.463098 0.961054 0.465017 0.958710 0.465721 0.957464 0.465721 0.943179 0.432239 0.908784 0.403577 0.936685
0 0.031019 0.829344 0.038008 0.839275 0.039903 0.840682 0.043172 0.842475 0.047317 0.844379 0.051700 0.846102 0.055647 0.847379 0.058556 0.848016 0.059984 0.847916 0.068253 0.845183 0.073187 0.841238 0.091976 0.797068 0.055168 0.781410 0.050025 0.784664
0 0.440124 0.255701 0.440146 0.258594 0.440210 0.259831 0.448914 0.269347 0.496907 0.270163 0.497587 0.230169 0.497559 0.227050 0.449012 0.226224 0.440620 0.235697 0.440526 0.236267 0.440415 0.238594 0.440303 0.242325 0.440209 0.246891 0.440146 0.251591
0 0.559787 0.272897 0.599621 0.277487 0.601010 0.274385 0.605664 0.233996 0.565275 0.229342 0.564377 0.233063
