0 0.574113 0.278563 0.574746 0.280004 0.577701 0.286724 0.578334 0.288163 0.587659 0.306585 0.587777 0.306534 0.588065 0.306353 0.588377 0.306135 0.589143 0.305549 0.590039 0.304828 0.590931 0.304081 0.591682 0.303421 0.592179 0.302949 0.592346 0.302737 0.584816 0.282788 0.580590 0.273165 0.580304 0.273221 0.579564 0.273683 0.578484 0.274479 0.577230 0.275488 0.575994 0.276555 0.574968 0.277514 0.574308 0.278218
0 0.693280 0.317272 0.693662 0.318843 0.705634 0.335075 0.721340 0.328289 0.722357 0.327500 0.724925 0.304887 0.724541 0.303309 0.694168 0.316433
0 0.388220 0.611499 0.388828 0.613497 0.389964 0.615034 0.391454 0.615873 0.393072 0.615889 0.394571 0.615077 0.394753 0.614879 0.395903 0.613368 0.396531 0.611384 0.396543 0.609230 0.395935 0.607235 0.394802 0.605701 0.393314 0.604863 0.391699 0.604848 0.390202 0.605658 0.390013 0.605840 0.388861 0.607354 0.388231 0.609342
0 0.501161 0.644909 0.501222 0.645006 0.501229 0.645015 0.501320 0.645105 0.501334 0.645116 0.501354 0.645127 0.501377 0.645137 0.501398 0.645143 0.503268 0.645536 0.503285 0.645538 0.503383 0.645518 0.503406 0.645417 0.503223 0.645237 0.501184 0.644808
0 0.611264 0.649029 0.611352 0.649466 0.611875 0.651428 0.614493 0.654970 0.617707 0.656360 0.622920 0.634930 0.620110 0.631846 0.616969 0.630488 0.615240 0.632683 0.614945 0.633218 0.614611 0.634141 0.614288 0.635310 0.611735 0.645804 0.611471 0.647048 0.611306 0.648180
0 0.476361 0.595721 0.478612 0.599656 0.480268 0.599990 0.480942 0.599460 0.483443 0.597147 0.483479 0.596869 0.483551 0.596262 0.483639 0.595490 0.483721 0.594759 0.483774 0.594263 0.483784 0.594136 0.482011 0.590400 0.479315 0.589857 0.476702 0.592710 0.476661 0.592985 0.476585 0.593591 0.476494 0.594365 0.476414 0.595099 0.476365 0.595595
0 0.446162 0.264212 0.447393 0.269603 0.449970 0.280059 0.459381 0.275936 0.460299 0.271871 0.460306 0.271810 0.459844 0.269156 0.459730 0.268604 0.459514 0.267648 0.459227 0.266433 0.458914 0.265145 0.458623 0.263982 0.458398 0.263123 0.458275 0.262699 0.455794 0.259992
0 0.453727 0.292773 0.454541 0.304834 0.454715 0.305615 0.456007 0.307779 0.456610 0.308174 0.457585 0.308284 0.458784 0.308094 0.460028 0.307633 0.461128 0.306971 0.461919 0.306206 0.462280 0.305454 0.462550 0.302710 0.462394 0.301924 0.458426 0.291031 0.457977 0.290714 0.457244 0.290615 0.456340 0.290749 0.455402 0.291096 0.454576 0.291604 0.453988 0.292193
0 0.496445 0.217158 0.498065 0.222540 0.517924 0.251184 0.519012 0.252575 0.522209 0.250053 0.522938 0.249307 0.523606 0.248331 0.524112 0.247271 0.525078 0.245099 0.522405 0.234713 0.502574 0.209603
0 0.537240 0.246753 0.553745 0.247942 0.554367 0.245024 0.554475 0.243614 0.554836 0.234699 0.554046 0.233524 0.545688 0.232922 0.540673 0.232561 0.539002 0.232441 0.538121 0.233495 0.537598 0.237150 0.537242 0.245943
0 0.356636 0.316315 0.357293 0.317157 0.397146 0.356644 0.407018 0.338932 0.406590 0.338190 0.366554 0.298521
