0 0.050017 0.739633 0.050355 0.742386 0.051278 0.746287 0.052648 0.750741 0.054254 0.755064 0.055848 0.758590 0.057186 0.760781 0.066252 0.767721 0.117563 0.793051 0.125227 0.790453 0.129510 0.787134 0.103826 0.711369 0.058367 0.726779 0.053262 0.729401 0.050316 0.738447
0 0.559030 0.698698 0.559713 0.700995 0.563714 0.708029 0.618892 0.723191 0.629429 0.725361 0.630399 0.725204 0.632825 0.724159 0.636339 0.722385 0.640403 0.720152 0.644394 0.717803 0.647697 0.715699 0.649809 0.714162 0.650410 0.713425 0.654061 0.703183 0.630052 0.660980 0.628566 0.659140
0 0.734921 0.454807 0.759094 0.496276 0.762089 0.496233 0.832003 0.455479 0.827928 0.448488 0.772594 0.433908 0.759771 0.430954 0.758636 0.431507 0.756092 0.432898 0.752530 0.434913 0.748487 0.437248 0.744574 0.439551 0.741383 0.441472 0.739395 0.442723 0.738917 0.443110
0 0.483080 0.475395 0.483273 0.475676 0.510578 0.515154 0.510700 0.515329 0.577256 0.469295 0.572653 0.462639 0.504784 0.450198 0.504034 0.450655 0.501881 0.452092 0.498652 0.454290 0.494840 0.456915 0.491030 0.459562 0.487809 0.461825 0.485668 0.463358 0.484932 0.463929
0 0.831297 0.727830 0.851358 0.762548 0.852976 0.763757 0.887853 0.743603 0.867700 0.708725 0.866014 0.707768
0 0.655392 0.271687 0.679022 0.304082 0.711417 0.280453 0.712390 0.279442 0.688652 0.246898 0.656108 0.270636
0 0.379731 0.789954 0.412941 0.812751 0.435738 0.779541 0.436033 0.778260 0.402975 0.755567 0.380282 0.788626
0 0.241374 0.811890 0.275949 0.832558 0.276976 0.831034 0.297549 0.796617 0.263132 0.776043 0.262041 0.777314
0 0.455585 0.558915 0.456296 0.561670 0.457871 0.564342 0.521963 0.646713 0.524152 0.648880 0.526612 0.650200 0.528967 0.650473 0.530857 0.649657 0.580936 0.613252 0.582057 0.611475 0.582247 0.608994 0.581479 0.606187 0.574356 0.592207 0.524551 0.528197 0.512849 0.517984 0.510355 0.516597 0.507959 0.516243 0.506027 0.516978 0.457036 0.554781 0.455845 0.556495
0 0.322243 0.357656 0.374337 0.418611 0.374911 0.418286 0.376323 0.417219 0.378358 0.415574 0.380706 0.413599 0.459767 0.346031 0.462087 0.344015 0.464043 0.342250 0.465336 0.341004 0.465770 0.340468 0.413675 0.279514 0.413135 0.279717 0.411746 0.280684 0.409721 0.282269 0.407367 0.284229 0.327944 0.352108 0.325636 0.354131 0.323743 0.355897 0.322551 0.357134
0 0.673827 0.228775 0.720825 0.290249 0.721591 0.290694 0.723229 0.290348 0.725489 0.289266 0.738114 0.281562 0.803049 0.234197 0.814990 0.223984 0.816993 0.221956 0.818245 0.220193 0.818554 0.218964 0.770992 0.157902 0.770272 0.157346 0.768674 0.157595 0.766439 0.158611 0.763908 0.160241 0.679512 0.221800 0.677088 0.223784 0.675157 0.225807 0.674012 0.227559
0 0.297786 0.598747 0.297787 0.601301 0.297870 0.602964 0.298024 0.603484 0.378148 0.606562 0.378278 0.605860 0.378435 0.604047 0.378595 0.601402 0.378734 0.598325 0.382727 0.494401 0.382824 0.491341 0.382866 0.488741 0.382845 0.486997 0.382766 0.486376 0.302642 0.483298 0.302445 0.483893 0.302232 0.485621 0.302033 0.488219 0.301190 0.503340 0.298100 0.583741
0 0.701726 0.140951 0.716236 0.178331 0.753616 0.163821 0.757147 0.159137 0.773825 0.121297 0.780336 0.106523 0.765624 0.068622 0.727723 0.083335 0.724597 0.089061
0 0.774107 0.788375 0.793974 0.841488 0.798074 0.846243 0.835072 0.863098 0.851926 0.826099 0.831782 0.772246 0.827218 0.768508 0.790729 0.751885
0 0.813760 0.945380 0.854193 0.971968 0.871370 0.962802 0.873232 0.961126 0.875676 0.958183 0.878327 0.954422 0.909770 0.906606 0.912214 0.902619 0.914066 0.899029 0.915044 0.896386 0.916861 0.876668 0.876428 0.850080 0.857846 0.870883 0.826765 0.918148
0 0.628191 0.828293 0.628201 0.829634 0.633809 0.847283 0.681475 0.855633 0.687926 0.830236 0.697847 0.773601 0.701155 0.743285 0.653490 0.734935 0.642216 0.749627 0.641870 0.750203 0.641260 0.752500 0.640479 0.756165 0.639646 0.760643 0.629840 0.816623 0.629078 0.821252 0.628499 0.825349
0 0.407950 0.207271 0.447652 0.234938 0.464069 0.226368 0.464642 0.225976 0.466177 0.224135 0.468439 0.221132 0.471085 0.217420 0.503579 0.170792 0.506219 0.166919 0.508462 0.163458 0.509969 0.160932 0.510508 0.159729 0.512864 0.141360 0.473163 0.113693 0.456505 0.134107 0.423631 0.181280
0 0.206243 0.341818 0.208400 0.349352 0.213278 0.355485 0.220130 0.359286 0.220611 0.359528 0.228383 0.360415 0.235904 0.358261 0.242027 0.353392 0.245821 0.346551 0.246708 0.338779 0.244554 0.331259 0.239685 0.325136 0.239237 0.324835 0.232384 0.321033 0.224599 0.320145 0.217065 0.322303 0.210932 0.327180 0.207131 0.334033
0 0.544206 0.794993 0.544282 0.795501 0.546412 0.803046 0.551267 0.809200 0.558108 0.813029 0.565894 0.813948 0.573438 0.811818 0.579593 0.806963 0.583422 0.800122 0.584341 0.792336 0.582211 0.784792 0.582070 0.784302 0.577222 0.778157 0.570393 0.774335 0.562621 0.773418 0.555089 0.775544 0.548945 0.780391 0.545123 0.787221
0 0.534711 0.561067 0.534978 0.568885 0.538216 0.576007 0.538282 0.576137 0.544009 0.581486 0.551346 0.584237 0.559178 0.583969 0.566311 0.580726 0.571660 0.574999 0.574410 0.567662 0.574143 0.559830 0.570900 0.552696 0.565173 0.547348 0.565061 0.547267 0.557736 0.544520 0.549918 0.544787 0.542796 0.548025 0.537457 0.553742
0 0.606317 0.542861 0.606707 0.575845 0.606867 0.579344 0.610627 0.622834 0.611069 0.623547 0.618673 0.631316 0.619192 0.631634 0.621466 0.631834 0.625154 0.631884 0.629692 0.631778 0.634385 0.631530 0.638510 0.631179 0.641436 0.630780 0.642720 0.630393 0.672572 0.619874 0.673741 0.619458 0.675125 0.617949 0.676514 0.615575 0.677695 0.612699 0.678487 0.609761 0.678769 0.607212 0.678499 0.605439 0.646677 0.541049 0.642904 0.540670 0.639315 0.540652 0.631687 0.540824 0.623608 0.541160 0.613016 0.541801 0.606451 0.542433
0 0.163339 0.296146 0.163400 0.298993 0.163843 0.303039 0.164600 0.307665 0.165554 0.312158 0.166560 0.315830 0.167462 0.318120 0.168123 0.318684 0.176991 0.324231 0.178312 0.324788 0.221513 0.318999 0.224958 0.318394 0.238371 0.315616 0.257833 0.311511 0.257372 0.305147 0.255854 0.294748 0.254383 0.286762 0.252695 0.279171 0.251699 0.275565 0.249914 0.271648 0.180847 0.254895 0.178924 0.254945 0.176402 0.255723 0.173664 0.257111 0.171131 0.258897 0.169190 0.260807 0.168138 0.262549
0 0.801133 0.405349 0.840134 0.465735 0.841795 0.466663 0.844331 0.467547 0.847355 0.468251 0.850404 0.468669 0.853011 0.468735 0.854777 0.468440 0.880574 0.446149 0.881976 0.444914 0.884113 0.442318 0.886659 0.438755 0.889224 0.434771 0.891413 0.430979 0.892891 0.427960 0.893433 0.426175 0.890644 0.414949 0.877751 0.406327 0.853401 0.390108 0.850448 0.388234 0.822427 0.371279 0.821131 0.371800 0.816689 0.377667 0.810620 0.386768 0.806435 0.393563 0.802905 0.399838 0.801532 0.402694
0 0.819331 0.222418 0.857306 0.283108 0.857850 0.283784 0.859518 0.284585 0.862057 0.285388 0.865081 0.286071 0.868125 0.286528 0.870723 0.286691 0.872480 0.286534 0.873127 0.286081 0.898479 0.263884 0.899912 0.262422 0.902085 0.259651 0.904666 0.255993 0.907260 0.252008 0.909468 0.248309 0.910951 0.245463 0.911484 0.243905 0.908784 0.232530 0.895934 0.224004 0.871667 0.207909 0.868727 0.206009 0.840848 0.188602 0.839504 0.189584 0.834989 0.195778 0.828842 0.204994 0.824615 0.211708 0.821063 0.217749 0.819689 0.220387
