0 0.295966 0.000000 0.344589 0.083418 0.417928 0.051003 0.417609 0.050050 0.416844 0.048123 0.415749 0.045514 0.414491 0.042621 0.413263 0.039888 0.412252 0.037734 0.411614 0.036487 0.375788 0.000000
0 0.436284 0.310085 0.478476 0.370089 0.482609 0.375462 0.678611 0.235234 0.638341 0.173569 0.633523 0.168971
0 0.385473 0.063089 0.385997 0.065092 0.463628 0.292807 0.539533 0.266930 0.539716 0.265857 0.461727 0.037094
0 0.916266 0.851999 0.916493 0.859822 0.919698 0.866962 0.925390 0.872332 0.926123 0.872974 0.933451 0.875761 0.941287 0.875533 0.948439 0.872322 0.953819 0.866620 0.956606 0.859293 0.956378 0.851457 0.953167 0.844305 0.947465 0.838925 0.946696 0.838342 0.939381 0.835560 0.931558 0.835787 0.924419 0.838992 0.919048 0.844685
0 0.112138 0.465003 0.114207 0.472565 0.119010 0.478760 0.125819 0.482645 0.133597 0.483629 0.134227 0.483657 0.141776 0.481592 0.147960 0.476797 0.151839 0.470000 0.152821 0.462235 0.150757 0.454687 0.145962 0.448502 0.139164 0.444624 0.138542 0.444529 0.130765 0.443544 0.123203 0.445612 0.117008 0.450416 0.113123 0.457225
0 0.186211 0.269056 0.186215 0.272600 0.186446 0.274679 0.194129 0.283203 0.194814 0.283691 0.200818 0.284224 0.211108 0.281139 0.211797 0.279114 0.212553 0.274989 0.213260 0.269392 0.213814 0.263166 0.214130 0.257249 0.214160 0.252530 0.213899 0.249729 0.213386 0.249278 0.203643 0.244396 0.197626 0.243861 0.188543 0.251084 0.187995 0.252572 0.187402 0.255661 0.186854 0.259883 0.186436 0.264589
0 0.543263 0.463971 0.543392 0.471792 0.546505 0.478969 0.552128 0.484408 0.559404 0.487281 0.567225 0.487152 0.567341 0.487130 0.574530 0.484011 0.579978 0.478379 0.582856 0.471090 0.582727 0.463255 0.579608 0.456066 0.573976 0.450618 0.566687 0.447740 0.558852 0.447869 0.551663 0.450988 0.551574 0.451073 0.546135 0.456695
0 0.064163 0.956868 0.067156 0.964110 0.072693 0.969655 0.079930 0.972660 0.087766 0.972665 0.095008 0.969672 0.100553 0.964135 0.101239 0.963337 0.104239 0.956113 0.104245 0.948290 0.101257 0.941060 0.095729 0.935525 0.088505 0.932525 0.080682 0.932520 0.073452 0.935508 0.067917 0.941035 0.067173 0.941795 0.064168 0.949032
0 0.796606 0.900711 0.814073 0.936804 0.815519 0.938815 0.851778 0.921267 0.834230 0.885008 0.832699 0.883244
0 0.563557 0.783679 0.563849 0.784982 0.595308 0.809983 0.620309 0.778524 0.619759 0.777251 0.588444 0.752364
0 0.887861 0.492035 0.916356 0.520107 0.918268 0.520199 0.946469 0.491573 0.917843 0.463372 0.915933 0.463540
0 0.399855 0.602449 0.408340 0.610535 0.409139 0.610696 0.411660 0.610861 0.415521 0.611007 0.420133 0.611109 0.424787 0.611153 0.428767 0.611132 0.431467 0.611049 0.432475 0.610917 0.440313 0.603089 0.440995 0.601911 0.441248 0.585913 0.401253 0.585280 0.400111 0.586266
0 0.662044 0.189982 0.673326 0.228358 0.688676 0.223845 0.690857 0.220653 0.695693 0.212127 0.695692 0.210865 0.695172 0.208024 0.694210 0.204037 0.692954 0.199512 0.691597 0.195146 0.690346 0.191609 0.689394 0.189441 0.688885 0.188970 0.679445 0.181833 0.663917 0.186398
0 0.479447 0.853146 0.484303 0.865895 0.529381 0.883939 0.559454 0.808810 0.558775 0.805280 0.514212 0.787443 0.503367 0.793388 0.503022 0.793852 0.502048 0.795948 0.500597 0.799351 0.498886 0.803546 0.483987 0.840766 0.482272 0.845130 0.480807 0.849013 0.479815 0.851829
0 0.639115 0.514324 0.677212 0.526831 0.679682 0.527205 0.705045 0.449949 0.666417 0.437268 0.664129 0.438130
0 0.226944 0.413475 0.227124 0.414114 0.228366 0.416169 0.230484 0.419328 0.233155 0.423110 0.235968 0.426933 0.238490 0.430208 0.240337 0.432437 0.241227 0.433281 0.244202 0.434048 0.257237 0.435942 0.296169 0.407866 0.272773 0.375422 0.267457 0.372508 0.227614 0.401241
0 0.290533 0.430840 0.290573 0.435455 0.290724 0.440105 0.290962 0.444074 0.291251 0.446756 0.291545 0.447744 0.299104 0.455355 0.301400 0.455865 0.349390 0.454872 0.348562 0.414881 0.346811 0.413897 0.298267 0.414901 0.291046 0.423612 0.290789 0.424430 0.290608 0.426968
0 0.870393 0.172597 0.905187 0.192330 0.909871 0.188773 0.933825 0.146538 0.928316 0.136230 0.926515 0.134529 0.923419 0.132317 0.919499 0.129934 0.915358 0.127745 0.911632 0.126088 0.908892 0.125214 0.907554 0.125256 0.898629 0.126576 0.894073 0.130844
0 0.526143 0.718048 0.533282 0.728826 0.581031 0.737635 0.588371 0.697844 0.587361 0.695583 0.540158 0.686875 0.530522 0.694311 0.530315 0.694956 0.529808 0.697306 0.529078 0.700997 0.528235 0.705471 0.527407 0.710052 0.526719 0.714050 0.526275 0.716859
0 0.602857 0.691023 0.605809 0.701054 0.607033 0.703379 0.649467 0.726978 0.669133 0.691616 0.667200 0.689426 0.625250 0.666097 0.614588 0.669928 0.613992 0.670506 0.612596 0.672596 0.610615 0.675879 0.608349 0.679855 0.606140 0.683926 0.604321 0.687477 0.603167 0.689970
