0 0.557530 0.380691 0.557553 0.381249 0.557621 0.382010 0.557726 0.382859 0.561629 0.410996 0.561754 0.411809 0.561882 0.412467 0.561994 0.412872 0.562071 0.412961 0.578341 0.408949 0.578386 0.408704 0.578380 0.408165 0.578321 0.407414 0.578219 0.406566 0.574299 0.378300 0.574170 0.377489 0.574036 0.376846 0.573915 0.376466 0.573828 0.376410 0.557558 0.380421
0 0.527794 0.499297 0.527829 0.499931 0.528105 0.500419 0.532362 0.504598 0.535404 0.507493 0.536373 0.507765 0.536775 0.507873 0.537120 0.507541 0.539953 0.501397 0.540027 0.500819 0.539790 0.500350 0.536655 0.497673 0.531874 0.493693 0.531443 0.493542 0.530848 0.493349 0.530422 0.493568 0.528340 0.495742
0 0.412005 0.491145 0.412278 0.491869 0.421167 0.507748 0.421593 0.508272 0.421924 0.508299 0.423151 0.507160 0.429322 0.501019 0.429729 0.500512 0.419840 0.482847 0.413651 0.488432 0.412039 0.490639
0 0.419792 0.210952 0.420709 0.214255 0.430612 0.214468 0.432097 0.210781 0.432181 0.210386 0.432245 0.209528 0.432278 0.208338 0.432412 0.197309 0.432680 0.175250 0.432678 0.173899 0.432640 0.172581 0.432574 0.171497 0.432488 0.170810 0.432395 0.170628 0.430350 0.166643 0.423672 0.166499 0.420332 0.166427
0 0.572530 0.523604 0.572632 0.524043 0.572866 0.524919 0.573196 0.526096 0.573572 0.527399 0.573937 0.528629 0.574236 0.529603 0.574349 0.529943 0.574444 0.530201 0.574473 0.530246 0.590424 0.523634 0.597058 0.520273 0.598229 0.519679 0.598134 0.519060 0.597844 0.517829 0.597402 0.516175 0.596876 0.514352 0.596347 0.512642 0.595897 0.511307 0.595595 0.510551 0.595486 0.510487 0.594317 0.511080 0.588866 0.513847 0.587699 0.514440
0 0.412235 0.743314 0.422260 0.760996 0.462045 0.720896 0.462219 0.719884 0.452240 0.702282 0.412638 0.742199
0 0.369478 0.628338 0.376395 0.634435 0.376960 0.633821 0.386064 0.615460 0.379179 0.609391 0.378624 0.609893
0 0.459707 0.514338 0.469197 0.532537 0.482846 0.519884 0.482925 0.519793 0.473478 0.501677 0.473356 0.501685
0 0.472147 0.462166 0.483668 0.478052 0.483734 0.478140 0.495601 0.462839 0.495583 0.462690 0.484062 0.446804
0 0.503450 0.437158 0.503492 0.437970 0.503769 0.439224 0.504238 0.440729 0.504828 0.442259 0.505451 0.443583 0.506012 0.444503 0.506428 0.444877 0.508588 0.444650 0.516221 0.437069 0.516388 0.436886 0.516372 0.436276 0.516176 0.435331 0.515828 0.434194 0.515383 0.433041 0.514909 0.432048 0.514479 0.431368 0.514157 0.431104 0.505121 0.434699 0.504868 0.435009
0 0.388367 0.589083 0.388904 0.592032 0.396835 0.600396 0.399479 0.603184 0.401617 0.603056 0.403425 0.601163 0.403866 0.600701 0.416155 0.579984 0.403207 0.566330 0.402762 0.566635 0.400943 0.567882
0 0.441777 0.446659 0.453797 0.486091 0.454008 0.486155 0.455155 0.485533 0.456173 0.483990 0.461688 0.475624 0.466426 0.468436 0.460211 0.448046 0.460028 0.447807 0.442929 0.446034
0 0.577906 0.442879 0.590136 0.457742 0.591393 0.457153 0.597044 0.448886 0.584643 0.433816 0.583480 0.434726
