0 0.478251 0.575721 0.482366 0.597265 0.561891 0.569961 0.562453 0.569738 0.558083 0.547755 0.557502 0.547877
0 0.455853 0.371184 0.456056 0.371774 0.465975 0.389435 0.479221 0.376210 0.479125 0.375640 0.469160 0.357898
0 0.438249 0.569055 0.438489 0.569763 0.445375 0.574044 0.445904 0.573815 0.447141 0.572128 0.448362 0.568637 0.443873 0.565846 0.442377 0.564916 0.440881 0.563986 0.439498 0.565483 0.438784 0.567524
0 0.430562 0.506827 0.430655 0.507277 0.430858 0.508131 0.431141 0.509257 0.431460 0.510484 0.431766 0.511623 0.432012 0.512499 0.432161 0.512979 0.432190 0.512990 0.434132 0.513247 0.434918 0.512885 0.457130 0.500362 0.457132 0.500343 0.457054 0.500013 0.456906 0.499424 0.456712 0.498663 0.456500 0.497848 0.456303 0.497103 0.456152 0.496543 0.456069 0.496252 0.432752 0.504666 0.431964 0.505028
0 0.736821 0.515494 0.737180 0.516690 0.739492 0.521806 0.741680 0.525916 0.742354 0.526839 0.743242 0.527346 0.743834 0.527413 0.744803 0.527429 0.747452 0.526094 0.750082 0.524693 0.752109 0.522057 0.753332 0.520034 0.753714 0.518847 0.753726 0.517556 0.753260 0.514813 0.752209 0.511307 0.750232 0.508605 0.748179 0.506184 0.747289 0.505675 0.747254 0.505674 0.746689 0.505661 0.745723 0.505645 0.744826 0.506123 0.741615 0.508451 0.737906 0.512123 0.737214 0.513022 0.736833 0.514206
0 0.457612 0.501600 0.461659 0.523311 0.469800 0.520614 0.470216 0.520330 0.466225 0.498918 0.465754 0.498902
0 0.477520 0.612952 0.507983 0.626029 0.508365 0.624446 0.508327 0.623876 0.505733 0.601321 0.489981 0.594559 0.478005 0.610859 0.477624 0.612434
0 0.547182 0.573441 0.547398 0.573779 0.548060 0.574809 0.548285 0.575159 0.568506 0.577090 0.570148 0.574829 0.571051 0.558017 0.571111 0.556896 0.569713 0.554622 0.569388 0.554367 0.568120 0.553373 0.548361 0.551487 0.547417 0.569050
0 0.441356 0.433098 0.442475 0.435885 0.442603 0.436029 0.443781 0.436564 0.445993 0.436415 0.446242 0.435896 0.446604 0.434826 0.447025 0.433367 0.447441 0.431739 0.447790 0.430188 0.448019 0.428946 0.448093 0.428203 0.448000 0.428074 0.446285 0.426135 0.445105 0.425599 0.442933 0.426929 0.442742 0.427308 0.442465 0.428108 0.442145 0.429208 0.441830 0.430438 0.441569 0.431610 0.441403 0.432544
0 0.659311 0.232880 0.667644 0.251880 0.675695 0.254693 0.682176 0.256957 0.690227 0.259769 0.697353 0.254214 0.698259 0.253085 0.673145 0.195822 0.665987 0.201403 0.665228 0.202768 0.661420 0.222145 0.660160 0.228558
0 0.405084 0.503287 0.405639 0.506303 0.406883 0.510354 0.407040 0.510847 0.407489 0.511741 0.408162 0.512900 0.408956 0.514147 0.409748 0.515290 0.410416 0.516152 0.410859 0.516602 0.413598 0.518810 0.415701 0.519972 0.416081 0.519883 0.416438 0.519479 0.417760 0.516757 0.417746 0.516686 0.417604 0.516306 0.416816 0.514634 0.411759 0.506362 0.409629 0.503408 0.407542 0.501783 0.407356 0.501875 0.405443 0.502881
0 0.432944 0.690718 0.435832 0.701110 0.443627 0.697260 0.443885 0.696356 0.441010 0.686011 0.433252 0.689844
0 0.492919 0.463839 0.493001 0.464255 0.493141 0.464485 0.493520 0.465044 0.494081 0.465846 0.494739 0.466771 0.495393 0.467679 0.495946 0.468432 0.496314 0.468917 0.496440 0.469058 0.498868 0.469177 0.506040 0.460047 0.506082 0.459771 0.506153 0.459302 0.506167 0.459207 0.505591 0.458344 0.500924 0.451828 0.499730 0.451791 0.498508 0.453346 0.496064 0.456457 0.494842 0.458013 0.493621 0.459568
0 0.482256 0.310888 0.482261 0.311045 0.482457 0.311402 0.482814 0.311904 0.483277 0.312476 0.483776 0.313029 0.484233 0.313478 0.484580 0.313756 0.484763 0.313820 0.499425 0.311324 0.499723 0.311143 0.499980 0.310478 0.500509 0.308763 0.501057 0.306725 0.501758 0.303765 0.502174 0.301594 0.502150 0.300953 0.495586 0.297886 0.489285 0.295023 0.486341 0.293699 0.484157 0.295107 0.483967 0.295401 0.483692 0.296143 0.483374 0.297220 0.483061 0.298467 0.482802 0.299692 0.482636 0.300708 0.482589 0.301359
0 0.582782 0.412756 0.582872 0.413653 0.583490 0.416129 0.583969 0.416982 0.585013 0.417531 0.585751 0.417612 0.587676 0.417491 0.588386 0.416924 0.589103 0.415810 0.589718 0.414318 0.590135 0.412678 0.590291 0.411142 0.590162 0.409946 0.589769 0.409273 0.588369 0.407327 0.587326 0.406771 0.586584 0.406712 0.584730 0.407993 0.584203 0.408428 0.583670 0.409268 0.583214 0.410385 0.582902 0.411609
