0 0.324454 0.504826 0.374087 0.511332 0.374664 0.511281 0.376284 0.489322 0.326878 0.482845 0.326081 0.482766
0 0.442397 0.471532 0.442660 0.471663 0.459107 0.473553 0.461942 0.429694 0.461767 0.429371 0.445245 0.427472
0 0.533650 0.461851 0.544132 0.478871 0.544310 0.478786 0.557126 0.464754 0.546602 0.447665 0.533785 0.461698
0 0.498424 0.550542 0.504759 0.571143 0.506304 0.570298 0.520132 0.550706 0.521019 0.547474 0.520974 0.547302 0.520793 0.546688 0.520501 0.545723 0.520143 0.544555 0.519775 0.543364 0.519453 0.542332 0.519226 0.541618 0.519129 0.541329 0.516770 0.539944 0.498442 0.549965
0 0.406150 0.415090 0.407703 0.415986 0.436516 0.412083 0.436513 0.410443 0.429492 0.391306 0.428020 0.390296 0.413047 0.392506 0.408816 0.405370 0.406775 0.411576 0.406154 0.413467
0 0.430910 0.413028 0.433140 0.417165 0.433398 0.417388 0.433955 0.417804 0.434725 0.418349 0.435593 0.418941 0.446068 0.425971 0.446905 0.426523 0.447587 0.426952 0.448011 0.427194 0.448112 0.427212 0.451933 0.427137 0.456422 0.415244 0.450765 0.410992 0.443143 0.405877 0.440167 0.403880 0.435399 0.401136
0 0.564727 0.453175 0.564885 0.454446 0.565395 0.455540 0.567931 0.460021 0.571040 0.463569 0.571826 0.464319 0.572767 0.464610 0.573720 0.464400 0.573900 0.464313 0.574722 0.463631 0.578344 0.460371 0.580758 0.456086 0.581322 0.455036 0.581541 0.453778 0.581383 0.452504 0.580172 0.449900 0.578675 0.446695 0.575213 0.443359 0.574425 0.442607 0.573482 0.442315 0.572526 0.442526 0.572350 0.442665 0.571530 0.443346 0.568262 0.446377 0.565508 0.450873 0.564946 0.451920
0 0.496790 0.532992 0.496863 0.534181 0.497069 0.535728 0.497378 0.537398 0.497742 0.538942 0.498107 0.540125 0.498417 0.540768 0.500570 0.541150 0.500836 0.541154 0.509515 0.535964 0.509584 0.535479 0.509541 0.534585 0.509392 0.533420 0.509160 0.532160 0.508880 0.531001 0.508595 0.530120 0.508350 0.529650 0.508180 0.529663 0.498627 0.530622 0.496862 0.532340
0 0.467229 0.567640 0.467395 0.568136 0.469697 0.569886 0.476464 0.572962 0.482565 0.552475 0.481998 0.552085 0.474841 0.548295 0.473495 0.547655 0.473145 0.547777 0.472821 0.548422 0.467337 0.566837
0 0.456886 0.668911 0.456926 0.670027 0.457833 0.672318 0.458149 0.672425 0.458794 0.672480 0.459670 0.672473 0.460643 0.672405 0.461563 0.672288 0.462289 0.672138 0.462710 0.671980 0.462764 0.671836 0.463499 0.669389 0.463459 0.668276 0.460660 0.636200 0.460449 0.636159 0.460020 0.636146 0.459441 0.636163 0.458798 0.636207 0.458188 0.636273 0.457705 0.636349 0.457421 0.636425 0.457381 0.636489
0 0.568403 0.531318 0.568717 0.531462 0.585299 0.531821 0.585433 0.520766 0.585043 0.520672 0.568537 0.520314
0 0.470451 0.391509 0.470570 0.392034 0.470943 0.393575 0.472325 0.395754 0.472889 0.395946 0.473834 0.395875 0.475016 0.395550 0.476253 0.395021 0.477354 0.394370 0.478152 0.393696 0.478524 0.393104 0.478701 0.390259 0.478333 0.388716 0.478197 0.388198 0.476152 0.386779 0.475726 0.386645 0.475017 0.386707 0.474135 0.386954 0.473211 0.387348 0.472387 0.387831 0.471785 0.388330 0.471499 0.388768
0 0.561670 0.425222 0.574345 0.439324 0.574643 0.439080 0.585262 0.422113 0.572537 0.407954 0.572247 0.408322
0 0.462036 0.494346 0.479986 0.505138 0.480379 0.505374 0.480776 0.505610 0.481174 0.505846 0.481565 0.506077 0.481945 0.506299 0.482108 0.506368 0.482715 0.506624 0.484062 0.502600 0.488101 0.490528 0.489447 0.486504 0.489296 0.486402 0.488730 0.486020 0.487961 0.485560 0.486772 0.484854 0.468777 0.474199
0 0.528839 0.524721 0.536462 0.529250 0.548764 0.494076 0.549591 0.488530 0.548468 0.486508 0.548016 0.485952 0.547307 0.485340 0.546448 0.484762 0.545569 0.484307 0.544803 0.484043 0.544265 0.484011 0.542047 0.484048 0.541375 0.485987 0.529470 0.521614
0 0.515055 0.588119 0.515124 0.588525 0.522769 0.592878 0.529297 0.572493 0.529163 0.572161 0.521554 0.567828
