0 0.558448 0.586459 0.558717 0.586857 0.575337 0.587415 0.576593 0.520939 0.576242 0.520843 0.559699 0.520287
0 0.470275 0.478299 0.470560 0.478593 0.471167 0.478955 0.472005 0.479331 0.472946 0.479661 0.473844 0.479896 0.474562 0.479999 0.474991 0.479955 0.475066 0.479772 0.479002 0.468100 0.478715 0.465201 0.478322 0.464830 0.477506 0.464366 0.476389 0.463878 0.475142 0.463440 0.473950 0.463117 0.472994 0.462959 0.472420 0.462989 0.471139 0.465338 0.471006 0.465613
0 0.595068 0.711145 0.596167 0.713587 0.612782 0.715815 0.613117 0.711384 0.614655 0.689013 0.612653 0.685582 0.612316 0.685312 0.611655 0.685033 0.610770 0.684788 0.609796 0.684613 0.601565 0.683509 0.600646 0.683430 0.599919 0.683459 0.599495 0.683592 0.597051 0.684865
0 0.544610 0.574687 0.544794 0.575263 0.548242 0.580924 0.550712 0.584843 0.551088 0.585093 0.551918 0.585437 0.552316 0.585236 0.556189 0.580249 0.556365 0.579711 0.556216 0.579168 0.553616 0.575430 0.549647 0.569880 0.549251 0.569579 0.548745 0.569339 0.548287 0.569401 0.545858 0.570778 0.544689 0.574055
0 0.554674 0.438983 0.555018 0.440643 0.555812 0.442001 0.556935 0.442850 0.558217 0.443062 0.559462 0.442603 0.559530 0.442537 0.560549 0.441478 0.561187 0.439978 0.561665 0.437195 0.561748 0.436310 0.561570 0.435451 0.561159 0.434748 0.560577 0.434308 0.559913 0.434198 0.557799 0.434184 0.556553 0.434643 0.555534 0.435703 0.555470 0.435776 0.554833 0.437274
0 0.517764 0.504266 0.518134 0.506362 0.519076 0.508109 0.520449 0.509242 0.520484 0.509258 0.522080 0.509605 0.523654 0.509112 0.524966 0.507853 0.525818 0.506020 0.526078 0.503892 0.525708 0.501793 0.524764 0.500043 0.523390 0.498908 0.521794 0.498561 0.521756 0.498563 0.520185 0.499056 0.518874 0.500313 0.518024 0.502142
0 0.525453 0.442496 0.529672 0.458077 0.529895 0.458865 0.530096 0.459525 0.530245 0.459956 0.530319 0.460093 0.533714 0.459612 0.536047 0.458473 0.543046 0.455055 0.545873 0.452498 0.545874 0.452313 0.545788 0.451839 0.545628 0.451148 0.544053 0.445100 0.541203 0.434682 0.525590 0.442306
0 0.529072 0.600390 0.531304 0.622199 0.531430 0.622690 0.547852 0.619702 0.545611 0.597806 0.545428 0.597415
0 0.535400 0.485620 0.536918 0.488250 0.537056 0.488311 0.537544 0.488454 0.538308 0.488656 0.539233 0.488887 0.540177 0.489113 0.541000 0.489298 0.541576 0.489416 0.541818 0.489448 0.544022 0.487461 0.545828 0.474321 0.537615 0.472314 0.537185 0.472631
0 0.422266 0.375724 0.424043 0.378565 0.425160 0.380345 0.425448 0.380517 0.426069 0.380693 0.426928 0.380845 0.427895 0.380951 0.428825 0.380994 0.429576 0.380969 0.430036 0.380878 0.432283 0.379212 0.432866 0.366029 0.431295 0.362895 0.422863 0.362232
0 0.449074 0.411932 0.458289 0.430301 0.458456 0.430580 0.472178 0.418342 0.472066 0.418014 0.462851 0.399646
0 0.499264 0.482574 0.502095 0.484847 0.513419 0.493939 0.513883 0.493098 0.514098 0.492627 0.514320 0.492139 0.514545 0.491642 0.514769 0.491145 0.515204 0.490175 0.525105 0.468095 0.510931 0.456715 0.500720 0.479194 0.500272 0.480182 0.499828 0.481169 0.499616 0.481643 0.499533 0.481861
