0 0.469180 0.395648 0.470637 0.396701 0.476230 0.390592 0.476327 0.390484 0.476544 0.390047 0.476821 0.389397 0.477085 0.388709 0.477266 0.388165 0.477315 0.387912 0.476980 0.383194 0.476749 0.382452 0.474334 0.380707 0.471028 0.383369 0.470926 0.383471 0.470706 0.383906 0.470427 0.384556 0.470163 0.385248 0.469986 0.385794 0.469944 0.386049
0 0.547722 0.422775 0.548910 0.423253 0.565776 0.419380 0.566078 0.419008 0.570881 0.397788 0.567985 0.394142 0.558380 0.382050 0.557186 0.381570 0.556924 0.382113
0 0.533783 0.399717 0.533841 0.400019 0.538605 0.410986 0.540537 0.412325 0.540981 0.412260 0.541735 0.411760 0.542683 0.410903 0.543684 0.409817 0.544587 0.408666 0.545255 0.407624 0.545587 0.406848 0.545530 0.406457 0.544841 0.403650 0.537566 0.395614 0.537229 0.395643 0.536658 0.396004 0.535940 0.396642 0.535185 0.397460 0.534510 0.398333 0.534018 0.399125
0 0.482217 0.445029 0.482307 0.448969 0.482711 0.450136 0.499212 0.449467 0.499193 0.448285 0.499103 0.444345 0.498669 0.443832 0.482637 0.444482
0 0.513557 0.569898 0.513620 0.570219 0.530196 0.570874 0.531179 0.526670 0.531036 0.526549 0.514535 0.525896
0 0.575079 0.561782 0.575208 0.561889 0.575381 0.562031 0.577033 0.562214 0.581991 0.562763 0.583644 0.562946 0.585017 0.540910 0.584677 0.540747 0.576447 0.539835
0 0.459219 0.593804 0.469545 0.611175 0.482573 0.597407 0.482653 0.596960 0.472374 0.579669 0.459406 0.593374
0 0.507890 0.629139 0.507982 0.630632 0.516290 0.631734 0.517281 0.618440 0.517084 0.617087 0.515704 0.615200 0.515495 0.615023 0.514942 0.614824 0.514130 0.614632 0.513181 0.614477 0.512239 0.614381 0.511446 0.614360 0.510922 0.614417 0.510748 0.614543 0.508870 0.615998
0 0.435126 0.604879 0.435371 0.610713 0.435510 0.611997 0.436007 0.613112 0.436786 0.613889 0.437729 0.614209 0.441988 0.615050 0.446030 0.614794 0.446993 0.614609 0.447829 0.613946 0.448412 0.612907 0.448530 0.612648 0.448537 0.612631 0.448777 0.611377 0.449732 0.605658 0.449215 0.600337 0.449076 0.599056 0.448580 0.597943 0.447803 0.597169 0.446862 0.596850 0.442886 0.595510 0.438582 0.596266 0.437621 0.596450 0.436787 0.597112 0.436632 0.597349 0.436050 0.598388 0.435810 0.599646
0 0.553100 0.598708 0.553575 0.600765 0.553668 0.600938 0.554699 0.602599 0.556128 0.603607 0.557738 0.603809 0.559283 0.603175 0.560529 0.601800 0.561285 0.599894 0.561437 0.597748 0.560960 0.595687 0.559929 0.594026 0.559826 0.593865 0.558400 0.592858 0.556792 0.592656 0.555250 0.593290 0.554006 0.594662 0.553252 0.596565
0 0.561663 0.456219 0.561735 0.456666 0.563293 0.458147 0.564103 0.458338 0.587861 0.461720 0.587982 0.461695 0.588136 0.461348 0.588300 0.460729 0.588449 0.459934 0.588559 0.459084 0.588614 0.458309 0.588605 0.457728 0.588535 0.457429 0.565412 0.449728 0.564601 0.449536 0.564400 0.449607 0.562566 0.450259 0.562366 0.450794 0.562145 0.451729 0.561936 0.452923 0.561772 0.454194 0.561675 0.455351
0 0.458347 0.523178 0.458481 0.527627 0.466823 0.527182 0.467203 0.526871 0.467070 0.522473 0.465152 0.520340 0.465008 0.520324 0.464509 0.520330 0.463731 0.520357 0.462791 0.520403 0.461832 0.520459 0.460999 0.520517 0.460416 0.520569 0.460175 0.520606
0 0.404015 0.410369 0.404362 0.412318 0.404681 0.413109 0.405179 0.414221 0.405891 0.415107 0.406386 0.415658 0.407750 0.416536 0.409079 0.416678 0.410169 0.416065 0.410849 0.415342 0.411536 0.414071 0.412008 0.412244 0.412153 0.410854 0.411872 0.409302 0.411209 0.407822 0.410262 0.406637 0.409176 0.405927 0.408113 0.405800 0.406677 0.406035 0.405580 0.406632 0.404905 0.407367 0.404207 0.408630
0 0.506370 0.721044 0.506443 0.723599 0.507581 0.725754 0.508103 0.726236 0.508878 0.726747 0.509787 0.727210 0.533497 0.737742 0.534395 0.738082 0.535137 0.738245 0.535611 0.738206 0.538129 0.737674 0.540240 0.729225 0.541295 0.725000 0.540823 0.722429 0.509500 0.708515
0 0.477871 0.588850 0.482651 0.597918 0.483420 0.597557 0.496437 0.584775 0.491670 0.575732 0.490871 0.576185
