0 0.779043 0.899220 0.782269 0.903836 0.819986 0.934414 0.830869 0.930906 0.832892 0.929352 0.835616 0.926623 0.838623 0.923135 0.841452 0.919424 0.843667 0.916061 0.844932 0.913560 0.845056 0.912301 0.845467 0.902983 0.841519 0.898378 0.804233 0.868149
0 0.230962 0.832122 0.241553 0.879508 0.281041 0.870682 0.283543 0.866446 0.273073 0.819601 0.262052 0.814850 0.261470 0.814635 0.259189 0.814854 0.255560 0.815470 0.251132 0.816392 0.246573 0.817479 0.242573 0.818568 0.239735 0.819494 0.238495 0.820116
0 0.843764 0.712777 0.843777 0.713295 0.844735 0.715338 0.846489 0.718592 0.848774 0.722564 0.851244 0.726654 0.853527 0.730245 0.855278 0.732794 0.856229 0.733911 0.870031 0.737931 0.912547 0.712854 0.891650 0.677423 0.887100 0.675362 0.845078 0.700148
0 0.380733 0.326748 0.382096 0.328728 0.429956 0.332386 0.438691 0.324051 0.438841 0.323369 0.439109 0.320963 0.439451 0.317205 0.439818 0.312664 0.440153 0.308024 0.440406 0.303986 0.440539 0.301162 0.440530 0.299984 0.432230 0.290103 0.383816 0.286403
0 0.462972 0.799910 0.462981 0.803299 0.463117 0.807698 0.463358 0.812435 0.463668 0.816780 0.463998 0.820068 0.464299 0.821796 0.473245 0.829355 0.488508 0.828883 0.517370 0.827947 0.520871 0.827765 0.553875 0.825404 0.554014 0.824143 0.553769 0.816723 0.553240 0.805759 0.552783 0.797806 0.552300 0.790685 0.552040 0.787599 0.551640 0.785317 0.483935 0.758551 0.482225 0.758783 0.479774 0.759549 0.476957 0.760734 0.474204 0.762156 0.471938 0.763597 0.470504 0.764838 0.470121 0.765688 0.463089 0.798048
0 0.361163 0.537168 0.361360 0.538835 0.391651 0.604604 0.395287 0.604579 0.398833 0.604520 0.406421 0.604376 0.414495 0.604208 0.425131 0.603967 0.431782 0.603794 0.432022 0.603749 0.432432 0.570555 0.432362 0.567048 0.429712 0.523415 0.421922 0.514867 0.421462 0.514736 0.419238 0.514657 0.415586 0.514643 0.411062 0.514696 0.406361 0.514807 0.402205 0.514960 0.399232 0.515131 0.397891 0.515294 0.367638 0.524480 0.366490 0.524989 0.365092 0.526563 0.363658 0.528964 0.362407 0.531824 0.361531 0.534706
0 0.452273 0.564310 0.469715 0.634188 0.470688 0.635665 0.472577 0.637389 0.475095 0.639095 0.477857 0.640523 0.480438 0.641454 0.482446 0.641745 0.483573 0.641355 0.513249 0.629748 0.514525 0.629130 0.517048 0.627472 0.520436 0.625023 0.524171 0.622159 0.527677 0.619321 0.530416 0.616943 0.531972 0.615390 0.532111 0.614895 0.532928 0.603922 0.532692 0.603277 0.507338 0.567728 0.505190 0.564960 0.484130 0.539528 0.483655 0.539447 0.478179 0.543348 0.469674 0.549787 0.463321 0.554758 0.457449 0.559509 0.454772 0.561781
0 0.435677 0.661611 0.435746 0.666306 0.435902 0.670419 0.436121 0.673320 0.436369 0.674570 0.445524 0.704650 0.445956 0.705863 0.447462 0.707326 0.449814 0.708817 0.452653 0.710106 0.455543 0.710996 0.458043 0.711351 0.459770 0.711119 0.525557 0.681809 0.525832 0.677929 0.525899 0.674301 0.525924 0.666630 0.525863 0.658535 0.525670 0.647958 0.525417 0.641445 0.525177 0.641389 0.492099 0.640523 0.488594 0.640554 0.444967 0.642710 0.436263 0.650475 0.436023 0.651031 0.435827 0.653341 0.435706 0.657057
0 0.001920 0.222637 0.002208 0.224382 0.003292 0.226698 0.005007 0.229233 0.007089 0.231597 0.009221 0.233429 0.011075 0.234450 0.081161 0.242071 0.084578 0.240333 0.086917 0.237754 0.091329 0.231705 0.095591 0.224881 0.100645 0.215392 0.103155 0.208878 0.102101 0.207622 0.074809 0.190247 0.071813 0.188461 0.045743 0.174184 0.031852 0.166649 0.020838 0.169211 0.019051 0.170567 0.016706 0.173299 0.014162 0.176991 0.011810 0.181077 0.010010 0.184929 0.009039 0.187955
0 0.370471 0.060751 0.376455 0.073689 0.400330 0.124972 0.407845 0.127713 0.435255 0.052555 0.434507 0.047383 0.388890 0.030747 0.378266 0.038327 0.377230 0.040274 0.375793 0.043619 0.374172 0.047853 0.372618 0.052325 0.371368 0.056348 0.370615 0.059306
0 0.422705 0.165126 0.423765 0.169718 0.444297 0.247039 0.482957 0.236773 0.482918 0.236170 0.472312 0.193915 0.461903 0.154717
0 0.379261 0.378728 0.380449 0.386733 0.381816 0.388027 0.436053 0.428543 0.437045 0.428502 0.439697 0.428199 0.443602 0.427679 0.448170 0.427022 0.452711 0.426327 0.456539 0.425698 0.459075 0.425231 0.459929 0.424998 0.466823 0.415843 0.459773 0.368364 0.459308 0.366842
0 0.447734 0.340598 0.447892 0.348436 0.447981 0.348697 0.451120 0.355866 0.456764 0.361287 0.464053 0.364137 0.471877 0.363980 0.479046 0.360841 0.484467 0.355197 0.487317 0.347908 0.487160 0.340084 0.487138 0.339809 0.483994 0.332627 0.478340 0.327196 0.471039 0.324342 0.463201 0.324499 0.456020 0.327643 0.450589 0.333297
0 0.727437 0.204180 0.729323 0.211772 0.733971 0.218063 0.740673 0.222098 0.748409 0.223260 0.756001 0.221374 0.762293 0.216726 0.762744 0.216238 0.766786 0.209525 0.767950 0.201776 0.766061 0.194171 0.761404 0.187868 0.754691 0.183826 0.746942 0.182662 0.739337 0.184551 0.733034 0.189208 0.732634 0.189742 0.728599 0.196443
0 0.744621 0.968241 0.747483 0.975525 0.747909 0.976344 0.753350 0.981987 0.760537 0.985120 0.768375 0.985263 0.775672 0.982396 0.781315 0.976955 0.784448 0.969769 0.784591 0.961930 0.781724 0.954634 0.781240 0.953852 0.775808 0.948218 0.768634 0.945091 0.760809 0.944948 0.753525 0.947810 0.747891 0.953242 0.744764 0.960416
0 0.673149 0.928196 0.674534 0.937417 0.676619 0.940736 0.680745 0.943921 0.686286 0.946481 0.692390 0.948021 0.698117 0.948303 0.702587 0.947287 0.705119 0.945132 0.711427 0.937852 0.712937 0.932675 0.713192 0.928996 0.710521 0.924878 0.706026 0.917997 0.702916 0.915637 0.698770 0.913740 0.694214 0.912591 0.689935 0.912363 0.686581 0.913092 0.678180 0.916720 0.674969 0.919354 0.673486 0.924529
0 0.844682 0.641594 0.847405 0.721742 0.852248 0.724833 0.892881 0.723453 0.890120 0.642187 0.884757 0.640232
0 0.046174 0.106408 0.048255 0.108212 0.125424 0.130028 0.190876 0.000000 0.093839 0.000000 0.085436 0.009820 0.083303 0.014001
