0 0.486491 0.513746 0.486850 0.517021 0.502977 0.532878 0.512888 0.514959 0.512741 0.514788 0.496794 0.499111 0.496760 0.499102 0.494374 0.499493 0.494254 0.499696 0.493926 0.500276 0.493441 0.501146 0.492871 0.502172 0.487927 0.511112 0.487363 0.512135 0.486892 0.512995 0.486586 0.513560
0 0.429164 0.581506 0.429166 0.582096 0.429200 0.583084 0.429260 0.584321 0.429337 0.585615 0.429420 0.586769 0.429496 0.587605 0.429552 0.587997 0.431378 0.588896 0.432209 0.588801 0.456110 0.583865 0.456106 0.583795 0.455964 0.581416 0.455848 0.579483 0.431725 0.580013 0.430896 0.580107 0.429193 0.581403
0 0.465680 0.603727 0.465926 0.617066 0.466721 0.617174 0.468390 0.617120 0.475068 0.616902 0.481745 0.616684 0.482600 0.616522 0.482759 0.615455 0.482759 0.614223 0.482557 0.603221 0.482516 0.602238 0.480733 0.600411 0.480569 0.600284 0.480052 0.600190 0.479262 0.600142 0.478318 0.600147 0.470048 0.600417 0.469090 0.600474 0.468261 0.600575 0.467687 0.600705 0.467455 0.600844 0.465995 0.602777
0 0.533448 0.624256 0.533602 0.624826 0.541590 0.627790 0.543813 0.617139 0.543613 0.616604 0.535661 0.613653
0 0.425781 0.400182 0.426121 0.400639 0.439383 0.413836 0.449281 0.396154 0.449047 0.395676 0.435724 0.382418
0 0.401167 0.598637 0.401180 0.598658 0.401525 0.599166 0.403821 0.602539 0.404619 0.603711 0.405228 0.604605 0.405555 0.605085 0.407661 0.604007 0.413721 0.593764 0.413728 0.593742 0.413484 0.593354 0.413026 0.592659 0.412424 0.591763 0.411771 0.590803 0.411166 0.589926 0.410702 0.589268 0.410450 0.588927 0.402181 0.595947
0 0.447854 0.347533 0.448034 0.348221 0.460366 0.350752 0.460988 0.350846 0.461507 0.350876 0.461843 0.350835 0.461946 0.350730 0.463230 0.346514 0.463578 0.343234 0.464274 0.336674 0.464622 0.333394 0.464265 0.328862 0.464120 0.328690 0.463746 0.328496 0.463201 0.328309 0.458421 0.327169 0.450182 0.325582
0 0.581018 0.582043 0.581968 0.586160 0.583084 0.588093 0.583782 0.589216 0.583974 0.589421 0.584082 0.589536 0.586939 0.591553 0.590157 0.591957 0.593247 0.590690 0.595737 0.587942 0.597250 0.584132 0.597553 0.579841 0.596602 0.575722 0.594541 0.572401 0.594420 0.572308 0.594204 0.572143 0.593237 0.571460 0.591625 0.570340 0.588409 0.569934 0.585322 0.571202 0.583433 0.572802 0.582590 0.573732 0.582078 0.575021 0.581322 0.577755
0 0.416715 0.408104 0.476374 0.515833 0.489686 0.503051 0.489985 0.502411 0.430531 0.394684 0.429956 0.394834
0 0.442073 0.437988 0.442338 0.438271 0.485980 0.469823 0.493868 0.450427 0.493840 0.450199 0.449997 0.418502
0 0.498268 0.544351 0.498294 0.545203 0.498382 0.545933 0.498519 0.546430 0.498683 0.546620 0.503906 0.552226 0.504181 0.552485 0.504763 0.552892 0.505566 0.553384 0.506464 0.553885 0.507322 0.554320 0.508006 0.554620 0.508413 0.554740 0.510581 0.553419 0.511896 0.549564 0.514361 0.542273 0.514636 0.541382 0.517058 0.532916 0.516958 0.532713 0.515648 0.531880 0.513599 0.530707 0.512064 0.529882 0.510640 0.529167 0.509987 0.528876 0.509364 0.528731 0.498555 0.542348 0.498410 0.542806 0.498309 0.543510
0 0.430614 0.435435 0.440108 0.453565 0.440245 0.453672 0.440347 0.453751 0.447119 0.447448 0.437664 0.429390 0.437413 0.429106 0.431974 0.434169
