0 0.505659 0.537352 0.506005 0.538031 0.510123 0.541038 0.515050 0.544204 0.523403 0.549007 0.532516 0.553942 0.537663 0.556546 0.540793 0.557896 0.541095 0.557781 0.598178 0.513102 0.599304 0.511979 0.600272 0.509825 0.600933 0.506967 0.601186 0.503843 0.600992 0.500930 0.600381 0.498675 0.599448 0.497421 0.578157 0.476418 0.577382 0.475863 0.575130 0.474488 0.571745 0.472504 0.567741 0.470210 0.563721 0.467955 0.560293 0.466076 0.557975 0.464860 0.557122 0.464493 0.546003 0.468042 0.522911 0.505235 0.521182 0.508289 0.514854 0.519927
0 0.729466 0.489516 0.733915 0.494249 0.741605 0.501490 0.747678 0.506853 0.753611 0.511764 0.756537 0.513972 0.760101 0.515916 0.825036 0.486400 0.826458 0.485165 0.827918 0.482989 0.829193 0.480204 0.830087 0.477234 0.830464 0.474537 0.830266 0.472523 0.812934 0.443117 0.811046 0.440909 0.808148 0.437997 0.804685 0.434830 0.801189 0.431893 0.798196 0.429637 0.796165 0.428406 0.795400 0.428384 0.784842 0.429491 0.783690 0.429897 0.753291 0.461160 0.750955 0.463766 0.742200 0.474252
0 0.495696 0.867809 0.495961 0.870872 0.496510 0.873416 0.497256 0.875052 0.525659 0.896647 0.528543 0.898206 0.532506 0.899941 0.536941 0.901584 0.541164 0.902883 0.544530 0.903639 0.546523 0.903738 0.556798 0.898605 0.562528 0.884113 0.573253 0.856767 0.574438 0.853479 0.584753 0.822497 0.584244 0.821255 0.577768 0.818123 0.567660 0.814143 0.560089 0.811541 0.553072 0.809498 0.549860 0.808817 0.546810 0.809123 0.496753 0.860160 0.496124 0.862010 0.495753 0.864696
0 0.400582 0.329101 0.448298 0.337153 0.459480 0.322391 0.459686 0.321719 0.460167 0.319339 0.460848 0.315616 0.461625 0.311115 0.471082 0.255074 0.471842 0.250459 0.472473 0.246412 0.472878 0.243545 0.472995 0.242298 0.467277 0.224684 0.419560 0.216632 0.414116 0.242653 0.404549 0.299349
0 0.320784 0.604540 0.348014 0.607029 0.405420 0.610289 0.434659 0.611007 0.437403 0.562694 0.421498 0.553208 0.420684 0.553085 0.418160 0.552878 0.414316 0.552616 0.409732 0.552341 0.352990 0.549119 0.348344 0.548870 0.344322 0.548684 0.341533 0.548590 0.340404 0.548602 0.323527 0.556227
0 0.705611 0.696593 0.706759 0.753288 0.709637 0.756822 0.738962 0.784982 0.767122 0.755658 0.766796 0.739517 0.765958 0.698173 0.736634 0.670013 0.733384 0.667672
0 0.355945 0.658052 0.378325 0.700957 0.396844 0.700963 0.397524 0.700803 0.399740 0.699812 0.403156 0.698142 0.407249 0.696045 0.457989 0.669580 0.462118 0.667387 0.465635 0.665442 0.468002 0.664041 0.468860 0.663399 0.479453 0.648209 0.457074 0.605303 0.432343 0.617533 0.418259 0.624879 0.382187 0.643694
0 0.555629 0.214734 0.579678 0.287422 0.580431 0.288158 0.582236 0.288407 0.584817 0.288134 0.599479 0.284917 0.676048 0.260480 0.690353 0.254453 0.692799 0.253122 0.694402 0.251785 0.694916 0.250645 0.670201 0.178169 0.669529 0.177344 0.667793 0.177015 0.665257 0.177234 0.662308 0.177968 0.562791 0.209728 0.559899 0.210858 0.557521 0.212208 0.556022 0.213569
0 0.482868 0.341252 0.482961 0.344388 0.483610 0.347118 0.484715 0.349025 0.486107 0.349819 0.558533 0.353101 0.559958 0.352656 0.561241 0.351039 0.566524 0.339263 0.584812 0.266521 0.586462 0.250816 0.586386 0.247675 0.585785 0.244908 0.584750 0.242934 0.583436 0.242055 0.511458 0.239971 0.510024 0.240319 0.508731 0.241834 0.507776 0.244289 0.483346 0.338189
0 0.681832 0.093960 0.691128 0.173418 0.738802 0.167840 0.747731 0.156946 0.747951 0.155579 0.747925 0.152588 0.747654 0.148426 0.747181 0.143730 0.746577 0.139222 0.745936 0.135594 0.745357 0.133400 0.736861 0.123812 0.691971 0.088325 0.683934 0.089265
0 0.776570 0.574005 0.779251 0.581542 0.842690 0.611785 0.844009 0.611624 0.846866 0.610870 0.850827 0.609637 0.855286 0.608112 0.859558 0.606531 0.862986 0.605135 0.865048 0.604139 0.865431 0.603694 0.872286 0.593480 0.856010 0.547734 0.851941 0.547188
0 0.532089 0.354527 0.612089 0.354626 0.613385 0.352946 0.613445 0.304391 0.604758 0.296956 0.603977 0.296687 0.601470 0.296456 0.597619 0.296298 0.593010 0.296239 0.588352 0.296286 0.584361 0.296434 0.581646 0.296659 0.580620 0.296926 0.572983 0.304341 0.532470 0.344753 0.532099 0.346527
0 0.670489 0.552568 0.670532 0.553376 0.671104 0.555813 0.672116 0.559504 0.673414 0.563891 0.685118 0.602237 0.686511 0.606667 0.687790 0.610482 0.688763 0.613105 0.689280 0.614132 0.700960 0.620022 0.747400 0.605847 0.723776 0.528448 0.721218 0.528122 0.675309 0.542135
0 0.221014 0.773134 0.300042 0.790552 0.302327 0.787232 0.312659 0.740357 0.305565 0.731658 0.304926 0.731155 0.302594 0.730335 0.298930 0.729324 0.294488 0.728273 0.255336 0.719643 0.250776 0.718710 0.246776 0.718032 0.243941 0.717713 0.242706 0.717803 0.234534 0.723137 0.231465 0.725717
0 0.428010 0.727946 0.490768 0.778462 0.642318 0.590187 0.579560 0.539670 0.579194 0.539488 0.428339 0.726901
0 0.349756 0.387555 0.351132 0.468107 0.351814 0.468252 0.592363 0.464145 0.592788 0.463981 0.591413 0.383429
0 0.203892 0.494899 0.224107 0.501420 0.418513 0.558877 0.437969 0.564081 0.454444 0.510776 0.457634 0.499536 0.226758 0.431300 0.206340 0.483417
