0 0.568277 0.067991 0.568501 0.068909 0.569258 0.070765 0.570431 0.073276 0.571843 0.076060 0.620231 0.168118 0.621677 0.170770 0.622945 0.172906 0.623845 0.174200 0.624237 0.174455 0.695213 0.137148 0.695100 0.136289 0.694435 0.134477 0.693319 0.131988 0.691922 0.129201 0.643312 0.036721 0.641856 0.034080 0.640574 0.032005 0.639660 0.030813 0.639253 0.030685
0 0.508370 0.334884 0.508840 0.335614 0.510443 0.336452 0.512934 0.337269 0.515935 0.337941 0.618728 0.356543 0.621761 0.356964 0.624343 0.357065 0.626083 0.356832 0.626714 0.356301 0.641347 0.278674 0.640761 0.277989 0.639059 0.277191 0.636502 0.276400 0.621644 0.272844 0.542555 0.258531 0.527492 0.256673 0.524857 0.256523 0.523039 0.256685 0.522316 0.257133
0 0.193757 0.630535 0.193898 0.631017 0.272306 0.647797 0.272633 0.647072 0.273165 0.645266 0.273821 0.642655 0.274501 0.639637 0.296265 0.537940 0.296870 0.534952 0.297313 0.532430 0.297526 0.530755 0.297476 0.530186 0.219068 0.513406 0.218694 0.514015 0.218120 0.515728 0.217434 0.518284 0.216741 0.521295 0.194877 0.623459 0.194287 0.626445 0.193894 0.628930
0 0.330663 0.728429 0.366734 0.796309 0.367516 0.796975 0.369270 0.796987 0.371730 0.796343 0.374521 0.795139 0.467687 0.747891 0.470365 0.746321 0.472504 0.744633 0.473779 0.743085 0.473996 0.741913 0.438548 0.673717 0.437701 0.673153 0.435892 0.673230 0.433396 0.673935 0.419457 0.679516 0.347774 0.715869 0.334595 0.724041 0.332384 0.725723 0.331003 0.727264
0 0.259724 0.136798 0.259856 0.137120 0.260870 0.139001 0.262611 0.142157 0.264814 0.146105 0.267142 0.150240 0.269235 0.153926 0.270775 0.156599 0.271527 0.157854 0.284158 0.162631 0.338609 0.177965 0.345587 0.174053 0.343802 0.170285 0.304234 0.099694 0.261879 0.123435
0 0.377307 0.232685 0.377756 0.242891 0.379153 0.245829 0.415319 0.277389 0.467918 0.217112 0.467547 0.213841 0.461450 0.208520 0.404359 0.212404 0.393178 0.214498 0.392432 0.214814 0.390587 0.216470 0.387922 0.219217 0.384845 0.222635 0.381829 0.226200 0.379337 0.229362 0.377750 0.231639
0 0.747970 0.087056 0.761268 0.142039 0.765182 0.151471 0.765616 0.152408 0.767547 0.154156 0.770679 0.156448 0.774536 0.158936 0.778538 0.161246 0.782079 0.163028 0.784625 0.164014 0.785784 0.164049 0.795408 0.162882 0.798823 0.158985 0.824124 0.117543 0.755054 0.075375 0.750837 0.082282
0 0.680931 0.932919 0.685163 0.943046 0.695758 0.955531 0.883032 0.796615 0.872438 0.784130 0.863925 0.777635 0.854351 0.777919 0.853184 0.778146 0.850800 0.779524 0.847563 0.781841 0.843962 0.784746 0.813393 0.810685 0.782824 0.836625 0.752255 0.862565 0.721686 0.888505 0.691118 0.914445 0.687657 0.917533 0.684819 0.920371 0.683033 0.922531 0.682574 0.923683
0 0.000000 0.377371 0.222494 0.400857 0.230322 0.321240 0.229083 0.320420 0.000000 0.296827
0 0.170280 0.656279 0.198963 0.684134 0.226928 0.657817 0.229057 0.652883 0.200479 0.625025 0.172657 0.651356
0 0.778848 0.625404 0.780131 0.625981 0.817416 0.641230 0.832664 0.603945 0.795380 0.588697 0.794026 0.588290
0 0.112197 0.281696 0.113974 0.282697 0.149328 0.301615 0.168246 0.266261 0.166719 0.265185 0.131202 0.246180
0 0.353880 0.425063 0.372496 0.460989 0.373953 0.461435 0.388159 0.454074 0.391405 0.442733 0.391126 0.441994 0.390047 0.439741 0.388333 0.436321 0.386245 0.432251 0.384097 0.428145 0.382214 0.424624 0.380880 0.422219 0.380300 0.421301 0.368251 0.417617
0 0.044455 0.567506 0.056586 0.605918 0.058618 0.605433 0.096854 0.593357 0.084779 0.555121 0.082867 0.555375
0 0.160206 0.042099 0.174592 0.080124 0.179066 0.085897 0.216569 0.071708 0.202380 0.034205 0.198232 0.027712
0 0.757444 0.448339 0.802674 0.464406 0.806174 0.463995 0.815163 0.459482 0.815887 0.458561 0.817119 0.456043 0.818672 0.452309 0.820307 0.447929 0.821774 0.443577 0.822847 0.439921 0.823362 0.437519 0.823243 0.436736 0.819718 0.425867 0.773964 0.409613 0.770833 0.410646
0 0.054511 0.755637 0.079266 0.797407 0.114075 0.776778 0.118485 0.773615 0.094013 0.732322 0.080400 0.730405 0.079054 0.731178 0.076326 0.732774 0.072629 0.734952 0.068529 0.737376 0.064657 0.739676 0.061607 0.741498 0.059844 0.742563 0.059634 0.742711
0 0.083614 0.615680 0.087181 0.664103 0.127534 0.661131 0.131790 0.659290 0.128265 0.611419 0.117476 0.604125 0.117065 0.604055 0.114890 0.604131 0.111284 0.604340 0.106795 0.604651 0.102101 0.605016 0.097909 0.605381 0.094854 0.605691 0.093403 0.605898
0 0.445034 0.909667 0.466460 0.944219 0.501012 0.922793 0.500998 0.916981 0.479867 0.882903 0.445790 0.904035
0 0.598410 0.943864 0.599234 0.945664 0.601031 0.948633 0.603528 0.952317 0.606343 0.956153 0.609042 0.959550 0.611213 0.961987 0.612523 0.963093 0.627202 0.973431 0.630085 0.974475 0.633255 0.974665 0.636233 0.973972 0.638567 0.972501 0.682170 0.924821 0.688997 0.916539 0.688293 0.914686 0.684895 0.909040 0.679920 0.901811 0.674724 0.895031 0.667884 0.886578 0.664339 0.882558 0.647109 0.894812 0.638988 0.900755 0.600466 0.931965
0 0.470192 0.689085 0.470916 0.691106 0.472344 0.693539 0.474259 0.696012 0.476369 0.698145 0.478350 0.699613 0.479899 0.700192 0.552193 0.705254 0.552522 0.704690 0.554423 0.701116 0.557319 0.695583 0.562250 0.686082 0.566601 0.677630 0.568968 0.672944 0.570732 0.669349 0.541755 0.653038 0.538640 0.651422 0.499043 0.632869 0.487822 0.635681 0.487504 0.636104 0.486386 0.638091 0.484639 0.641346 0.482527 0.645370 0.480377 0.649546 0.478517 0.653233 0.477234 0.655865 0.476721 0.657044 0.470284 0.687784
0 0.749427 0.243317 0.749592 0.246284 0.750002 0.249394 0.750592 0.252169 0.751274 0.254186 0.751943 0.255138 0.780065 0.271566 0.781810 0.272312 0.785012 0.273431 0.789183 0.274753 0.793694 0.276079 0.797864 0.277208 0.801063 0.277969 0.802803 0.278247 0.812955 0.271868 0.817660 0.257707 0.826519 0.230801 0.827530 0.227432 0.836454 0.195051 0.834109 0.193318 0.829948 0.191474 0.821109 0.188651 0.810496 0.185733 0.803923 0.184183 0.799188 0.183366 0.797958 0.183418 0.749889 0.239533 0.749532 0.240946
0 0.825898 0.715764 0.851435 0.751413 0.853598 0.754189 0.875193 0.780048 0.879124 0.778544 0.883719 0.775879 0.891368 0.770223 0.899642 0.763433 0.904271 0.759229 0.907027 0.756201 0.907231 0.755416 0.888322 0.684323 0.887617 0.683086 0.885917 0.681534 0.883480 0.679904 0.880679 0.678446 0.877944 0.677382 0.875692 0.676876 0.874266 0.677003 0.845300 0.689921 0.843301 0.691104 0.840253 0.693201 0.836620 0.695893 0.832950 0.698773 0.829796 0.701408 0.827636 0.703399 0.826800 0.704442
0 0.498162 0.135710 0.498816 0.140157 0.499764 0.143859 0.501978 0.151402 0.504470 0.159153 0.507927 0.169005 0.510293 0.174750 0.529365 0.169201 0.542409 0.165302 0.545737 0.164216 0.586626 0.149012 0.592636 0.138788 0.592801 0.137919 0.592380 0.135420 0.591438 0.131667 0.590117 0.127234 0.588620 0.122802 0.587177 0.119050 0.586009 0.116556 0.566445 0.089359 0.564618 0.088286 0.561958 0.087494 0.558870 0.087106 0.555828 0.087180 0.553297 0.087704 0.551663 0.088599
