0 0.425697 0.415974 0.430826 0.440903 0.430940 0.441451 0.431061 0.442005 0.431187 0.442564 0.431316 0.443116 0.431446 0.443654 0.432180 0.444977 0.435350 0.443732 0.448030 0.438752 0.447944 0.438310 0.447848 0.437828 0.447742 0.437314 0.447627 0.436778 0.447506 0.436223 0.441757 0.410199 0.441568 0.409740
0 0.486619 0.464197 0.486772 0.464607 0.493774 0.470434 0.499019 0.459231 0.499007 0.458760 0.498539 0.455829 0.498376 0.455637 0.497915 0.455205 0.497226 0.454599 0.496414 0.453912 0.495604 0.453249 0.494920 0.452712 0.494467 0.452384 0.494314 0.452313 0.491925 0.452865
0 0.464813 0.494887 0.464974 0.494911 0.481512 0.495680 0.482089 0.473629 0.482006 0.473508 0.465392 0.472735
0 0.432891 0.624759 0.433561 0.626799 0.448857 0.617867 0.449442 0.616520 0.445468 0.604423 0.442828 0.603721 0.442399 0.603893 0.441704 0.604247 0.440849 0.604728 0.439964 0.605263 0.439181 0.605773 0.438619 0.606179 0.438364 0.606421 0.437190 0.610096
0 0.512642 0.457878 0.512980 0.459091 0.513640 0.460040 0.514522 0.460580 0.518369 0.462753 0.522589 0.463141 0.523559 0.463190 0.524469 0.462740 0.525180 0.461859 0.525184 0.461854 0.525242 0.461766 0.525647 0.460587 0.527150 0.455498 0.527573 0.449806 0.527610 0.448509 0.527271 0.447293 0.526610 0.446342 0.525725 0.445801 0.521773 0.443846 0.517639 0.443233 0.516667 0.443185 0.515755 0.443636 0.515041 0.444518 0.514636 0.445697 0.513034 0.451015 0.513005 0.451127 0.512679 0.456585
0 0.446980 0.394571 0.448440 0.405586 0.449149 0.406883 0.458736 0.415827 0.466884 0.413907 0.465444 0.403044 0.464963 0.401693 0.455242 0.392624
0 0.454215 0.492125 0.455261 0.492305 0.458560 0.492484 0.460152 0.490325 0.460212 0.490085 0.460278 0.489379 0.460341 0.488314 0.460390 0.487051 0.460726 0.476030 0.460754 0.474758 0.460758 0.473666 0.460736 0.472918 0.460692 0.472630 0.459231 0.470492 0.458277 0.469801 0.454901 0.469618
0 0.525888 0.565895 0.526187 0.566657 0.532766 0.573512 0.556824 0.550542 0.557853 0.548788 0.557298 0.545291 0.557224 0.545195 0.556862 0.544802 0.556266 0.544170 0.555527 0.543396 0.548964 0.536557 0.548197 0.535763 0.547523 0.535071 0.547044 0.534588 0.546833 0.534387 0.544184 0.534677
0 0.528404 0.480474 0.528538 0.484764 0.529893 0.488659 0.532263 0.491567 0.535287 0.493043 0.536380 0.492983 0.538505 0.492865 0.538660 0.492836 0.541593 0.491022 0.543782 0.487849 0.544517 0.485176 0.544817 0.483829 0.544849 0.482338 0.544760 0.479493 0.543399 0.475582 0.541020 0.472663 0.539014 0.471684 0.537918 0.471230 0.536886 0.471241 0.534753 0.471360 0.531819 0.473174 0.531692 0.473282 0.529512 0.476442 0.528780 0.479104
0 0.718353 0.597930 0.718578 0.603074 0.718751 0.604279 0.724777 0.636458 0.725067 0.637726 0.725431 0.638873 0.725814 0.639728 0.726351 0.640639 0.729498 0.642596 0.737618 0.639893 0.729509 0.596589 0.726361 0.595264
0 0.433735 0.473019 0.434246 0.475065 0.435305 0.476696 0.436751 0.477661 0.436860 0.477699 0.438471 0.477853 0.440003 0.477173 0.441224 0.475763 0.441946 0.473838 0.442062 0.471690 0.441552 0.469647 0.440494 0.468020 0.439050 0.467056 0.438945 0.466999 0.437332 0.466845 0.435797 0.467526 0.434574 0.468939 0.433850 0.470867
0 0.491915 0.487028 0.492507 0.490569 0.494579 0.492681 0.495000 0.492887 0.495667 0.492707 0.496087 0.492544 0.500729 0.488421 0.503753 0.485645 0.503977 0.485168 0.503895 0.484592 0.501023 0.478529 0.500680 0.478208 0.499591 0.478456 0.499198 0.478577 0.496269 0.481569 0.492201 0.485895 0.491938 0.486392
0 0.506472 0.428327 0.506478 0.428335 0.506721 0.428434 0.507163 0.428608 0.507737 0.428830 0.508356 0.429068 0.508926 0.429285 0.509361 0.429448 0.509595 0.429533 0.517814 0.399269 0.518044 0.398202 0.518052 0.398132 0.517759 0.395569 0.517407 0.395380 0.516749 0.395086 0.515886 0.394732 0.514950 0.394373 0.514085 0.394063 0.513424 0.393850 0.513066 0.393767 0.511795 0.395729 0.511565 0.396798
0 0.417995 0.602425 0.418056 0.602701 0.419774 0.604602 0.429348 0.606328 0.429525 0.606055 0.429792 0.605338 0.430108 0.604285 0.430425 0.603059 0.430693 0.601847 0.430873 0.600836 0.430935 0.600179 0.430873 0.599977 0.422341 0.594002 0.420114 0.594218 0.419893 0.594601 0.419551 0.595568 0.419138 0.596970 0.418718 0.598597 0.418354 0.600204 0.418100 0.601547
0 0.487062 0.548015 0.509140 0.581017 0.521516 0.566299 0.521418 0.565995 0.499440 0.533144 0.487121 0.547796
0 0.547495 0.397482 0.547902 0.398014 0.563547 0.399617 0.563954 0.399168 0.565450 0.396810 0.565677 0.392879 0.548832 0.391153 0.547716 0.393641
0 0.559982 0.493080 0.560033 0.509625 0.560037 0.510728 0.561557 0.512896 0.562704 0.513136 0.562997 0.513197 0.583270 0.513086 0.583256 0.508581 0.583200 0.490561 0.562927 0.490672 0.561771 0.490843 0.561489 0.490885
0 0.569849 0.387003 0.599981 0.400784 0.600441 0.400327 0.600846 0.398755 0.600640 0.396704 0.598562 0.376034 0.582838 0.368842 0.577682 0.375598 0.571682 0.383460 0.570575 0.384911 0.570252 0.385438
