0 0.230394 0.616887 0.291361 0.669251 0.292314 0.668477 0.448689 0.486415 0.388001 0.434290 0.387487 0.433988
0 0.404249 0.219285 0.421120 0.290576 0.422114 0.291822 0.424014 0.293392 0.426532 0.295045 0.429281 0.296528 0.431840 0.297613 0.433819 0.298136 0.434916 0.298018 0.464809 0.285446 0.466139 0.284431 0.472139 0.279849 0.482116 0.272228 0.483633 0.271069 0.483721 0.271001 0.484688 0.259384 0.475917 0.247072 0.459228 0.223794 0.457099 0.220996 0.436249 0.194928 0.433763 0.196415 0.429997 0.199050 0.422570 0.204643 0.413899 0.211356 0.408663 0.215514 0.405049 0.218509
0 0.198157 0.168588 0.198684 0.171125 0.199733 0.174010 0.201143 0.176802 0.202698 0.179071 0.204159 0.180474 0.270641 0.205357 0.274002 0.204319 0.276777 0.202330 0.282415 0.197488 0.288196 0.191908 0.295528 0.184007 0.299784 0.178426 0.299360 0.177098 0.277032 0.153450 0.274564 0.150979 0.252995 0.130810 0.241501 0.120143 0.230117 0.119870 0.228187 0.120814 0.225340 0.122936 0.222012 0.125912 0.218714 0.129286 0.215952 0.132540 0.214149 0.135173 0.198231 0.166787
0 0.828490 0.553248 0.864474 0.570939 0.866152 0.571265 0.883924 0.535116 0.847775 0.517344 0.846181 0.517264
0 0.631993 0.472163 0.637679 0.511855 0.638312 0.511910 0.678187 0.506198 0.672476 0.466323 0.632601 0.472034
0 0.680804 0.560872 0.684466 0.576447 0.695315 0.583367 0.696469 0.583267 0.699242 0.582760 0.703215 0.581923 0.707780 0.580884 0.712236 0.579802 0.715898 0.578844 0.718206 0.578156 0.718813 0.577842 0.725987 0.568070 0.722283 0.552315 0.719742 0.551717
0 0.059353 0.185794 0.066214 0.222040 0.091031 0.236177 0.125354 0.222329 0.152753 0.172353 0.145625 0.136601 0.121483 0.121234 0.086883 0.135582
0 0.216644 0.401592 0.216694 0.402642 0.250640 0.471527 0.251753 0.471964 0.253786 0.471774 0.256429 0.470988 0.270739 0.465163 0.342268 0.428506 0.355017 0.420465 0.357071 0.418844 0.358221 0.417402 0.358292 0.416359 0.323724 0.347793 0.322678 0.347253 0.320701 0.347353 0.318095 0.348077 0.315258 0.349317 0.222292 0.396959 0.219673 0.398515 0.217690 0.400143
0 0.349278 0.318513 0.350421 0.320554 0.352577 0.322293 0.355418 0.323464 0.456194 0.350551 0.459273 0.350971 0.462105 0.350572 0.464258 0.349418 0.465405 0.347684 0.480510 0.287096 0.480468 0.285056 0.479237 0.283007 0.477006 0.281260 0.463085 0.274475 0.384689 0.253403 0.368984 0.252226 0.366081 0.252593 0.363844 0.253709 0.362612 0.255408 0.349322 0.316483
0 0.898382 0.192299 0.906305 0.193409 0.963640 0.150599 0.964380 0.149227 0.965265 0.146236 0.966158 0.142080 0.966923 0.137396 0.967443 0.132903 0.967636 0.129291 0.967476 0.127112 0.962292 0.115330 0.914206 0.108599 0.909472 0.113072
0 0.508244 0.532794 0.510210 0.572810 0.567607 0.571203 0.601307 0.568823 0.600398 0.548498 0.599328 0.528540 0.570416 0.529689 0.513911 0.532462
