0 0.467102 0.413122 0.467179 0.435287 0.467330 0.435584 0.483877 0.435482 0.483801 0.413418 0.483726 0.413019
0 0.382914 0.591830 0.383057 0.593978 0.383805 0.595889 0.385045 0.597273 0.386588 0.597919 0.388198 0.597728 0.389632 0.596731 0.389821 0.596564 0.390857 0.594914 0.391341 0.592861 0.391198 0.590717 0.390451 0.588809 0.389214 0.587427 0.387673 0.586782 0.386066 0.586973 0.384635 0.587969 0.384436 0.588120 0.383398 0.589773
0 0.487864 0.375123 0.489069 0.383772 0.491284 0.399054 0.492329 0.405934 0.502133 0.403409 0.503226 0.398527 0.503195 0.398143 0.503095 0.397319 0.502943 0.396178 0.502762 0.394895 0.500523 0.379436 0.500341 0.378213 0.500186 0.377242 0.500083 0.376670 0.500047 0.376585 0.497669 0.372597
0 0.477721 0.510532 0.477786 0.511651 0.478146 0.516078 0.478507 0.520505 0.478688 0.522718 0.478802 0.523797 0.480741 0.525787 0.480904 0.525794 0.481421 0.525745 0.482213 0.525647 0.483159 0.525516 0.491440 0.524316 0.492393 0.524172 0.493204 0.524037 0.493749 0.523933 0.493945 0.523874 0.495384 0.521395 0.495426 0.521199 0.494355 0.508055 0.493541 0.508164 0.485335 0.509353 0.482053 0.509829 0.478771 0.510305 0.477925 0.510435
0 0.459388 0.426948 0.460861 0.430174 0.461099 0.430323 0.461672 0.430561 0.462491 0.430852 0.463434 0.431152 0.464358 0.431416 0.465122 0.431604 0.465613 0.431687 0.465753 0.431652 0.467962 0.430238 0.477906 0.421879 0.478273 0.419717 0.478020 0.418782 0.461618 0.413826
0 0.557807 0.257932 0.558948 0.261095 0.578328 0.266564 0.578688 0.265492 0.579787 0.262216 0.580160 0.261104 0.580860 0.256696 0.583659 0.239067 0.563825 0.233469 0.561678 0.235824 0.560548 0.240666 0.557978 0.256853
0 0.571526 0.615469 0.572353 0.616804 0.600552 0.630677 0.602405 0.628596 0.602707 0.628063 0.603065 0.627145 0.603423 0.625983 0.606306 0.615562 0.606609 0.614336 0.606810 0.613237 0.606877 0.612434 0.606802 0.612049 0.606333 0.609789 0.605117 0.608534 0.603569 0.607772 0.574383 0.605144
0 0.600139 0.490161 0.603157 0.500405 0.603631 0.500407 0.611349 0.496365 0.608317 0.486074 0.607822 0.486138
0 0.480194 0.481905 0.481613 0.484456 0.481823 0.484634 0.488310 0.486279 0.491554 0.487101 0.497723 0.443856 0.497697 0.443206 0.487854 0.440710 0.485778 0.442760 0.485724 0.442933 0.485607 0.443578 0.485445 0.444598 0.485262 0.445836 0.482149 0.467658 0.480593 0.478569 0.480419 0.479827 0.480282 0.480903 0.480204 0.481633
0 0.535685 0.425311 0.536820 0.429343 0.538165 0.431622 0.538912 0.432687 0.539908 0.433291 0.541967 0.434271 0.545196 0.434416 0.548220 0.432903 0.549633 0.431162 0.550432 0.430166 0.550613 0.429916 0.551950 0.425992 0.552058 0.421684 0.550923 0.417648 0.548715 0.414500 0.545772 0.412717 0.542541 0.412573 0.539515 0.414087 0.537153 0.417031 0.537129 0.417084 0.537021 0.417327 0.536568 0.418655 0.535793 0.421006
0 0.564163 0.431238 0.567884 0.441092 0.582664 0.431168 0.583045 0.430851 0.579306 0.420953 0.564458 0.430922
0 0.423244 0.511020 0.423492 0.511306 0.424089 0.511741 0.424943 0.512257 0.425923 0.512775 0.426878 0.513216 0.427347 0.513394 0.427861 0.513555 0.428156 0.513619 0.428284 0.513520 0.435253 0.493515 0.435704 0.491977 0.437809 0.484792 0.438260 0.483252 0.437888 0.482908 0.437046 0.482350 0.435862 0.481662 0.434514 0.480949 0.433204 0.480317 0.432131 0.479862 0.431456 0.479652 0.431284 0.479722 0.428276 0.490008
0 0.437008 0.652523 0.470037 0.659781 0.470447 0.657590 0.471790 0.646731 0.470044 0.645131 0.469544 0.644852 0.468771 0.644568 0.467839 0.644324 0.459658 0.642526 0.443295 0.638930 0.442340 0.638760 0.441500 0.638689 0.440902 0.638727 0.439213 0.639572 0.438934 0.640213 0.438511 0.641186 0.438369 0.641513
0 0.435811 0.536578 0.447454 0.552400 0.450839 0.552444 0.467589 0.552657 0.470963 0.552699 0.476896 0.544938 0.477002 0.544732 0.442234 0.497483 0.441969 0.497471 0.436035 0.505233 0.435955 0.516407 0.435843 0.532064
0 0.550408 0.389684 0.550757 0.390885 0.552575 0.395719 0.555183 0.400174 0.555851 0.401106 0.556734 0.401626 0.557700 0.401656 0.558601 0.401191 0.562569 0.398691 0.565568 0.395289 0.566267 0.394400 0.566419 0.394158 0.566428 0.394143 0.566819 0.392961 0.566842 0.391670 0.565969 0.388623 0.564946 0.385103 0.562991 0.382373 0.561386 0.380220 0.560500 0.379699 0.559532 0.379669 0.558629 0.380136 0.554930 0.382125 0.551645 0.386051 0.550944 0.386943 0.550821 0.387218 0.550431 0.388396
0 0.560943 0.532556 0.573423 0.547045 0.573761 0.547262 0.579220 0.538904 0.566683 0.524347 0.566377 0.524236
