0 0.357875 0.472988 0.357885 0.479413 0.357938 0.490226 0.358019 0.499648 0.358104 0.504630 0.358216 0.508173 0.391455 0.508957 0.394964 0.508934 0.423659 0.507593 0.438646 0.506889 0.438814 0.506811 0.447271 0.499297 0.447356 0.498942 0.447420 0.496814 0.447453 0.493230 0.447450 0.488739 0.447411 0.484029 0.447343 0.479824 0.447255 0.476769 0.447161 0.475327 0.438562 0.444653 0.438037 0.443562 0.436457 0.442195 0.434061 0.440759 0.431215 0.439474 0.428355 0.438538 0.425919 0.438094 0.424279 0.438208 0.357926 0.467838 0.357897 0.468677
0 0.688461 0.969791 0.689031 0.970661 0.690325 0.972316 0.692146 0.974504 0.694217 0.976892 0.696220 0.979112 0.697848 0.980826 0.698853 0.981771 0.757503 1.000000 0.828198 1.000000 0.749686 0.917766 0.748721 0.916775 0.748535 0.916683
0 0.825747 0.824618 0.826069 0.827723 0.856779 0.927085 0.858265 0.929831 0.866645 0.939885 0.869126 0.941899 0.872187 0.942810 0.875365 0.942480 0.878174 0.940960 0.880188 0.938480 0.881099 0.935418 0.880507 0.901510 0.880159 0.899454 0.879284 0.896001 0.878015 0.891678 0.866095 0.853109 0.864630 0.848589 0.863198 0.844578 0.862017 0.841689 0.861269 0.840360 0.839870 0.820253 0.837447 0.818286 0.834455 0.817395 0.831350 0.817717 0.828605 0.819203 0.826638 0.821626
0 0.213358 0.352562 0.242402 0.379863 0.247970 0.377581 0.272270 0.348568 0.243306 0.321178 0.237764 0.323691
0 0.776831 0.806710 0.778102 0.808119 0.814780 0.824534 0.831195 0.787856 0.829681 0.786540 0.793171 0.770200
0 0.499791 0.087976 0.499792 0.089864 0.538780 0.099232 0.548147 0.060244 0.548369 0.058219 0.509201 0.048809
0 0.129659 0.281716 0.160984 0.307041 0.162538 0.307925 0.187747 0.276743 0.156565 0.251534 0.154984 0.250390
0 0.114178 0.346172 0.242922 0.550720 0.244099 0.550488 0.311970 0.507771 0.183817 0.304160 0.182362 0.303257
0 0.499025 0.263603 0.499031 0.264687 0.577007 0.283420 0.577360 0.282423 0.633820 0.047418 0.555485 0.028599
0 0.823269 0.804139 0.827775 0.808379 0.863777 0.827266 0.901552 0.755261 0.896032 0.751751 0.860524 0.733123
0 0.434543 0.245481 0.436039 0.251299 0.483995 0.253347 0.492788 0.244255 0.492836 0.243676 0.492956 0.241354 0.493127 0.237648 0.493326 0.233117 0.493520 0.228448 0.493682 0.224343 0.493786 0.221424 0.493817 0.220139 0.493745 0.216885 0.485367 0.206679 0.436289 0.204583
0 0.502117 0.760088 0.502141 0.763095 0.544949 0.786009 0.556025 0.781306 0.556533 0.780867 0.557834 0.778869 0.559731 0.775615 0.561934 0.771602 0.580985 0.736011 0.583150 0.731863 0.584940 0.728229 0.586081 0.725664 0.586401 0.724556 0.583139 0.714662 0.582189 0.712209 0.539870 0.689557
0 0.288643 0.448715 0.292957 0.458848 0.338927 0.474478 0.340768 0.474770 0.353645 0.436899 0.351953 0.436170 0.305982 0.420539 0.296414 0.425862 0.295849 0.426634 0.294775 0.429035 0.293357 0.432701 0.291810 0.437071 0.290374 0.441475 0.289267 0.445234 0.288660 0.447776
0 0.892269 0.870258 0.892276 0.874763 0.892489 0.879464 0.892875 0.883651 0.893377 0.886692 0.893918 0.888121 0.904985 0.898248 0.953526 0.897085 0.952556 0.856634 0.947384 0.852558 0.899398 0.853708 0.892843 0.864427 0.892467 0.866630
