0 0.105417 0.722557 0.130595 0.764074 0.144031 0.765694 0.144347 0.765568 0.146190 0.764506 0.149283 0.762667 0.153154 0.760333 0.187672 0.739400 0.191716 0.736934 0.195303 0.734721 0.197884 0.733100 0.199068 0.732316 0.203220 0.719572 0.178330 0.678530 0.174611 0.680594
0 0.149748 0.844605 0.177493 0.885142 0.190970 0.885442 0.191325 0.885432 0.193164 0.884370 0.196210 0.882418 0.199999 0.879871 0.203947 0.877123 0.207448 0.874594 0.209967 0.872672 0.211121 0.871650 0.214441 0.867378 0.217874 0.853746 0.190763 0.814136 0.157754 0.836728
0 0.789714 0.892361 0.811626 0.925824 0.818916 0.935785 0.860012 0.908875 0.860695 0.894950 0.860667 0.894700 0.859623 0.892928 0.857719 0.889902 0.855246 0.886083 0.852583 0.882058 0.850141 0.878447 0.848292 0.875801 0.847318 0.874522 0.843326 0.870217 0.829870 0.866065
0 0.546833 0.120893 0.547309 0.122135 0.548787 0.124672 0.551038 0.128113 0.553723 0.131939 0.577225 0.164420 0.579944 0.168062 0.582293 0.170979 0.583917 0.172729 0.584566 0.173041 0.595659 0.176408 0.634547 0.148270 0.636102 0.144203 0.588663 0.078641 0.549326 0.107105
0 0.291163 0.801807 0.295454 0.850172 0.306058 0.856353 0.308453 0.856521 0.312222 0.856441 0.316789 0.856126 0.357000 0.852558 0.361653 0.852056 0.365667 0.851445 0.368427 0.850820 0.369515 0.850276 0.376062 0.843021 0.377478 0.839101 0.373237 0.791288 0.293550 0.798358
0 0.790392 0.139561 0.790559 0.140988 0.791216 0.143267 0.792262 0.146052 0.793538 0.148915 0.794847 0.151418 0.795990 0.153180 0.796792 0.153931 0.828782 0.161450 0.830505 0.161708 0.833774 0.161889 0.838092 0.161968 0.842806 0.161931 0.847206 0.161785 0.850626 0.161552 0.852545 0.161266 0.860699 0.152149 0.860978 0.137271 0.861474 0.109016 0.861474 0.105497 0.860857 0.071865 0.858612 0.070738 0.854387 0.070090 0.845203 0.069911 0.834084 0.070213 0.827147 0.070681 0.822092 0.071347 0.820728 0.071810
0 0.250509 0.951160 0.254354 0.961825 0.255945 0.963372 0.258961 0.965325 0.262942 0.967386 0.267278 0.969237 0.271303 0.970595 0.274397 0.971251 0.309577 0.974385 0.311291 0.973853 0.313472 0.972477 0.315785 0.970465 0.317877 0.968126 0.319427 0.965819 0.320199 0.963895 0.319462 0.893195 0.317242 0.890190 0.314373 0.888238 0.307809 0.884644 0.300517 0.881245 0.290512 0.877320 0.283793 0.875505 0.282737 0.876566 0.268723 0.905820 0.267308 0.909010 0.256299 0.936519
0 0.023802 0.270875 0.024050 0.273021 0.056422 0.341232 0.058698 0.341914 0.063570 0.342187 0.073127 0.341963 0.082741 0.341148 0.089520 0.339936 0.096450 0.338114 0.098509 0.336999 0.096942 0.317506 0.095068 0.299166 0.089157 0.257985 0.079899 0.249729 0.077901 0.249331 0.074409 0.249203 0.069954 0.249366 0.065221 0.249794 0.060935 0.250422 0.057755 0.251154 0.030354 0.259438 0.028624 0.260485 0.026857 0.262503 0.025321 0.265185 0.024248 0.268124
0 0.873618 0.780445 0.889741 0.817159 0.891535 0.818619 0.928417 0.802422 0.912221 0.765540 0.910332 0.764323
0 0.507328 0.771750 0.507362 0.773001 0.537966 0.799193 0.564158 0.768589 0.563864 0.767359 0.533400 0.741286
0 0.105027 0.817240 0.142536 0.831928 0.144174 0.830407 0.158795 0.793070 0.121458 0.778449 0.119716 0.779731
0 0.266620 0.555109 0.306764 0.558446 0.307649 0.558179 0.310972 0.518219 0.271012 0.514897 0.269958 0.514965
0 0.131073 0.931922 0.132062 0.945736 0.173393 0.971224 0.177016 0.966016 0.198032 0.931942 0.210847 0.910687 0.215907 0.902293 0.174582 0.876807 0.161109 0.881300 0.160180 0.882582 0.158411 0.885258 0.156072 0.888923 0.153519 0.893016 0.151146 0.896908 0.149317 0.900000 0.132057 0.929921 0.131082 0.931688
0 0.464822 0.527759 0.505553 0.553888 0.521122 0.530132 0.552167 0.481736 0.567138 0.457884 0.526407 0.431756 0.510330 0.440947 0.509846 0.441645 0.508438 0.443792 0.506318 0.447064 0.503811 0.450960 0.472912 0.499129 0.470411 0.503038 0.468309 0.506347 0.466927 0.508551 0.466474 0.509314
0 0.731245 0.269078 0.767553 0.301070 0.784835 0.294417 0.785822 0.293453 0.787881 0.291249 0.790701 0.288137 0.793849 0.284596 0.831682 0.241658 0.834665 0.238242 0.837014 0.235487 0.838372 0.233813 0.838533 0.233475 0.842957 0.215492 0.806649 0.183500 0.785472 0.207280 0.748075 0.249723
0 0.227305 0.681276 0.241964 0.719090 0.279778 0.704431 0.282798 0.701628 0.305637 0.649874 0.291179 0.612578 0.253883 0.627036 0.250461 0.628802
0 0.849034 0.121044 0.849899 0.123150 0.851594 0.124340 0.901815 0.158434 0.904085 0.158549 0.906573 0.157562 0.908902 0.155622 0.910713 0.153025 0.958775 0.060379 0.959786 0.057534 0.959835 0.054891 0.958917 0.052850 0.909496 0.017188 0.907760 0.016071 0.905457 0.016053 0.902937 0.017135 0.900584 0.019152 0.890528 0.031849 0.853185 0.103834 0.849127 0.118344
0 0.936405 0.031818 0.936743 0.034484 0.941992 0.048487 0.984446 0.116111 0.995234 0.127684 0.997673 0.129456 1.000000 0.130298 1.000000 0.075984 0.998778 0.000000 0.985893 0.000000 0.938577 0.028326 0.937048 0.029655
0 0.179119 0.786967 0.179228 0.790159 0.184076 0.816487 0.185266 0.819000 0.187347 0.822469 0.190000 0.826363 0.213835 0.859526 0.216647 0.863237 0.219179 0.866186 0.221044 0.867923 0.245000 0.881675 0.247991 0.882796 0.251184 0.882687 0.254092 0.881364 0.256272 0.879030 0.261843 0.870366 0.262939 0.867443 0.262832 0.864324 0.261540 0.861482 0.200844 0.777031 0.198563 0.774900 0.195640 0.773805 0.192521 0.773911 0.189679 0.775203 0.182420 0.781641 0.180240 0.783975
