0 0.876303 0.781010 0.876935 0.785800 0.954211 0.808424 1.000000 0.634243 1.000000 0.579893 0.999774 0.579445 0.949050 0.557261
0 0.407386 0.659973 0.408294 0.667757 0.412112 0.674600 0.418257 0.679462 0.425796 0.681601 0.433580 0.680693 0.440422 0.676875 0.445284 0.670730 0.445378 0.670436 0.447514 0.662910 0.446607 0.655140 0.442796 0.648309 0.436661 0.643456 0.429135 0.641320 0.421365 0.642226 0.414534 0.646038 0.409681 0.652173 0.409525 0.652435
0 0.374987 0.635869 0.376043 0.646452 0.378037 0.648538 0.382521 0.651933 0.392227 0.654277 0.395216 0.653945 0.399128 0.651646 0.403363 0.647729 0.407269 0.642791 0.410245 0.637596 0.411835 0.632942 0.411800 0.629541 0.407018 0.620973 0.404965 0.618945 0.400505 0.615538 0.396766 0.616025 0.387447 0.617587 0.384531 0.619337 0.381377 0.622277 0.378461 0.625962 0.376224 0.629836 0.375003 0.633314
0 0.841845 0.809992 0.842585 0.817779 0.846248 0.824691 0.846844 0.825250 0.852885 0.830242 0.860376 0.832543 0.868177 0.831801 0.875100 0.828132 0.880092 0.822091 0.882393 0.814600 0.881651 0.806800 0.877982 0.799876 0.871941 0.794884 0.871302 0.794377 0.863824 0.792080 0.856037 0.792821 0.849125 0.796484 0.844142 0.802514
0 0.872570 0.236935 0.874263 0.244572 0.878751 0.250980 0.885349 0.255183 0.893052 0.256540 0.900690 0.254847 0.901379 0.254425 0.907798 0.249930 0.912008 0.243320 0.913368 0.235603 0.911672 0.227953 0.907176 0.221534 0.900567 0.217324 0.892850 0.215965 0.885200 0.217661 0.878781 0.222156 0.878130 0.222634 0.873927 0.229231
0 0.719629 0.339203 0.721628 0.341569 0.724373 0.343413 0.730723 0.347083 0.737828 0.350787 0.747637 0.355404 0.754292 0.357988 0.755450 0.357548 0.770906 0.328731 0.772480 0.325609 0.784904 0.299047 0.791450 0.284940 0.788139 0.273937 0.786652 0.272579 0.783756 0.270671 0.779893 0.268505 0.775655 0.266413 0.771693 0.264717 0.768616 0.263676 0.733560 0.257827 0.731834 0.258422 0.729594 0.259780 0.727184 0.261695 0.724971 0.263873 0.723296 0.265981 0.722412 0.267696
0 0.280034 0.678152 0.281290 0.689778 0.292614 0.700020 0.314067 0.719347 0.316723 0.721636 0.342239 0.742709 0.343139 0.741969 0.348038 0.736496 0.355212 0.728235 0.360390 0.722165 0.364997 0.716654 0.366975 0.714211 0.368359 0.712186 0.337845 0.646150 0.336471 0.645112 0.334186 0.643956 0.331338 0.642857 0.328363 0.641984 0.325717 0.641471 0.323804 0.641396 0.322915 0.641770 0.295566 0.660175 0.294230 0.661401 0.291923 0.663825 0.288996 0.667079 0.285898 0.670665 0.283105 0.674030 0.281046 0.676660
0 0.919462 0.582153 0.920355 0.593799 0.961589 0.618370 0.966925 0.619738 0.987638 0.584979 0.945926 0.560124 0.940830 0.559437 0.931901 0.562315 0.930862 0.563021 0.929045 0.565193 0.926728 0.568497 0.924260 0.572433 0.922014 0.576407 0.920330 0.579819
0 0.888350 0.398401 0.916942 0.436956 0.921762 0.436227 0.954263 0.412125 0.925340 0.373124 0.911341 0.371780 0.910062 0.372495 0.907508 0.374192 0.904069 0.376611 0.900266 0.379385 0.896673 0.382096 0.893831 0.384334 0.892172 0.385761 0.891952 0.386158
0 0.482980 0.277212 0.491082 0.286980 0.538996 0.289860 0.539447 0.287430 0.541874 0.247041 0.493407 0.244128 0.484428 0.253117 0.484353 0.253709 0.484178 0.256051 0.483930 0.259789 0.483648 0.264352 0.483374 0.269039 0.483151 0.273130 0.483013 0.275999
0 0.051717 0.069833 0.080900 0.108639 0.085689 0.113111 0.094877 0.112885 0.096144 0.112843 0.098681 0.111707 0.102099 0.109650 0.105882 0.106986 0.109459 0.104116 0.112289 0.101473 0.113944 0.099457 0.117658 0.089070 0.088809 0.050707 0.084055 0.045513
0 0.274047 0.495218 0.300866 0.497246 0.358215 0.501380 0.387811 0.503419 0.391290 0.455153 0.375531 0.445425 0.374447 0.445287 0.371684 0.445036 0.367660 0.444712 0.362991 0.444363 0.305912 0.440249 0.301331 0.439931 0.297556 0.439693 0.295164 0.439572 0.294517 0.439586 0.277526 0.446952
0 0.346442 0.917064 0.394620 0.921593 0.404689 0.906050 0.404901 0.904599 0.405252 0.901541 0.405689 0.897346 0.406145 0.892648 0.411464 0.836065 0.411873 0.831558 0.412174 0.827908 0.412320 0.825668 0.412291 0.825182 0.405295 0.808035 0.357117 0.803506 0.353252 0.834622 0.347871 0.891867
0 0.276282 0.344572 0.293241 0.365048 0.330834 0.408554 0.350856 0.430874 0.387471 0.399235 0.383221 0.381211 0.382774 0.380672 0.381194 0.378826 0.378725 0.375956 0.375741 0.372498 0.338582 0.329495 0.335522 0.325958 0.332840 0.322866 0.330940 0.320686 0.330114 0.319752 0.312897 0.312933
0 0.246101 0.775847 0.282052 0.793799 0.283048 0.792456 0.300918 0.756670 0.265132 0.738800 0.264053 0.739896
0 0.156299 0.272831 0.157870 0.273869 0.196500 0.284248 0.206879 0.245618 0.205533 0.244450 0.166725 0.234023
0 0.801589 0.181471 0.825956 0.213316 0.857800 0.188949 0.859447 0.187517 0.834968 0.155526 0.802977 0.180005
0 0.791438 0.341586 0.831337 0.345576 0.832862 0.344865 0.836870 0.304783 0.796788 0.300775 0.795428 0.301688
