0 0.496128 0.458446 0.496144 0.458612 0.496725 0.461342 0.497018 0.462681 0.497702 0.463890 0.499023 0.466115 0.501837 0.468208 0.505038 0.468706 0.507085 0.467931 0.508151 0.467477 0.508996 0.466627 0.510665 0.464867 0.512235 0.461115 0.512284 0.460959 0.512659 0.456674 0.511775 0.452524 0.509768 0.449141 0.506942 0.447039 0.503729 0.446539 0.501673 0.447317 0.500616 0.447717 0.498079 0.450393 0.496503 0.454161
0 0.465742 0.569326 0.466599 0.573482 0.468583 0.576884 0.471393 0.579016 0.474600 0.579551 0.477717 0.578409 0.480269 0.575763 0.481868 0.572017 0.481880 0.571971 0.482281 0.567697 0.481425 0.563543 0.480173 0.561118 0.479502 0.559967 0.478551 0.559245 0.476634 0.558013 0.473428 0.557477 0.470313 0.558619 0.468721 0.560188 0.467858 0.561084 0.467763 0.561263 0.467742 0.561303 0.466144 0.565049
0 0.481138 0.522576 0.481671 0.544740 0.482677 0.544889 0.498476 0.543884 0.497945 0.521790 0.496881 0.521741
0 0.535426 0.427652 0.535488 0.428937 0.535914 0.430094 0.536639 0.430944 0.537554 0.431360 0.541664 0.432741 0.545736 0.432812 0.546700 0.432730 0.547567 0.432162 0.547683 0.431997 0.548322 0.431027 0.548635 0.429805 0.549910 0.424273 0.549727 0.418869 0.549665 0.417580 0.549238 0.416421 0.548510 0.415568 0.547594 0.415152 0.543675 0.413405 0.539392 0.413696 0.538425 0.413779 0.537556 0.414348 0.536917 0.415318 0.536911 0.415330 0.536827 0.415523 0.536515 0.416743 0.535443 0.421899
0 0.491030 0.471401 0.504849 0.483716 0.504949 0.483531 0.516551 0.460386 0.517022 0.459444 0.517244 0.458999 0.517451 0.458583 0.514691 0.456123 0.503651 0.446285 0.503376 0.446549 0.503292 0.446630 0.503064 0.447077 0.502826 0.447546 0.502583 0.448027 0.502340 0.448514 0.502098 0.449002
0 0.489650 0.444353 0.489698 0.444607 0.506095 0.447153 0.506123 0.446911 0.508041 0.424947 0.491569 0.422390
0 0.396652 0.581291 0.404274 0.585712 0.404712 0.585319 0.408013 0.575203 0.400425 0.570803 0.399967 0.571128
0 0.537017 0.385731 0.540168 0.387048 0.555983 0.393513 0.558421 0.391615 0.558555 0.391230 0.558782 0.390419 0.559069 0.389306 0.559371 0.388060 0.561863 0.377462 0.562133 0.376278 0.562329 0.375340 0.562421 0.374792 0.561563 0.371160 0.542442 0.363165 0.541957 0.364729
0 0.431601 0.588561 0.440072 0.595695 0.442795 0.594530 0.442971 0.594192 0.443322 0.593480 0.443795 0.592502 0.444317 0.591407 0.448735 0.582081 0.449229 0.581032 0.449621 0.580184 0.449853 0.579666 0.449888 0.579557 0.449573 0.575993 0.441199 0.568940 0.440519 0.569737
0 0.484251 0.585261 0.489164 0.594294 0.516262 0.568088 0.516039 0.567154 0.511193 0.558246 0.484467 0.584092
0 0.427580 0.465282 0.427605 0.465848 0.427682 0.466733 0.427770 0.467485 0.427998 0.468857 0.428274 0.470134 0.428554 0.471121 0.428795 0.471667 0.428961 0.471689 0.445263 0.468187 0.446469 0.467825 0.453305 0.465768 0.453351 0.465085 0.453256 0.463781 0.453034 0.462055 0.452719 0.460168 0.452358 0.458402 0.452006 0.457023 0.451716 0.456241 0.451531 0.456178 0.450322 0.456542 0.443474 0.458608 0.427648 0.464788
0 0.433564 0.537823 0.436948 0.547915 0.452088 0.538890 0.452307 0.538712 0.448938 0.528665 0.448703 0.528797
0 0.450407 0.444161 0.451160 0.446552 0.451774 0.447302 0.470641 0.467396 0.470814 0.467162 0.471127 0.466720 0.471533 0.466136 0.471970 0.465499 0.472371 0.464909 0.472675 0.464454 0.472835 0.464204 0.456173 0.440901 0.455559 0.440150 0.453706 0.439360 0.453442 0.439705 0.452967 0.440366 0.452354 0.441242 0.451696 0.442200 0.451094 0.443091 0.450642 0.443780
0 0.450449 0.522376 0.474327 0.553069 0.485837 0.537150 0.485902 0.536980 0.462133 0.506428 0.461959 0.506457
