0 0.430853 0.581307 0.430913 0.582570 0.431028 0.583850 0.431178 0.584950 0.431342 0.585701 0.434261 0.594196 0.434560 0.594582 0.435048 0.594942 0.435650 0.595223 0.436276 0.595381 0.436827 0.595392 0.437222 0.595255 0.449916 0.585609 0.450092 0.584417 0.450100 0.583381 0.450018 0.581238 0.449860 0.579013 0.449558 0.576153 0.449261 0.574446 0.445164 0.574839 0.442334 0.575127 0.441616 0.575228 0.432723 0.576971 0.432453 0.577237 0.431037 0.579365 0.430920 0.579572 0.430855 0.580254
0 0.484810 0.677067 0.484852 0.677279 0.484999 0.677951 0.485229 0.678982 0.485505 0.680213 0.485787 0.681456 0.486031 0.682520 0.486199 0.683242 0.486265 0.683512 0.488195 0.683878 0.488988 0.683544 0.511448 0.671747 0.511425 0.671558 0.511329 0.671070 0.511176 0.670360 0.510989 0.669534 0.510796 0.668720 0.510628 0.668042 0.510509 0.667603 0.510458 0.667470 0.487043 0.674955 0.486251 0.675287
0 0.444363 0.392744 0.444618 0.393236 0.452663 0.395811 0.454595 0.385084 0.454386 0.384555 0.446303 0.381968
0 0.574110 0.251247 0.581821 0.270708 0.589119 0.265567 0.589529 0.264490 0.581781 0.244939 0.574450 0.250104
0 0.415206 0.494114 0.415556 0.497376 0.417041 0.498394 0.446107 0.505794 0.446722 0.505728 0.450495 0.495939 0.424067 0.477829 0.423189 0.477573 0.421303 0.478596 0.421112 0.478792 0.420776 0.479410 0.420346 0.480356 0.419888 0.481485 0.416080 0.491364 0.415665 0.492500 0.415358 0.493466
0 0.477214 0.448447 0.477797 0.461676 0.478819 0.466021 0.478963 0.466041 0.479337 0.466038 0.479882 0.466013 0.480517 0.465970 0.484659 0.465686 0.492899 0.465040 0.491931 0.443067 0.491893 0.442806 0.479453 0.443714 0.478823 0.443774 0.478296 0.443844 0.477953 0.443914 0.477847 0.443973
0 0.403624 0.664123 0.414859 0.680317 0.419273 0.675289 0.420495 0.673783 0.421068 0.672531 0.409851 0.656364 0.403789 0.663841
0 0.472299 0.604977 0.473664 0.614886 0.477273 0.619622 0.484944 0.616241 0.486717 0.612501 0.491257 0.602922 0.489947 0.592883 0.486183 0.588474 0.478582 0.591721
0 0.570700 0.488277 0.571010 0.493833 0.571166 0.495104 0.571676 0.496198 0.572461 0.496949 0.573402 0.497243 0.577695 0.498247 0.577873 0.498243 0.581850 0.497604 0.582806 0.497394 0.583629 0.496713 0.584193 0.495664 0.584414 0.494406 0.585368 0.488896 0.584690 0.483380 0.584533 0.482106 0.584022 0.481009 0.583235 0.480256 0.582292 0.479962 0.578357 0.478903 0.574022 0.479595 0.574012 0.479597 0.573066 0.479804 0.572889 0.479853 0.572068 0.480533 0.571505 0.481579 0.571285 0.482834
0 0.484950 0.490873 0.492280 0.496099 0.492316 0.496117 0.500119 0.476659 0.500119 0.476552 0.492789 0.471326
0 0.524907 0.590204 0.529918 0.610030 0.530583 0.612474 0.531136 0.612894 0.533938 0.611635 0.528542 0.590289 0.527890 0.588225 0.525152 0.589455
0 0.568941 0.382538 0.584959 0.388077 0.587361 0.384912 0.589497 0.373931 0.573026 0.368236 0.572683 0.368854 0.570951 0.372539 0.570810 0.372927
0 0.598466 0.584725 0.598771 0.584915 0.599919 0.585627 0.600338 0.585780 0.600763 0.585932 0.601189 0.586080 0.601607 0.586221 0.602015 0.586355 0.620510 0.592330 0.624619 0.570960 0.624143 0.570733 0.604434 0.563996 0.604015 0.563854 0.603615 0.563720 0.603237 0.563596 0.602886 0.563484 0.602570 0.563385 0.601749 0.567653
0 0.513726 0.428097 0.514735 0.428802 0.529946 0.433845 0.543309 0.369733 0.542416 0.368764 0.527043 0.364201
0 0.576731 0.452284 0.580953 0.473589 0.581701 0.473345 0.581890 0.473283 0.582794 0.472967 0.589267 0.470687 0.589862 0.469323 0.589435 0.467165 0.586442 0.452062 0.586014 0.449904 0.584991 0.449111 0.578518 0.451391 0.577619 0.451732 0.577261 0.451954
0 0.532445 0.414587 0.539251 0.420860 0.558070 0.384559 0.558337 0.384028 0.551499 0.377726 0.532594 0.414194
