0 0.557601 0.533958 0.564388 0.540269 0.564684 0.540455 0.574194 0.522274 0.567377 0.515934 0.567068 0.515861
0 0.493557 0.468659 0.493587 0.468803 0.499315 0.476764 0.522713 0.477409 0.522765 0.477357 0.522817 0.477305 0.534813 0.461959 0.534883 0.457462 0.535230 0.435116 0.535299 0.430619 0.529545 0.422621
0 0.644236 0.473344 0.644295 0.473832 0.644784 0.474199 0.659153 0.479253 0.659794 0.479284 0.660217 0.478966 0.661901 0.475360 0.662755 0.466367 0.646770 0.460744 0.646392 0.461623 0.644427 0.471551
0 0.596492 0.791830 0.596935 0.793171 0.695671 0.809603 0.697726 0.787662 0.696822 0.786346 0.598537 0.769989
0 0.499617 0.406553 0.499651 0.406707 0.502446 0.419034 0.502837 0.419072 0.503536 0.419033 0.504437 0.418923 0.505402 0.418759 0.506282 0.418566 0.506943 0.418374 0.507283 0.418212 0.507735 0.405333 0.507683 0.405182 0.506626 0.402584 0.506099 0.402561 0.505167 0.402633 0.503970 0.402790 0.502690 0.403008 0.501519 0.403253 0.500634 0.403490 0.500169 0.403682
0 0.252882 0.693276 0.266988 0.704901 0.268054 0.703964 0.272393 0.694602 0.258351 0.683031 0.257241 0.683871
0 0.505781 0.227339 0.506538 0.235099 0.506586 0.235528 0.506769 0.236371 0.507057 0.237499 0.507407 0.238741 0.507766 0.239911 0.508080 0.240831 0.508302 0.241362 0.508397 0.241423 0.510640 0.242689 0.518780 0.238738 0.522323 0.236847 0.526049 0.234680 0.526090 0.234143 0.525828 0.232301 0.525450 0.230483 0.524726 0.227907 0.523890 0.225368 0.523390 0.224097 0.523052 0.223534 0.507678 0.224024 0.507247 0.224258 0.506774 0.224737 0.506332 0.225388 0.505987 0.226111 0.505794 0.226796
0 0.537041 0.592357 0.537280 0.593611 0.538415 0.598731 0.538503 0.598958 0.540949 0.603844 0.541531 0.604884 0.542367 0.605547 0.543330 0.605733 0.544273 0.605414 0.548175 0.603526 0.551776 0.600644 0.552556 0.599867 0.553053 0.598753 0.553193 0.597469 0.552953 0.596211 0.551601 0.590630 0.549376 0.586208 0.548794 0.585168 0.548675 0.584960 0.547840 0.584299 0.546880 0.584113 0.545939 0.584431 0.541833 0.585865 0.538455 0.589190 0.537677 0.589964 0.537181 0.591076
0 0.521995 0.516001 0.538006 0.521563 0.543291 0.495986 0.543405 0.495426 0.543516 0.494865 0.543624 0.494304 0.543726 0.493755 0.543821 0.493225 0.543785 0.493048 0.543650 0.492390 0.527661 0.486835 0.527560 0.487306 0.527455 0.487812 0.527346 0.488344 0.527236 0.488893 0.521995 0.515709
0 0.433113 0.522104 0.433417 0.526388 0.434925 0.530181 0.436299 0.531877 0.437145 0.532804 0.438194 0.533225 0.440489 0.534138 0.440545 0.534159 0.443752 0.533719 0.446599 0.531672 0.448649 0.528328 0.449591 0.524200 0.449282 0.519916 0.447770 0.516130 0.445286 0.513417 0.445234 0.513383 0.444994 0.513227 0.443945 0.512809 0.442155 0.512153 0.438951 0.512596 0.436108 0.514641 0.434484 0.516701 0.433786 0.517838 0.433464 0.519242
0 0.676848 0.763054 0.678892 0.766095 0.693481 0.776928 0.698356 0.765257 0.696718 0.760822 0.696624 0.760600 0.696199 0.760134 0.695510 0.759495 0.694660 0.758779 0.693780 0.758095 0.686552 0.752728 0.685771 0.752178 0.685205 0.751843 0.684941 0.751774 0.681667 0.751516
0 0.447659 0.654778 0.450190 0.659029 0.450633 0.659492 0.451343 0.660037 0.452212 0.660581 0.463073 0.666762 0.463964 0.667219 0.464738 0.667519 0.465276 0.667614 0.469306 0.667096 0.473226 0.654851 0.468074 0.650545 0.457338 0.644436 0.451579 0.642533
0 0.511751 0.586742 0.511859 0.587543 0.515818 0.599798 0.517968 0.600624 0.518166 0.600657 0.518684 0.600484 0.519442 0.600132 0.520325 0.599654 0.527976 0.595261 0.528847 0.594731 0.529569 0.594233 0.530033 0.593842 0.530167 0.593619 0.531137 0.591001 0.527178 0.578746 0.526930 0.578025
