0 0.468929 0.693427 0.472709 0.759733 0.489285 0.758054 0.489334 0.756871 0.485572 0.690869 0.469072 0.692541
0 0.423189 0.527343 0.431766 0.546188 0.432411 0.545679 0.438994 0.540352 0.440134 0.539419 0.440305 0.538907 0.440127 0.538146 0.432418 0.521208 0.431989 0.520637 0.431559 0.520581 0.428829 0.522572
0 0.462942 0.480635 0.467717 0.492380 0.470203 0.493436 0.470409 0.493324 0.470915 0.492989 0.471645 0.492483 0.472488 0.491881 0.473316 0.491275 0.474004 0.490757 0.474449 0.490404 0.474582 0.490271 0.475343 0.487221 0.470622 0.475611 0.470282 0.475330
0 0.438143 0.527410 0.438361 0.529009 0.438823 0.530628 0.439459 0.532017 0.440170 0.532963 0.440847 0.533322 0.442813 0.533490 0.443862 0.532960 0.444531 0.532612 0.444927 0.531520 0.445541 0.529248 0.445579 0.528249 0.445413 0.527054 0.445068 0.525846 0.444596 0.524806 0.444068 0.524091 0.442478 0.522944 0.441636 0.522476 0.440961 0.522803 0.439914 0.523339 0.438530 0.525212 0.438203 0.526077
0 0.412102 0.461468 0.412215 0.461996 0.415595 0.467448 0.415983 0.467727 0.416405 0.467594 0.419458 0.464663 0.423986 0.460095 0.424249 0.459621 0.424430 0.458759 0.424427 0.458169 0.423622 0.454930 0.421271 0.453102 0.420804 0.452937 0.420354 0.453112 0.415760 0.456846 0.412584 0.459591 0.412360 0.460045
0 0.546902 0.509338 0.578170 0.516901 0.578529 0.516978 0.578751 0.515346 0.573942 0.493396 0.557625 0.489449 0.557361 0.489498 0.547123 0.507713
0 0.439648 0.514212 0.452339 0.541344 0.452824 0.542238 0.454529 0.543499 0.454629 0.543511 0.455020 0.543230 0.455642 0.542700 0.456401 0.542001 0.457182 0.541239 0.457867 0.540529 0.458352 0.539979 0.458564 0.539671 0.458205 0.537138 0.457720 0.536245 0.442345 0.511692 0.442268 0.511655 0.441997 0.511816 0.441573 0.512151 0.441060 0.512608 0.440538 0.513117 0.440086 0.513601 0.439774 0.513986
0 0.418987 0.474056 0.419020 0.475007 0.419182 0.475565 0.427721 0.480437 0.428146 0.480562 0.430244 0.480099 0.430666 0.479550 0.431108 0.478436 0.431504 0.476927 0.431796 0.475251 0.431938 0.473660 0.431910 0.472393 0.431715 0.471644 0.429983 0.470001 0.429562 0.469852 0.420284 0.469231 0.419955 0.469631 0.419612 0.470460 0.419308 0.471593 0.419088 0.472857
0 0.523183 0.588946 0.525512 0.591800 0.537512 0.606429 0.539482 0.608152 0.541708 0.606731 0.542387 0.606040 0.543072 0.605122 0.548608 0.596745 0.549197 0.595736 0.549601 0.594788 0.550521 0.591450 0.536409 0.574507 0.534212 0.572258
0 0.372988 0.553253 0.405862 0.559893 0.406293 0.559619 0.408772 0.537803 0.376049 0.531194 0.375479 0.531337
0 0.428207 0.423234 0.429122 0.426899 0.445229 0.460347 0.452307 0.454450 0.451595 0.452317 0.436093 0.419242 0.435211 0.417398 0.432905 0.417403 0.432398 0.417616 0.431683 0.418073 0.430865 0.418705 0.430069 0.419417 0.429416 0.420101 0.429003 0.420655 0.428895 0.420993
0 0.528470 0.649931 0.528600 0.650619 0.535162 0.670926 0.626544 0.618430 0.619982 0.598123 0.619434 0.597675
0 0.479979 0.601511 0.480046 0.601866 0.480290 0.602608 0.480675 0.603625 0.481141 0.604762 0.481617 0.605844 0.482030 0.606704 0.482316 0.607212 0.482433 0.607290 0.484698 0.608682 0.487604 0.606487 0.487746 0.605270 0.483679 0.595694 0.480806 0.597864
0 0.496196 0.423146 0.496248 0.424200 0.497802 0.435008 0.507462 0.443745 0.515569 0.441672 0.515785 0.440861 0.514209 0.429903 0.504415 0.421045
0 0.534990 0.619128 0.534992 0.619643 0.550212 0.628293 0.558371 0.604710 0.558547 0.604190 0.558720 0.603660 0.558887 0.603122 0.559048 0.602586 0.559197 0.602061 0.559047 0.600796 0.559001 0.600414 0.555961 0.598686 0.543801 0.591775 0.543645 0.592189 0.543481 0.592643 0.543312 0.593129 0.543141 0.593639 0.542968 0.594171
