0 0.747849 0.484168 0.748202 0.486009 0.749071 0.488537 0.750324 0.491366 0.796175 0.585228 0.797613 0.587909 0.799007 0.590014 0.800145 0.591225 0.800853 0.591356 0.872721 0.557634 0.872832 0.556692 0.872388 0.554794 0.871458 0.552229 0.865389 0.538053 0.830111 0.465835 0.822834 0.452690 0.821448 0.450513 0.820322 0.449197 0.819627 0.448944 0.748066 0.483294
0 0.272088 0.378223 0.272875 0.378494 0.274715 0.379051 0.277326 0.379810 0.280314 0.380655 0.380475 0.408648 0.383404 0.409456 0.385847 0.410111 0.387435 0.410511 0.387924 0.410597 0.409507 0.333373 0.408839 0.333062 0.407094 0.332469 0.404538 0.331684 0.401559 0.330827 0.300937 0.302705 0.298011 0.301912 0.295602 0.301309 0.294078 0.300989 0.293671 0.300999
0 0.758071 0.869419 0.758125 0.872435 0.758383 0.873841 0.767714 0.884833 0.816073 0.889190 0.823334 0.808592 0.819639 0.805065 0.771833 0.800758 0.764159 0.809733 0.763728 0.810238 0.763200 0.812492 0.762653 0.816146 0.762172 0.820647 0.758574 0.860577 0.758229 0.865257
0 0.757849 0.289636 0.763186 0.369653 0.803195 0.366984 0.807421 0.365130 0.802010 0.283997 0.761443 0.286703
0 0.871578 0.580038 0.892831 0.613924 0.897373 0.615241 0.938507 0.589443 0.939045 0.576894 0.938144 0.574758 0.936386 0.571486 0.934038 0.567579 0.931462 0.563636 0.929053 0.560263 0.927180 0.557976 0.926129 0.557121 0.917008 0.555164 0.912242 0.554534
0 0.189096 0.136482 0.190460 0.185018 0.193997 0.188617 0.233982 0.187494 0.232633 0.139513 0.229542 0.135345 0.222814 0.129122 0.221528 0.128657 0.218594 0.128315 0.214457 0.128146 0.209749 0.128178 0.205193 0.128406 0.201491 0.128795 0.199207 0.129285
0 0.484359 0.830075 0.486040 0.839810 0.486771 0.840793 0.488892 0.842697 0.492082 0.845233 0.495855 0.848014 0.499629 0.850611 0.502826 0.852626 0.504956 0.853752 0.505698 0.853818 0.517311 0.853558 0.545489 0.814016 0.544970 0.810427 0.512395 0.787213 0.484538 0.826303
0 0.291646 0.290263 0.291671 0.291423 0.296540 0.300343 0.298865 0.302625 0.345056 0.315680 0.355935 0.277188 0.354270 0.274612 0.307545 0.261406 0.298236 0.268195 0.297719 0.268774 0.296779 0.271039 0.295558 0.274646 0.294244 0.279047 0.293038 0.283564 0.292126 0.287503
0 0.036723 0.280105 0.039192 0.287542 0.044320 0.293467 0.051325 0.296980 0.052096 0.297329 0.059898 0.297892 0.067323 0.295427 0.073238 0.290308 0.076745 0.283316 0.077308 0.275513 0.074843 0.268089 0.069724 0.262174 0.068983 0.261765 0.061979 0.258252 0.054163 0.257688 0.046725 0.260157 0.040800 0.265285 0.037287 0.272289
0 0.520968 0.751263 0.521004 0.751696 0.523303 0.759187 0.528293 0.765229 0.535216 0.768900 0.543017 0.769644 0.550508 0.767344 0.556550 0.762354 0.560221 0.755431 0.560965 0.747630 0.560860 0.747205 0.558565 0.739727 0.553583 0.733695 0.546672 0.730030 0.538885 0.729288 0.531407 0.731583 0.525375 0.736564 0.521710 0.743476
0 0.570620 0.724587 0.571630 0.728759 0.573429 0.733507 0.580071 0.739765 0.583079 0.742065 0.587832 0.742992 0.593607 0.742409 0.599532 0.740407 0.604714 0.737289 0.608371 0.733523 0.609945 0.729677 0.610702 0.720926 0.609761 0.716738 0.607923 0.712002 0.604205 0.709076 0.595836 0.706906 0.592279 0.706181 0.587941 0.706602 0.583487 0.708103 0.579600 0.710456 0.576876 0.713299 0.572528 0.719760
0 0.185815 0.802222 0.197507 0.841057 0.236341 0.829364 0.239957 0.824847 0.266727 0.775014 0.255195 0.736712 0.216893 0.748244 0.212957 0.751696
0 0.687653 0.410695 0.691725 0.428745 0.692159 0.429650 0.693715 0.431817 0.696153 0.434914 0.699104 0.438473 0.735886 0.481854 0.738918 0.485352 0.741579 0.488269 0.743468 0.490163 0.744293 0.490744 0.761478 0.497751 0.798468 0.466495 0.781712 0.443586 0.744477 0.399717 0.724606 0.379471
0 0.662992 0.394031 0.702949 0.397392 0.705773 0.395961 0.718106 0.385542 0.749694 0.358856 0.753102 0.318343 0.712589 0.314935 0.668667 0.352040 0.666354 0.354075
0 0.574679 0.775623 0.579937 0.815276 0.581049 0.819659 0.621253 0.814329 0.656126 0.768793 0.650796 0.728589 0.648728 0.725454 0.609075 0.730712
0 0.587181 0.470628 0.615501 0.498876 0.656185 0.498825 0.672069 0.498805 0.674462 0.498788 0.703103 0.470074 0.674390 0.441433 0.617034 0.441506 0.615429 0.442308
0 0.611510 0.850918 0.618284 0.855751 0.680785 0.886174 0.794456 0.673355 0.787026 0.669321 0.725865 0.636817
0 0.490532 0.660834 0.519270 0.735888 0.744431 0.649676 0.715694 0.574622 0.714708 0.574280 0.490575 0.660098
0 0.760238 0.652291 0.825625 0.698679 0.829488 0.697209 0.962362 0.497149 0.895491 0.451450 0.891885 0.451849
