0 0.594357 0.298052 0.595804 0.300554 0.596054 0.300861 0.596643 0.301159 0.597482 0.301403 0.598444 0.301558 0.599383 0.301598 0.600158 0.301519 0.600652 0.301332 0.602432 0.299347 0.602662 0.298897 0.602811 0.297246 0.602227 0.294412 0.601903 0.293991 0.601119 0.293582 0.599995 0.293249 0.598703 0.293041 0.597442 0.292992 0.596406 0.293109 0.595754 0.293374 0.595582 0.293744 0.594506 0.296405
0 0.390705 0.520032 0.393872 0.530251 0.415536 0.542243 0.415922 0.542050 0.431181 0.533642 0.436942 0.515139 0.440133 0.504889 0.436980 0.494717 0.436691 0.494692
0 0.457367 0.670828 0.457689 0.672052 0.458338 0.673019 0.459215 0.673581 0.463176 0.675337 0.467267 0.676341 0.468238 0.676413 0.469156 0.675983 0.469882 0.675118 0.470303 0.673949 0.472010 0.668376 0.472075 0.667990 0.472441 0.662815 0.472494 0.661523 0.472173 0.660301 0.471525 0.659337 0.469412 0.657869 0.466866 0.656238 0.464045 0.656029 0.461649 0.655951 0.460733 0.656380 0.460010 0.657243 0.459590 0.658410 0.458051 0.663183 0.457955 0.663558 0.457421 0.669532
0 0.409717 0.576723 0.421623 0.592047 0.421939 0.591647 0.436072 0.572126 0.436373 0.571710 0.436661 0.571311 0.436934 0.570930 0.437188 0.570575 0.437419 0.570251 0.435041 0.567190 0.425530 0.554948 0.425304 0.555179 0.424457 0.556049 0.424156 0.556455 0.423850 0.556871 0.423545 0.557291 0.423245 0.557706 0.422953 0.558115
0 0.275718 0.515305 0.278887 0.525552 0.279900 0.525435 0.310502 0.508610 0.307347 0.498409 0.306460 0.498402
0 0.396435 0.764808 0.417713 0.798882 0.430490 0.784696 0.430809 0.783392 0.409629 0.749475 0.396910 0.763595
0 0.376695 0.680567 0.376901 0.681024 0.377321 0.681458 0.377890 0.681805 0.398275 0.691160 0.398903 0.691363 0.399489 0.691389 0.399945 0.691237 0.400201 0.690928 0.404863 0.671732 0.404877 0.671328 0.404649 0.670877 0.404215 0.670446 0.401463 0.668569 0.385779 0.661371 0.382597 0.660525 0.382001 0.660483 0.381531 0.660614 0.381258 0.660899 0.376732 0.680158
0 0.526764 0.638981 0.526825 0.639300 0.527122 0.640710 0.527700 0.643453 0.529702 0.646844 0.532523 0.648956 0.535736 0.649467 0.538851 0.648300 0.541394 0.645632 0.542978 0.641869 0.543231 0.639040 0.543361 0.637585 0.543064 0.636175 0.542486 0.633432 0.542316 0.632898 0.540323 0.629520 0.537513 0.627418 0.535399 0.627081 0.534371 0.627127 0.533259 0.627303 0.531210 0.628071 0.528677 0.630728 0.527100 0.634475 0.526847 0.637293
0 0.572335 0.412182 0.572752 0.416455 0.574363 0.420189 0.575831 0.422153 0.576697 0.423043 0.577754 0.423423 0.580042 0.423939 0.583246 0.423384 0.586047 0.421236 0.586103 0.421186 0.588075 0.417770 0.588917 0.413608 0.588500 0.409333 0.586889 0.405596 0.584327 0.402967 0.581206 0.401844 0.577999 0.402399 0.575197 0.404548 0.575148 0.404610 0.573630 0.407137 0.572963 0.408293 0.572678 0.409701
0 0.588775 0.398794 0.589165 0.402465 0.592139 0.404378 0.593204 0.403272 0.600462 0.383217 0.597453 0.381281 0.594583 0.382935 0.594376 0.383317 0.594036 0.384094 0.593616 0.385148 0.593179 0.386319 0.589583 0.396255 0.589194 0.397368 0.588910 0.398260
