0 0.435552 0.612920 0.436830 0.615653 0.439634 0.620475 0.447603 0.626282 0.450660 0.627138 0.455275 0.626514 0.460744 0.624500 0.466225 0.621403 0.470875 0.617701 0.473979 0.613965 0.475067 0.610766 0.474007 0.601056 0.472652 0.598355 0.469875 0.593530 0.466024 0.592526 0.457026 0.590501 0.453572 0.591000 0.449491 0.592520 0.445399 0.594832 0.441915 0.597585 0.439565 0.600366 0.438708 0.602752
0 0.488776 0.988736 0.489223 0.993340 0.490271 0.997157 0.491764 0.999607 0.493475 1.000000 0.518744 1.000000 0.520599 0.998863 0.521765 0.993414 0.522060 0.987125 0.521440 0.980966 0.520002 0.975884 0.517968 0.972653 0.509106 0.968877 0.506227 0.967767 0.500625 0.967798 0.497844 0.969766 0.491213 0.977123 0.489852 0.979966 0.488996 0.984042
0 0.903944 0.971791 0.905803 0.973963 0.943341 0.988577 0.957955 0.951040 0.955856 0.948973 0.918491 0.934426
0 0.262529 0.691351 0.297821 0.710769 0.298748 0.709803 0.318077 0.674672 0.282946 0.655343 0.281947 0.656058
0 0.844616 0.879459 0.852616 0.891719 0.853980 0.892434 0.856939 0.893438 0.861043 0.894577 0.865664 0.895678 0.870093 0.896570 0.873649 0.897116 0.875789 0.897235 0.888116 0.892545 0.891596 0.876739 0.887120 0.872433 0.848056 0.863833
0 0.729331 0.065604 0.766164 0.081451 0.767389 0.079525 0.783310 0.042522 0.746308 0.026601 0.745179 0.028771
0 0.283387 0.607051 0.302484 0.640301 0.326814 0.642581 0.356128 0.619611 0.366344 0.563540 0.347169 0.530859 0.323090 0.527198 0.293652 0.550713
0 0.407585 0.715337 0.415102 0.772340 0.447361 0.797084 0.472105 0.764824 0.472491 0.761179 0.465078 0.704960 0.433262 0.680557 0.408859 0.712373
0 0.336273 0.677384 0.399484 0.709057 0.406873 0.711398 0.507751 0.490731 0.500774 0.487490 0.436460 0.458229
0 0.308474 0.135166 0.338283 0.210012 0.339024 0.211342 0.562534 0.122323 0.562822 0.120584 0.533012 0.045738
0 0.632937 0.783356 0.634473 0.786632 0.714537 0.798409 0.721603 0.750371 0.713613 0.739303 0.712424 0.738854 0.709605 0.738208 0.705587 0.737462 0.700980 0.736730 0.661315 0.730896 0.656802 0.730286 0.653055 0.729890 0.650641 0.729766 0.649931 0.729936 0.639922 0.735867
0 0.557156 0.465664 0.577029 0.509357 0.588335 0.513861 0.589289 0.513499 0.591777 0.512428 0.595421 0.510811 0.599665 0.508895 0.636412 0.492181 0.640594 0.490265 0.644061 0.488647 0.646284 0.487575 0.646927 0.487211 0.651583 0.475960 0.631480 0.431762 0.557817 0.465267
0 0.134301 0.523247 0.150664 0.602896 0.190489 0.594714 0.194744 0.593412 0.178605 0.514858 0.174125 0.515065
