0 0.387007 0.219503 0.388901 0.221296 0.398670 0.222166 0.398720 0.221981 0.398838 0.221316 0.399005 0.220274 0.399197 0.219011 0.399384 0.217718 0.399538 0.216591 0.399637 0.215800 0.399664 0.215467 0.390540 0.210100 0.388315 0.210540 0.388231 0.210770 0.388060 0.211650 0.387827 0.213048 0.387569 0.214750 0.387324 0.216492 0.387132 0.218007 0.387021 0.219064
0 0.632131 0.756996 0.633659 0.759967 0.643838 0.777622 0.659727 0.761336 0.659290 0.756784 0.659139 0.756499 0.658764 0.755835 0.658223 0.754891 0.657599 0.753813 0.656987 0.752767 0.656482 0.751912 0.656160 0.751379 0.656069 0.751248 0.652870 0.749623 0.633440 0.755654
0 0.601749 0.628855 0.612552 0.656540 0.612810 0.656899 0.613070 0.657260 0.620998 0.660596 0.636008 0.597172 0.635385 0.596727 0.627493 0.593406 0.606729 0.607810
0 0.297000 0.331781 0.297110 0.331985 0.297401 0.332393 0.297827 0.332944 0.313524 0.352655 0.314018 0.353261 0.314502 0.353825 0.314902 0.354262 0.315156 0.354505 0.315226 0.354517 0.326562 0.338470 0.326430 0.338262 0.326126 0.337852 0.325696 0.337303 0.310071 0.317682 0.309578 0.317073 0.309094 0.316492 0.308691 0.316028 0.308432 0.315752 0.308355 0.315705
0 0.298822 0.211233 0.303711 0.220198 0.304610 0.221480 0.317996 0.208503 0.313130 0.199579 0.312269 0.198195
0 0.340071 0.382139 0.347321 0.402015 0.347932 0.402407 0.362779 0.392778 0.355558 0.372982 0.354978 0.372472
0 0.629195 0.522487 0.632206 0.526358 0.632280 0.526411 0.635543 0.527683 0.645331 0.531496 0.648594 0.532767 0.648693 0.532750 0.648808 0.532659 0.648935 0.532495 0.649072 0.532260 0.649459 0.530499 0.650342 0.526470 0.650728 0.524708 0.650700 0.524442 0.650652 0.524245 0.650585 0.524119 0.650501 0.524067 0.637450 0.518982 0.634187 0.517711 0.634095 0.517737 0.629658 0.520374
0 0.689571 0.697936 0.704000 0.731869 0.705187 0.733400 0.707559 0.736099 0.709808 0.734660 0.710529 0.734059 0.711249 0.733204 0.717043 0.725221 0.717651 0.724246 0.718051 0.723302 0.719173 0.720096 0.697569 0.692223 0.695311 0.690026
0 0.528830 0.405873 0.578193 0.412997 0.578553 0.412596 0.580342 0.390556 0.530752 0.383400 0.530611 0.383934
0 0.677778 0.771604 0.678594 0.772851 0.767909 0.831374 0.775224 0.811526 0.773965 0.810102 0.685059 0.751847
0 0.657407 0.525615 0.657411 0.526168 0.658801 0.530412 0.661110 0.536835 0.661384 0.537228 0.662237 0.537886 0.662646 0.537954 0.665055 0.537320 0.666811 0.534547 0.667023 0.533972 0.666996 0.533378 0.665470 0.527183 0.664236 0.522806 0.663968 0.522467 0.662549 0.521430 0.662160 0.521511 0.657681 0.525155
0 0.459454 0.651430 0.459461 0.651722 0.459530 0.652734 0.459650 0.654314 0.459803 0.656222 0.459966 0.658164 0.460114 0.659839 0.460223 0.660990 0.460277 0.661443 0.468544 0.660099 0.484920 0.656028 0.484914 0.655695 0.484861 0.654861 0.484768 0.653653 0.484698 0.652817 0.484601 0.651703 0.484527 0.650883 0.484414 0.649749 0.484332 0.649024 0.484290 0.648817 0.467704 0.650096 0.466467 0.650296
0 0.392844 0.587088 0.392873 0.590864 0.393983 0.594338 0.394953 0.597074 0.395645 0.597978 0.396544 0.598461 0.397512 0.598448 0.401464 0.598352 0.405612 0.596186 0.406503 0.595680 0.406517 0.595666 0.406730 0.595448 0.407407 0.594528 0.407768 0.593333 0.407758 0.592044 0.407293 0.586699 0.406066 0.581271 0.405687 0.580085 0.404997 0.579184 0.404101 0.578703 0.403135 0.578716 0.398722 0.579228 0.395055 0.580971 0.394166 0.581476 0.393908 0.581674 0.393230 0.582597 0.392868 0.583795
0 0.584110 0.407043 0.592582 0.426872 0.593614 0.427792 0.594045 0.427460 0.611834 0.391983 0.610798 0.391059 0.593738 0.388185 0.593309 0.388698
0 0.652147 0.453537 0.655663 0.463526 0.656380 0.463358 0.686482 0.444520 0.682950 0.434486 0.682112 0.434786
0 0.688469 0.409346 0.689684 0.413325 0.691960 0.416353 0.694952 0.417970 0.698206 0.417932 0.698320 0.417924 0.700842 0.416768 0.701872 0.416192 0.702665 0.415141 0.703673 0.413146 0.704956 0.409132 0.704994 0.404800 0.704731 0.402084 0.704318 0.400725 0.703542 0.399691 0.701502 0.397774 0.698502 0.396153 0.695241 0.396194 0.695129 0.396216 0.692106 0.397913 0.689779 0.401005 0.688502 0.405020
0 0.588739 0.687740 0.589147 0.688602 0.603438 0.699826 0.611855 0.680770 0.611344 0.679944 0.597118 0.668772
0 0.564790 0.493691 0.566018 0.515698 0.566938 0.515917 0.575305 0.515087 0.574061 0.492774 0.573042 0.492873
