0 0.497632 0.486178 0.497778 0.486692 0.498068 0.487339 0.498456 0.488020 0.498884 0.488630 0.499286 0.489077 0.499601 0.489292 0.514519 0.490713 0.514860 0.490004 0.515201 0.489202 0.515936 0.487419 0.516721 0.485474 0.517760 0.482850 0.518414 0.481136 0.518447 0.480946 0.512510 0.476439 0.511872 0.475984 0.506526 0.472480 0.503693 0.470641 0.501436 0.471419 0.501374 0.471446 0.501143 0.471909 0.500777 0.472739 0.500331 0.473809 0.499875 0.474957 0.499478 0.476004 0.499201 0.476791 0.499086 0.477197 0.497651 0.485876
0 0.551820 0.604853 0.551961 0.606102 0.552242 0.607119 0.552622 0.607748 0.554040 0.609821 0.554744 0.610068 0.555870 0.610033 0.557688 0.608866 0.558226 0.608385 0.558650 0.607299 0.558896 0.605773 0.558925 0.604041 0.558732 0.602370 0.558348 0.601017 0.557833 0.600189 0.556050 0.599173 0.555343 0.598949 0.554220 0.598977 0.553557 0.599595 0.552334 0.601602 0.552022 0.602419 0.551842 0.603561
0 0.496744 0.424723 0.497196 0.429782 0.497307 0.430084 0.497614 0.430756 0.498072 0.431697 0.498609 0.432763 0.505228 0.445671 0.505767 0.446705 0.506227 0.447554 0.506539 0.448090 0.506655 0.448231 0.510026 0.450629 0.518270 0.443115 0.515072 0.436118 0.513192 0.432451 0.508376 0.423059 0.504987 0.417209
0 0.483802 0.637683 0.485447 0.639765 0.485966 0.640028 0.486757 0.640291 0.487700 0.640515 0.495940 0.642146 0.496886 0.642296 0.497690 0.642347 0.498227 0.642294 0.500320 0.640952 0.504732 0.601309 0.504678 0.600151 0.496514 0.598535 0.484230 0.633932 0.484047 0.635481
0 0.466220 0.402377 0.466375 0.402824 0.482791 0.405607 0.484878 0.383719 0.484808 0.383183 0.468316 0.380388
0 0.519325 0.265049 0.522626 0.265134 0.525927 0.265218 0.527578 0.265260 0.527641 0.264723 0.527688 0.264318 0.528006 0.242223 0.519721 0.242011 0.519687 0.242454 0.519642 0.243043
0 0.532372 0.620143 0.532746 0.621531 0.546669 0.640747 0.558679 0.625278 0.558008 0.623846 0.556861 0.622263 0.538308 0.612496 0.535925 0.613016 0.535498 0.613388 0.534892 0.614050 0.534200 0.614900 0.533525 0.615810 0.532971 0.616643 0.532620 0.617273 0.532526 0.617603
0 0.545752 0.470637 0.546102 0.474913 0.547653 0.478679 0.547674 0.478712 0.550194 0.481395 0.553298 0.482588 0.555539 0.482432 0.556635 0.482269 0.557602 0.481561 0.559355 0.480030 0.561388 0.476665 0.562302 0.472527 0.562211 0.469822 0.562094 0.468363 0.561566 0.467078 0.560407 0.464468 0.557884 0.461778 0.557856 0.461756 0.554749 0.460562 0.551529 0.461045 0.548689 0.463129 0.546661 0.466498
0 0.495909 0.268068 0.496070 0.268621 0.497467 0.271035 0.498577 0.271300 0.500591 0.271163 0.500938 0.270951 0.501182 0.270432 0.503468 0.263110 0.504778 0.258071 0.504801 0.257472 0.504588 0.257062 0.500951 0.254539 0.499107 0.254144 0.498781 0.254180 0.498543 0.254633 0.497348 0.259774 0.495953 0.267412
0 0.571621 0.532469 0.571950 0.532619 0.580000 0.535382 0.584145 0.513917 0.576096 0.511153 0.575747 0.511102
0 0.519845 0.609969 0.520075 0.611240 0.530058 0.629089 0.531396 0.627758 0.533098 0.612178 0.533329 0.608353 0.533172 0.608008 0.532813 0.607311 0.532307 0.606371 0.531731 0.605328 0.531171 0.604340 0.530713 0.603556 0.530425 0.603096 0.530352 0.603029 0.527785 0.602074
0 0.535305 0.523469 0.537639 0.534053 0.537813 0.534209 0.545787 0.531082 0.543442 0.520449 0.543242 0.520356
