0 0.624084 0.205731 0.625633 0.226554 0.626012 0.227204 0.628887 0.226824 0.629183 0.226198 0.630378 0.223665 0.628730 0.201505 0.625821 0.201890 0.625374 0.202671
0 0.442763 0.406821 0.473781 0.532900 0.489541 0.526007 0.489589 0.525888 0.458713 0.400385 0.458523 0.399928
0 0.370829 0.529059 0.385168 0.541281 0.385707 0.541087 0.388252 0.539699 0.388548 0.539527 0.388772 0.539216 0.392783 0.530849 0.378838 0.518963 0.375412 0.519500
0 0.333726 0.682369 0.339932 0.689704 0.340663 0.688837 0.346140 0.680601 0.339963 0.673299 0.339228 0.674095
0 0.549203 0.273541 0.554773 0.294264 0.562544 0.290551 0.563414 0.287638 0.557766 0.266627 0.549887 0.270392
0 0.457999 0.773616 0.461640 0.792436 0.469158 0.792786 0.470367 0.790073 0.466783 0.771232 0.459256 0.770975
0 0.333560 0.389566 0.337112 0.411168 0.337857 0.411574 0.386239 0.397431 0.382703 0.375928 0.382164 0.375358
0 0.683926 0.604613 0.694624 0.646379 0.697337 0.648420 0.705278 0.644804 0.704924 0.640238 0.704815 0.639318 0.704559 0.638145 0.699161 0.617069 0.696461 0.606531 0.696100 0.605293 0.695690 0.604190 0.695295 0.603389 0.694975 0.603012 0.694430 0.602456 0.692198 0.601279 0.691757 0.601047
0 0.577597 0.506223 0.593041 0.514596 0.599761 0.517614 0.600948 0.518147 0.601067 0.518145 0.601357 0.517436 0.601775 0.516126 0.602255 0.514414 0.602725 0.512564 0.603112 0.510861 0.603356 0.509567 0.603421 0.508880 0.595496 0.505328 0.579344 0.499529 0.579290 0.499557 0.579183 0.499876 0.579000 0.500474 0.578835 0.501045 0.578505 0.502277 0.578169 0.503598 0.577879 0.504812 0.577678 0.505734
0 0.660344 0.475372 0.660963 0.490916 0.662585 0.498638 0.666187 0.498470 0.670897 0.498062 0.672204 0.488497 0.668799 0.473196 0.660541 0.473767
0 0.562787 0.547528 0.563110 0.549195 0.563887 0.550571 0.563960 0.550629 0.565074 0.551505 0.566354 0.551746 0.568541 0.551244 0.569189 0.551022 0.569723 0.550485 0.570063 0.549717 0.570156 0.548834 0.569989 0.547971 0.569154 0.545416 0.568376 0.544039 0.567262 0.543163 0.567185 0.543114 0.565906 0.542873 0.564656 0.543304 0.563624 0.544339 0.562968 0.545823
0 0.624896 0.411495 0.627085 0.413716 0.627478 0.413894 0.628184 0.414080 0.629094 0.414246 0.637315 0.415494 0.638295 0.415615 0.639199 0.415674 0.639890 0.415661 0.640263 0.415578 0.641894 0.414597 0.644606 0.411974 0.644989 0.407497 0.628201 0.404948 0.625270 0.407120
0 0.463318 0.767775 0.463977 0.770233 0.464385 0.770941 0.465028 0.771752 0.465810 0.772541 0.472701 0.778785 0.473499 0.779428 0.474188 0.779826 0.474665 0.779918 0.477115 0.780278 0.477558 0.779681 0.481313 0.772315 0.482252 0.770473 0.482741 0.769241 0.482899 0.766776 0.482236 0.765852 0.479505 0.763377 0.476774 0.760902 0.469947 0.754715 0.469229 0.754387 0.463654 0.765324
0 0.523937 0.373951 0.531897 0.376868 0.532265 0.375444 0.534921 0.362561 0.533448 0.360245 0.532963 0.359897 0.532206 0.359505 0.531293 0.359130 0.530362 0.358829 0.529559 0.358649 0.529004 0.358616 0.526869 0.359611 0.524213 0.372494
0 0.627129 0.674699 0.630182 0.686110 0.630455 0.687012 0.631497 0.690232 0.633128 0.695165 0.633363 0.695628 0.634503 0.695871 0.635727 0.695716 0.637618 0.694866 0.639582 0.693622 0.640632 0.692730 0.641195 0.691944 0.641198 0.671016 0.641185 0.670705 0.640977 0.670215 0.640604 0.669619 0.640124 0.669010 0.639611 0.668481 0.639142 0.668112 0.638790 0.667960 0.631933 0.669436 0.631143 0.669677 0.630237 0.670072 0.629352 0.670563 0.628621 0.671075 0.628155 0.671531 0.628025 0.671861
0 0.665011 0.286211 0.691211 0.310381 0.692091 0.309508 0.692801 0.308141 0.694208 0.294986 0.694666 0.290702 0.695228 0.285443 0.681555 0.272830 0.675217 0.277467 0.667841 0.282864 0.666480 0.283860 0.665717 0.284850
0 0.658646 0.716559 0.659283 0.717430 0.674259 0.726937 0.681389 0.706970 0.680663 0.706141 0.665747 0.696672
