0 0.550400 0.617914 0.550485 0.618316 0.550730 0.618893 0.552444 0.622177 0.562889 0.639354 0.565126 0.642568 0.565568 0.643119 0.565948 0.643482 0.566209 0.643600 0.578262 0.629327 0.578374 0.629172 0.578309 0.628779 0.578078 0.628208 0.577717 0.627546 0.564141 0.605221 0.563706 0.604573 0.563266 0.604042 0.562889 0.603709 0.562633 0.603625 0.550488 0.617749
0 0.568330 0.420879 0.568635 0.421095 0.569275 0.421460 0.570153 0.421917 0.571136 0.422399 0.572074 0.422832 0.572828 0.423151 0.573100 0.423244 0.573317 0.423295 0.573367 0.423276 0.580164 0.402886 0.582645 0.394007 0.583083 0.392438 0.582684 0.392084 0.581810 0.391532 0.580591 0.390868 0.579216 0.390194 0.577897 0.389614 0.576837 0.389217 0.576198 0.389063 0.576075 0.389174 0.573603 0.398040 0.573167 0.399604
0 0.410798 0.498680 0.410908 0.500831 0.411627 0.502762 0.412845 0.504179 0.414378 0.504867 0.414525 0.504859 0.416135 0.504712 0.417581 0.503756 0.418642 0.502134 0.419157 0.500094 0.419047 0.497947 0.418330 0.496019 0.417113 0.494604 0.415583 0.493917 0.415438 0.493907 0.413825 0.494053 0.412376 0.495012 0.411314 0.496637
0 0.535903 0.615824 0.536068 0.616357 0.542761 0.622929 0.552619 0.605080 0.552378 0.604599 0.545715 0.598057
0 0.433532 0.408666 0.448637 0.417626 0.448972 0.416971 0.452102 0.407590 0.452622 0.405755 0.452553 0.405323 0.452086 0.404883 0.438509 0.396829 0.437909 0.396636 0.437521 0.396798 0.436037 0.399439
0 0.475767 0.450577 0.475877 0.472743 0.475987 0.472867 0.492535 0.472721 0.492426 0.450658 0.492391 0.450431
0 0.396622 0.394763 0.397096 0.395245 0.405110 0.397990 0.407168 0.387304 0.406741 0.386786 0.398690 0.384028
0 0.514629 0.527084 0.515737 0.531116 0.515800 0.531241 0.517991 0.534412 0.519928 0.535609 0.520889 0.536162 0.522022 0.536285 0.524155 0.536402 0.527191 0.534918 0.529570 0.531998 0.530468 0.529414 0.530876 0.528038 0.530975 0.526623 0.531063 0.523778 0.529950 0.519731 0.527759 0.516559 0.525822 0.515362 0.524783 0.514721 0.524726 0.514688 0.523633 0.514627 0.521508 0.514510 0.518485 0.515989 0.516115 0.518897 0.515221 0.521470 0.514762 0.522794 0.514716 0.524251
0 0.515718 0.571822 0.515983 0.574394 0.516300 0.574526 0.516924 0.574785 0.517762 0.575132 0.519557 0.575875 0.520243 0.576158 0.520641 0.576322 0.520688 0.576341 0.521991 0.574413 0.522235 0.573353 0.527718 0.542049 0.527516 0.541935 0.527106 0.541741 0.526549 0.541498 0.525932 0.541242 0.525347 0.541013 0.524885 0.540846 0.524617 0.540765 0.524582 0.540785 0.515962 0.570764
0 0.523103 0.383993 0.523881 0.405992 0.532131 0.405473 0.532186 0.405311 0.532260 0.405093 0.531479 0.383006 0.528166 0.383214 0.523196 0.383527
