0 0.561920 0.415988 0.562101 0.426948 0.562872 0.428391 0.592898 0.426779 0.594210 0.423676 0.594313 0.423095 0.594377 0.422110 0.594390 0.420872 0.594284 0.409785 0.594246 0.408480 0.594162 0.407318 0.594044 0.406477 0.593912 0.406085 0.592678 0.404555 0.591568 0.403374 0.589911 0.403463
0 0.480428 0.473199 0.481018 0.476191 0.481191 0.476409 0.489734 0.483122 0.490165 0.482193 0.496871 0.467024 0.497709 0.465128 0.498126 0.464138 0.498108 0.463807 0.497387 0.463200 0.493071 0.459808 0.490194 0.457547 0.489487 0.457032 0.487172 0.457942 0.487059 0.458104 0.486770 0.458679 0.486348 0.459579 0.485859 0.460667 0.481629 0.470235 0.481149 0.471341 0.480752 0.472293 0.480499 0.472945
0 0.503050 0.472793 0.503649 0.475224 0.504005 0.475394 0.504675 0.475588 0.505557 0.475776 0.506517 0.475931 0.507412 0.476029 0.508105 0.476054 0.508491 0.476004 0.509503 0.473833 0.509531 0.473670 0.509630 0.472576 0.510862 0.440722 0.510630 0.440580 0.510187 0.440428 0.509599 0.440290 0.508956 0.440187 0.508358 0.440134 0.507895 0.440139 0.507638 0.440202 0.503166 0.471535 0.503149 0.471701
0 0.417307 0.476457 0.417394 0.476983 0.417491 0.477531 0.417596 0.478091 0.417709 0.478653 0.417827 0.479214 0.423368 0.504907 0.439381 0.499352 0.439468 0.499097 0.434344 0.472842 0.434232 0.472278 0.434118 0.471728 0.434002 0.471193 0.433887 0.470682 0.433774 0.470206 0.420982 0.474644 0.417784 0.475754 0.417673 0.475917
0 0.484191 0.502582 0.505725 0.536907 0.512161 0.529730 0.511993 0.529321 0.490756 0.495467 0.490627 0.495404
0 0.484420 0.540042 0.505826 0.574500 0.512287 0.567365 0.512408 0.563697 0.512270 0.563418 0.511912 0.562793 0.511388 0.561917 0.510778 0.560923 0.505488 0.552407 0.494908 0.535376 0.494299 0.534407 0.493780 0.533603 0.493428 0.533086 0.493298 0.532934 0.491006 0.532454 0.484634 0.539491
0 0.574642 0.394031 0.588895 0.405136 0.589252 0.404755 0.593433 0.395214 0.579123 0.384065 0.578806 0.384529
0 0.567065 0.566206 0.577444 0.577094 0.580039 0.579816 0.581911 0.581683 0.594446 0.560439 0.593943 0.557142 0.591294 0.554363 0.585996 0.548805 0.583346 0.546026 0.583249 0.545972 0.581819 0.545182 0.579314 0.545448
0 0.453054 0.542921 0.453058 0.543668 0.453156 0.544511 0.457793 0.572579 0.457968 0.573384 0.458192 0.574022 0.458432 0.574398 0.458650 0.574453 0.474136 0.570266 0.474288 0.569995 0.474361 0.569437 0.474346 0.568676 0.473943 0.564453 0.470374 0.542857 0.469428 0.538910 0.469209 0.538253 0.468976 0.537850 0.468766 0.537764 0.453311 0.542139 0.453142 0.542384
0 0.449060 0.599413 0.455857 0.605793 0.460642 0.596731 0.460822 0.596288 0.454057 0.589937 0.449294 0.598958
0 0.468492 0.522681 0.472102 0.535143 0.474447 0.536337 0.474590 0.536294 0.475067 0.536075 0.475804 0.535712 0.476690 0.535262 0.477588 0.534793 0.478360 0.534378 0.478889 0.534080 0.479093 0.533944 0.480120 0.530775 0.476551 0.518456 0.468852 0.522422
0 0.505029 0.489545 0.519816 0.490824 0.521338 0.490900 0.522321 0.468838 0.507497 0.467331 0.506018 0.467352
0 0.514678 0.532276 0.515085 0.536536 0.515145 0.536683 0.516751 0.540425 0.518439 0.542168 0.519275 0.542990 0.520367 0.543449 0.522428 0.544197 0.525635 0.543652 0.528442 0.541512 0.529749 0.539260 0.530369 0.538037 0.530710 0.536690 0.531271 0.533943 0.530863 0.529666 0.529257 0.525924 0.527569 0.524181 0.526654 0.523245 0.526593 0.523192 0.525538 0.522808 0.523486 0.522063 0.520291 0.522606 0.517496 0.524737 0.516194 0.526980 0.515525 0.528133 0.515237 0.529540
0 0.493454 0.451793 0.504312 0.467949 0.510588 0.461813 0.510798 0.460891 0.506489 0.448312 0.501108 0.440237 0.494913 0.446432
