0 0.404784 0.458783 0.405219 0.458972 0.421175 0.464615 0.425408 0.443340 0.425065 0.443080 0.409036 0.437411
0 0.542356 0.612675 0.542734 0.615487 0.542929 0.616933 0.543496 0.618154 0.544599 0.620529 0.547109 0.622911 0.550072 0.623718 0.551130 0.623969 0.553094 0.623381 0.554959 0.622248 0.556623 0.620633 0.558311 0.617006 0.558914 0.612748 0.558536 0.609944 0.557779 0.607283 0.556683 0.604910 0.554185 0.602513 0.551224 0.601679 0.550166 0.601513 0.547200 0.602370 0.546342 0.603191 0.544672 0.604790 0.542969 0.608409
0 0.492912 0.552523 0.492930 0.553981 0.493368 0.555321 0.494297 0.557551 0.496617 0.560538 0.499620 0.562127 0.501696 0.562481 0.502796 0.562464 0.503806 0.561890 0.505814 0.560392 0.508064 0.557330 0.509256 0.553354 0.509263 0.553275 0.509215 0.548994 0.507933 0.545056 0.505612 0.542064 0.502606 0.540473 0.499374 0.540527 0.496408 0.542217 0.494162 0.545284 0.492976 0.549260 0.492958 0.549337
0 0.408110 0.592244 0.408120 0.592443 0.408309 0.592846 0.408648 0.593392 0.410766 0.596424 0.422658 0.611873 0.424996 0.614630 0.425418 0.615073 0.425731 0.615322 0.425886 0.615338 0.437433 0.599537 0.437398 0.599333 0.437187 0.598926 0.436835 0.598378 0.436393 0.597773 0.421023 0.577805 0.420557 0.577230 0.420134 0.576770 0.419818 0.576494 0.419657 0.576444
0 0.507762 0.367441 0.512768 0.376192 0.539020 0.349497 0.539563 0.347404 0.534488 0.338531 0.507870 0.365598
0 0.492976 0.401278 0.493013 0.402123 0.493115 0.402968 0.493268 0.403683 0.493448 0.404161 0.505202 0.416086 0.505817 0.416042 0.506448 0.415727 0.507815 0.414891 0.509282 0.413883 0.511232 0.412401 0.512471 0.411297 0.512551 0.410944 0.509519 0.402913 0.509179 0.402064 0.506186 0.395046 0.504591 0.391329 0.502337 0.390336 0.501939 0.390444 0.501278 0.390785 0.500457 0.391306 0.499599 0.391929 0.498838 0.392556 0.498291 0.393093 0.493111 0.400087 0.493010 0.400563
0 0.481780 0.244806 0.482032 0.251839 0.483023 0.271357 0.491275 0.270695 0.490421 0.251166 0.490088 0.244139
0 0.426871 0.546448 0.427852 0.567963 0.428207 0.568815 0.444755 0.566778 0.443666 0.545354 0.443373 0.544416
0 0.519018 0.560967 0.519106 0.561248 0.533077 0.601476 0.548162 0.592161 0.534191 0.551934 0.534035 0.551696
0 0.520744 0.595933 0.520839 0.596375 0.523959 0.606647 0.531664 0.602487 0.528543 0.592215 0.528413 0.591792
0 0.537206 0.598073 0.540337 0.619684 0.540499 0.620164 0.548636 0.618069 0.545492 0.596371 0.545414 0.596205 0.545310 0.595985 0.538827 0.597655
0 0.556180 0.447747 0.558171 0.470410 0.573733 0.477915 0.574072 0.477813 0.576959 0.474154 0.579311 0.471173 0.585408 0.463445 0.586533 0.462019 0.586957 0.460456 0.556863 0.445943 0.556602 0.446191
0 0.429748 0.582288 0.445056 0.590943 0.445284 0.590599 0.450196 0.575272 0.450436 0.574505 0.450624 0.573875 0.450731 0.573477 0.450742 0.573372 0.448016 0.570630 0.441154 0.566750 0.438866 0.565457 0.435492 0.564751 0.435390 0.564949 0.435205 0.565427 0.434964 0.566114 0.433006 0.572070
0 0.405347 0.524133 0.405825 0.550838 0.405839 0.551420 0.405860 0.552001 0.405889 0.552577 0.405924 0.553138 0.405966 0.553675 0.406581 0.554066 0.406745 0.554169 0.410044 0.553922 0.423242 0.552932 0.423246 0.552433 0.423244 0.551901 0.423236 0.551345 0.423220 0.550774 0.423198 0.550192 0.422055 0.523105 0.421867 0.522893
0 0.552173 0.373012 0.552878 0.378028 0.554043 0.385540 0.554257 0.386073 0.554672 0.386598 0.555080 0.386861 0.557664 0.387349 0.559941 0.385329 0.560257 0.384838 0.560330 0.384214 0.559702 0.376942 0.559178 0.371858 0.558960 0.371382 0.558258 0.370565 0.557845 0.370464 0.552623 0.372098 0.552263 0.372442
