0 0.225920 0.441344 0.238265 0.473131 0.239811 0.475596 0.242209 0.478937 0.245092 0.482641 0.248018 0.486140 0.250536 0.488896 0.252263 0.490489 0.252937 0.490680 0.263646 0.491313 0.264682 0.491197 0.299952 0.465511 0.302696 0.463337 0.327753 0.441991 0.328166 0.441624 0.324473 0.436265 0.318070 0.427854 0.313006 0.421533 0.308053 0.415655 0.305607 0.412951 0.302611 0.410331 0.233403 0.428559 0.231835 0.429513 0.230058 0.431395 0.228344 0.433919 0.226955 0.436697 0.226104 0.439305
0 0.226800 0.739665 0.228124 0.743282 0.230499 0.747827 0.235562 0.755819 0.241652 0.764698 0.245429 0.769808 0.248156 0.773033 0.248869 0.773467 0.321086 0.760621 0.322401 0.759929 0.324101 0.758294 0.325925 0.755966 0.327594 0.753300 0.328853 0.750704 0.329510 0.748577 0.329465 0.747241 0.318940 0.717078 0.317875 0.715129 0.315991 0.712026 0.313577 0.708241 0.310996 0.704345 0.308638 0.700926 0.306859 0.698501 0.305931 0.697439 0.294681 0.695761 0.257156 0.718384 0.254220 0.720320
0 0.558035 0.612332 0.558842 0.613893 0.627759 0.656669 0.649147 0.622211 0.647101 0.620535 0.579130 0.578346
0 0.523814 0.699939 0.527844 0.712243 0.570916 0.734656 0.608272 0.662868 0.607034 0.661007 0.564454 0.638850 0.553527 0.642839 0.553033 0.643465 0.551769 0.645620 0.549929 0.648974 0.547791 0.653018 0.529285 0.688583 0.527167 0.692716 0.525384 0.696325 0.524207 0.698862
0 0.095447 0.009333 0.095647 0.012860 0.096135 0.017328 0.101314 0.057364 0.102013 0.062075 0.102815 0.066296 0.103596 0.069380 0.104237 0.070859 0.115955 0.080155 0.163558 0.073997 0.153529 0.001452 0.153295 0.000000 0.101133 0.000000 0.095564 0.007284
0 0.103246 0.938601 0.109263 1.000000 0.167948 1.000000 0.168124 0.999326 0.168081 0.995062 0.167826 0.990343 0.164845 0.950362 0.164415 0.945889 0.163874 0.942326 0.163304 0.940214 0.155647 0.930020 0.107780 0.933589
0 0.460579 0.191843 0.460983 0.193096 0.462031 0.195848 0.463559 0.199678 0.465338 0.204005 0.467099 0.208178 0.468576 0.211566 0.469546 0.213656 0.469859 0.214126 0.480953 0.219877 0.525264 0.201423 0.525556 0.197971 0.510000 0.160619 0.465177 0.179286
0 0.059219 0.647731 0.094667 0.667243 0.099299 0.665331 0.122445 0.623281 0.117349 0.612620 0.117050 0.612030 0.115190 0.610646 0.112058 0.608681 0.108127 0.606433 0.103991 0.604241 0.100274 0.602435 0.097539 0.601290 0.096203 0.600981 0.082633 0.605195
0 0.664909 0.678933 0.666815 0.681002 0.702759 0.699583 0.725056 0.656450 0.720541 0.644262 0.719435 0.643651 0.716872 0.642292 0.713243 0.640393 0.709099 0.638243 0.705063 0.636165 0.701747 0.634473 0.699651 0.633423 0.699099 0.633178 0.686951 0.636294
0 0.068530 0.129162 0.073461 0.133400 0.105141 0.157821 0.134446 0.119805 0.131192 0.105937 0.129976 0.104855 0.127484 0.102810 0.124094 0.100115 0.120324 0.097180 0.116754 0.094457 0.113933 0.092365 0.112290 0.091222 0.112075 0.091200 0.098174 0.090706
0 0.088411 0.344064 0.091990 0.384462 0.100202 0.425720 0.101116 0.425890 0.140960 0.422360 0.133899 0.342672 0.128808 0.340484
0 0.307392 0.813041 0.311994 0.822449 0.312572 0.823278 0.314721 0.824788 0.318114 0.826750 0.322233 0.828864 0.326447 0.830805 0.330106 0.832274 0.332652 0.833048 0.333699 0.833010 0.343776 0.830744 0.359860 0.797803 0.363442 0.790441 0.366563 0.783803 0.330595 0.766301 0.326632 0.772531 0.323050 0.779893
0 0.154952 0.387848 0.156008 0.423262 0.177185 0.425278 0.196249 0.425959 0.200598 0.398484 0.204406 0.342052 0.204311 0.336115 0.164337 0.333436
0 0.493715 0.336871 0.493786 0.338735 0.565642 0.373903 0.566401 0.372446 0.569958 0.365177 0.551402 0.311047 0.547638 0.300917 0.546875 0.300250 0.544572 0.298873 0.541077 0.296995 0.536925 0.294904 0.532754 0.292921 0.529204 0.291351 0.526818 0.290433 0.525958 0.290306 0.515059 0.293259
0 0.184351 0.288698 0.184682 0.291195 0.185540 0.294101 0.221405 0.392213 0.222652 0.395066 0.224092 0.397413 0.225505 0.398895 0.226673 0.399289 0.298382 0.371910 0.299073 0.371177 0.299237 0.369404 0.298851 0.366865 0.295009 0.352422 0.267414 0.276933 0.260816 0.262818 0.259391 0.260402 0.257998 0.258814 0.256851 0.258299 0.185382 0.286333 0.184598 0.286991
0 0.399145 0.489240 0.401417 0.569772 0.643012 0.562957 0.640741 0.482425
