0 0.541136 0.388237 0.543489 0.392191 0.544333 0.393224 0.545442 0.394314 0.549904 0.398697 0.550178 0.398761 0.561081 0.382008 0.558849 0.377945 0.552043 0.371478 0.551211 0.371802 0.549105 0.374194 0.548414 0.375037 0.542973 0.383398 0.542415 0.384472 0.541385 0.386900
0 0.500357 0.552062 0.500432 0.552776 0.500833 0.555629 0.501333 0.556172 0.502309 0.556972 0.504320 0.557336 0.504963 0.557183 0.505747 0.556463 0.506552 0.555283 0.507254 0.553826 0.507745 0.552315 0.507949 0.550983 0.507837 0.550034 0.506711 0.547833 0.506200 0.547307 0.505229 0.546503 0.504426 0.546714 0.502593 0.547419 0.502009 0.547966 0.501410 0.548851 0.500886 0.549938 0.500516 0.551066
0 0.423685 0.413782 0.424034 0.414177 0.440308 0.417866 0.441692 0.407017 0.441424 0.406590 0.425075 0.402883
0 0.488663 0.488048 0.496259 0.492449 0.511836 0.499998 0.511913 0.500032 0.512143 0.499571 0.512494 0.498684 0.512744 0.497979 0.513081 0.496987 0.513332 0.496216 0.513690 0.495014 0.513930 0.494085 0.514017 0.493569 0.499252 0.483516 0.498112 0.482854 0.491644 0.479100 0.491579 0.479095 0.491298 0.479770 0.490844 0.481020 0.490286 0.482655 0.489708 0.484429 0.489198 0.486075 0.488830 0.487346
0 0.507488 0.412892 0.514592 0.418549 0.523078 0.399607 0.523184 0.399145 0.516048 0.393461 0.507523 0.412491
0 0.556396 0.406200 0.564642 0.406669 0.569488 0.406817 0.570059 0.406801 0.570469 0.406752 0.570657 0.406678 0.571626 0.402311 0.571944 0.392382 0.572050 0.389072 0.571363 0.384611 0.571300 0.384503 0.570994 0.384396 0.570491 0.384308 0.569869 0.384252 0.557362 0.383677 0.557100 0.384209
0 0.490178 0.483928 0.503923 0.496637 0.504893 0.494795 0.512572 0.479941 0.498962 0.467355 0.491103 0.482043
0 0.524722 0.592446 0.525008 0.593514 0.535939 0.630847 0.543716 0.626799 0.541170 0.587491 0.540563 0.585417 0.540100 0.584441 0.538142 0.583540 0.537915 0.583522 0.537371 0.583690 0.536593 0.584018 0.535699 0.584457 0.527992 0.588468 0.527115 0.588952 0.526384 0.589409 0.525911 0.589770 0.525769 0.589981
0 0.486433 0.372066 0.486503 0.372569 0.486968 0.375647 0.487962 0.376532 0.488442 0.376686 0.490477 0.377221 0.491095 0.376772 0.491850 0.375816 0.492627 0.374499 0.493306 0.373022 0.493783 0.371614 0.493984 0.370491 0.493880 0.369823 0.492701 0.367427 0.491707 0.366534 0.491220 0.366401 0.489058 0.367015 0.488597 0.367363 0.488035 0.368085 0.487456 0.369072 0.486949 0.370174 0.486590 0.371225
0 0.544890 0.624580 0.545538 0.626854 0.545939 0.628211 0.546044 0.628505 0.546104 0.628670 0.548349 0.631771 0.551314 0.633490 0.554546 0.633565 0.557553 0.631985 0.559879 0.628991 0.561168 0.625038 0.561224 0.620729 0.560039 0.616719 0.560001 0.616644 0.559825 0.616302 0.559065 0.615253 0.557757 0.613545 0.554794 0.611828 0.551564 0.611752 0.549434 0.612465 0.548416 0.612999 0.547629 0.614012 0.546234 0.616323 0.544946 0.620273
0 0.538923 0.534430 0.539110 0.535169 0.546878 0.552059 0.547303 0.552649 0.547719 0.552753 0.550313 0.551203 0.556059 0.545960 0.547416 0.527170 0.546804 0.527574 0.540239 0.532942 0.539078 0.533968
0 0.405906 0.756789 0.407572 0.759474 0.408228 0.760151 0.409059 0.760789 0.423965 0.770711 0.431418 0.775672 0.432292 0.776169 0.433067 0.776444 0.435787 0.776679 0.436533 0.774687 0.440263 0.764726 0.440945 0.761702 0.411406 0.742039 0.406981 0.753855
0 0.409616 0.509245 0.410481 0.513400 0.412473 0.516796 0.414332 0.518197 0.415434 0.518884 0.416378 0.519095 0.418498 0.519440 0.418824 0.519363 0.421927 0.518213 0.424464 0.515568 0.426048 0.511830 0.426440 0.507568 0.425577 0.503430 0.423594 0.500047 0.421742 0.498652 0.420790 0.497935 0.417593 0.497413 0.417262 0.497403 0.414147 0.498557 0.411600 0.501213 0.410549 0.503691 0.410163 0.504958 0.409875 0.506419
0 0.523461 0.376560 0.523597 0.377083 0.527113 0.382516 0.527498 0.382798 0.527896 0.382674 0.530672 0.379840 0.534883 0.375381 0.535111 0.374918 0.535567 0.373955 0.535534 0.373374 0.534599 0.370166 0.532254 0.368322 0.531798 0.368150 0.531376 0.368315 0.527271 0.371876 0.524367 0.374526 0.523652 0.376118
0 0.535214 0.665678 0.535870 0.668764 0.536038 0.669554 0.537153 0.671905 0.549375 0.676209 0.550190 0.676496 0.552372 0.675306 0.557549 0.649172 0.557281 0.648477 0.556234 0.645762 0.540273 0.640141
0 0.522264 0.448528 0.533112 0.465190 0.533264 0.465030 0.545818 0.450499 0.534920 0.433761 0.522366 0.448291
