0 0.691041 0.972979 0.693249 0.978447 0.698206 0.985748 0.699367 0.986583 0.702155 0.987681 0.706146 0.988873 0.710732 0.989976 0.715206 0.990822 0.718882 0.991280 0.721198 0.991281 0.732806 0.986960 0.743020 0.939491 0.740244 0.934468 0.701139 0.926053
0 0.608924 0.398408 0.609063 0.399414 0.609744 0.402010 0.610863 0.405797 0.612250 0.410201 0.613696 0.414558 0.614983 0.418211 0.615915 0.420605 0.616351 0.421375 0.626235 0.426820 0.671907 0.412051 0.673894 0.411035 0.661444 0.372535 0.615245 0.387475 0.613928 0.388761
0 0.622259 0.557807 0.622374 0.558606 0.623021 0.561030 0.624101 0.564707 0.625451 0.569081 0.626867 0.573491 0.628134 0.577271 0.629062 0.579850 0.629508 0.580831 0.640888 0.586435 0.687202 0.571854 0.675051 0.533259 0.673051 0.532879 0.627266 0.547294
0 0.560028 0.305655 0.587910 0.334336 0.622328 0.300878 0.623742 0.298576 0.623552 0.288006 0.623074 0.287066 0.621384 0.284946 0.618737 0.281969 0.615538 0.278588 0.612278 0.275324 0.609458 0.272678 0.607509 0.271054 0.606727 0.270698 0.595538 0.269563 0.560722 0.303408
0 0.878199 0.807879 0.883788 0.820881 0.885119 0.821713 0.887901 0.823238 0.891711 0.825224 0.895968 0.827367 0.900016 0.829337 0.903233 0.830832 0.905129 0.831625 0.905417 0.831595 0.918829 0.829399 0.940381 0.785890 0.935349 0.782622 0.899505 0.764867
0 0.227896 0.585883 0.229708 0.588443 0.232806 0.592017 0.239283 0.598748 0.247015 0.606458 0.251780 0.611032 0.255184 0.614090 0.256042 0.614676 0.324619 0.588915 0.325738 0.587832 0.327064 0.585795 0.328393 0.583112 0.329522 0.580195 0.330278 0.577491 0.330546 0.575412 0.330287 0.574276 0.314019 0.546232 0.312658 0.544765 0.310256 0.542258 0.307178 0.539094 0.303889 0.535749 0.300884 0.532728 0.298620 0.530489 0.297439 0.529372 0.285806 0.529993 0.274675 0.540136 0.253649 0.559437 0.251140 0.561896
0 0.828813 0.645575 0.855897 0.680039 0.858180 0.682715 0.880887 0.707517 0.884724 0.705636 0.889183 0.702651 0.896571 0.696626 0.904543 0.689526 0.908991 0.685202 0.911624 0.682172 0.911803 0.681462 0.889797 0.611488 0.889033 0.610242 0.887263 0.608737 0.884755 0.607204 0.881893 0.605876 0.879116 0.604958 0.876848 0.604589 0.875435 0.604825 0.847052 0.618877 0.845115 0.620214 0.842168 0.622492 0.838660 0.625365 0.835120 0.628399 0.832082 0.631137 0.830006 0.633165 0.829208 0.634173
0 0.560295 0.351298 0.579687 0.386394 0.614783 0.367001 0.615312 0.366389 0.595830 0.331132 0.560572 0.350613
0 0.240812 0.153270 0.248584 0.165180 0.249816 0.165795 0.252658 0.166662 0.256674 0.167649 0.261258 0.168608 0.265716 0.169392 0.269376 0.169885 0.271685 0.170011 0.272285 0.169750 0.283051 0.164805 0.286080 0.149094 0.283607 0.145037 0.243876 0.137378
0 0.802203 0.883176 0.802446 0.884587 0.807733 0.891718 0.811291 0.896247 0.827240 0.899000 0.834122 0.859127 0.830303 0.855022 0.814536 0.852301 0.805991 0.861229 0.805206 0.863398 0.804314 0.866973 0.803452 0.871413 0.802748 0.876047 0.802310 0.880176
0 0.363939 0.072650 0.364561 0.074604 0.403689 0.082907 0.411992 0.043778 0.411588 0.041683 0.372280 0.033342
0 0.177404 0.703721 0.217073 0.710721 0.218369 0.709755 0.225337 0.670268 0.185850 0.663300 0.184404 0.664052
0 0.442480 0.375115 0.446783 0.385253 0.447391 0.386564 0.491369 0.405796 0.523423 0.332499 0.523694 0.330562 0.479207 0.311108 0.468270 0.316140 0.467860 0.316740 0.466773 0.318937 0.465174 0.322400 0.463308 0.326600 0.447133 0.363587 0.445290 0.367868 0.443759 0.371563 0.442772 0.374107
0 0.466245 0.056194 0.466709 0.062295 0.531646 0.109353 0.555175 0.076885 0.555944 0.070987 0.490103 0.023273
0 0.146163 0.721148 0.167032 0.799336 0.213945 0.786815 0.217214 0.783537 0.221774 0.775188 0.221904 0.773939 0.221541 0.771112 0.220742 0.767139 0.219628 0.762622 0.209289 0.723886 0.208026 0.719496 0.206801 0.715886 0.205799 0.713603 0.205174 0.712997 0.196584 0.706243 0.150207 0.718621
0 0.259328 0.343711 0.263369 0.392098 0.273458 0.400568 0.274671 0.400622 0.277524 0.400516 0.281579 0.400265 0.286223 0.399908 0.326175 0.396572 0.330718 0.396162 0.334484 0.395759 0.336903 0.395425 0.337603 0.395211 0.345796 0.386674 0.341801 0.338840 0.339972 0.336977
0 0.272043 0.801510 0.278324 0.810413 0.278904 0.811111 0.281148 0.812280 0.284714 0.813742 0.289060 0.815273 0.327406 0.827892 0.331853 0.829255 0.335707 0.830235 0.338380 0.830684 0.339466 0.830535 0.348912 0.826808 0.350639 0.823073 0.365644 0.777478 0.289653 0.752470 0.287221 0.755389
0 0.569288 0.814037 0.569645 0.815243 0.571094 0.816697 0.573413 0.818179 0.576249 0.819460 0.674020 0.856245 0.676923 0.857123 0.679430 0.857458 0.681160 0.857199 0.681850 0.856387 0.710387 0.785417 0.709908 0.784230 0.708354 0.782794 0.705965 0.781326 0.691949 0.774545 0.616724 0.746242 0.602281 0.742316 0.599731 0.741925 0.597936 0.742101 0.597171 0.742820
0 0.347402 0.422954 0.347531 0.424750 0.348017 0.425462 0.424405 0.443731 0.425235 0.443267 0.426220 0.441682 0.427211 0.439219 0.428056 0.436251 0.452073 0.334587 0.452638 0.331588 0.452832 0.329032 0.452628 0.327312 0.452055 0.326687 0.375828 0.307738 0.375037 0.308320 0.374085 0.310006 0.373118 0.312537 0.368665 0.327235 0.350186 0.405456 0.347648 0.420350
0 0.707636 0.904767 0.708367 0.907029 0.709952 0.909484 0.712152 0.911755 0.791584 0.979914 0.794048 0.981644 0.796386 0.982556 0.798242 0.982514 0.799332 0.981523 0.850007 0.930766 0.850129 0.929004 0.849297 0.926710 0.847637 0.924231 0.845403 0.921944 0.765511 0.853391 0.763028 0.851630 0.760659 0.850652 0.758763 0.850606 0.757630 0.851500 0.707870 0.903042
0 0.574176 0.244003 0.743790 0.418496 0.751394 0.411699 0.795382 0.366892 0.627354 0.194031 0.581132 0.236539
0 0.737229 0.014336 0.783768 0.250376 0.862448 0.234863 0.864116 0.233643 0.817363 0.000000 0.815910 0.000000 0.738320 0.012101
