0 0.538277 0.478449 0.541696 0.517185 0.541908 0.519294 0.544044 0.520147 0.544559 0.520343 0.545345 0.520404 0.546285 0.520322 0.547235 0.520108 0.548052 0.519795 0.548613 0.519430 0.550110 0.518007 0.550678 0.512101 0.546714 0.473792 0.538426 0.475092
0 0.517318 0.378666 0.517710 0.382374 0.531138 0.395275 0.533827 0.397828 0.543402 0.379898 0.543903 0.378509 0.527580 0.363013 0.524944 0.364266 0.524658 0.364702 0.524207 0.365480 0.523658 0.366484 0.518827 0.375531 0.518267 0.376603 0.517784 0.377575 0.517451 0.378299
0 0.508465 0.573121 0.508499 0.576000 0.508577 0.576703 0.509178 0.577578 0.511539 0.580727 0.513901 0.583876 0.515082 0.585450 0.515654 0.586138 0.527448 0.570411 0.527197 0.569767 0.520185 0.560418 0.517856 0.560598 0.517699 0.560697 0.517298 0.561137 0.516716 0.561851 0.516040 0.562730 0.510190 0.570530 0.509521 0.571444 0.508958 0.572257 0.508587 0.572847
0 0.451508 0.610719 0.464846 0.623950 0.468402 0.621557 0.471299 0.619607 0.480194 0.613619 0.480938 0.612285 0.481025 0.611771 0.455467 0.586418 0.454726 0.587746 0.454518 0.588150 0.454246 0.590187 0.452205 0.605491
0 0.410863 0.585275 0.430590 0.619657 0.431418 0.619958 0.444284 0.605771 0.424491 0.571696 0.423642 0.571184
0 0.437626 0.618698 0.450613 0.632468 0.459321 0.618405 0.460454 0.616299 0.447381 0.602437 0.438836 0.616612
0 0.527953 0.505994 0.533939 0.516516 0.534331 0.516707 0.540983 0.509980 0.534929 0.499336 0.532339 0.498804 0.532146 0.498958 0.531681 0.499393 0.531015 0.500042 0.530251 0.500808 0.529501 0.501573 0.528881 0.502224 0.528484 0.502661 0.528371 0.502817
0 0.569971 0.423864 0.570035 0.425155 0.571081 0.427985 0.572333 0.431361 0.575518 0.435081 0.576249 0.435934 0.577168 0.436349 0.578137 0.436263 0.579007 0.435690 0.582483 0.433132 0.582673 0.432978 0.585790 0.428778 0.586431 0.427802 0.586743 0.426574 0.586679 0.425279 0.586248 0.424116 0.584004 0.419413 0.581182 0.415329 0.580450 0.414474 0.579529 0.414058 0.578558 0.414144 0.577685 0.414719 0.573830 0.417638 0.573661 0.417827 0.570922 0.421665 0.570282 0.422638
0 0.433969 0.610311 0.434225 0.610789 0.438815 0.614578 0.439240 0.614661 0.439917 0.614154 0.440253 0.613801 0.442107 0.609250 0.444686 0.602696 0.444781 0.602078 0.444607 0.601481 0.442955 0.598598 0.440340 0.597940 0.439877 0.598010 0.439468 0.598350 0.439121 0.598759 0.436045 0.605325 0.434035 0.609736
0 0.573816 0.492448 0.573907 0.494598 0.574609 0.496537 0.575814 0.497970 0.577339 0.498680 0.577472 0.498678 0.579087 0.498555 0.580544 0.497618 0.581621 0.496008 0.582154 0.493972 0.582062 0.491818 0.581359 0.489876 0.580152 0.488440 0.578625 0.487729 0.577010 0.487852 0.576877 0.487872 0.575423 0.488808 0.574348 0.490415
0 0.528247 0.547124 0.528291 0.547347 0.543205 0.556530 0.543343 0.556439 0.543565 0.556055 0.543838 0.555438 0.545272 0.551749 0.552214 0.531674 0.553407 0.527768 0.553590 0.527067 0.553676 0.526557 0.553654 0.526317 0.538705 0.517303 0.538565 0.517360 0.538340 0.517713 0.538064 0.518310 0.537781 0.519058 0.528735 0.545154 0.528487 0.545938 0.528316 0.546630
0 0.529665 0.604134 0.535685 0.625218 0.551183 0.617351 0.545283 0.596686 0.545102 0.596299
0 0.506749 0.592792 0.506761 0.592952 0.506973 0.595090 0.507782 0.596958 0.509066 0.598270 0.510628 0.598828 0.512232 0.598546 0.513633 0.597467 0.514617 0.595755 0.515036 0.593672 0.514824 0.591534 0.514798 0.591376 0.513991 0.589512 0.512709 0.588202 0.511149 0.587645 0.509548 0.587927 0.508150 0.589004 0.507167 0.590712
