0 0.789557 0.680363 0.814944 0.721100 0.818585 0.723656 0.828104 0.725370 0.829318 0.725182 0.831913 0.724047 0.835496 0.722138 0.839517 0.719745 0.873778 0.698394 0.877612 0.695891 0.880660 0.693668 0.882457 0.692066 0.887265 0.680855 0.861585 0.639647 0.857452 0.638051
0 0.289259 0.427815 0.304601 0.473882 0.316059 0.479601 0.317171 0.479338 0.319852 0.478536 0.323689 0.477319 0.328102 0.475870 0.366140 0.463203 0.370473 0.461738 0.374082 0.460476 0.376421 0.459606 0.377129 0.459262 0.382735 0.448903 0.367569 0.403362 0.366038 0.402245
0 0.756197 0.221509 0.821917 0.267467 0.826404 0.264226 0.849703 0.230908 0.783068 0.184309 0.779176 0.188649
0 0.538996 0.643409 0.539447 0.645067 0.596662 0.702297 0.631000 0.667968 0.630604 0.655268 0.629784 0.654415 0.627793 0.652397 0.624939 0.649523 0.621652 0.646229 0.593306 0.617876 0.590076 0.614651 0.587381 0.611974 0.585632 0.610251 0.585095 0.609747 0.572942 0.609472
0 0.568650 0.432654 0.575148 0.442460 0.622336 0.451254 0.625197 0.450114 0.632697 0.409871 0.584406 0.400872 0.573922 0.407865 0.573072 0.408924 0.572808 0.409946 0.572248 0.412612 0.571480 0.416514 0.570618 0.421061 0.569793 0.425567 0.569129 0.429351 0.568728 0.431841
0 0.221583 0.434286 0.227161 0.443231 0.228855 0.445263 0.232043 0.447271 0.236238 0.448953 0.240806 0.450054 0.245058 0.450409 0.248351 0.449962 0.256838 0.445499 0.259906 0.443524 0.261372 0.438107 0.261544 0.435188 0.260137 0.425529 0.257925 0.422789 0.253694 0.420075 0.248088 0.417805 0.241968 0.416330 0.236276 0.415876 0.231889 0.416513 0.229472 0.418138 0.223165 0.425937 0.221672 0.431357
0 0.819052 0.849045 0.819480 0.850212 0.820696 0.852832 0.822516 0.856506 0.824663 0.860679 0.826815 0.864721 0.828646 0.868021 0.829878 0.870079 0.830321 0.870576 0.841693 0.873850 0.847064 0.871086 0.854129 0.862886 0.853615 0.861346 0.852025 0.857843 0.849602 0.852909 0.846716 0.847301 0.843812 0.841885 0.841339 0.837494 0.839673 0.834796 0.839064 0.834197 0.828253 0.835215 0.822894 0.837973
0 0.471814 0.727303 0.475627 0.736156 0.477956 0.738685 0.482350 0.740672 0.488138 0.741812 0.494432 0.741925 0.500263 0.740996 0.504734 0.739168 0.507165 0.736725 0.511286 0.728015 0.511395 0.722536 0.511421 0.719208 0.508452 0.716091 0.501901 0.710101 0.498596 0.708641 0.494268 0.707806 0.489570 0.707721 0.485210 0.708399 0.481849 0.709739 0.475102 0.715489 0.472006 0.718496 0.471898 0.721823
0 0.902168 0.682704 0.902543 0.685466 0.909827 0.692918 0.915251 0.695264 0.917015 0.695992 0.927470 0.691921 0.929147 0.690674 0.931198 0.687934 0.933313 0.684117 0.935172 0.679801 0.936495 0.675638 0.937082 0.672256 0.936841 0.670171 0.932614 0.659788 0.930882 0.658985 0.925449 0.656661 0.915024 0.656497 0.912766 0.658108 0.910002 0.661736 0.907155 0.666833 0.904663 0.672615 0.902912 0.678191
0 0.296467 0.889757 0.316273 0.925040 0.358613 0.901273 0.360229 0.896687 0.362942 0.887766 0.362674 0.886455 0.361549 0.883748 0.359742 0.880059 0.357526 0.875946 0.355235 0.872029 0.353215 0.868901 0.351772 0.867034 0.351127 0.866718 0.340649 0.861807 0.298793 0.885302
0 0.249931 0.342101 0.267446 0.387387 0.270104 0.388674 0.307411 0.374245 0.290096 0.329476 0.287669 0.327505 0.278301 0.323426 0.277150 0.323524 0.274454 0.324272 0.270622 0.325557 0.266239 0.327183 0.261979 0.328900 0.258497 0.330444 0.256323 0.331579 0.255788 0.332133
0 0.055109 0.033974 0.060194 0.039300 0.096081 0.071176 0.122645 0.041269 0.118282 0.035966 0.081979 0.003722 0.071472 0.006949 0.069249 0.008357 0.066318 0.010925 0.063126 0.014261 0.060164 0.017853 0.057887 0.021149 0.056642 0.023644
0 0.314510 0.069320 0.324339 0.116869 0.326347 0.121248 0.334959 0.125814 0.336075 0.126122 0.338814 0.126011 0.342756 0.125499 0.347304 0.124666 0.351773 0.123635 0.355488 0.122564 0.357885 0.121614 0.358597 0.120928 0.365519 0.113151 0.355802 0.066145 0.354135 0.061129
0 0.153184 0.413793 0.156598 0.453930 0.158172 0.454141 0.198125 0.450743 0.194726 0.410790 0.193321 0.410379
0 0.609110 0.521574 0.645095 0.539261 0.645763 0.539441 0.663532 0.503290 0.627380 0.485522 0.626796 0.485588
0 0.238558 0.461919 0.268717 0.488894 0.271360 0.489021 0.282026 0.477095 0.280476 0.465228 0.280082 0.464662 0.278381 0.462961 0.275638 0.460387 0.272266 0.457329 0.268774 0.454248 0.265691 0.451611 0.263481 0.449814 0.262485 0.449136 0.249348 0.449856
0 0.702627 0.121510 0.721082 0.166244 0.745442 0.158154 0.797735 0.136580 0.826520 0.122744 0.808065 0.078010 0.789152 0.076140 0.787047 0.076666 0.783623 0.077850 0.779403 0.079510 0.726501 0.101335 0.722148 0.103212 0.718344 0.105011 0.715671 0.106456 0.714535 0.107327
0 0.294716 0.362577 0.315466 0.383114 0.342048 0.402328 0.393662 0.389969 0.419127 0.358634 0.397565 0.338624 0.371830 0.319254 0.320194 0.331110
0 0.532133 0.203315 0.557045 0.218611 0.571181 0.225855 0.593252 0.237165 0.607388 0.244408 0.633640 0.255330 0.655709 0.212264 0.645006 0.197151 0.644378 0.196329 0.642200 0.194789 0.638803 0.192764 0.634705 0.190564 0.583775 0.164466 0.579620 0.162437 0.576059 0.160896 0.573636 0.160079 0.554201 0.160248
