0 0.740767 0.596074 0.741199 0.604401 0.742120 0.617569 0.742865 0.626078 0.743668 0.631104 0.744304 0.631533 0.760517 0.630896 0.824471 0.626098 0.832526 0.617475 0.832842 0.616717 0.832983 0.614234 0.832925 0.610404 0.832678 0.605810 0.832279 0.601158 0.831789 0.597164 0.831285 0.594438 0.830843 0.593393 0.821665 0.585963 0.787176 0.588238 0.770105 0.589386 0.762769 0.589925 0.740906 0.591593
0 0.147973 0.387179 0.157627 0.399358 0.175894 0.422274 0.178148 0.424947 0.199833 0.449441 0.201108 0.449528 0.207020 0.445417 0.215508 0.438629 0.221557 0.433388 0.226864 0.428380 0.229086 0.425983 0.230419 0.423315 0.211222 0.354286 0.209951 0.352844 0.207823 0.351197 0.205162 0.349598 0.202375 0.348290 0.199890 0.347475 0.198085 0.347276 0.165260 0.361207 0.162488 0.362961 0.159016 0.365547 0.155375 0.368566 0.152127 0.371556 0.149768 0.374058 0.148659 0.375688
0 0.110796 0.325750 0.142620 0.350738 0.146704 0.352444 0.176348 0.314691 0.173439 0.301933 0.173148 0.301628 0.171460 0.300237 0.168635 0.297976 0.165101 0.295186 0.161393 0.292289 0.158068 0.289722 0.155631 0.287874 0.154454 0.287026 0.140782 0.287560
0 0.896200 0.337278 0.910178 0.383198 0.922722 0.388362 0.924161 0.387947 0.927146 0.387057 0.931223 0.385829 0.935771 0.384449 0.940089 0.383130 0.943514 0.382075 0.945523 0.381444 0.945814 0.381333 0.953629 0.370065 0.939490 0.323614 0.900781 0.335397
0 0.831063 0.553519 0.876359 0.569402 0.880710 0.570205 0.889251 0.565037 0.890070 0.564255 0.891375 0.561852 0.892969 0.558192 0.894606 0.553834 0.896035 0.549447 0.897037 0.545707 0.897459 0.543183 0.897239 0.542259 0.894099 0.532022 0.848279 0.515955 0.844299 0.515772
0 0.876587 0.491978 0.924392 0.496303 0.929298 0.496260 0.936070 0.489038 0.936729 0.488108 0.937455 0.485482 0.938137 0.481560 0.938670 0.476939 0.938972 0.472330 0.938996 0.468442 0.938741 0.465868 0.938244 0.464998 0.932943 0.455962 0.884586 0.451588 0.880191 0.452141
0 0.315708 0.363169 0.341190 0.404500 0.343005 0.405591 0.353438 0.408103 0.354412 0.407743 0.356797 0.406476 0.360225 0.404497 0.364180 0.402107 0.368064 0.399665 0.371290 0.397540 0.373370 0.396054 0.373985 0.395435 0.377054 0.384599 0.351863 0.343740 0.350151 0.341934
0 0.180772 0.087751 0.182240 0.101855 0.183307 0.103028 0.185504 0.105319 0.188496 0.108375 0.191829 0.111735 0.220151 0.140111 0.223330 0.143276 0.225883 0.145774 0.227423 0.147228 0.227712 0.147413 0.240936 0.149085 0.274909 0.115176 0.272307 0.110727 0.215138 0.053450
0 0.414688 0.296679 0.415663 0.299003 0.457140 0.323162 0.468330 0.319496 0.468833 0.318942 0.470182 0.316888 0.472169 0.313652 0.474493 0.309724 0.494671 0.275081 0.496987 0.271043 0.498951 0.267498 0.500265 0.264980 0.500728 0.263876 0.497375 0.251191 0.455419 0.226752
0 0.109257 0.692140 0.150138 0.694259 0.158135 0.689818 0.160619 0.641883 0.151075 0.633744 0.150619 0.633521 0.148402 0.633237 0.144767 0.632935 0.140263 0.632662 0.135571 0.632459 0.131399 0.632355 0.128377 0.632368 0.126970 0.632495 0.122632 0.634036 0.111799 0.643083
0 0.715682 0.521215 0.747978 0.544925 0.785987 0.499481 0.803562 0.471757 0.771052 0.447890 0.752198 0.470996 0.718701 0.516598
0 0.036510 0.788421 0.036776 0.796509 0.117658 0.793849 0.122027 0.790490 0.120449 0.742516 0.109542 0.735350 0.107369 0.735173 0.103761 0.735126 0.099264 0.735216 0.094558 0.735429 0.090352 0.735733 0.087283 0.736082 0.085820 0.736424 0.075621 0.746650
0 0.252557 0.764380 0.255108 0.777024 0.272761 0.831456 0.279969 0.835134 0.282484 0.831304 0.318842 0.760043 0.276086 0.738228 0.263527 0.742879 0.262797 0.744019 0.261339 0.746629 0.259375 0.750313 0.257205 0.754507 0.255163 0.758568 0.253563 0.761870 0.252648 0.763910
0 0.255753 0.893402 0.284002 0.947241 0.305489 0.971308 0.338806 0.948580 0.324258 0.921691 0.292394 0.874925 0.288850 0.870824
0 0.197332 0.807322 0.215489 0.864811 0.232163 0.892726 0.269051 0.876421 0.259551 0.847626 0.236703 0.795858 0.233977 0.791125
0 0.834917 0.217726 0.870390 0.250640 0.892987 0.227517 0.932094 0.185367 0.947969 0.167028 0.912495 0.134114 0.895047 0.140320 0.893900 0.141469 0.891680 0.143788 0.888726 0.146922 0.885486 0.150397 0.846831 0.192059 0.843783 0.195361 0.841377 0.198004 0.839978 0.199586 0.839801 0.199863
0 0.103652 0.881691 0.117422 0.928081 0.136000 0.931934 0.138111 0.931672 0.141614 0.930876 0.145973 0.929667 0.200834 0.913383 0.205366 0.911952 0.209359 0.910523 0.212203 0.909315 0.213466 0.908511 0.226766 0.895625 0.212995 0.849234 0.188200 0.854461 0.172972 0.858981 0.149197 0.866038 0.133970 0.870558
