0 0.660772 0.819897 0.660794 0.821305 0.661573 0.823444 0.662989 0.825987 0.664828 0.828546 0.666807 0.830730 0.668624 0.832203 0.670000 0.832742 0.742809 0.841137 0.743455 0.840785 0.745911 0.837570 0.749307 0.832348 0.754778 0.823162 0.759321 0.814796 0.761445 0.809919 0.762619 0.805906 0.734021 0.788288 0.730965 0.786547 0.692043 0.766410 0.680905 0.768906 0.680080 0.769916 0.678490 0.772365 0.676377 0.775880 0.674060 0.779929 0.671890 0.783901 0.670193 0.787196 0.669228 0.789315
0 0.560325 0.288740 0.593501 0.353582 0.594865 0.354573 0.597158 0.355647 0.600030 0.356641 0.603042 0.357403 0.605732 0.357815 0.607689 0.357816 0.608615 0.357405 0.635030 0.338023 0.636240 0.336756 0.638391 0.334254 0.641158 0.330897 0.644115 0.327200 0.646808 0.323731 0.648824 0.321023 0.649856 0.319487 0.648127 0.307920 0.636495 0.298098 0.614442 0.279567 0.611701 0.277378 0.585336 0.257270 0.584623 0.258028 0.580052 0.263667 0.573241 0.272183 0.568274 0.278441 0.563802 0.284126 0.561844 0.286647
0 0.465651 0.178298 0.526110 0.219241 0.527796 0.219363 0.530330 0.219130 0.533327 0.218577 0.536327 0.217790 0.538872 0.216888 0.540572 0.216009 0.541169 0.215289 0.554884 0.185107 0.555344 0.183274 0.556023 0.179932 0.556818 0.175588 0.557605 0.170908 0.558266 0.166613 0.558697 0.163360 0.558834 0.161646 0.551709 0.152303 0.536753 0.149484 0.508448 0.144185 0.504989 0.143601 0.472195 0.138699 0.471901 0.139981 0.470620 0.147340 0.468796 0.158183 0.467503 0.166038 0.466376 0.173058 0.465909 0.176090
0 0.504595 0.360503 0.504960 0.361526 0.506011 0.364067 0.507585 0.367737 0.509446 0.371981 0.511311 0.376158 0.512900 0.379638 0.513971 0.381893 0.514361 0.382577 0.525289 0.387125 0.569185 0.367704 0.569985 0.366175 0.553614 0.329172 0.509211 0.348817
0 0.207436 0.090780 0.211458 0.096405 0.240902 0.123625 0.268121 0.094181 0.264889 0.088524 0.235035 0.060926
0 0.918077 0.310811 0.921111 0.322955 0.966121 0.339629 0.971510 0.337775 0.985566 0.299832 0.940035 0.282965 0.926694 0.288788 0.925813 0.289926 0.924432 0.292608 0.922760 0.296423 0.921050 0.300792 0.919561 0.305057 0.918517 0.308575
0 0.084572 0.127764 0.090269 0.132869 0.128316 0.145214 0.140661 0.107166 0.135665 0.101704 0.097088 0.089187
0 0.148264 0.143711 0.152284 0.147782 0.190486 0.159638 0.204713 0.113795 0.197866 0.101026 0.196588 0.100226 0.193743 0.099001 0.189762 0.097536 0.185254 0.096056 0.180911 0.094789 0.177402 0.093929 0.175261 0.093608 0.162655 0.097337
0 0.505927 0.641923 0.505976 0.649745 0.505987 0.650003 0.509031 0.657224 0.514607 0.662729 0.521865 0.665683 0.529701 0.665633 0.536922 0.662589 0.542427 0.657013 0.545381 0.649755 0.545331 0.641919 0.545253 0.641675 0.542215 0.634466 0.536648 0.628971 0.529402 0.626022 0.521580 0.626072 0.514371 0.629110 0.508875 0.634677
0 0.498037 0.441063 0.504023 0.449988 0.505406 0.452005 0.508357 0.453993 0.512428 0.455651 0.517001 0.456730 0.521388 0.457067 0.524925 0.456610 0.527074 0.455426 0.536405 0.450114 0.537142 0.447216 0.538409 0.441779 0.536604 0.432120 0.534808 0.429399 0.530893 0.426712 0.525454 0.424473 0.519327 0.423028 0.513455 0.422599 0.508741 0.423249 0.505904 0.424878 0.499985 0.432715 0.498694 0.438146
0 0.669643 0.359539 0.670273 0.367340 0.673840 0.374306 0.679802 0.379376 0.687249 0.381780 0.695050 0.381149 0.702016 0.377582 0.702365 0.377371 0.707443 0.371400 0.709851 0.363939 0.709220 0.356125 0.705647 0.349147 0.699675 0.344068 0.692214 0.341660 0.684400 0.342292 0.677422 0.345865 0.677117 0.346130 0.672047 0.352092
0 0.748710 0.685604 0.749361 0.689087 0.751743 0.693563 0.755492 0.698349 0.760035 0.702706 0.764673 0.705965 0.768689 0.707625 0.771474 0.707439 0.780951 0.703880 0.785021 0.699950 0.786409 0.697464 0.786201 0.686928 0.785670 0.684318 0.783858 0.680977 0.781044 0.677411 0.777653 0.674159 0.774196 0.671710 0.771196 0.670436 0.761453 0.670016 0.757959 0.670177 0.753914 0.674117 0.752460 0.676552
0 0.711639 0.854783 0.712163 0.859932 0.713800 0.865851 0.716297 0.871629 0.719272 0.876377 0.722264 0.879366 0.724816 0.880143 0.735002 0.880643 0.740313 0.878653 0.742439 0.876725 0.746407 0.867042 0.746864 0.864334 0.746441 0.860478 0.745203 0.856059 0.743339 0.851746 0.741129 0.848189 0.738908 0.845925 0.729974 0.841585 0.726799 0.840541 0.721508 0.842552 0.719339 0.844407 0.712302 0.851190
0 0.613943 0.802061 0.614467 0.803452 0.650919 0.820596 0.668063 0.784144 0.667293 0.782842 0.631008 0.765777
0 0.870241 0.697910 0.871941 0.698819 0.911597 0.705309 0.918087 0.665652 0.916176 0.664895 0.876701 0.658435
0 0.175160 0.923827 0.198421 0.956594 0.231188 0.933333 0.232417 0.931352 0.209262 0.898735 0.176645 0.921890
0 0.047641 0.081875 0.049714 0.083791 0.083053 0.106068 0.105331 0.072729 0.103514 0.070762 0.070021 0.048382
0 0.810043 0.259652 0.811683 0.275000 0.828564 0.353581 0.833310 0.367961 0.834450 0.370359 0.835702 0.371835 0.836878 0.372162 0.910791 0.356604 0.911769 0.355723 0.912342 0.353779 0.912422 0.351068 0.911997 0.348004 0.890057 0.245872 0.889194 0.242941 0.888031 0.240610 0.886745 0.239234 0.885532 0.239021 0.811472 0.253896 0.810576 0.254868 0.810075 0.256890
