0 0.439912 0.408320 0.440598 0.409368 0.441998 0.410536 0.453373 0.407042 0.455481 0.405879 0.455640 0.405789 0.455975 0.405285 0.456435 0.404445 0.456950 0.403397 0.457443 0.402298 0.457839 0.401314 0.458077 0.400594 0.458123 0.400249 0.457751 0.397712 0.457262 0.396530 0.448768 0.389445
0 0.541751 0.568869 0.551363 0.586764 0.551598 0.587162 0.565081 0.574287 0.555425 0.556310 0.555171 0.556053
0 0.539405 0.429074 0.553691 0.440142 0.553854 0.439874 0.554466 0.438867 0.554683 0.438381 0.554904 0.437882 0.555125 0.437378 0.555342 0.436878 0.555553 0.436386 0.565128 0.413985 0.550822 0.402902 0.550607 0.403351 0.540384 0.426808 0.540167 0.427308 0.539958 0.427790 0.539759 0.428249 0.539574 0.428680
0 0.448499 0.473038 0.463508 0.491208 0.464179 0.491370 0.464342 0.491409 0.466598 0.491239 0.475496 0.478173 0.475439 0.475113 0.460773 0.457358 0.460042 0.456564 0.459855 0.456361 0.457584 0.459696
0 0.527579 0.548841 0.527863 0.549359 0.586287 0.655377 0.599654 0.642289 0.541377 0.536122 0.541031 0.535665
0 0.440993 0.570404 0.441014 0.570552 0.441861 0.573796 0.470521 0.585875 0.470858 0.584894 0.473346 0.574400 0.449075 0.552629 0.447501 0.551965 0.445017 0.553666 0.444887 0.553978 0.444662 0.554727 0.444376 0.555798 0.444073 0.557029 0.441563 0.567619 0.441290 0.568817 0.441090 0.569795
0 0.376719 0.384796 0.383873 0.394194 0.385202 0.395404 0.387251 0.394836 0.387756 0.394440 0.388406 0.393752 0.389104 0.392876 0.400743 0.377126 0.406563 0.369250 0.407207 0.368312 0.407704 0.367446 0.407980 0.366785 0.408427 0.363976 0.407368 0.362401 0.400214 0.353003
0 0.504346 0.620116 0.504386 0.621228 0.504397 0.621510 0.505204 0.621976 0.511626 0.624578 0.512673 0.623833 0.516576 0.606709 0.517063 0.604568 0.516829 0.603131 0.516278 0.601754 0.509944 0.599188 0.509163 0.598981
0 0.407258 0.406161 0.409440 0.414387 0.411026 0.418215 0.411427 0.418516 0.412038 0.418397 0.425765 0.410808 0.426233 0.410330 0.426293 0.409775 0.425837 0.408137 0.422887 0.398653 0.422529 0.397718
0 0.414072 0.449953 0.418423 0.459358 0.418563 0.459428 0.418749 0.459520 0.432800 0.447966 0.428467 0.438599 0.428180 0.438353
0 0.568220 0.316453 0.578550 0.345149 0.578957 0.346101 0.580545 0.347552 0.580800 0.347571 0.581345 0.347326 0.582098 0.346855 0.582945 0.346229 0.583757 0.345543 0.584412 0.344900 0.584811 0.344398 0.584892 0.344113 0.584751 0.341513 0.584343 0.340560 0.571099 0.314139 0.570921 0.314099 0.570550 0.314241 0.570043 0.314545 0.569477 0.314963 0.568939 0.315432 0.568511 0.315880 0.568259 0.316238
0 0.443898 0.546044 0.444011 0.547481 0.444527 0.548752 0.445369 0.549662 0.446408 0.550074 0.447551 0.550302 0.449009 0.550099 0.450298 0.549167 0.450384 0.549082 0.450866 0.548605 0.451779 0.547105 0.452191 0.545252 0.452041 0.543330 0.451350 0.541631 0.450225 0.540414 0.448835 0.539864 0.447394 0.540065 0.446120 0.540985 0.445591 0.541387 0.445497 0.541459 0.444573 0.542977 0.444156 0.544851
0 0.456671 0.445971 0.456708 0.447434 0.457161 0.448762 0.458319 0.451566 0.460666 0.454480 0.460725 0.454525 0.463732 0.456006 0.466942 0.455828 0.469867 0.454018 0.472060 0.450851 0.473187 0.446809 0.473074 0.442509 0.471741 0.438608 0.469391 0.435700 0.469337 0.435642 0.466327 0.434167 0.463946 0.434019 0.462853 0.434082 0.461857 0.434700 0.460195 0.436165 0.458006 0.439332 0.456880 0.443369
0 0.521668 0.374934 0.521854 0.377072 0.522640 0.378952 0.523905 0.380288 0.525458 0.380877 0.527061 0.380629 0.528472 0.379581 0.529474 0.377894 0.529525 0.377684 0.529967 0.375610 0.529780 0.373469 0.528993 0.371585 0.527726 0.370247 0.526170 0.369657 0.524564 0.369905 0.523152 0.370955 0.522148 0.372645 0.521706 0.374719
0 0.542058 0.529960 0.549694 0.538371 0.550269 0.538814 0.552397 0.538382 0.552587 0.538238 0.552991 0.537725 0.553547 0.536920 0.554170 0.535946 0.559476 0.527383 0.560069 0.526393 0.560540 0.525541 0.560816 0.524957 0.560857 0.524729 0.560904 0.521649 0.553179 0.513141 0.552572 0.512990
0 0.523563 0.611463 0.525718 0.624123 0.527275 0.626293 0.527311 0.626338 0.527801 0.626125 0.528668 0.625689 0.529781 0.625096 0.530973 0.624435 0.532063 0.623806 0.532888 0.623303 0.533321 0.623003 0.533274 0.620019 0.533242 0.619949 0.528065 0.608965 0.527698 0.609103 0.527045 0.609416 0.526205 0.609854 0.525307 0.610353 0.524489 0.610834 0.523877 0.611223
0 0.434260 0.466185 0.434646 0.477359 0.437107 0.480352 0.443412 0.488019 0.444190 0.488185 0.452455 0.487677 0.452075 0.476657 0.443429 0.466144 0.442640 0.465671
0 0.492497 0.544894 0.509062 0.545938 0.509454 0.534895 0.509411 0.534735 0.492921 0.533695 0.492889 0.533850
