0 0.462461 0.492021 0.488639 0.519351 0.488691 0.519263 0.493764 0.510625 0.493792 0.510577 0.467734 0.483372 0.467585 0.483295
0 0.398470 0.492210 0.415034 0.496646 0.416976 0.496723 0.417626 0.492407 0.415872 0.489622 0.415798 0.489586 0.415363 0.489456 0.414637 0.489252 0.413728 0.489006 0.405617 0.486833 0.404661 0.486580 0.403800 0.486358 0.403164 0.486202 0.402850 0.486134 0.401720 0.485972 0.399136 0.487793
0 0.449596 0.306662 0.452601 0.328356 0.452683 0.328650 0.460804 0.326650 0.457804 0.304993 0.457497 0.303578 0.455861 0.303981
0 0.458024 0.446334 0.467912 0.458030 0.470385 0.460954 0.470634 0.460606 0.470900 0.460227 0.471178 0.459825 0.471463 0.459407 0.471753 0.458973 0.485255 0.438678 0.485354 0.438340 0.472976 0.423701 0.459562 0.443069 0.459271 0.443495 0.458980 0.443927 0.458694 0.444363 0.458416 0.444795 0.458151 0.445216 0.458053 0.446075
0 0.568205 0.395084 0.568429 0.395866 0.569038 0.397010 0.569940 0.398343 0.570998 0.399665 0.572055 0.400777 0.572950 0.401511 0.573549 0.401756 0.573758 0.401470 0.579372 0.393473 0.589799 0.376632 0.589667 0.376041 0.589246 0.375190 0.588602 0.374209 0.588141 0.373634 0.587520 0.372929 0.587055 0.372455 0.586392 0.371952 0.585942 0.371816 0.574021 0.386793 0.573179 0.387991 0.568404 0.394785
0 0.513980 0.421975 0.514796 0.423828 0.530032 0.457123 0.531591 0.459327 0.538715 0.453532 0.523985 0.419784 0.521031 0.416239 0.519145 0.416211 0.518545 0.416416 0.517764 0.416863 0.516920 0.417483 0.516140 0.418184 0.515542 0.418859 0.515217 0.419406
0 0.426636 0.355313 0.426815 0.356588 0.427347 0.357674 0.427514 0.358001 0.430141 0.362866 0.433326 0.365921 0.434127 0.366652 0.435077 0.366917 0.436031 0.366678 0.438013 0.365070 0.440378 0.363011 0.441972 0.359902 0.443316 0.357168 0.443515 0.355901 0.443336 0.354630 0.443328 0.354609 0.443198 0.354274 0.442666 0.353188 0.440349 0.349016 0.436851 0.345269 0.436047 0.344536 0.435095 0.344270 0.434139 0.344509 0.433324 0.345219 0.430089 0.348871 0.427385 0.352972 0.426836 0.354043
0 0.531354 0.552378 0.533351 0.574281 0.533505 0.574623 0.566511 0.569274 0.564505 0.547270 0.564209 0.547053
0 0.544180 0.497925 0.544344 0.499561 0.544548 0.499559 0.576190 0.493916 0.576025 0.492272 0.566389 0.473355 0.549951 0.476287 0.549723 0.476395 0.544680 0.495981
0 0.487100 0.398421 0.487247 0.399583 0.488772 0.401432 0.488976 0.401571 0.489527 0.401706 0.490340 0.401816 0.491291 0.401886 0.516095 0.403032 0.517049 0.403050 0.517867 0.403015 0.518426 0.402932 0.518640 0.402812 0.520244 0.401107 0.520478 0.399963 0.520825 0.386612 0.487447 0.385070 0.487331 0.389520
0 0.454862 0.521716 0.455253 0.525999 0.456843 0.529755 0.459391 0.532415 0.461449 0.533179 0.462507 0.533571 0.465719 0.533050 0.468537 0.530930 0.468663 0.530806 0.470649 0.527423 0.471220 0.524690 0.471464 0.523324 0.471381 0.521836 0.471124 0.519019 0.469540 0.515277 0.467003 0.512629 0.464953 0.511868 0.463836 0.511496 0.462812 0.511653 0.460700 0.511995 0.460542 0.512044 0.457724 0.514164 0.455729 0.517561
0 0.425087 0.615056 0.441438 0.618672 0.441672 0.618197 0.444373 0.596483 0.428088 0.592882 0.427799 0.593255
0 0.492198 0.628205 0.508458 0.632823 0.511921 0.611144 0.511867 0.610635 0.495682 0.606038 0.492234 0.627618
0 0.406459 0.580216 0.411744 0.601175 0.423445 0.596000 0.424061 0.595713 0.424609 0.595437 0.425006 0.595213 0.425191 0.595076 0.424920 0.590537 0.422545 0.581116 0.421753 0.577976 0.419912 0.574141 0.419863 0.574130 0.419582 0.574227 0.419114 0.574418 0.414710 0.576342 0.406886 0.579850
