0 0.406764 0.554232 0.417277 0.571402 0.417657 0.571075 0.430475 0.557120 0.420009 0.540029 0.419641 0.540213
0 0.473098 0.408178 0.473206 0.408546 0.487937 0.418505 0.495407 0.398863 0.495389 0.398457 0.480598 0.388457
0 0.455224 0.495809 0.466822 0.511615 0.466973 0.511562 0.483228 0.504601 0.484113 0.503446 0.461890 0.473159 0.461715 0.473036 0.460826 0.474196
0 0.439913 0.495610 0.443871 0.495857 0.459189 0.496768 0.459562 0.485692 0.455782 0.485308 0.440288 0.484471
0 0.414519 0.606893 0.417971 0.616975 0.433093 0.607770 0.433400 0.607276 0.429964 0.597240 0.414910 0.606403
0 0.431899 0.541916 0.439194 0.547104 0.439844 0.545648 0.445332 0.531918 0.447640 0.525293 0.444196 0.522505 0.440297 0.520071 0.436337 0.528701
0 0.430010 0.435931 0.430364 0.436646 0.431877 0.438023 0.447144 0.442856 0.447671 0.442480 0.448338 0.438732 0.447130 0.437299 0.430693 0.432096
0 0.459813 0.434734 0.460908 0.438789 0.460933 0.438829 0.460958 0.438868 0.461048 0.439008 0.461784 0.440087 0.463107 0.442015 0.466030 0.443850 0.469257 0.444053 0.471348 0.443257 0.472377 0.442763 0.473186 0.441782 0.474686 0.439697 0.476062 0.435799 0.476215 0.431497 0.475564 0.429029 0.475194 0.427657 0.475105 0.427397 0.472930 0.424209 0.470005 0.422373 0.466776 0.422169 0.463734 0.423629 0.461343 0.426529 0.459966 0.430428
0 0.550160 0.505899 0.553020 0.527577 0.553264 0.527704 0.569597 0.523873 0.566724 0.502096 0.566419 0.502086
0 0.409611 0.429146 0.409933 0.429724 0.411991 0.431331 0.414864 0.431742 0.415746 0.420800 0.413775 0.418947 0.410835 0.418526 0.410422 0.419073
0 0.495912 0.544595 0.496380 0.547417 0.496528 0.548122 0.496897 0.549067 0.497430 0.550108 0.498046 0.551089 0.498653 0.551860 0.499160 0.552306 0.500902 0.553371 0.504720 0.550730 0.527633 0.526916 0.522591 0.518049 0.520487 0.519727 0.497177 0.543291
0 0.491202 0.572262 0.500564 0.590578 0.541776 0.553129 0.532414 0.534812 0.532265 0.534653 0.491242 0.571931
0 0.405913 0.366900 0.411873 0.387245 0.412392 0.388734 0.414816 0.395686 0.415336 0.397176 0.415544 0.397491 0.416239 0.397466 0.417313 0.397105 0.418604 0.396466 0.419916 0.395644 0.421054 0.394764 0.421846 0.393956 0.422171 0.393343 0.419229 0.384920 0.418710 0.383435 0.410854 0.364181 0.410698 0.363906 0.410188 0.363879 0.409718 0.364015 0.409023 0.364285 0.408459 0.364552 0.407505 0.365150 0.406685 0.365806 0.406127 0.366421
0 0.508604 0.695138 0.511798 0.715391 0.512003 0.715713 0.512923 0.716344 0.514255 0.716971 0.516460 0.717737 0.518347 0.718140 0.519304 0.718022 0.519934 0.717541 0.521499 0.708393 0.521646 0.707442 0.522658 0.699928 0.523182 0.695984 0.523118 0.695502 0.521983 0.692909 0.521651 0.692621 0.521006 0.692286 0.520143 0.691955 0.519195 0.691677 0.518305 0.691494 0.517605 0.691435 0.510510 0.691574 0.510288 0.691800 0.509960 0.692268 0.509577 0.692905 0.509197 0.693616 0.508878 0.694290 0.508670 0.694824
0 0.461666 0.462030 0.464870 0.472257 0.465031 0.472384 0.472666 0.468132 0.469476 0.457952 0.469336 0.457758
0 0.519195 0.380891 0.519303 0.381935 0.520559 0.383960 0.521030 0.384589 0.522052 0.385275 0.522788 0.385134 0.524649 0.384148 0.525183 0.383618 0.525729 0.382721 0.526205 0.381595 0.526540 0.380409 0.526682 0.379342 0.526610 0.378555 0.526048 0.375827 0.525587 0.375180 0.524561 0.374499 0.522500 0.374376 0.521910 0.374472 0.521193 0.375170 0.520459 0.376366 0.519820 0.377874 0.519377 0.379464
