0 0.399559 0.059632 0.412965 0.097387 0.418463 0.096131 0.471768 0.077168 0.498271 0.064213 0.484776 0.026206 0.451892 0.033176
0 0.078446 0.764533 0.108882 0.790995 0.130521 0.767397 0.167668 0.724685 0.170869 0.720749 0.140635 0.694462 0.097099 0.740915
0 0.588205 0.171156 0.588522 0.172397 0.589657 0.175063 0.591434 0.178745 0.593586 0.182885 0.595786 0.186860 0.597703 0.190068 0.599047 0.192025 0.599612 0.192428 0.610314 0.197219 0.664469 0.213567 0.671519 0.209786 0.673502 0.206431 0.635258 0.135113 0.592468 0.158060
0 0.358891 0.258907 0.376546 0.308615 0.389748 0.342715 0.409098 0.336620 0.427545 0.328645 0.418317 0.303666 0.398589 0.250668 0.396438 0.244929
0 0.615891 0.636584 0.623509 0.646829 0.624585 0.647135 0.627328 0.647617 0.631323 0.648204 0.635958 0.648804 0.640521 0.649326 0.644312 0.649689 0.646751 0.649838 0.647469 0.649752 0.657396 0.643062 0.659355 0.626996 0.657534 0.625545 0.617828 0.620702
0 0.418301 0.535525 0.440463 0.569162 0.474100 0.547000 0.474219 0.546785 0.452159 0.513301 0.451938 0.513363
0 0.242866 0.878843 0.257558 0.916350 0.295065 0.901658 0.296004 0.899817 0.281379 0.862482 0.244044 0.877107
0 0.139436 0.677341 0.169221 0.704460 0.170737 0.703523 0.197732 0.673874 0.168083 0.646879 0.166555 0.647555
0 0.554124 0.330729 0.583148 0.358255 0.610673 0.329231 0.611181 0.328447 0.582024 0.300795 0.554373 0.329952
0 0.297558 0.367758 0.327404 0.395365 0.329773 0.396802 0.386436 0.394595 0.413664 0.365160 0.412465 0.363282 0.382619 0.335674 0.325166 0.337912
0 0.474219 0.228775 0.483868 0.244581 0.484677 0.245393 0.486935 0.247027 0.490297 0.249233 0.494253 0.251677 0.542950 0.280980 0.546915 0.283301 0.550305 0.285158 0.552606 0.286268 0.553464 0.286460 0.571949 0.287582 0.596899 0.246119 0.573061 0.229211 0.523795 0.199565 0.499169 0.187311
0 0.775672 0.153325 0.803714 0.181986 0.860417 0.182604 0.865438 0.178176 0.894498 0.149744 0.866065 0.120684 0.808571 0.120057 0.779511 0.148489
0 0.592924 0.788402 0.606882 0.800573 0.607920 0.801187 0.610598 0.802140 0.614509 0.803288 0.619056 0.804454 0.674697 0.817836 0.679166 0.818838 0.682857 0.819519 0.685205 0.819774 0.703821 0.815074 0.715137 0.768024 0.685898 0.759244 0.646342 0.749731 0.630898 0.746017 0.604240 0.741353
0 0.637287 0.239398 0.646271 0.278476 0.685349 0.269493 0.687932 0.266280 0.678823 0.226657 0.639201 0.235766
0 0.436201 0.769024 0.460745 0.810918 0.472235 0.812440 0.472991 0.812388 0.475224 0.811413 0.478595 0.809661 0.482588 0.807400 0.486591 0.804976 0.489987 0.802764 0.492259 0.801100 0.493061 0.800239 0.495657 0.790465 0.495707 0.787145 0.471443 0.745729 0.436930 0.765949
0 0.536241 0.638566 0.536659 0.640168 0.562483 0.671319 0.599864 0.640330 0.600736 0.627873 0.600018 0.626999 0.598240 0.624847 0.595676 0.621750 0.592714 0.618174 0.589800 0.614661 0.587374 0.611740 0.585804 0.609853 0.585331 0.609291 0.573194 0.607932
0 0.484694 0.663968 0.489358 0.673837 0.490206 0.674387 0.492655 0.675493 0.496332 0.676989 0.500677 0.678646 0.505022 0.680208 0.508699 0.681436 0.511146 0.682143 0.511993 0.682222 0.522637 0.678023 0.539503 0.632492 0.539052 0.630978 0.501542 0.617083 0.484869 0.662094
0 0.881378 0.863567 0.882262 0.868501 0.902182 0.876767 0.924177 0.885764 0.956954 0.898817 0.969332 0.893796 0.971380 0.891531 0.975638 0.885108 0.977169 0.882429 0.977812 0.879362 0.977294 0.872749 0.973213 0.863984 0.971319 0.860843 0.916346 0.838187 0.899687 0.832066 0.896329 0.831317 0.892108 0.835200 0.888250 0.842974 0.883533 0.855442
0 0.437369 0.697174 0.439220 0.703744 0.449545 0.735521 0.450516 0.738046 0.455486 0.749665 0.462065 0.764796 0.469823 0.766762 0.480622 0.765031 0.488157 0.761727 0.494599 0.756723 0.497172 0.753086 0.509111 0.696855 0.508993 0.694357 0.508123 0.691509 0.506635 0.688748 0.504756 0.686496 0.502774 0.685096 0.500991 0.684762 0.467630 0.680589 0.459594 0.679692 0.455244 0.679730 0.450750 0.681048 0.446802 0.683446 0.440695 0.689778
0 0.108613 0.892666 0.138840 0.906552 0.142048 0.907979 0.182208 0.925613 0.193424 0.921694 0.194093 0.920384 0.195417 0.917582 0.197194 0.913717 0.199150 0.909380 0.200987 0.905238 0.202421 0.901927 0.203234 0.899950 0.203306 0.899605 0.209103 0.866704 0.208891 0.865905 0.207868 0.864340 0.206192 0.862247 0.204118 0.859946 0.201962 0.857789 0.200056 0.856108 0.198691 0.855157 0.198073 0.855081 0.125070 0.856242 0.124350 0.857723 0.122042 0.862661 0.119031 0.869206 0.114361 0.879463 0.110653 0.887713 0.109143 0.891213
0 0.769436 0.698868 0.770147 0.731718 0.770516 0.733447 0.771314 0.736649 0.772420 0.740837 0.773666 0.745380 0.774865 0.749592 0.775835 0.752836 0.776428 0.754619 0.787059 0.760128 0.801640 0.756529 0.829278 0.749663 0.832671 0.748748 0.864788 0.739416 0.864770 0.736963 0.863993 0.732720 0.861684 0.723806 0.858626 0.713145 0.856577 0.706565 0.854920 0.701853 0.854330 0.700652 0.781574 0.688955 0.780133 0.689489 0.778027 0.690717 0.775577 0.692451 0.773158 0.694426 0.771142 0.696340 0.769835 0.697900
0 0.582728 0.687263 0.582746 0.689617 0.582817 0.693366 0.582931 0.697935 0.583069 0.702624 0.583210 0.706713 0.583333 0.709574 0.583420 0.710774 0.592570 0.740555 0.593143 0.741789 0.594774 0.743249 0.597213 0.744713 0.600089 0.745955 0.602962 0.746785 0.605391 0.747078 0.607006 0.746788 0.672817 0.716448 0.672872 0.715888 0.672863 0.711971 0.672758 0.705817 0.672496 0.695170 0.672191 0.685627 0.671933 0.680247 0.671634 0.676021 0.671510 0.675984 0.651722 0.675806 0.638344 0.675694 0.634835 0.675786 0.591195 0.678704 0.582765 0.686655
0 0.396635 0.615810 0.435623 0.664868 0.442670 0.672234 0.627696 0.513653 0.621308 0.505722 0.579571 0.459018
0 0.261998 0.426199 0.349320 0.649439 0.350899 0.650716 0.425831 0.620699 0.338193 0.398703 0.336570 0.396290
0 0.080830 0.852347 0.093694 0.861004 0.121844 0.864817 0.247091 0.659727 0.234312 0.651520 0.208721 0.642928 0.199473 0.649767 0.196551 0.652873 0.193810 0.656771 0.151304 0.726373 0.108799 0.795974 0.087547 0.830775 0.085436 0.834822 0.084307 0.838350
0 0.661978 0.164520 0.714472 0.399308 0.792734 0.381810 0.794083 0.381266 0.741347 0.145398 0.662725 0.162976
0 0.878810 0.402570 0.942189 0.634656 0.944225 0.635276 1.000000 0.614052 1.000000 0.589012 0.995898 0.557612 0.958273 0.380898 0.956172 0.381444
