0 0.701157 0.229591 0.701250 0.239729 0.701593 0.240758 0.703099 0.243001 0.705536 0.246114 0.708534 0.249625 0.711642 0.253006 0.714390 0.255745 0.716362 0.257428 0.717257 0.257796 0.727683 0.259531 0.763610 0.227699 0.766658 0.224551 0.739825 0.194266 0.703482 0.226465
0 0.483315 0.934714 0.523673 0.935619 0.524486 0.912333 0.525072 0.872392 0.504911 0.869665 0.484737 0.871487 0.483777 0.911420
0 0.288690 0.719018 0.305986 0.755812 0.342780 0.738517 0.344941 0.735238 0.327884 0.698949 0.291596 0.716007
0 0.041545 0.815968 0.076775 0.835869 0.081612 0.832030 0.105219 0.790237 0.099878 0.779683 0.098052 0.778087 0.094953 0.775961 0.091051 0.773625 0.086936 0.771432 0.083227 0.769713 0.080486 0.768730 0.079133 0.768632 0.070392 0.770564 0.065425 0.773692
0 0.360990 0.924934 0.373183 0.963516 0.419481 0.948884 0.425670 0.936056 0.425492 0.934607 0.424789 0.931633 0.423669 0.927590 0.422301 0.923089 0.420894 0.918810 0.419658 0.915398 0.418781 0.913371 0.418397 0.913040 0.408347 0.905613 0.362579 0.920078
0 0.140972 0.132058 0.142154 0.139807 0.146213 0.146514 0.146822 0.147122 0.153127 0.151758 0.160726 0.153627 0.168463 0.152447 0.175158 0.148394 0.179794 0.142089 0.181663 0.134489 0.180483 0.126753 0.176430 0.120058 0.175873 0.119403 0.169557 0.114759 0.161944 0.112887 0.154194 0.114070 0.147487 0.118129 0.142844 0.124445
0 0.673973 0.310764 0.674876 0.313616 0.677646 0.317379 0.681861 0.321479 0.686876 0.325284 0.691919 0.328209 0.696212 0.329804 0.699102 0.329830 0.707987 0.324769 0.711518 0.320178 0.712807 0.318270 0.711262 0.307375 0.710543 0.305244 0.708442 0.302439 0.705281 0.299386 0.701537 0.296545 0.697776 0.294346 0.694567 0.293122 0.692395 0.293060 0.681402 0.294442 0.677898 0.299039 0.676536 0.300906
0 0.415346 0.198360 0.416283 0.203930 0.419117 0.209406 0.423421 0.213963 0.428543 0.216913 0.433712 0.217809 0.440421 0.216894 0.445962 0.215272 0.449241 0.212568 0.453024 0.208441 0.454468 0.202433 0.453339 0.195453 0.451683 0.191943 0.449569 0.187826 0.446338 0.184406 0.444401 0.182852 0.437965 0.179171 0.431485 0.178094 0.425956 0.179776 0.422644 0.182446 0.418906 0.186620 0.416455 0.193540
0 0.259605 0.113325 0.262074 0.120762 0.262483 0.121414 0.267602 0.127329 0.274595 0.130836 0.282397 0.131398 0.289821 0.128933 0.295736 0.123813 0.299243 0.116820 0.299805 0.109018 0.297340 0.101594 0.296991 0.100908 0.291863 0.094983 0.284858 0.091470 0.277042 0.090907 0.269606 0.093376 0.263680 0.098505 0.260168 0.105510
0 0.282660 0.652570 0.284740 0.660125 0.289554 0.666308 0.296367 0.670180 0.304143 0.671148 0.311698 0.669068 0.317881 0.664254 0.318194 0.663971 0.322059 0.657170 0.323025 0.649407 0.320949 0.641865 0.316143 0.635692 0.309341 0.631828 0.301579 0.630862 0.294037 0.632938 0.293682 0.633167 0.287499 0.637981 0.283628 0.644794
0 0.305508 0.125143 0.305617 0.127097 0.308764 0.160395 0.308859 0.161231 0.309967 0.162612 0.311923 0.164328 0.314426 0.166116 0.317095 0.167703 0.319519 0.168845 0.321330 0.169369 0.322251 0.169197 0.391358 0.152131 0.392747 0.150172 0.393666 0.147236 0.395374 0.140336 0.397002 0.132546 0.398901 0.121706 0.399804 0.114254 0.399336 0.112801 0.367276 0.105915 0.363842 0.105244 0.335084 0.100136 0.319841 0.097445 0.310060 0.103719 0.309278 0.105301 0.308312 0.108445 0.307309 0.112672 0.306423 0.117335 0.305790 0.121716
0 0.432076 0.942593 0.467943 1.000000 0.483407 1.000000 0.508636 0.988642 0.509644 0.988169 0.511577 0.986260 0.514144 0.983203 0.516950 0.979465 0.519564 0.975622 0.521585 0.972262 0.522704 0.969901 0.522755 0.968894 0.520177 0.957219 0.486061 0.930094 0.483237 0.928031 0.472012 0.920186 0.455597 0.908956 0.451471 0.913493 0.445082 0.921701 0.440318 0.928319 0.435922 0.934910 0.433923 0.938244
0 0.392031 0.455038 0.392275 0.455815 0.393261 0.458150 0.394837 0.461690 0.396765 0.465895 0.420847 0.517808 0.422822 0.522017 0.424536 0.525569 0.425726 0.527923 0.426211 0.528721 0.440894 0.540007 0.484791 0.519644 0.473012 0.493827 0.449207 0.442511 0.436793 0.416176 0.392896 0.436539
0 0.095870 0.843905 0.119223 0.874232 0.134249 0.881564 0.165062 0.855237 0.172433 0.798429 0.149041 0.767563 0.133829 0.761661 0.103197 0.787432 0.101139 0.803289 0.097927 0.828048
0 0.132425 0.887807 0.145026 0.934528 0.163552 0.938868 0.165712 0.938677 0.169262 0.937981 0.173660 0.936887 0.228913 0.921985 0.233469 0.920665 0.237468 0.919324 0.240298 0.918169 0.241531 0.917377 0.255150 0.904828 0.242549 0.858106 0.217321 0.862578 0.162704 0.877308
0 0.640371 0.758417 0.646732 0.798006 0.648778 0.802166 0.695369 0.835856 0.735511 0.829406 0.729061 0.789265 0.725911 0.785284 0.679960 0.752056
0 0.831991 0.742977 0.832358 0.744172 0.883492 0.799379 0.884792 0.799780 0.886789 0.799285 0.889177 0.797967 0.891592 0.796027 0.967818 0.724600 0.969877 0.722347 0.971252 0.720139 0.971734 0.718312 0.971250 0.717145 0.920626 0.661461 0.919289 0.661175 0.917262 0.661772 0.914855 0.663158 0.902484 0.672444 0.843835 0.727401 0.834019 0.738906 0.832575 0.741128
0 0.076680 0.572135 0.076822 0.573941 0.077306 0.576538 0.080797 0.591328 0.102440 0.668733 0.107135 0.683227 0.108072 0.685712 0.108894 0.687351 0.109475 0.687893 0.186453 0.665916 0.186767 0.665260 0.186705 0.663526 0.186276 0.660976 0.185543 0.658001 0.157415 0.557397 0.156496 0.554467 0.155538 0.552050 0.154685 0.550514 0.154069 0.550092 0.076903 0.571396
0 0.377903 0.314275 0.417762 0.379862 0.418760 0.380310 0.420652 0.380051 0.423150 0.379128 0.436781 0.372413 0.505442 0.330631 0.517785 0.321539 0.519796 0.319719 0.520960 0.318118 0.521098 0.316980 0.480642 0.251755 0.479701 0.251201 0.477858 0.251366 0.475393 0.252226 0.472681 0.253651 0.383443 0.307955 0.380917 0.309717 0.378977 0.311538 0.377919 0.313139
0 0.647629 0.894647 0.648308 0.896464 0.688143 0.902452 0.694131 0.862618 0.693241 0.860956 0.653589 0.854995
0 0.075349 0.263421 0.077295 0.264506 0.114365 0.279789 0.129649 0.242719 0.127944 0.241534 0.090703 0.226180
0 0.601250 0.710674 0.601715 0.711641 0.637644 0.729637 0.655639 0.693708 0.654928 0.692822 0.619163 0.674909
0 0.638648 0.433136 0.677824 0.441679 0.678643 0.441411 0.687226 0.402054 0.647869 0.393471 0.647191 0.393959
