0 0.514104 0.496684 0.514334 0.497384 0.514563 0.498080 0.524708 0.524604 0.532607 0.527771 0.548714 0.467050 0.548404 0.465524 0.540560 0.462573 0.533082 0.467570 0.519585 0.476590
0 0.444902 0.602543 0.444964 0.603194 0.445215 0.604207 0.445618 0.605429 0.446110 0.606672 0.446413 0.607314 0.446795 0.608042 0.447059 0.608483 0.447371 0.608774 0.462404 0.599842 0.463500 0.599078 0.468615 0.595512 0.469712 0.594747 0.469852 0.594500 0.469720 0.593618 0.469339 0.592235 0.468767 0.590564 0.468089 0.588854 0.467408 0.587363 0.466827 0.586315 0.466432 0.585870 0.459141 0.590961 0.445039 0.602355
0 0.527258 0.511986 0.527362 0.512714 0.529061 0.514479 0.529388 0.514610 0.538740 0.515872 0.539033 0.515469 0.539368 0.514643 0.539693 0.513520 0.539957 0.512273 0.540121 0.511091 0.540159 0.510158 0.540066 0.509615 0.531604 0.504153 0.531273 0.504046 0.529132 0.504361 0.528757 0.504916 0.528325 0.506026 0.527902 0.507521 0.527551 0.509177 0.527325 0.510744
0 0.411020 0.564384 0.428445 0.586306 0.429084 0.587005 0.430978 0.587635 0.431121 0.587572 0.431486 0.587130 0.432016 0.586375 0.432631 0.585424 0.433237 0.584419 0.433745 0.583512 0.434076 0.582841 0.434180 0.582507 0.433355 0.580171 0.432717 0.579474 0.413168 0.560994 0.413056 0.561011 0.412798 0.561285 0.412432 0.561772 0.412014 0.562400 0.411609 0.563072 0.411277 0.563685 0.411070 0.564146
0 0.439110 0.445361 0.439269 0.447507 0.440032 0.449409 0.441283 0.450777 0.441383 0.450862 0.442929 0.451486 0.444536 0.451274 0.445960 0.450259 0.446984 0.448594 0.447453 0.446533 0.447294 0.444391 0.446532 0.442492 0.445284 0.441126 0.445189 0.441025 0.443641 0.440399 0.442031 0.440611 0.440605 0.441629 0.439579 0.443296
0 0.443549 0.634842 0.451077 0.639541 0.455459 0.642051 0.455963 0.642281 0.456312 0.642373 0.456454 0.642313 0.458618 0.638786 0.459678 0.635790 0.462857 0.626801 0.463521 0.622338 0.463429 0.622153 0.463123 0.621854 0.462650 0.621487 0.462082 0.621106 0.450815 0.614231 0.443754 0.634190
0 0.464296 0.499730 0.465674 0.502674 0.465813 0.502737 0.466300 0.502911 0.467063 0.503168 0.467983 0.503470 0.484173 0.508713 0.492268 0.511334 0.493199 0.511632 0.493991 0.511878 0.494523 0.512035 0.494714 0.512079 0.496750 0.510240 0.496787 0.510123 0.498346 0.501567 0.499125 0.497290 0.499115 0.497258 0.466661 0.486748
0 0.562340 0.369368 0.577336 0.378572 0.578230 0.377168 0.582419 0.365033 0.581110 0.362460 0.580709 0.362004 0.580034 0.361448 0.579186 0.360879 0.571619 0.356234 0.570732 0.355739 0.569943 0.355396 0.569374 0.355256 0.567251 0.355723 0.566482 0.357372
0 0.567808 0.418161 0.571557 0.427965 0.586264 0.417968 0.586462 0.417780 0.586611 0.417638 0.582846 0.407795 0.568081 0.417832
0 0.550851 0.463376 0.551185 0.466178 0.551445 0.467564 0.551930 0.468863 0.553043 0.471281 0.555651 0.473805 0.558785 0.474805 0.560886 0.474359 0.562073 0.474086 0.562216 0.474026 0.564973 0.471770 0.566874 0.468278 0.567627 0.464083 0.567119 0.459823 0.565427 0.456146 0.562808 0.453613 0.559661 0.452608 0.556466 0.453286 0.553709 0.455542 0.553494 0.455720 0.551601 0.459198
0 0.442405 0.209034 0.442668 0.210364 0.474370 0.222663 0.476676 0.212096 0.476569 0.210774 0.444722 0.198418
0 0.485832 0.492522 0.486060 0.492585 0.506519 0.497456 0.506938 0.497555 0.507729 0.497741 0.508087 0.497825 0.508668 0.493488 0.510411 0.480475 0.510992 0.476137 0.510395 0.475785 0.509993 0.475684 0.509574 0.475581 0.509147 0.475478 0.508718 0.475377 0.508291 0.475278 0.488740 0.470805
0 0.559646 0.706459 0.559694 0.707746 0.559830 0.708222 0.559839 0.708252 0.560253 0.709419 0.562362 0.714835 0.565182 0.718280 0.565900 0.719147 0.566812 0.719582 0.567779 0.719519 0.569954 0.718456 0.572513 0.716842 0.574415 0.714045 0.575951 0.711437 0.576277 0.710221 0.576229 0.708932 0.575815 0.707764 0.575631 0.707260 0.573849 0.702841 0.570714 0.698421 0.569998 0.697555 0.569088 0.697122 0.568123 0.697185 0.567250 0.697736 0.563721 0.700839 0.560620 0.704292 0.559972 0.705246
0 0.548554 0.546492 0.556787 0.547416 0.558580 0.539146 0.559436 0.514485 0.556117 0.512960 0.555186 0.512752 0.554215 0.512747 0.553354 0.512945 0.551125 0.513552 0.550307 0.517949 0.548634 0.544451
