0 0.393915 0.291993 0.395127 0.294370 0.408828 0.306649 0.409749 0.304822 0.413028 0.278589 0.412135 0.274129 0.411861 0.273690 0.411313 0.273033 0.410574 0.272260 0.409757 0.271489 0.408987 0.270838 0.408383 0.270407 0.408037 0.270262 0.405093 0.269819
0 0.524316 0.471815 0.539991 0.478716 0.540175 0.478619 0.571375 0.352639 0.555627 0.345706 0.555373 0.346411
0 0.430140 0.600253 0.430344 0.602411 0.431151 0.604302 0.432440 0.605636 0.434014 0.606212 0.435633 0.605940 0.437051 0.604864 0.438051 0.603145 0.438483 0.601047 0.438279 0.598889 0.437472 0.596998 0.436183 0.595664 0.434610 0.595088 0.432991 0.595359 0.431573 0.596436 0.430572 0.598154
0 0.516944 0.567828 0.517941 0.571940 0.520040 0.575233 0.520042 0.575235 0.521959 0.576553 0.522942 0.577225 0.524041 0.577345 0.526153 0.577560 0.529232 0.576233 0.531693 0.573430 0.532707 0.570885 0.533206 0.569574 0.533292 0.568106 0.533411 0.565272 0.532408 0.561160 0.530305 0.557871 0.528434 0.556528 0.527452 0.555858 0.526355 0.555740 0.524200 0.555557 0.521127 0.556883 0.518668 0.559678 0.517699 0.562187 0.517199 0.563496 0.517112 0.564962 0.516944 0.567826
0 0.464362 0.400221 0.464525 0.400677 0.468582 0.410262 0.497335 0.388627 0.497323 0.388115 0.493248 0.378487
0 0.420197 0.398929 0.430213 0.416620 0.430533 0.417002 0.443740 0.403708 0.433770 0.386099 0.433465 0.385574
0 0.433670 0.510600 0.435259 0.521583 0.451734 0.517348 0.452397 0.517109 0.450831 0.506277 0.450146 0.506364
0 0.488739 0.467276 0.490859 0.490025 0.490901 0.490071 0.506502 0.497429 0.506532 0.497417 0.517792 0.482943 0.518909 0.481507 0.519325 0.479940 0.489155 0.465709
0 0.469047 0.523683 0.472758 0.531140 0.473253 0.532035 0.487218 0.519680 0.487277 0.519589 0.487364 0.519454 0.486921 0.518512 0.483261 0.511158 0.482114 0.510849 0.481865 0.511000 0.469282 0.522133
0 0.543869 0.491679 0.544342 0.491819 0.545304 0.491943 0.546609 0.492032 0.548059 0.492072 0.549437 0.492058 0.550536 0.491992 0.551188 0.491883 0.551293 0.491747 0.551314 0.490090 0.551410 0.482360 0.551430 0.480704 0.550673 0.458664 0.550339 0.458518 0.549647 0.458394 0.548702 0.458311 0.548071 0.458293 0.547245 0.458293 0.546647 0.458310 0.545854 0.458393 0.545389 0.458517 0.545322 0.458663 0.544011 0.480658 0.543890 0.490025
0 0.571625 0.472891 0.571756 0.473124 0.584954 0.484517 0.585228 0.484473 0.585594 0.484150 0.585995 0.483596 0.586371 0.482896 0.597718 0.458460 0.598009 0.457726 0.598168 0.457073 0.598171 0.456602 0.598018 0.456384 0.584896 0.444828 0.584621 0.444906 0.584254 0.445258 0.583853 0.445832 0.581897 0.449272 0.573166 0.468073 0.571819 0.471746 0.571647 0.472407
0 0.436454 0.476341 0.449095 0.490653 0.449328 0.490695 0.460013 0.473917 0.447429 0.459671 0.447188 0.459486
0 0.581761 0.567329 0.582025 0.567609 0.582655 0.568247 0.583558 0.569144 0.584595 0.570165 0.585612 0.571157 0.586456 0.571970 0.586997 0.572481 0.587153 0.572611 0.589062 0.571044 0.589802 0.569707 0.589499 0.566492 0.589311 0.566280 0.588841 0.565797 0.588162 0.565118 0.587378 0.564346 0.586609 0.563600 0.585972 0.562994 0.585566 0.562622 0.585452 0.562538 0.583058 0.563112 0.582320 0.564446
0 0.491540 0.601367 0.499733 0.603240 0.501137 0.592316 0.501132 0.591893 0.492977 0.590029 0.491579 0.600903
