0 0.564463 0.563933 0.564886 0.579481 0.565033 0.581175 0.573295 0.580771 0.574074 0.566354 0.573093 0.556250 0.568701 0.556150 0.564777 0.556657
0 0.432194 0.484029 0.433775 0.487916 0.436147 0.493747 0.436294 0.493762 0.436403 0.493772 0.450922 0.483273 0.446985 0.473593 0.446772 0.473487
0 0.390583 0.640477 0.390626 0.641105 0.392452 0.647894 0.393849 0.652605 0.394138 0.652984 0.395246 0.653485 0.395653 0.653432 0.400279 0.649949 0.400557 0.649487 0.400540 0.648904 0.398983 0.644325 0.396490 0.637513 0.396194 0.637077 0.395528 0.636741 0.395097 0.636637 0.392578 0.637109 0.390794 0.639888
0 0.541910 0.394532 0.542499 0.396536 0.543618 0.398086 0.545097 0.398948 0.546711 0.398990 0.548214 0.398205 0.549377 0.396712 0.549462 0.396534 0.550110 0.394559 0.550141 0.392403 0.549551 0.390396 0.548430 0.388842 0.546948 0.387979 0.545331 0.387938 0.543826 0.388724 0.542661 0.390219 0.542588 0.390408 0.541941 0.392380
0 0.538262 0.596928 0.538438 0.597373 0.550138 0.624474 0.566151 0.630225 0.586477 0.614624 0.588634 0.603949 0.588228 0.603474 0.540409 0.586301
0 0.641213 0.609590 0.641863 0.610095 0.649624 0.614062 0.655575 0.593365 0.654862 0.592937 0.647137 0.588988
0 0.332721 0.641111 0.338823 0.648636 0.339562 0.647955 0.362033 0.615557 0.355958 0.608066 0.355295 0.608564
0 0.411855 0.474922 0.411910 0.475224 0.412400 0.475806 0.413248 0.476579 0.414325 0.477427 0.415470 0.478221 0.416509 0.478843 0.417287 0.479198 0.417685 0.479231 0.419395 0.477362 0.422454 0.465242 0.422427 0.465003 0.422072 0.464554 0.421443 0.463961 0.420635 0.463315 0.419772 0.462717 0.418987 0.462256 0.418400 0.462005 0.418101 0.462001 0.412114 0.471973
0 0.425593 0.518927 0.426449 0.522179 0.430352 0.530289 0.444768 0.519500 0.444537 0.518731 0.440768 0.509777 0.440005 0.508141 0.439687 0.507946 0.439136 0.508178 0.426178 0.517876 0.425710 0.518407
0 0.543831 0.542562 0.544033 0.542758 0.559252 0.551677 0.565941 0.531385 0.550722 0.522466 0.550489 0.522363
0 0.391927 0.466093 0.392104 0.488191 0.392536 0.488238 0.409043 0.488003 0.408867 0.465994 0.408501 0.465857
0 0.382842 0.632923 0.385081 0.642793 0.386119 0.644034 0.401457 0.635597 0.399145 0.625803 0.398165 0.624494
0 0.494635 0.572166 0.494667 0.572821 0.494733 0.573639 0.494826 0.574492 0.494929 0.575252 0.495028 0.575802 0.495107 0.576057 0.519070 0.573850 0.519891 0.573699 0.521526 0.572283 0.521562 0.572174 0.521542 0.571583 0.521470 0.570603 0.521356 0.569383 0.521218 0.568106 0.521077 0.566965 0.520953 0.566134 0.520867 0.565738 0.519015 0.564972 0.518195 0.565124 0.494692 0.571700 0.494644 0.571773
