0 0.433566 0.622446 0.433803 0.623313 0.434580 0.624431 0.436478 0.625516 0.437041 0.625742 0.437889 0.625461 0.438892 0.624714 0.439897 0.623615 0.440748 0.622335 0.441315 0.621070 0.441511 0.620014 0.440879 0.617544 0.440628 0.616690 0.439857 0.615569 0.439149 0.615308 0.437129 0.615369 0.436495 0.615588 0.435747 0.616151 0.434997 0.616970 0.434359 0.617924 0.433929 0.618867 0.433772 0.619658
0 0.450629 0.423951 0.452923 0.434650 0.455678 0.434513 0.483803 0.423789 0.485316 0.423159 0.485581 0.419430 0.485516 0.418398 0.485310 0.417180 0.484993 0.415959 0.484614 0.414921 0.484230 0.414221 0.483046 0.412571 0.478084 0.412356
0 0.549144 0.341202 0.550763 0.343344 0.551231 0.343681 0.551977 0.344040 0.552889 0.344366 0.560948 0.346856 0.561890 0.347102 0.562721 0.347231 0.563317 0.347222 0.563585 0.347078 0.565225 0.346170 0.565980 0.344392 0.568241 0.331377 0.551973 0.326352 0.551379 0.328336
0 0.498539 0.517548 0.499846 0.521711 0.506315 0.542314 0.507618 0.546463 0.515310 0.550665 0.534221 0.489134 0.526529 0.484932 0.526468 0.484966 0.523406 0.486675 0.523363 0.486699 0.518798 0.489247 0.504843 0.497037 0.504820 0.497051 0.498546 0.517467 0.498542 0.517507
0 0.386060 0.479123 0.386172 0.479508 0.386410 0.480098 0.386738 0.480802 0.398551 0.504848 0.398916 0.505554 0.399261 0.506151 0.399533 0.506547 0.399690 0.506682 0.413531 0.494593 0.413537 0.494458 0.413405 0.494062 0.413155 0.493468 0.412824 0.492764 0.401064 0.468829 0.400701 0.468119 0.400358 0.467505 0.400088 0.467081 0.399931 0.466912 0.386091 0.479001
0 0.477820 0.541451 0.479667 0.545124 0.480591 0.546960 0.482439 0.550632 0.496211 0.538314 0.496220 0.538226 0.496226 0.538161 0.491625 0.529016 0.477909 0.541285
0 0.458846 0.454674 0.459368 0.465667 0.460906 0.465573 0.480813 0.463893 0.484056 0.463223 0.484585 0.460137 0.484747 0.459014 0.484761 0.457728 0.484626 0.456474 0.483529 0.452124 0.464940 0.453121
0 0.547188 0.444054 0.548065 0.452975 0.548176 0.453237 0.548491 0.453620 0.548961 0.454065 0.549516 0.454504 0.550069 0.454870 0.550538 0.455107 0.550849 0.455179 0.565325 0.449056 0.565407 0.448732 0.565597 0.447419 0.565809 0.445571 0.566101 0.442561 0.566296 0.440028 0.566325 0.438803 0.566255 0.438068 0.559415 0.436834 0.558694 0.436725 0.552841 0.436030 0.549754 0.435673 0.547758 0.437575 0.547694 0.438061 0.547597 0.438965 0.547484 0.440149 0.547371 0.441435 0.547275 0.442627 0.547211 0.443547
0 0.483286 0.493626 0.483363 0.493656 0.499911 0.493809 0.500026 0.471746 0.500026 0.471615 0.483402 0.471461
0 0.456215 0.579458 0.468493 0.594322 0.484483 0.586054 0.485319 0.584826 0.485386 0.584438 0.461859 0.555956 0.461684 0.556213 0.461027 0.557178 0.460848 0.557441
0 0.488879 0.592495 0.505443 0.594385 0.506861 0.572300 0.506829 0.571969 0.490341 0.570087 0.490297 0.570410
0 0.406721 0.608004 0.407003 0.610127 0.407872 0.611945 0.409197 0.613181 0.410776 0.613647 0.412368 0.613271 0.413732 0.612112 0.413880 0.611920 0.414805 0.610156 0.415154 0.608054 0.414873 0.605935 0.414005 0.604120 0.412683 0.602887 0.411106 0.602421 0.409517 0.602796 0.408156 0.603953 0.407998 0.604132 0.407071 0.605899
