0 0.553035 0.476612 0.554587 0.489655 0.556817 0.491572 0.557478 0.491474 0.557744 0.491422 0.558351 0.491298 0.559205 0.491120 0.560176 0.490916 0.561116 0.490716 0.561878 0.490552 0.562348 0.490448 0.562454 0.490421 0.564207 0.487648 0.562618 0.474300 0.554275 0.476065
0 0.401820 0.367003 0.411418 0.385223 0.412430 0.386535 0.420536 0.378944 0.420568 0.375085 0.420564 0.375043 0.420343 0.374595 0.419940 0.373809 0.419415 0.372806 0.414660 0.363780 0.414091 0.362707 0.413564 0.361726 0.413157 0.360983 0.412934 0.360593 0.410019 0.359325
0 0.485898 0.597889 0.489321 0.600422 0.493366 0.602709 0.501256 0.585173 0.504718 0.571404 0.497277 0.566571 0.496627 0.568053 0.487760 0.590928
0 0.543459 0.506610 0.545491 0.529267 0.546174 0.530649 0.546387 0.530790 0.573109 0.507312 0.572423 0.505924 0.571079 0.504887 0.563798 0.499270 0.560989 0.497103 0.557542 0.494444 0.557277 0.494470
0 0.495093 0.600624 0.496118 0.604715 0.498239 0.607973 0.501134 0.609899 0.502230 0.610003 0.504361 0.610203 0.507430 0.608836 0.509872 0.606008 0.510827 0.603459 0.511318 0.602148 0.511545 0.597845 0.511499 0.597454 0.510478 0.593378 0.508365 0.590134 0.506461 0.588867 0.505492 0.588367 0.504391 0.588113 0.502268 0.587913 0.499211 0.589274 0.496778 0.592091 0.495828 0.594630 0.495331 0.596100 0.495262 0.597391 0.495113 0.600221
0 0.435108 0.405654 0.435372 0.407781 0.436227 0.409610 0.436337 0.409766 0.437650 0.411018 0.439222 0.411505 0.440815 0.411153 0.442185 0.410014 0.443124 0.408264 0.443489 0.406168 0.443225 0.404044 0.442371 0.402218 0.442272 0.402049 0.440957 0.400795 0.439382 0.400307 0.437787 0.400660 0.436414 0.401800 0.435473 0.403553
0 0.484450 0.521517 0.484480 0.522009 0.484533 0.522732 0.484868 0.526903 0.486757 0.548896 0.487130 0.552967 0.487198 0.553653 0.487248 0.554088 0.487273 0.554208 0.503712 0.551698 0.503651 0.550973 0.503588 0.550238 0.501074 0.520965 0.500942 0.519432 0.500902 0.518971 0.500888 0.518821 0.484450 0.521331
0 0.491809 0.575166 0.508234 0.578126 0.510454 0.556226 0.510412 0.556001 0.494052 0.553053 0.494029 0.553266
0 0.677349 0.224607 0.684877 0.244196 0.699568 0.234157 0.700370 0.233090 0.692811 0.213423 0.678061 0.223501
0 0.555123 0.670100 0.555424 0.670834 0.565633 0.688333 0.572179 0.681490 0.575353 0.677878 0.575838 0.677326 0.576219 0.676800 0.576437 0.676380 0.576461 0.676131 0.575079 0.671963 0.568977 0.661504 0.566290 0.658699 0.566124 0.658673 0.565785 0.658858 0.565325 0.659225 0.564814 0.659719
0 0.434236 0.177165 0.434292 0.177983 0.435062 0.188009 0.435275 0.188238 0.435669 0.188615 0.436184 0.189081 0.436742 0.189565 0.437257 0.189994 0.437650 0.190300 0.437861 0.190440 0.452358 0.184830 0.452574 0.184270 0.452949 0.182619 0.453286 0.180535 0.453648 0.177364 0.453779 0.174888 0.453617 0.173931 0.453219 0.173677 0.446528 0.171900 0.440223 0.170289 0.437173 0.169544 0.434987 0.171607 0.434767 0.172280 0.434553 0.173351 0.434377 0.174657 0.434265 0.175997
0 0.548059 0.395637 0.556281 0.396876 0.556540 0.396401 0.557473 0.385388 0.549213 0.384144 0.548987 0.384675
