0 0.470384 0.614482 0.470595 0.616148 0.477931 0.619985 0.479016 0.620507 0.479484 0.620643 0.479761 0.620581 0.480178 0.618097 0.480153 0.617682 0.480064 0.616877 0.479201 0.610040 0.478713 0.609651 0.471384 0.611295 0.471061 0.611865
0 0.417124 0.444791 0.430805 0.457197 0.431074 0.457075 0.442516 0.434642 0.442759 0.434160 0.442992 0.433684 0.443212 0.433219 0.443416 0.432773 0.443601 0.432352 0.432671 0.422440 0.429938 0.419962 0.429214 0.420062 0.428992 0.420093 0.428747 0.420530 0.428498 0.420991 0.428251 0.421466 0.428008 0.421949 0.427773 0.422435
0 0.585999 0.664344 0.586179 0.664553 0.586563 0.664870 0.587091 0.665248 0.591563 0.668120 0.599149 0.672741 0.606030 0.652559 0.605598 0.651893 0.594176 0.644843 0.593613 0.644515 0.593164 0.644286 0.592897 0.644188 0.592853 0.644239 0.590726 0.647800 0.587642 0.656847 0.586614 0.659863
0 0.542383 0.490257 0.542480 0.491126 0.543828 0.493222 0.544262 0.493596 0.545321 0.494297 0.547480 0.493285 0.547886 0.493052 0.548380 0.492397 0.548886 0.491421 0.549329 0.490270 0.549641 0.489120 0.549776 0.488143 0.549712 0.487488 0.549035 0.484648 0.548611 0.484255 0.547548 0.483559 0.545452 0.483405 0.544907 0.483701 0.544242 0.484567 0.543561 0.485870 0.542968 0.487411 0.542554 0.488952
0 0.377121 0.734300 0.459029 0.753165 0.459217 0.752004 0.462034 0.730263 0.380501 0.711485 0.379950 0.712458
0 0.535165 0.517239 0.535250 0.517826 0.535581 0.518272 0.537944 0.520048 0.540583 0.519424 0.540998 0.519150 0.541209 0.518630 0.541380 0.517799 0.542379 0.510497 0.543023 0.505691 0.542923 0.505155 0.542549 0.504852 0.537175 0.503626 0.536753 0.503747 0.536538 0.504211 0.536238 0.505540 0.535778 0.510398
0 0.505720 0.490049 0.521316 0.523773 0.521562 0.524047 0.523777 0.524749 0.523970 0.524649 0.524458 0.524298 0.525166 0.523749 0.525987 0.523086 0.533077 0.517257 0.533882 0.516583 0.534546 0.516004 0.534968 0.515608 0.535083 0.515455 0.535776 0.512362 0.534899 0.510466 0.512893 0.484091 0.505786 0.489934
0 0.366310 0.649510 0.367450 0.676498 0.370824 0.676245 0.380944 0.675485 0.384317 0.675231 0.384856 0.674415 0.386962 0.671226 0.385847 0.644855 0.383841 0.643108 0.383015 0.643170 0.370625 0.644101 0.368822 0.646109 0.368210 0.646791
0 0.406882 0.554926 0.416684 0.572746 0.417017 0.572455 0.430329 0.559438 0.420566 0.541689 0.420247 0.541856
0 0.482584 0.496699 0.489853 0.516574 0.504759 0.506882 0.497490 0.487008
0 0.400681 0.453288 0.413823 0.466707 0.413890 0.466755 0.414102 0.466539 0.414427 0.466092 0.414816 0.465482 0.415209 0.464801 0.427708 0.442118 0.428053 0.441459 0.428294 0.440925 0.428396 0.440597 0.428342 0.440525 0.415135 0.427039 0.414923 0.427224 0.414595 0.427649 0.414203 0.428252 0.413805 0.428938 0.401320 0.451789 0.400984 0.452444 0.400760 0.452970
0 0.501879 0.570464 0.501904 0.571753 0.501953 0.572981 0.502019 0.573962 0.502091 0.574547 0.502160 0.574645 0.503951 0.575674 0.504778 0.575639 0.528640 0.572450 0.528697 0.572179 0.528735 0.571614 0.528746 0.570842 0.528729 0.569979 0.528687 0.569159 0.528626 0.568507 0.528556 0.568122 0.528487 0.568063 0.504515 0.566844 0.503689 0.566877 0.501966 0.568047 0.501913 0.568458 0.501882 0.569307
0 0.514935 0.555777 0.516253 0.566641 0.516328 0.566947 0.532699 0.563416 0.531375 0.552502 0.531232 0.552262
0 0.461991 0.339967 0.462000 0.340114 0.463054 0.344139 0.465200 0.347336 0.468110 0.349217 0.471340 0.349494 0.474398 0.348126 0.476818 0.345322 0.478231 0.341512 0.478423 0.337275 0.478425 0.337127 0.477368 0.333106 0.475952 0.330302 0.475222 0.329215 0.474232 0.328576 0.472315 0.328036 0.469088 0.327756 0.466030 0.329118 0.464399 0.330270 0.463573 0.331223 0.463090 0.332520 0.462189 0.335725
0 0.389729 0.482909 0.390431 0.486385 0.390713 0.486849 0.391237 0.487556 0.391924 0.488399 0.392667 0.489248 0.393354 0.489973 0.393878 0.490463 0.394159 0.490643 0.397163 0.490408 0.408815 0.489479 0.409911 0.487833 0.397562 0.473225 0.396378 0.472916
