0 0.552924 0.229928 0.553564 0.234151 0.555367 0.237726 0.556978 0.240063 0.557889 0.240869 0.558963 0.241150 0.561230 0.240936 0.564397 0.240083 0.567078 0.237679 0.568058 0.236084 0.568663 0.234868 0.568865 0.234089 0.568909 0.233918 0.569530 0.229688 0.568890 0.225462 0.567086 0.221885 0.564392 0.219501 0.561219 0.218673 0.558050 0.219527 0.555367 0.221932 0.553580 0.225524 0.553545 0.225701 0.553388 0.226504 0.553178 0.227936
0 0.477666 0.373408 0.477871 0.374567 0.479255 0.376542 0.479471 0.376729 0.480030 0.376934 0.480846 0.377128 0.481797 0.377280 0.490034 0.378327 0.490977 0.378416 0.491773 0.378427 0.492300 0.378360 0.492479 0.378223 0.494326 0.376658 0.494410 0.375704 0.494724 0.371321 0.495194 0.364747 0.495267 0.363495 0.495223 0.362234 0.494386 0.361969 0.492724 0.361757 0.482748 0.360489 0.481086 0.360278 0.479423 0.360067 0.478616 0.360123
0 0.297972 0.748037 0.315622 0.761342 0.318350 0.759881 0.318562 0.759578 0.321680 0.755118 0.328195 0.739752 0.327963 0.736204 0.310716 0.723203 0.307190 0.727361 0.306288 0.728425 0.304624 0.732348
0 0.413801 0.247358 0.415146 0.251835 0.415433 0.252260 0.416024 0.252814 0.416829 0.253413 0.417727 0.253967 0.418582 0.254392 0.419265 0.254624 0.419672 0.254628 0.422400 0.254499 0.423676 0.250438 0.422794 0.247553 0.415092 0.243250
0 0.295126 0.618391 0.324976 0.637685 0.325776 0.637056 0.332978 0.617247 0.303265 0.598041 0.302362 0.598491
0 0.340990 0.434430 0.341192 0.435212 0.341657 0.436520 0.342313 0.438155 0.343061 0.439863 0.343784 0.441382 0.344372 0.442478 0.344734 0.442985 0.345837 0.442182 0.352077 0.437634 0.366223 0.425752 0.366252 0.425664 0.366077 0.425115 0.365725 0.424188 0.365441 0.423492 0.365037 0.422532 0.364721 0.421799 0.364221 0.420697 0.363824 0.419885 0.363590 0.419488 0.348427 0.428947 0.347326 0.429748 0.342184 0.433489 0.341082 0.434291
0 0.275146 0.545039 0.277330 0.547967 0.282115 0.554254 0.287123 0.560753 0.287768 0.560575 0.289198 0.559173 0.290945 0.557047 0.292051 0.555481 0.292878 0.554054 0.293121 0.553419 0.288396 0.534389 0.288204 0.534173 0.287803 0.533860 0.287256 0.533496 0.286645 0.533139 0.286064 0.532842 0.285602 0.532651 0.285329 0.532595 0.278210 0.537501 0.277519 0.538119 0.276761 0.538953 0.276053 0.539877 0.275504 0.540748 0.275198 0.541432 0.275181 0.541826
0 0.500397 0.260881 0.501846 0.261938 0.513050 0.257564 0.515540 0.255458 0.515781 0.255100 0.516156 0.254341 0.516608 0.253294 0.517068 0.252118 0.517468 0.250990 0.517746 0.250081 0.517860 0.249529 0.517208 0.244992 0.508417 0.238580 0.500402 0.258116
0 0.546150 0.802230 0.546792 0.806433 0.554157 0.811736 0.558134 0.801917 0.557337 0.797776 0.550073 0.792545
0 0.390501 0.348626 0.390566 0.348763 0.390737 0.349122 0.390809 0.349271 0.391135 0.349607 0.391477 0.349955 0.391827 0.350308 0.392181 0.350660 0.392535 0.351011 0.408907 0.367127 0.418713 0.349417 0.418688 0.349232 0.402094 0.332416 0.401735 0.332054 0.401381 0.331704 0.401036 0.331368 0.400705 0.331051 0.400394 0.330759
0 0.616272 0.423558 0.617459 0.434451 0.620153 0.437133 0.633475 0.450392 0.636170 0.453073 0.652509 0.449910 0.653209 0.449680 0.667240 0.424617 0.666048 0.413674 0.616806 0.423207
0 0.442686 0.478840 0.451480 0.485151 0.454639 0.478418 0.460172 0.464711 0.462636 0.457515 0.453842 0.451204 0.450679 0.454064 0.450524 0.454226 0.450211 0.454812 0.449788 0.455732 0.449321 0.456846 0.443723 0.470712 0.443284 0.471845 0.442942 0.472820 0.442749 0.473487 0.442734 0.473745
0 0.496165 0.511034 0.510992 0.520945 0.518425 0.501175 0.503597 0.491264 0.503581 0.491304 0.496182 0.510984
0 0.565658 0.443394 0.566492 0.446084 0.574279 0.453386 0.574495 0.453475 0.574953 0.453203 0.575585 0.452608 0.576294 0.451782 0.576972 0.450851 0.577513 0.449958 0.577836 0.449240 0.577890 0.448807 0.572510 0.438416 0.570471 0.437253 0.570190 0.437162 0.569587 0.437552 0.568754 0.438361 0.567818 0.439467 0.566920 0.440702 0.566194 0.441881 0.565751 0.442826
0 0.496601 0.467782 0.496617 0.467929 0.509641 0.481459 0.570522 0.377265 0.570846 0.376701 0.557762 0.363110
0 0.532214 0.766342 0.532548 0.768250 0.534367 0.770995 0.534524 0.770983 0.538154 0.769505 0.538495 0.769280 0.538933 0.768826 0.539349 0.768263 0.539632 0.767744 0.542337 0.760459 0.542887 0.758710 0.541789 0.757054 0.540862 0.757081 0.534819 0.760204 0.534480 0.760433 0.534045 0.760888 0.533629 0.761448 0.533343 0.761962
0 0.477134 0.544233 0.491983 0.554659 0.495892 0.544760 0.495949 0.544144 0.481304 0.533862 0.481044 0.534334
0 0.660458 0.351260 0.662332 0.362007 0.678452 0.357011 0.679274 0.356352 0.677392 0.345556 0.661197 0.350575
0 0.695605 0.655011 0.698280 0.658384 0.698732 0.658608 0.699495 0.658830 0.700454 0.659014 0.701461 0.659133 0.709778 0.659803 0.710677 0.659838 0.711328 0.659784 0.711630 0.659648 0.714321 0.658029 0.715546 0.635919 0.715747 0.631474 0.713281 0.629971 0.696801 0.628643
0 0.555911 0.526614 0.556168 0.526736 0.603370 0.547727 0.608617 0.526749 0.561415 0.505757 0.561135 0.505731
