0 0.753837 0.349125 0.833125 0.361149 0.834659 0.360510 0.870897 0.121551 0.791244 0.109471 0.789909 0.111260
0 0.330210 0.940023 0.331340 0.942427 0.337608 0.950472 0.342576 0.953189 0.345485 0.953484 0.355360 0.950156 0.357737 0.948700 0.360395 0.945832 0.362932 0.941989 0.364965 0.937753 0.366188 0.933762 0.366415 0.930619 0.363890 0.920984 0.362543 0.917942 0.357572 0.915253 0.354690 0.914879 0.344989 0.913989 0.341799 0.915877 0.338223 0.919676 0.334810 0.924807 0.332086 0.930483 0.330470 0.935829
0 0.593331 0.565259 0.593481 0.576066 0.593648 0.576202 0.596056 0.577181 0.600345 0.578856 0.605863 0.580973 0.611761 0.583206 0.617130 0.585210 0.621144 0.586678 0.623193 0.587386 0.630479 0.579388 0.632617 0.573738 0.628201 0.562910 0.628030 0.562826 0.626190 0.562112 0.622966 0.560878 0.618848 0.559312 0.614459 0.557650 0.610461 0.556144 0.607457 0.555021 0.605906 0.554451 0.595465 0.559622
0 0.822820 0.046494 0.825863 0.051354 0.834371 0.057302 0.836255 0.058433 0.839962 0.058089 0.844932 0.056317 0.850405 0.053385 0.855540 0.049741 0.859544 0.045948 0.861804 0.042589 0.861980 0.040178 0.860399 0.029909 0.857371 0.025026 0.854970 0.023680 0.844720 0.021600 0.841935 0.021900 0.838219 0.023256 0.834137 0.025461 0.830304 0.028181 0.827300 0.031005 0.825579 0.033507 0.823114 0.043479
0 0.327587 0.815859 0.331473 0.824647 0.333550 0.827340 0.337750 0.829485 0.343432 0.830751 0.349724 0.830941 0.355658 0.830026 0.360320 0.828148 0.363001 0.825599 0.367048 0.817051 0.367413 0.813530 0.367498 0.808117 0.364842 0.804795 0.358067 0.798908 0.354907 0.797331 0.350657 0.796401 0.345961 0.796259 0.341525 0.796926 0.338021 0.798303 0.331502 0.803788 0.328095 0.806927 0.327648 0.810436
0 0.257675 0.075055 0.258361 0.082862 0.261983 0.089810 0.262392 0.090515 0.268386 0.095541 0.275848 0.097890 0.283641 0.097206 0.290578 0.093590 0.295604 0.087596 0.297953 0.080134 0.297268 0.072341 0.296919 0.071605 0.293297 0.064656 0.287293 0.059621 0.279818 0.057269 0.272012 0.057954 0.265063 0.061576 0.260028 0.067581
0 0.399747 0.553883 0.419832 0.632276 0.466868 0.620225 0.473342 0.609618 0.473150 0.608585 0.472532 0.605935 0.471584 0.602075 0.470449 0.597590 0.469298 0.593155 0.468306 0.589441 0.467622 0.587010 0.467351 0.586235 0.457318 0.580102 0.408642 0.551282 0.400892 0.553267
0 0.909450 0.736754 0.910207 0.738801 0.911717 0.742078 0.913750 0.746089 0.916000 0.750229 0.918127 0.753873 0.919810 0.756470 0.920791 0.757621 0.934599 0.762274 0.975919 0.746299 0.983167 0.742491 0.964124 0.706254 0.953516 0.701539 0.911025 0.723868
0 0.428708 0.072568 0.430228 0.078765 0.444206 0.133547 0.450762 0.158034 0.470504 0.154615 0.489841 0.148065 0.481155 0.110949 0.467529 0.062664
0 0.601930 0.039896 0.601976 0.046318 0.604074 0.102814 0.605974 0.127911 0.625718 0.128831 0.646277 0.126422 0.646431 0.088039 0.641967 0.038417
0 0.940672 0.413278 0.942597 0.425354 0.985975 0.445905 0.991594 0.445280 0.993916 0.438109 1.000000 0.416796 1.000000 0.408713 0.965038 0.387925 0.959723 0.389205 0.951195 0.392180 0.950207 0.393151 0.948588 0.395629 0.946582 0.399234 0.944495 0.403420 0.942640 0.407555 0.941298 0.411016
0 0.202867 0.100250 0.217399 0.116465 0.231132 0.129028 0.252838 0.113017 0.275791 0.084528 0.247497 0.055722 0.225539 0.071397
0 0.892259 0.900218 0.896794 0.904845 0.931207 0.939099 0.959752 0.910422 0.925339 0.876168 0.920478 0.871869 0.909971 0.873835 0.907672 0.875268 0.904615 0.877754 0.901262 0.880918 0.898119 0.884281 0.895660 0.887335 0.894259 0.889620
0 0.395949 0.328667 0.396045 0.331089 0.396286 0.334877 0.396634 0.339453 0.397037 0.344113 0.397433 0.348142 0.397760 0.350924 0.397970 0.352036 0.407674 0.360165 0.455515 0.356273 0.452271 0.316404 0.451719 0.314282 0.403325 0.318220 0.396012 0.327977
0 0.344798 0.719070 0.344886 0.720234 0.345549 0.722973 0.346686 0.726873 0.348125 0.731337 0.366350 0.785585 0.367864 0.789912 0.369216 0.793424 0.370200 0.795584 0.370664 0.796066 0.384016 0.808899 0.429887 0.793488 0.421447 0.764305 0.403432 0.710682 0.393564 0.685368 0.347693 0.700778
0 0.228040 0.369625 0.268718 0.395837 0.284813 0.386678 0.285596 0.386055 0.287253 0.383983 0.289531 0.380781 0.292085 0.376934 0.322869 0.329161 0.325322 0.325237 0.327312 0.321815 0.328538 0.319413 0.328809 0.318401 0.330499 0.299959 0.289821 0.273748 0.272523 0.296055 0.241378 0.344388
0 0.000000 0.243274 0.007082 0.285962 0.025600 0.285788 0.027038 0.285638 0.029875 0.284646 0.033677 0.282964 0.037869 0.280848 0.088003 0.254079 0.091966 0.251841 0.095115 0.249812 0.096972 0.248298 0.107697 0.232240 0.084905 0.189552 0.056135 0.200543 0.019656 0.220020 0.005414 0.227625 0.000000 0.237902
0 0.160718 0.174415 0.165378 0.178888 0.198545 0.201421 0.254246 0.190788 0.276779 0.157621 0.273672 0.152852 0.240043 0.130004 0.224184 0.133031 0.183565 0.140785
0 0.021155 0.816893 0.021918 0.820622 0.024140 0.825107 0.029628 0.832745 0.036548 0.841100 0.041016 0.845831 0.044445 0.848721 0.045521 0.849013 0.117464 0.830659 0.118556 0.829917 0.120011 0.828194 0.121608 0.825752 0.123100 0.822964 0.124260 0.820258 0.124911 0.818047 0.124954 0.816668 0.111701 0.787505 0.110763 0.785569 0.108852 0.782561 0.106260 0.778939 0.103377 0.775249 0.100638 0.772049 0.098458 0.769822 0.097168 0.768908 0.086033 0.768006 0.073066 0.777135 0.050186 0.793352 0.047393 0.795500
0 0.236172 0.684993 0.236374 0.688054 0.236991 0.691091 0.237931 0.693639 0.239047 0.695309 0.268314 0.713054 0.271040 0.714119 0.274982 0.715318 0.279534 0.716468 0.283997 0.717392 0.287686 0.717948 0.290038 0.718052 0.290699 0.717689 0.299507 0.711742 0.300279 0.710795 0.312243 0.668866 0.313066 0.665466 0.319648 0.633320 0.319770 0.632591 0.313578 0.630502 0.303360 0.627757 0.295476 0.625916 0.287944 0.624418 0.284340 0.623877 0.280337 0.623903 0.237072 0.680605 0.236418 0.682377
0 0.112549 0.578844 0.112607 0.581932 0.113566 0.584633 0.116530 0.592186 0.122104 0.598926 0.125104 0.602449 0.159623 0.606493 0.175362 0.608256 0.182599 0.609043 0.203558 0.611235 0.207133 0.607229 0.209221 0.599025 0.210947 0.585807 0.211059 0.577157 0.208705 0.571813 0.204775 0.570984 0.187124 0.568531 0.130360 0.562191 0.126644 0.564154 0.119444 0.569872 0.115035 0.573382 0.113402 0.575841
0 0.261220 0.884370 0.261298 0.885776 0.283568 0.955960 0.284146 0.956543 0.288076 0.957658 0.294225 0.958743 0.304843 0.960033 0.314341 0.960671 0.319671 0.960399 0.323833 0.959473 0.328138 0.926027 0.328468 0.922522 0.330819 0.878725 0.323958 0.869686 0.322705 0.869229 0.319824 0.868692 0.315754 0.868154 0.311111 0.867699 0.306596 0.867393 0.302890 0.867284 0.300556 0.867389 0.269214 0.872032 0.267936 0.872710 0.266303 0.874363 0.264565 0.876740 0.262987 0.879479 0.261812 0.882159
