0 0.485032 0.552267 0.507689 0.562985 0.508488 0.563282 0.510411 0.562859 0.510460 0.562798 0.510603 0.562265 0.510819 0.561343 0.511075 0.560172 0.511332 0.558928 0.511551 0.557799 0.511699 0.556957 0.511753 0.556528 0.510282 0.554844 0.509484 0.554548 0.485948 0.548066 0.485893 0.548093 0.485777 0.548436 0.485617 0.549044 0.485438 0.549823 0.485266 0.550655 0.485129 0.551411 0.485046 0.551978
0 0.549212 0.611983 0.550363 0.614602 0.555878 0.623133 0.563556 0.614308 0.563441 0.610394 0.562712 0.609125 0.562506 0.608790 0.562084 0.608125 0.561512 0.607231 0.560876 0.606244 0.560272 0.605312 0.559790 0.604577 0.559505 0.604149 0.559460 0.604095 0.556714 0.603360
0 0.511689 0.581377 0.511743 0.581752 0.520047 0.582219 0.520397 0.571146 0.520304 0.570820 0.512037 0.570355
0 0.558326 0.596232 0.559819 0.599280 0.560179 0.599694 0.560636 0.599766 0.565894 0.598423 0.569602 0.597463 0.570431 0.597147 0.570775 0.596826 0.570844 0.596251 0.569592 0.589130 0.569338 0.588651 0.568921 0.588554 0.565271 0.589757 0.559758 0.591576 0.559237 0.591754 0.558849 0.592074 0.558661 0.592648
0 0.401245 0.497798 0.407133 0.518456 0.407505 0.518382 0.422936 0.510562 0.417071 0.489987 0.416738 0.489947
0 0.456289 0.622018 0.460246 0.631779 0.466161 0.628529 0.476943 0.619063 0.473012 0.609366 0.472023 0.609934 0.461752 0.617345
0 0.471560 0.432748 0.471604 0.433609 0.471767 0.434753 0.472024 0.436003 0.472336 0.437169 0.472655 0.438070 0.472932 0.438570 0.473125 0.438594 0.482624 0.437242 0.484342 0.435440 0.484430 0.434838 0.484356 0.433692 0.484131 0.432174 0.483790 0.430515 0.483384 0.428964 0.482973 0.427754 0.482620 0.427070 0.482379 0.427017 0.480167 0.426720 0.471642 0.432299
0 0.457951 0.499504 0.458734 0.502502 0.461490 0.504615 0.466704 0.508580 0.467343 0.509029 0.473437 0.513029 0.473599 0.512932 0.474344 0.511283 0.475412 0.508679 0.476173 0.506717 0.476839 0.504886 0.477118 0.504039 0.477283 0.503204 0.468130 0.487603 0.467801 0.487363 0.467285 0.487160 0.466660 0.487026 0.466023 0.486981 0.465469 0.487032 0.465085 0.487171 0.464929 0.487377 0.460252 0.493761 0.460031 0.494093 0.459673 0.494821 0.459230 0.495836 0.458771 0.496981 0.458367 0.498081 0.458079 0.498967
0 0.339777 0.530161 0.339801 0.530205 0.350933 0.546612 0.353197 0.549886 0.354874 0.549315 0.367013 0.534398 0.353587 0.514977 0.350329 0.514834 0.349992 0.515025 0.349426 0.515531 0.348717 0.516275 0.347974 0.517143 0.341849 0.524671 0.341187 0.525528 0.340711 0.526241 0.340492 0.526700
0 0.508457 0.528561 0.508479 0.528772 0.508564 0.529447 0.508699 0.530482 0.508863 0.531721 0.513212 0.564300 0.513382 0.565564 0.513534 0.566671 0.513643 0.567453 0.513695 0.567791 0.515814 0.569960 0.522390 0.568400 0.525678 0.567619 0.519825 0.523778 0.519597 0.523507 0.509846 0.525821
0 0.435954 0.533088 0.436340 0.535183 0.437298 0.536921 0.438682 0.538038 0.440281 0.538363 0.441852 0.537849 0.441952 0.537783 0.443253 0.536508 0.444089 0.534666 0.444333 0.532538 0.443948 0.530447 0.442991 0.528712 0.441610 0.527597 0.440013 0.527272 0.438445 0.527786 0.438339 0.527834 0.437036 0.529111 0.436198 0.530956
0 0.590123 0.551150 0.590360 0.553279 0.591191 0.555126 0.592488 0.556409 0.592647 0.556506 0.594216 0.557030 0.595816 0.556713 0.597204 0.555604 0.598167 0.553872 0.598560 0.551779 0.598323 0.549646 0.597491 0.547796 0.596192 0.546511 0.596026 0.546431 0.594460 0.545908 0.592862 0.546224 0.591477 0.547331 0.590515 0.549061
0 0.477905 0.521380 0.479574 0.525333 0.486253 0.541146 0.501078 0.530014 0.501048 0.529189 0.494553 0.513811 0.492929 0.509967 0.490045 0.512132 0.481395 0.518627 0.478512 0.520792
0 0.527310 0.540914 0.527535 0.542166 0.528103 0.543209 0.528167 0.543308 0.528171 0.543314 0.528997 0.543989 0.532738 0.546783 0.536759 0.547810 0.537715 0.548013 0.538657 0.547711 0.539441 0.546953 0.539947 0.545852 0.542058 0.541058 0.542813 0.535503 0.542965 0.534227 0.542739 0.532971 0.542170 0.531926 0.541344 0.531251 0.541244 0.531176 0.537678 0.528565 0.533501 0.527364 0.532547 0.527162 0.531607 0.527462 0.530825 0.528219 0.530320 0.529317 0.528379 0.534277 0.527461 0.539641
0 0.459047 0.454712 0.467677 0.473152 0.467840 0.473222 0.468194 0.473106 0.468684 0.472820 0.469236 0.472408 0.487592 0.457341 0.488118 0.456869 0.488534 0.456411 0.488777 0.456038 0.488810 0.455806 0.480303 0.437265 0.480128 0.437225 0.479764 0.437367 0.479268 0.437671 0.476509 0.439660 0.462386 0.451253 0.459801 0.453649 0.459371 0.454107 0.459106 0.454480
0 0.396629 0.593443 0.403750 0.613582 0.412813 0.607885 0.413809 0.606652 0.414201 0.604259 0.414234 0.603894 0.414100 0.603128 0.413820 0.602080 0.413438 0.600908 0.409910 0.590931 0.409481 0.589809 0.409070 0.588904 0.408738 0.588353 0.406769 0.586743 0.397810 0.592375
0 0.566834 0.326291 0.578662 0.390578 0.594733 0.385321 0.595169 0.384793 0.583287 0.320211 0.567142 0.325492
