0 0.541285 0.527831 0.563423 0.560634 0.563715 0.560913 0.576073 0.546087 0.553833 0.513133 0.553587 0.513072
0 0.504091 0.602394 0.504186 0.604789 0.511268 0.610929 0.513110 0.607152 0.512810 0.604703 0.512453 0.602126 0.512278 0.601854 0.511813 0.601349 0.511129 0.600688 0.510330 0.599971 0.509536 0.599307 0.508868 0.598795 0.508425 0.598513 0.508278 0.598506 0.505890 0.598704
0 0.393932 0.586307 0.410156 0.591142 0.410568 0.590724 0.414178 0.569191 0.398028 0.564379 0.397559 0.564675
0 0.398955 0.378862 0.400953 0.382177 0.401271 0.382365 0.401915 0.382590 0.402787 0.382817 0.403754 0.383012 0.404671 0.383145 0.405399 0.383198 0.405828 0.383160 0.408294 0.381674 0.409579 0.368579 0.408533 0.367060 0.400254 0.365616
0 0.363841 0.201788 0.366296 0.223656 0.366907 0.224919 0.464863 0.205369 0.462420 0.183601 0.462247 0.182148
0 0.550623 0.412600 0.550642 0.413609 0.550687 0.414231 0.550749 0.414371 0.552176 0.417113 0.562078 0.417410 0.562796 0.416455 0.563171 0.394196 0.553154 0.393896 0.551048 0.396666 0.550976 0.397054 0.550907 0.397887 0.550851 0.399037 0.550817 0.400329 0.550631 0.411357
0 0.450754 0.389030 0.450838 0.389221 0.450951 0.389474 0.451905 0.391269 0.452860 0.393065 0.453815 0.394861 0.455725 0.398452 0.469191 0.385721 0.469121 0.385459 0.469067 0.385262 0.464274 0.376248
0 0.614380 0.520610 0.615191 0.522348 0.631527 0.554703 0.634300 0.557914 0.641222 0.551700 0.626613 0.520055 0.621232 0.514460 0.619152 0.515168 0.618313 0.515590 0.617464 0.516235 0.616735 0.517006
0 0.580811 0.679035 0.584135 0.689109 0.584521 0.689978 0.599701 0.681074 0.596362 0.670954 0.595922 0.670172
0 0.400561 0.418910 0.400588 0.418983 0.400691 0.419253 0.401066 0.419434 0.401460 0.419622 0.401867 0.419813 0.402280 0.420004 0.402696 0.420193 0.421964 0.428911 0.427269 0.408068 0.427292 0.407944 0.407918 0.398777 0.407498 0.398580 0.407083 0.398390 0.406675 0.398208 0.406283 0.398038 0.405913 0.397882 0.404842 0.402088 0.401631 0.414704
0 0.531343 0.588083 0.531487 0.588488 0.543121 0.604246 0.554939 0.588735 0.554688 0.588329 0.543108 0.572643
