0 0.404248 0.520351 0.404674 0.523934 0.406552 0.526249 0.406942 0.526498 0.407802 0.526302 0.408204 0.526183 0.412818 0.522534 0.415780 0.520085 0.416009 0.519634 0.415954 0.519052 0.413468 0.512725 0.413156 0.512370 0.411750 0.512646 0.411374 0.512726 0.408495 0.515399 0.404561 0.519253 0.404294 0.519720
0 0.427167 0.447281 0.428246 0.448055 0.446937 0.461449 0.446991 0.461487 0.454825 0.442056 0.436957 0.429077 0.436568 0.428795 0.436183 0.428518 0.435803 0.428247 0.435435 0.427987 0.435086 0.427742 0.435065 0.427770 0.435012 0.427844 0.434990 0.427875 0.433425 0.431756
0 0.549541 0.454165 0.549631 0.456315 0.550331 0.458256 0.551535 0.459691 0.553059 0.460403 0.554671 0.460283 0.556126 0.459349 0.556223 0.459279 0.557301 0.457672 0.557836 0.455636 0.557746 0.453483 0.557045 0.451539 0.555839 0.450101 0.554312 0.449388 0.552697 0.449508 0.551239 0.450443 0.551151 0.450528 0.550075 0.452133
0 0.293332 0.603495 0.301224 0.606885 0.302133 0.606397 0.304664 0.595922 0.296808 0.592547 0.295875 0.592972
0 0.535439 0.589773 0.535933 0.591024 0.563241 0.617030 0.568117 0.607928 0.567180 0.603961 0.566937 0.603677 0.566423 0.603143 0.565716 0.602440 0.564924 0.601675 0.558176 0.595248 0.544679 0.582395 0.543916 0.581678 0.543291 0.581113 0.542900 0.580785 0.542802 0.580745 0.540248 0.580795
0 0.556881 0.376370 0.558820 0.398282 0.567037 0.396989 0.567346 0.396515 0.565398 0.374502 0.557143 0.375801
0 0.595121 0.462846 0.601996 0.480037 0.602121 0.480261 0.602473 0.480536 0.602999 0.480820 0.603618 0.481070 0.604236 0.481247 0.604758 0.481324 0.605104 0.481291 0.611186 0.475306 0.611697 0.474618 0.612294 0.473681 0.612885 0.472637 0.613379 0.471648 0.613700 0.470864 0.613800 0.470406 0.613416 0.467257 0.610861 0.464651 0.606042 0.459742 0.605463 0.459168 0.599995 0.453932 0.599640 0.454093 0.598577 0.455647 0.597164 0.458038 0.596210 0.459814 0.595426 0.461446 0.595136 0.462183
0 0.270550 0.305855 0.270944 0.306189 0.271468 0.306632 0.287521 0.311761 0.288291 0.307481 0.289445 0.301059 0.288599 0.300260 0.272482 0.295110
0 0.440408 0.534492 0.442155 0.536926 0.442266 0.537009 0.442738 0.537149 0.443498 0.537325 0.444430 0.537509 0.445392 0.537673 0.446235 0.537792 0.446831 0.537848 0.447089 0.537833 0.449266 0.535600 0.450619 0.522518 0.442442 0.521015 0.441776 0.521258
0 0.394043 0.554918 0.395154 0.576980 0.411701 0.575498 0.412104 0.575153 0.410998 0.553192 0.394528 0.554667
0 0.539126 0.612584 0.539578 0.613886 0.561039 0.641049 0.562525 0.642063 0.564665 0.640309 0.564984 0.639824 0.565402 0.638967 0.565855 0.637869 0.569653 0.627983 0.570070 0.626815 0.570387 0.625759 0.570554 0.624976 0.570548 0.624586 0.570138 0.622246 0.569336 0.620849 0.542888 0.602789
0 0.440450 0.367194 0.441184 0.368719 0.447537 0.381763 0.450295 0.387340 0.453987 0.384803 0.457275 0.381297 0.452952 0.372116 0.447383 0.361191
0 0.530088 0.396481 0.532303 0.404375 0.533683 0.408339 0.537219 0.418491 0.540001 0.424943 0.549057 0.419335 0.549234 0.414245 0.549219 0.413902 0.549046 0.413149 0.548741 0.412101 0.548350 0.410919 0.543376 0.396638 0.542961 0.395507 0.542587 0.394603 0.542311 0.394066 0.539144 0.390873
0 0.576460 0.583653 0.578435 0.610118 0.579264 0.612021 0.580180 0.613316 0.594623 0.602141 0.584565 0.579032 0.583599 0.578129 0.581758 0.577655 0.581487 0.577679 0.580930 0.577953 0.580173 0.578434 0.579331 0.579049 0.578530 0.579705 0.577891 0.580304 0.577512 0.580755
0 0.502344 0.612000 0.502399 0.614620 0.512908 0.637736 0.527355 0.626060 0.526730 0.623178 0.516461 0.600591 0.514226 0.600078 0.502907 0.609226
