0 0.483925 0.594596 0.489870 0.598859 0.491379 0.599794 0.491475 0.599578 0.491720 0.598902 0.498039 0.580777 0.498287 0.580040 0.498392 0.579678 0.498404 0.579105 0.490915 0.574463 0.483952 0.594433
0 0.408317 0.556218 0.424215 0.563370 0.425257 0.562499 0.427903 0.552046 0.412223 0.544992 0.410999 0.545619
0 0.482386 0.614245 0.482536 0.614890 0.482893 0.615870 0.483403 0.617033 0.483987 0.618203 0.484328 0.618799 0.484744 0.619469 0.485023 0.619869 0.485315 0.620110 0.499642 0.609201 0.500677 0.608294 0.506546 0.603149 0.506607 0.602875 0.506354 0.602005 0.505828 0.600675 0.505109 0.599086 0.504305 0.597476 0.503537 0.596088 0.502921 0.595131 0.502549 0.594751 0.501515 0.595658 0.495662 0.600797 0.482465 0.614032
0 0.489141 0.487540 0.489428 0.490827 0.489563 0.490971 0.489979 0.491405 0.490610 0.492063 0.491362 0.492845 0.492118 0.493630 0.492763 0.494299 0.493197 0.494749 0.493356 0.494911 0.495774 0.494449 0.507955 0.473620 0.508047 0.473315 0.494878 0.459624 0.493851 0.461380
0 0.497099 0.497995 0.497453 0.498367 0.513707 0.502537 0.517049 0.480725 0.516617 0.480424 0.500411 0.476191
0 0.436436 0.610654 0.436722 0.613246 0.436772 0.613575 0.437083 0.614214 0.437608 0.615066 0.438266 0.616000 0.438957 0.616873 0.439574 0.617551 0.440023 0.617930 0.442325 0.618545 0.447639 0.611988 0.448836 0.610399 0.450006 0.607875 0.444184 0.600074 0.437163 0.609389
0 0.431780 0.574372 0.437685 0.585202 0.440429 0.585313 0.440504 0.585277 0.440876 0.584947 0.441489 0.584375 0.442249 0.583645 0.455756 0.570554 0.462509 0.564008 0.463294 0.563239 0.463978 0.562555 0.464457 0.562060 0.464657 0.561829 0.465164 0.558280 0.459326 0.547574 0.432560 0.573518
0 0.504154 0.505828 0.504420 0.506168 0.504954 0.506730 0.505673 0.507431 0.506470 0.508162 0.507224 0.508815 0.507821 0.509291 0.508171 0.509516 0.509827 0.508211 0.509894 0.508129 0.510363 0.507219 0.522569 0.479702 0.522407 0.479454 0.522062 0.479061 0.521586 0.478583 0.521053 0.478094 0.520545 0.477668 0.520138 0.477370 0.519895 0.477246 0.519853 0.477314 0.504942 0.502387 0.504474 0.503294
0 0.422156 0.438550 0.422227 0.440112 0.422802 0.441928 0.423349 0.443114 0.424301 0.444057 0.425515 0.444616 0.426807 0.444706 0.427981 0.444314 0.428861 0.443499 0.429784 0.442074 0.430348 0.440679 0.430477 0.439533 0.430419 0.437972 0.429747 0.436481 0.428559 0.435291 0.427877 0.434946 0.426967 0.434524 0.425998 0.434456 0.425417 0.434471 0.423945 0.434969 0.422849 0.436000 0.422295 0.437405
0 0.545395 0.475190 0.545573 0.477993 0.545735 0.478492 0.546106 0.478879 0.551329 0.482860 0.554739 0.484978 0.555157 0.485067 0.555433 0.484810 0.556263 0.482540 0.557870 0.477741 0.557832 0.477286 0.557507 0.476914 0.554188 0.474929 0.553877 0.474774 0.548376 0.472072 0.547918 0.471949 0.547539 0.472120 0.545914 0.473826
0 0.412974 0.422386 0.413013 0.424103 0.413163 0.424258 0.424458 0.435482 0.424821 0.435799 0.425362 0.435977 0.426000 0.435987 0.426639 0.435828 0.427180 0.435525 0.427543 0.435124 0.431380 0.428172 0.431601 0.427643 0.431864 0.426718 0.432131 0.425540 0.432359 0.424286 0.432516 0.423145 0.432577 0.422289 0.432532 0.421849 0.431185 0.419051 0.422710 0.415614 0.419099 0.414317 0.415073 0.413029 0.414558 0.414257 0.413889 0.416801 0.413445 0.418962 0.413093 0.421201
0 0.510833 0.455710 0.511782 0.458878 0.520971 0.463808 0.521462 0.462961 0.524615 0.452512 0.515211 0.447467 0.512840 0.448962 0.512786 0.449131 0.512596 0.449751 0.512299 0.450727 0.511941 0.451911 0.511577 0.453120 0.511262 0.454169 0.511045 0.454897 0.510959 0.455195
0 0.445213 0.580584 0.446567 0.583608 0.459166 0.586388 0.471626 0.573974 0.472863 0.572741 0.473518 0.571523 0.472104 0.568579 0.447940 0.562611 0.447283 0.563869
0 0.431437 0.463144 0.431477 0.463996 0.431597 0.464731 0.431780 0.465236 0.431997 0.465435 0.447705 0.465355 0.447910 0.465217 0.448086 0.464763 0.448205 0.464062 0.448530 0.459947 0.448623 0.437834 0.448334 0.433583 0.448221 0.432832 0.448050 0.432302 0.447845 0.432074 0.432136 0.432346 0.431918 0.432455 0.431732 0.432885 0.431605 0.433569 0.431558 0.434403
0 0.575969 0.588076 0.576319 0.588482 0.592753 0.591831 0.595265 0.569920 0.594828 0.569600 0.578470 0.566266
0 0.510155 0.586512 0.510201 0.586910 0.525848 0.594400 0.528657 0.583968 0.528525 0.583584 0.512950 0.576129
