0 0.042019 0.637963 0.085541 0.659491 0.099153 0.655152 0.100088 0.654126 0.101691 0.651614 0.103719 0.648003 0.105863 0.643838 0.107801 0.639749 0.109240 0.636352 0.109962 0.634163 0.108012 0.621814 0.064988 0.600533 0.059959 0.601695
0 0.740621 0.855881 0.743403 0.859996 0.784551 0.885772 0.795309 0.880999 0.797033 0.879203 0.799340 0.876159 0.801880 0.872330 0.804260 0.868306 0.806116 0.864703 0.807163 0.862075 0.807246 0.860818 0.806031 0.851482 0.802534 0.847465 0.761856 0.821983
0 0.817362 0.835123 0.817443 0.836419 0.820582 0.845066 0.824288 0.849055 0.869424 0.866951 0.884338 0.829338 0.879945 0.825574 0.835325 0.807882 0.825571 0.814419 0.824246 0.816495 0.822566 0.819887 0.820785 0.824082 0.819172 0.828447 0.817970 0.832322
0 0.559610 0.639752 0.560299 0.641368 0.580803 0.676251 0.622662 0.651647 0.625250 0.639507 0.624950 0.638898 0.623761 0.636793 0.621863 0.633509 0.619547 0.629549 0.617167 0.625520 0.615091 0.622042 0.613634 0.619647 0.613019 0.618697 0.600991 0.615429
0 0.404022 0.405157 0.406167 0.416103 0.417556 0.472181 0.424303 0.476650 0.425168 0.476917 0.469346 0.410221 0.468991 0.409184 0.428512 0.382370 0.417352 0.385033 0.416735 0.385648 0.415193 0.387706 0.412961 0.390897 0.410378 0.394732 0.407843 0.398623 0.405745 0.401971 0.404403 0.404265
0 0.472833 0.548430 0.491818 0.555131 0.511018 0.561410 0.522306 0.529124 0.540083 0.475285 0.502150 0.462391 0.483745 0.516017
0 0.865527 0.346237 0.879768 0.392076 0.888651 0.389551 0.927744 0.377406 0.925315 0.369588 0.908393 0.332455 0.895826 0.327641 0.895470 0.327686 0.893409 0.328271 0.889953 0.329307 0.885630 0.330638 0.881104 0.332057 0.877070 0.333347 0.874145 0.334311 0.872775 0.334803
0 0.759877 0.535009 0.834588 0.563615 0.838456 0.564351 0.841349 0.556793 0.818030 0.504538 0.811745 0.493651 0.811298 0.493314 0.809198 0.492368 0.805762 0.490958 0.801514 0.489298 0.797107 0.487644 0.793220 0.486250 0.790444 0.485329 0.789203 0.485020 0.777040 0.490183
0 0.765956 0.450892 0.772152 0.461381 0.772656 0.461744 0.774807 0.462672 0.778274 0.464024 0.782531 0.465595 0.786936 0.467149 0.790823 0.468450 0.793606 0.469301 0.794858 0.469572 0.807092 0.464054 0.858884 0.439723 0.861630 0.432111 0.785507 0.404650 0.782244 0.405740
0 0.227572 0.231145 0.227757 0.246665 0.233070 0.326864 0.234896 0.341683 0.235380 0.344184 0.235961 0.345770 0.236553 0.346200 0.315493 0.341958 0.316068 0.341164 0.316476 0.339269 0.316653 0.336562 0.316573 0.333455 0.309667 0.229222 0.309342 0.226210 0.308823 0.223771 0.308191 0.222277 0.307542 0.221955 0.228556 0.225500 0.228052 0.226397 0.227707 0.228380
0 0.632807 0.607222 0.633243 0.607949 0.708289 0.632530 0.709039 0.632072 0.710051 0.630518 0.711169 0.628105 0.716654 0.613898 0.741325 0.537403 0.745173 0.522673 0.745674 0.520063 0.745761 0.518212 0.745419 0.517405 0.670158 0.493489 0.669379 0.493827 0.668341 0.495278 0.667205 0.497621 0.666142 0.500501 0.634078 0.599920 0.633258 0.602877 0.632812 0.605441
0 0.568185 0.417108 0.568266 0.420154 0.568632 0.422684 0.569227 0.424312 0.620258 0.475780 0.623052 0.475088 0.626167 0.474041 0.633068 0.471581 0.640583 0.468800 0.650702 0.464927 0.657286 0.462261 0.657975 0.461737 0.647139 0.430493 0.645908 0.427211 0.634943 0.400460 0.629098 0.386330 0.618701 0.381133 0.616802 0.381602 0.613515 0.382655 0.609342 0.384130 0.604922 0.385803 0.600935 0.387416 0.597993 0.388722 0.596541 0.389521 0.570315 0.408772 0.569555 0.409500 0.568883 0.411340 0.568402 0.414012
0 0.676782 0.377004 0.677135 0.377881 0.678681 0.379967 0.681182 0.382940 0.684260 0.386353 0.687449 0.389688 0.690269 0.392444 0.692292 0.394203 0.693209 0.394693 0.704995 0.394727 0.753283 0.349940 0.763973 0.339657 0.762487 0.336960 0.758985 0.332290 0.755913 0.328651 0.747552 0.319649 0.744117 0.316280 0.739625 0.312344 0.736933 0.310542 0.736087 0.311248 0.720082 0.325861 0.714787 0.330699 0.677617 0.365246
0 0.767837 0.206816 0.768236 0.210503 0.769614 0.218113 0.771463 0.226008 0.774394 0.236143 0.776802 0.242174 0.796296 0.238057 0.809800 0.235182 0.813190 0.234341 0.854987 0.222151 0.856362 0.221144 0.862511 0.211691 0.862569 0.209247 0.862118 0.205493 0.861229 0.201003 0.860036 0.196466 0.858724 0.192579 0.857494 0.189938 0.838960 0.161103 0.837382 0.159944 0.834891 0.158987 0.831865 0.158380 0.828770 0.158215 0.826078 0.158518 0.824201 0.159241 0.768328 0.202554
0 0.834824 0.043830 0.835588 0.051619 0.839274 0.058522 0.845322 0.063490 0.852810 0.065764 0.860598 0.065001 0.867502 0.061314 0.868135 0.060559 0.873111 0.054501 0.875389 0.047000 0.874625 0.039198 0.870932 0.032283 0.864874 0.027306 0.857373 0.025028 0.849571 0.025793 0.842656 0.029486 0.837679 0.035544 0.837098 0.036342
0 0.253972 0.586007 0.256911 0.593271 0.262405 0.598859 0.269620 0.601917 0.277455 0.601983 0.284720 0.599044 0.285090 0.598874 0.290668 0.593389 0.293721 0.586187 0.293787 0.578365 0.290853 0.571113 0.285368 0.565535 0.278166 0.562482 0.270344 0.562416 0.269948 0.562523 0.262684 0.565462 0.257096 0.570957 0.254038 0.578171
