0 0.525769 0.534038 0.525873 0.534175 0.542392 0.536129 0.543858 0.514104 0.543682 0.514048 0.527230 0.512101
0 0.442654 0.331579 0.442661 0.332876 0.443040 0.334071 0.443179 0.334476 0.443871 0.335384 0.446225 0.336679 0.448843 0.338094 0.451667 0.338066 0.453885 0.337936 0.454779 0.337431 0.455460 0.336509 0.456251 0.333916 0.457312 0.330425 0.457381 0.324451 0.457374 0.323157 0.457368 0.323131 0.457270 0.322724 0.456891 0.321529 0.456198 0.320619 0.455296 0.320132 0.451449 0.318718 0.447131 0.318051 0.446158 0.318061 0.445262 0.318566 0.444580 0.319491 0.444214 0.320693 0.442961 0.326404
0 0.562608 0.573504 0.562614 0.573724 0.565342 0.576462 0.567631 0.577754 0.574495 0.581627 0.577869 0.582332 0.577986 0.582249 0.578185 0.581869 0.578434 0.581249 0.578695 0.580483 0.583452 0.565118 0.583071 0.564820 0.567869 0.556241 0.564651 0.566376 0.563115 0.571525 0.562880 0.572315 0.562702 0.573009
0 0.428200 0.588033 0.428227 0.588638 0.428406 0.589350 0.430455 0.596387 0.431814 0.601038 0.432113 0.601431 0.432552 0.601425 0.437617 0.598607 0.437928 0.598196 0.437927 0.597638 0.437662 0.596487 0.436125 0.591927 0.433929 0.585485 0.433624 0.585034 0.433164 0.584885 0.430446 0.585045 0.428444 0.587494
0 0.548499 0.576028 0.549507 0.586978 0.549735 0.587379 0.557985 0.586029 0.556973 0.575029 0.556712 0.574685
0 0.472318 0.816455 0.477953 0.837309 0.556154 0.799744 0.555897 0.798370 0.550288 0.777612 0.472445 0.815005
0 0.481718 0.374930 0.481802 0.375504 0.508461 0.431342 0.522421 0.419494 0.522524 0.419123 0.495742 0.363027
0 0.414548 0.444114 0.421555 0.450025 0.421914 0.450253 0.439564 0.413050 0.439286 0.412651 0.432279 0.406741
0 0.409966 0.433090 0.415588 0.437785 0.416994 0.438958 0.417184 0.439098 0.417326 0.439202 0.426093 0.420537 0.425796 0.420218 0.424390 0.419044 0.418768 0.414350
0 0.570530 0.423676 0.574176 0.445198 0.590317 0.440336 0.590733 0.440061 0.587070 0.418440 0.570854 0.423325
0 0.536195 0.632082 0.538064 0.638913 0.538441 0.639344 0.539050 0.639305 0.553012 0.632512 0.553506 0.632015 0.553607 0.631351 0.552729 0.627546 0.552300 0.625977 0.551702 0.624537 0.551202 0.624280 0.536462 0.631451
0 0.441018 0.377554 0.442280 0.381549 0.444677 0.389053 0.444982 0.389922 0.447990 0.397890 0.448227 0.398175 0.449616 0.397638 0.451668 0.396501 0.453157 0.395525 0.454489 0.394499 0.455066 0.393946 0.455493 0.393108 0.455365 0.373655 0.455194 0.373130 0.454861 0.372504 0.454418 0.371873 0.453933 0.371333 0.453480 0.370966 0.453128 0.370830 0.445860 0.371892 0.445219 0.372091 0.444391 0.372487 0.443503 0.373021 0.442693 0.373610 0.442084 0.374164 0.441769 0.374599
