0 0.566760 0.412014 0.583242 0.413981 0.583625 0.413585 0.584366 0.402546 0.567808 0.400570 0.567497 0.401026
0 0.476990 0.486818 0.477083 0.486871 0.492394 0.495130 0.495492 0.484922 0.495484 0.484896 0.495473 0.484861 0.480100 0.476569 0.478234 0.482718 0.477612 0.484768
0 0.375604 0.490336 0.391030 0.498453 0.391467 0.498459 0.397529 0.477973 0.382165 0.469889 0.381692 0.469768
0 0.510704 0.624420 0.512129 0.625652 0.513227 0.625843 0.528369 0.618340 0.532130 0.597013 0.520492 0.584396 0.519029 0.583333 0.517937 0.583109
0 0.384019 0.642374 0.398857 0.652094 0.399286 0.651109 0.402682 0.641894 0.403193 0.640365 0.403173 0.639766 0.402734 0.639233 0.389397 0.630496 0.388787 0.630341 0.388359 0.630647 0.386476 0.634684
0 0.500387 0.585727 0.500391 0.586718 0.516021 0.594557 0.519548 0.582053 0.519325 0.581116 0.518503 0.578601 0.518301 0.578409 0.517777 0.578068 0.517010 0.577632 0.516116 0.577166 0.508373 0.573282 0.507486 0.572856 0.506737 0.572532 0.506240 0.572359 0.506071 0.572366 0.503874 0.573366
0 0.476707 0.427055 0.476813 0.427389 0.486041 0.445704 0.499777 0.433401 0.499776 0.433094 0.490506 0.414695
0 0.571110 0.449339 0.571151 0.450930 0.574455 0.451672 0.581070 0.453157 0.583195 0.450531 0.583309 0.449981 0.583465 0.449027 0.583640 0.447815 0.585131 0.436913 0.586629 0.425958 0.588134 0.414950 0.588302 0.413656 0.588434 0.412504 0.588508 0.411672 0.588516 0.411286 0.586837 0.408104 0.576930 0.405918
0 0.477733 0.511654 0.480307 0.514474 0.488022 0.522924 0.490592 0.525738 0.490841 0.525360 0.491104 0.524953 0.491376 0.524525 0.491653 0.524082 0.491932 0.523628 0.504867 0.502492 0.504831 0.502352 0.492040 0.488297 0.479159 0.508915 0.478882 0.509360 0.478607 0.509805 0.478336 0.510248 0.478074 0.510682 0.477824 0.511099 0.477803 0.511227
0 0.415973 0.393484 0.416168 0.394749 0.416712 0.395817 0.419037 0.400051 0.419222 0.400280 0.422792 0.403798 0.423599 0.404506 0.424548 0.404748 0.425494 0.404488 0.426293 0.403765 0.429460 0.400184 0.432089 0.395929 0.432620 0.394853 0.432802 0.393587 0.432607 0.392326 0.432064 0.391260 0.429389 0.386533 0.429227 0.386272 0.426007 0.383249 0.425198 0.382539 0.424247 0.382296 0.423299 0.382557 0.421308 0.384248 0.418965 0.386368 0.417408 0.389522 0.416155 0.392216
0 0.538284 0.620180 0.539320 0.625086 0.540785 0.630764 0.548022 0.629175 0.558334 0.622413 0.555849 0.611899 0.554640 0.612190 0.543511 0.616877
0 0.565498 0.421555 0.565518 0.421796 0.565594 0.422325 0.565716 0.423060 0.565865 0.423892 0.566018 0.424693 0.566152 0.425343 0.566247 0.425743 0.566289 0.425831 0.590138 0.420186 0.590949 0.419917 0.592473 0.418273 0.592479 0.417906 0.592394 0.417104 0.592229 0.415987 0.592010 0.414728 0.591770 0.413520 0.591548 0.412547 0.591376 0.411960 0.591280 0.411845 0.589359 0.411347 0.588548 0.411617
0 0.535600 0.402833 0.535695 0.424897 0.552243 0.424770 0.552483 0.424423 0.552388 0.402258 0.535764 0.402385
