0 0.535508 0.570581 0.536252 0.573240 0.536671 0.574087 0.542677 0.577985 0.545680 0.579933 0.560296 0.539895 0.559607 0.539439 0.550702 0.533659 0.548587 0.534753 0.548440 0.534934 0.548150 0.535541 0.547762 0.536480 0.547334 0.537609 0.543713 0.547527 0.540092 0.557445 0.536472 0.567363 0.536066 0.568519 0.535740 0.569537 0.535544 0.570261
0 0.557679 0.596708 0.564887 0.605923 0.569525 0.601083 0.577737 0.589665 0.581176 0.583272 0.573969 0.574057 0.570123 0.575768 0.569671 0.576203 0.569060 0.576923 0.568383 0.577819 0.560267 0.589105 0.559623 0.590045 0.559109 0.590890 0.558801 0.591512
0 0.523563 0.574394 0.523846 0.576513 0.523887 0.576645 0.524758 0.578461 0.526085 0.579694 0.527664 0.580157 0.529256 0.579779 0.530618 0.578617 0.531543 0.576849 0.531890 0.574743 0.531606 0.572621 0.531552 0.572496 0.530682 0.570683 0.529358 0.569452 0.527782 0.568990 0.526193 0.569367 0.524833 0.570527 0.523909 0.572292
0 0.509946 0.547523 0.510061 0.548072 0.510472 0.548601 0.526326 0.548622 0.526760 0.548094 0.526761 0.546425 0.526520 0.540704 0.526241 0.539873 0.526216 0.539835 0.525634 0.539510 0.510777 0.539490 0.510195 0.539814 0.509951 0.540589
0 0.462922 0.595461 0.463989 0.606528 0.472289 0.605105 0.472669 0.603664 0.471617 0.592749 0.463430 0.594152
0 0.581244 0.492687 0.581265 0.492902 0.581609 0.495968 0.585191 0.510780 0.586660 0.511784 0.587662 0.511920 0.595276 0.492104 0.586359 0.486013 0.585372 0.486173 0.583536 0.486991 0.583340 0.487233 0.583001 0.487886 0.582572 0.488851 0.582117 0.489981 0.581705 0.491106 0.581399 0.492056
0 0.552336 0.527719 0.552786 0.529786 0.553796 0.531467 0.555211 0.532504 0.555306 0.532560 0.556914 0.532797 0.558468 0.532195 0.559730 0.530846 0.560509 0.528956 0.560687 0.526812 0.560235 0.524741 0.559224 0.523057 0.557806 0.522018 0.557707 0.521981 0.556102 0.521744 0.554551 0.522345 0.553291 0.523692 0.552513 0.525579
0 0.493030 0.607639 0.493784 0.629881 0.495452 0.629781 0.513425 0.617555 0.515035 0.614562 0.515047 0.614460 0.515039 0.613868 0.515014 0.612874 0.514975 0.611629 0.514928 0.610326 0.514880 0.609165 0.514839 0.608323 0.514811 0.607927 0.512899 0.605217 0.493110 0.606409
0 0.428601 0.458136 0.429442 0.480220 0.429724 0.480299 0.437972 0.479741 0.437135 0.457746 0.437027 0.457673 0.436882 0.457576
0 0.429543 0.577863 0.429566 0.578727 0.429678 0.579533 0.429859 0.580156 0.430083 0.580503 0.441497 0.593272 0.441555 0.593255 0.442212 0.592835 0.443297 0.592108 0.445222 0.590790 0.446991 0.589556 0.448040 0.588796 0.448922 0.588127 0.449003 0.588030 0.447251 0.583112 0.446043 0.579806 0.445712 0.578947 0.441267 0.568474 0.439001 0.567360 0.438840 0.567456 0.438363 0.567772 0.437643 0.568260 0.436790 0.568845 0.435935 0.569438 0.435208 0.569947 0.434722 0.570295 0.434550 0.570429 0.429964 0.576168 0.429758 0.576478 0.429610 0.577073
0 0.503595 0.412948 0.504559 0.423878 0.520954 0.421307 0.521051 0.420945 0.520082 0.409965 0.503612 0.412548
0 0.507253 0.441933 0.522398 0.450690 0.522710 0.450004 0.526039 0.439767 0.510683 0.430888 0.507354 0.441126
0 0.551038 0.570008 0.551273 0.570330 0.564808 0.583200 0.574461 0.565153 0.560925 0.552283 0.560646 0.552043
0 0.526009 0.443720 0.526024 0.444186 0.526172 0.445049 0.526429 0.446177 0.526757 0.447398 0.527105 0.448524 0.527420 0.449382 0.527653 0.449842 0.527770 0.449835 0.537267 0.447539 0.538918 0.445574 0.538877 0.444951 0.538665 0.443805 0.538315 0.442308 0.537881 0.440689 0.537426 0.439189 0.537020 0.438035 0.536724 0.437403 0.536584 0.437390 0.534346 0.437316
0 0.532911 0.480243 0.532962 0.480488 0.533195 0.481131 0.533574 0.482075 0.534041 0.483176 0.538185 0.492723 0.538671 0.493817 0.539103 0.494743 0.539417 0.495359 0.539564 0.495571 0.541683 0.496330 0.542116 0.496292 0.556618 0.485136 0.559508 0.482905 0.551144 0.463634 0.550559 0.464050 0.533414 0.477280
0 0.576248 0.530149 0.576597 0.530488 0.576977 0.530762 0.577380 0.530968 0.577736 0.531111 0.579192 0.531693 0.579621 0.531831 0.580066 0.531893 0.600863 0.533268 0.601149 0.531048 0.581200 0.523090 0.580765 0.522951 0.580389 0.522844 0.578918 0.522426 0.578488 0.522366 0.578057 0.522381 0.577630 0.522471 0.577216 0.522634 0.577011 0.524222 0.576452 0.528561
0 0.539302 0.516515 0.539357 0.517038 0.540950 0.518441 0.541110 0.518492 0.541926 0.518651 0.565719 0.521098 0.565849 0.520797 0.565988 0.520213 0.566114 0.519435 0.566208 0.518581 0.566256 0.517783 0.566250 0.517163 0.566192 0.516815 0.542873 0.510061 0.542710 0.510026 0.541896 0.509866 0.540066 0.510604 0.539903 0.511068 0.539720 0.511951 0.539545 0.513120 0.539404 0.514396 0.539319 0.515588
