0 0.311699 0.141030 0.312562 0.142675 0.347779 0.161847 0.366952 0.126630 0.366339 0.124912 0.330960 0.105651
0 0.349161 0.491416 0.354276 0.531273 0.394133 0.526158 0.394617 0.526038 0.389526 0.486364 0.389018 0.486301
0 0.417566 0.311773 0.417943 0.312634 0.457934 0.313506 0.458805 0.273515 0.458616 0.272475 0.418442 0.271599
0 0.916462 0.133744 0.956364 0.137696 0.958465 0.136028 0.962435 0.095942 0.922349 0.091972 0.920413 0.093842
0 0.207210 0.406278 0.221777 0.444128 0.225592 0.444894 0.262923 0.430528 0.248557 0.393197 0.245061 0.391712
0 0.609980 0.552681 0.644238 0.586303 0.645905 0.587301 0.656804 0.587045 0.657655 0.586503 0.659669 0.584728 0.662540 0.581989 0.665829 0.578702 0.669031 0.575375 0.671654 0.572517 0.673296 0.570566 0.673711 0.569817 0.674247 0.558423 0.639593 0.524412 0.637998 0.524133
0 0.168301 0.637068 0.190287 0.680359 0.226364 0.662038 0.229491 0.660186 0.207756 0.617389 0.195032 0.614084 0.193809 0.614652 0.191127 0.615968 0.187393 0.617833 0.183179 0.619963 0.179131 0.622030 0.175872 0.623715 0.173899 0.624763 0.173510 0.625014
0 0.674559 0.463877 0.714194 0.469272 0.717172 0.468845 0.722642 0.428659 0.682456 0.423189 0.679954 0.424243
0 0.910444 0.687759 0.910603 0.688331 0.933098 0.757858 0.934644 0.758175 0.939931 0.759009 0.947002 0.760007 0.958148 0.761459 0.967177 0.762518 0.971094 0.762820 0.972850 0.762724 0.977252 0.729696 0.977668 0.726209 0.982484 0.682764 0.975448 0.673190 0.973928 0.672997 0.970804 0.672607 0.966555 0.672079 0.961830 0.671496 0.957358 0.670945 0.953823 0.670513 0.951762 0.670264 0.951487 0.670236 0.918430 0.674366 0.917681 0.674846 0.916449 0.676318 0.914920 0.678559 0.913329 0.681228 0.911919 0.683914 0.910906 0.686208
0 0.192560 0.221683 0.196484 0.287448 0.204918 0.295669 0.206226 0.295953 0.209164 0.296107 0.213281 0.296107 0.217954 0.295953 0.222479 0.295669 0.226173 0.295297 0.228475 0.294895 0.229031 0.294521 0.236671 0.285535 0.235509 0.252090 0.234373 0.227676 0.233272 0.206035 0.232414 0.204954 0.228723 0.204369 0.222344 0.204049 0.217381 0.204057 0.205108 0.204641 0.200520 0.205088 0.195166 0.205967 0.192725 0.206843
0 0.155817 0.900270 0.161144 0.932994 0.162215 0.934851 0.164178 0.936814 0.166736 0.938584 0.169495 0.939888 0.172034 0.940528 0.173965 0.940407 0.242743 0.923399 0.244507 0.918814 0.245463 0.914977 0.247053 0.907146 0.248411 0.899087 0.249770 0.888828 0.250119 0.882828 0.230598 0.879057 0.217137 0.876636 0.213684 0.876075 0.170408 0.870833 0.160299 0.877261 0.159631 0.878091 0.158750 0.880624 0.157788 0.884479 0.156894 0.889066 0.156205 0.893683 0.155827 0.897618
0 0.546539 0.462654 0.553360 0.472180 0.554195 0.472365 0.556710 0.472819 0.560519 0.473472 0.565045 0.474225 0.604606 0.480725 0.609177 0.481467 0.613112 0.482086 0.615817 0.482490 0.616876 0.482616 0.626931 0.475343 0.634803 0.427430 0.554949 0.414310 0.554321 0.415289
0 0.263418 0.414826 0.288299 0.456522 0.300806 0.459990 0.301856 0.459572 0.304318 0.458280 0.307816 0.456311 0.311819 0.453964 0.346247 0.433420 0.350160 0.431044 0.353402 0.428991 0.355482 0.427573 0.356081 0.427006 0.359417 0.416025 0.334821 0.374806 0.332911 0.373358
0 0.832247 0.766078 0.846929 0.844719 0.850940 0.848704 0.898670 0.839793 0.903670 0.827892 0.903641 0.825681 0.903223 0.822064 0.902479 0.817593 0.895070 0.777910 0.894116 0.773282 0.893100 0.769219 0.892179 0.766342 0.891493 0.765087 0.879432 0.757268
0 0.923997 0.547371 0.927184 0.576127 0.945846 0.576491 0.967513 0.576533 0.972455 0.542549 0.965334 0.485496 0.925272 0.485093 0.924531 0.490802
