0 0.811222 0.190109 0.847497 0.206966 0.852329 0.202891 0.869420 0.166112 0.832641 0.149021 0.828079 0.153834
0 0.188149 0.907118 0.209626 0.941411 0.250777 0.915639 0.253625 0.910889 0.255184 0.901894 0.255019 0.900587 0.253907 0.897928 0.252019 0.894323 0.249641 0.890319 0.247132 0.886519 0.244870 0.883497 0.243198 0.881711 0.232394 0.876988 0.191713 0.902466
0 0.391306 0.257655 0.392797 0.260979 0.432456 0.266185 0.437662 0.226525 0.436795 0.222722 0.396584 0.217444
0 0.752835 0.251653 0.753508 0.264551 0.792201 0.292956 0.795579 0.290563 0.819523 0.257946 0.780383 0.229212 0.767119 0.232196 0.766224 0.233288 0.764382 0.235690 0.761876 0.239033 0.759084 0.242811 0.756427 0.246455 0.754307 0.249415 0.753044 0.251241
0 0.206482 0.713911 0.255007 0.715621 0.265241 0.706642 0.265583 0.705453 0.265937 0.702615 0.266248 0.698563 0.266472 0.693911 0.266573 0.689361 0.266536 0.685599 0.266367 0.683195 0.266091 0.682519 0.259215 0.673181 0.211244 0.671491 0.207906 0.673474
0 0.719658 0.219577 0.721074 0.225866 0.722260 0.231125 0.724492 0.234994 0.727767 0.238373 0.731583 0.240743 0.735354 0.241742 0.742957 0.243613 0.748207 0.242738 0.751615 0.239466 0.755088 0.236079 0.757804 0.227907 0.758644 0.223776 0.757479 0.218757 0.754488 0.213609 0.750126 0.209109 0.745050 0.205935 0.740026 0.204569 0.735815 0.205222 0.727660 0.207783 0.724208 0.211007 0.720766 0.214429
0 0.295999 0.827827 0.298812 0.835144 0.304210 0.840829 0.311373 0.844015 0.319210 0.844218 0.326527 0.841406 0.332212 0.836008 0.332501 0.835430 0.335682 0.828279 0.335884 0.820456 0.333077 0.813151 0.327688 0.807476 0.320537 0.804295 0.312714 0.804092 0.305409 0.806900 0.299734 0.812289 0.299388 0.812826 0.296203 0.819989
0 0.038237 0.383290 0.039433 0.388702 0.042368 0.394132 0.046593 0.398761 0.051472 0.401891 0.056269 0.403049 0.063915 0.401798 0.068902 0.400552 0.072672 0.397687 0.075898 0.393932 0.076861 0.388231 0.075851 0.381403 0.074980 0.377343 0.072790 0.373262 0.069618 0.369786 0.065950 0.367449 0.060309 0.364911 0.054295 0.363506 0.049320 0.364811 0.045516 0.367643 0.042336 0.371446 0.038961 0.378717
0 0.304730 0.315324 0.305428 0.323129 0.309059 0.330074 0.309387 0.330366 0.315389 0.335383 0.322853 0.337722 0.330645 0.337025 0.337578 0.333401 0.342594 0.327399 0.344934 0.319934 0.344237 0.312142 0.340613 0.305210 0.340338 0.304874 0.334326 0.299849 0.326848 0.297506 0.319043 0.298204 0.312099 0.301834 0.307073 0.307847
0 0.582666 0.245786 0.582705 0.250442 0.582784 0.255005 0.582893 0.258786 0.583015 0.261213 0.583131 0.261912 0.591712 0.294297 0.592203 0.294641 0.593755 0.295386 0.596129 0.296417 0.598965 0.297578 0.601834 0.298694 0.604302 0.299595 0.605995 0.300146 0.606653 0.300260 0.671998 0.268053 0.672585 0.267494 0.672787 0.265022 0.672996 0.258554 0.673054 0.250819 0.672916 0.239576 0.672582 0.231392 0.672139 0.229068 0.638459 0.229075 0.606427 0.229323 0.591340 0.229525 0.582821 0.237746 0.582729 0.238915 0.582675 0.241740
0 0.255245 0.566842 0.256123 0.570215 0.257760 0.574871 0.261304 0.583583 0.265590 0.593536 0.268261 0.599423 0.270204 0.603342 0.270724 0.604074 0.343811 0.605251 0.345282 0.604727 0.347289 0.603373 0.349528 0.601395 0.351654 0.599096 0.353343 0.596828 0.354336 0.594937 0.354483 0.593713 0.349956 0.562193 0.349876 0.561846 0.349109 0.559873 0.347773 0.556577 0.346072 0.552460 0.344262 0.548143 0.342617 0.544276 0.341385 0.541446 0.340754 0.540083 0.329946 0.536461 0.315663 0.541725 0.288914 0.551710 0.285673 0.553066
0 0.034469 0.722710 0.041809 0.793856 0.042221 0.795597 0.043586 0.797696 0.045697 0.799830 0.048230 0.801673 0.050798 0.802943 0.053007 0.803446 0.084176 0.797140 0.085014 0.796952 0.087358 0.795900 0.090853 0.794141 0.094965 0.791944 0.099060 0.789648 0.102512 0.787604 0.104791 0.786125 0.105556 0.785436 0.108410 0.773915 0.089057 0.734760 0.087377 0.731684 0.080761 0.719924 0.070772 0.702800 0.065519 0.705429 0.056419 0.710248 0.049225 0.714157 0.042192 0.718071 0.038717 0.720064
0 0.862957 0.766688 0.863974 0.768207 0.866087 0.770219 0.871280 0.774846 0.877296 0.780001 0.885853 0.787091 0.891940 0.791873 0.893452 0.792659 0.915040 0.767712 0.917295 0.765031 0.945506 0.730858 0.944771 0.719125 0.943776 0.717905 0.941503 0.715702 0.938298 0.712853 0.934653 0.709793 0.931127 0.706994 0.928263 0.704885 0.926494 0.703786 0.895839 0.689638 0.895067 0.689474 0.893326 0.689903 0.890879 0.690860 0.888100 0.692200 0.885415 0.693717 0.883236 0.695179 0.881893 0.696362 0.881591 0.697087
0 0.336115 0.683998 0.355898 0.719088 0.390987 0.699306 0.391487 0.698392 0.371795 0.663463 0.336866 0.683155
0 0.829743 0.790669 0.839706 0.829509 0.841270 0.831026 0.880289 0.821017 0.870280 0.781998 0.868583 0.780706
0 0.468462 0.594940 0.496682 0.623548 0.525290 0.595328 0.525174 0.594892 0.497083 0.566416 0.468607 0.594506
0 0.348655 0.839968 0.388818 0.841259 0.389326 0.839699 0.390612 0.799720 0.350633 0.798434 0.349947 0.799805
0 0.107744 0.277585 0.108340 0.280001 0.109524 0.282778 0.156668 0.375997 0.158252 0.378692 0.159983 0.380877 0.161599 0.382219 0.162851 0.382514 0.230533 0.346612 0.231180 0.345845 0.231174 0.344102 0.230518 0.341649 0.225075 0.327821 0.188801 0.256098 0.180522 0.242792 0.178796 0.240536 0.177188 0.239087 0.175941 0.238667 0.108574 0.275193 0.107827 0.275896
0 0.735526 0.713216 0.735563 0.713995 0.736712 0.715160 0.738794 0.716534 0.751791 0.723564 0.825004 0.756729 0.839704 0.762245 0.842428 0.763049 0.844539 0.763360 0.845713 0.763129 0.875732 0.690934 0.875814 0.690139 0.874770 0.688960 0.872758 0.687575 0.870083 0.686198 0.774928 0.643094 0.772018 0.641941 0.769333 0.641198 0.767283 0.640976 0.766182 0.641309
0 0.000000 0.219879 0.001679 0.225156 0.066143 0.273161 0.078436 0.280982 0.080591 0.282083 0.082082 0.282441 0.082682 0.281998 0.131433 0.221027 0.131093 0.219805 0.129823 0.218036 0.127816 0.215992 0.125379 0.213984 0.041596 0.151592 0.039115 0.149938 0.036986 0.148902 0.035532 0.148642 0.034975 0.149196 0.000000 0.209244
0 0.578545 0.403418 0.578991 0.404341 0.652615 0.430935 0.653427 0.430689 0.654540 0.429332 0.655786 0.427071 0.661945 0.413384 0.689907 0.338030 0.694326 0.323211 0.694916 0.320524 0.695047 0.318527 0.694697 0.317527 0.620831 0.291588 0.619996 0.291714 0.618861 0.292968 0.617600 0.295159 0.616405 0.297953 0.580064 0.395890 0.579125 0.398844 0.578592 0.401488
0 0.382774 0.037025 0.421026 0.101972 0.422013 0.102678 0.423910 0.102665 0.426429 0.101935 0.440220 0.095907 0.509878 0.055810 0.522439 0.046669 0.524494 0.044766 0.525697 0.042994 0.525862 0.041624 0.487005 0.000000 0.473108 0.000000 0.391228 0.028912 0.388468 0.030232 0.385899 0.031979 0.383915 0.033885 0.382818 0.035656
0 0.127810 0.194387 0.157793 0.205362 0.211744 0.222371 0.236591 0.228683 0.251141 0.182531 0.238060 0.169422 0.236834 0.168707 0.234031 0.167544 0.230076 0.166110 0.225574 0.164625 0.170995 0.147418 0.166652 0.146115 0.163150 0.145197 0.161024 0.144806 0.142360 0.148236
0 0.482564 0.069349 0.482801 0.075265 0.503042 0.109879 0.557897 0.124252 0.592510 0.104011 0.593803 0.098496 0.573279 0.063399 0.557662 0.059307 0.533278 0.052918 0.517660 0.048826
0 0.309248 0.102281 0.336893 0.152123 0.373288 0.166045 0.391451 0.150980 0.400173 0.114947 0.380196 0.078930 0.372396 0.064869 0.335687 0.050443 0.318204 0.066735
0 0.780174 0.508524 0.798572 0.527771 0.810175 0.538619 0.828291 0.555556 0.839895 0.566403 0.863494 0.586417 0.896541 0.551068 0.890244 0.533012 0.888762 0.531253 0.886178 0.528588 0.882887 0.525423 0.841082 0.486341 0.837600 0.483173 0.834472 0.480499 0.832178 0.478727 0.831066 0.478127 0.813222 0.473175
