0 0.045554 0.552369 0.085784 0.554424 0.087682 0.554175 0.089728 0.514130 0.049683 0.512084 0.047610 0.512140
0 0.565459 0.704536 0.572586 0.743995 0.572920 0.745119 0.612561 0.737959 0.605402 0.698319 0.604918 0.697410
0 0.041490 0.609272 0.081567 0.613328 0.083484 0.612809 0.087522 0.572915 0.047628 0.568878 0.045545 0.569195
0 0.628036 0.520410 0.640339 0.558573 0.640985 0.558843 0.679324 0.546484 0.666965 0.508145 0.666200 0.508108
0 0.157399 0.564865 0.159085 0.605111 0.199331 0.603425 0.200709 0.602951 0.199031 0.562889 0.158969 0.564567
0 0.273364 0.112912 0.275455 0.120467 0.275841 0.121120 0.280654 0.127291 0.287463 0.131149 0.295231 0.132108 0.302773 0.130021 0.308944 0.125208 0.312802 0.118398 0.313761 0.110631 0.311674 0.103089 0.311350 0.102405 0.306528 0.096224 0.299707 0.092359 0.291927 0.091398 0.284371 0.093489 0.278190 0.098311 0.274325 0.105132
0 0.431803 0.422013 0.433171 0.429732 0.437389 0.436340 0.437497 0.436450 0.443912 0.440933 0.451553 0.442621 0.459259 0.441255 0.465857 0.437044 0.470339 0.430630 0.472027 0.422988 0.470661 0.415282 0.470610 0.415135 0.466393 0.408527 0.459967 0.404037 0.452312 0.402346 0.444593 0.403714 0.437984 0.407932 0.433494 0.414358
0 0.597674 0.554312 0.599802 0.561839 0.604649 0.567979 0.604829 0.568096 0.611669 0.571921 0.619451 0.572837 0.626992 0.570705 0.633142 0.565850 0.636967 0.559010 0.637883 0.551228 0.635751 0.543687 0.630896 0.537537 0.624056 0.533712 0.623843 0.533654 0.616074 0.532740 0.608546 0.534868 0.602406 0.539715 0.598588 0.546543
0 0.824104 0.539753 0.826627 0.547158 0.831792 0.553033 0.838811 0.556485 0.839394 0.556582 0.847215 0.557085 0.854632 0.554559 0.860517 0.549385 0.863976 0.542353 0.864479 0.534533 0.861952 0.527115 0.856778 0.521230 0.849746 0.517772 0.841926 0.517269 0.841339 0.517239 0.833934 0.519762 0.828059 0.524927 0.824606 0.531946
0 0.764503 0.648666 0.797510 0.694607 0.805778 0.705462 0.807090 0.705882 0.810022 0.706537 0.814131 0.707327 0.818788 0.708131 0.823276 0.708825 0.826907 0.709303 0.829126 0.709492 0.829598 0.709365 0.840880 0.703398 0.848730 0.655482 0.844744 0.653705 0.765797 0.640771
0 0.055692 0.913627 0.071757 0.951278 0.079288 0.948065 0.121368 0.927006 0.125695 0.922126 0.128249 0.913797 0.128379 0.912408 0.127770 0.909547 0.126515 0.905652 0.124807 0.901312 0.122902 0.897182 0.121088 0.893886 0.119639 0.891923 0.109997 0.885335 0.065848 0.904172
0 0.482378 0.770487 0.486027 0.810878 0.526419 0.807229 0.566046 0.800103 0.562438 0.760174 0.562296 0.759579 0.482620 0.766777
0 0.316196 0.738996 0.362277 0.754294 0.373718 0.747890 0.374173 0.746693 0.375136 0.743941 0.376459 0.740055 0.377941 0.735624 0.379360 0.731316 0.380501 0.727781 0.381190 0.725556 0.381323 0.724982 0.376455 0.713426 0.351096 0.662860 0.343503 0.660339 0.341694 0.662193
0 0.862831 0.620036 0.865184 0.676556 0.867416 0.689310 0.867606 0.689681 0.869117 0.691237 0.871714 0.693737 0.875004 0.696803 0.878490 0.699972 0.881647 0.702765 0.883996 0.704761 0.885179 0.705653 0.899182 0.705994 0.932058 0.670262 0.872505 0.615469 0.868248 0.614149
0 0.437972 0.258134 0.442619 0.298424 0.443406 0.301188 0.487726 0.336341 0.527463 0.331758 0.527844 0.329419 0.523197 0.289130 0.478261 0.253487
0 0.236470 0.209535 0.236624 0.213238 0.236970 0.217789 0.242086 0.274787 0.242569 0.279473 0.243114 0.283557 0.243638 0.286416 0.244059 0.287615 0.254062 0.303200 0.302259 0.298874 0.301328 0.272329 0.297691 0.231807 0.296271 0.215986 0.292062 0.185272 0.243865 0.189598 0.236531 0.207245
0 0.748257 0.499459 0.759316 0.537900 0.762923 0.538427 0.801898 0.527215 0.829660 0.477026 0.818448 0.438051 0.814080 0.438900 0.775639 0.449959
0 0.459415 0.151913 0.462996 0.170082 0.463619 0.171235 0.465296 0.173644 0.467769 0.176941 0.470663 0.180626 0.506207 0.224972 0.509095 0.228501 0.511550 0.231353 0.513201 0.233096 0.513794 0.233461 0.530748 0.240912 0.568508 0.210648 0.551090 0.185839 0.525228 0.153571 0.515131 0.140973 0.497174 0.121648
0 0.508973 0.350196 0.509192 0.350771 0.510346 0.352830 0.512257 0.356057 0.538465 0.399626 0.540814 0.403482 0.543284 0.407449 0.545502 0.410927 0.547132 0.413391 0.547927 0.414465 0.561842 0.421304 0.602780 0.395943 0.597833 0.384958 0.571822 0.340823 0.551007 0.308138 0.509427 0.333897
0 0.455399 0.458452 0.455425 0.459313 0.455617 0.461879 0.455946 0.465761 0.456363 0.470367 0.456802 0.474989 0.457197 0.478916 0.457487 0.481548 0.457628 0.482487 0.466692 0.489650 0.467072 0.489768 0.514867 0.485335 0.515039 0.485166 0.511302 0.444876 0.462955 0.449360
0 0.305310 0.625499 0.332663 0.665617 0.366094 0.642822 0.367625 0.641190 0.340584 0.601531 0.328205 0.599584 0.327218 0.600234 0.324857 0.601824 0.321480 0.604113 0.317604 0.606751 0.313824 0.609333 0.310720 0.611462 0.308768 0.612814 0.308261 0.613182
0 0.128497 0.645003 0.153466 0.676962 0.158218 0.674536 0.189739 0.649909 0.165113 0.618389 0.160456 0.620035
0 0.659655 0.785771 0.662490 0.798996 0.663469 0.799903 0.665830 0.801701 0.669216 0.804116 0.673109 0.806779 0.676911 0.809280 0.680037 0.811235 0.682011 0.812347 0.682533 0.812446 0.695099 0.811622 0.722156 0.771304 0.719617 0.768204 0.686403 0.745914
0 0.277905 0.882595 0.280563 0.895937 0.323737 0.918154 0.342251 0.882176 0.344054 0.877808 0.301374 0.855845 0.288949 0.861133 0.288249 0.862428 0.286812 0.865166 0.284855 0.868933 0.282677 0.873151 0.280614 0.877173 0.278983 0.880380 0.278032 0.882283
0 0.724957 0.108689 0.758553 0.181293 0.802115 0.161135 0.805608 0.157218 0.808231 0.148295 0.808252 0.146996 0.807496 0.144220 0.806077 0.140388 0.804211 0.136087 0.787258 0.099451 0.785237 0.095351 0.783375 0.092092 0.781957 0.090172 0.771623 0.083775 0.727557 0.104166
0 0.870676 0.146084 0.904027 0.180605 0.918075 0.179327 0.919289 0.178264 0.921646 0.176081 0.924786 0.173109 0.928232 0.169803 0.957265 0.141754 0.960477 0.138628 0.962954 0.136172 0.964320 0.134759 0.964368 0.134603 0.966898 0.120685 0.933161 0.085764 0.928211 0.090499
0 0.789569 0.177617 0.790136 0.180431 0.791249 0.184338 0.792741 0.188748 0.806402 0.226441 0.808051 0.230698 0.809612 0.234169 0.810848 0.236329 0.811571 0.236844 0.820508 0.242973 0.865636 0.226617 0.869863 0.223457 0.842288 0.147375 0.796639 0.163919 0.793249 0.167760 0.789638 0.176328
0 0.532354 0.880890 0.533111 0.889800 0.539809 0.897207 0.540784 0.897864 0.543459 0.898675 0.547429 0.899517 0.552087 0.900260 0.556717 0.900789 0.560608 0.901024 0.563166 0.900929 0.564002 0.900520 0.573668 0.895355 0.580334 0.846687 0.578498 0.838763 0.538868 0.833334
0 0.376802 0.778179 0.396698 0.822471 0.470517 0.789310 0.470854 0.786004 0.451185 0.742219 0.440062 0.739110 0.439304 0.739170 0.436991 0.739973 0.433478 0.741393 0.429297 0.743216 0.392725 0.759645 0.388498 0.761599 0.384852 0.763395 0.382339 0.764760 0.381346 0.765485
