0 0.551128 0.615581 0.551693 0.619842 0.553426 0.623483 0.556061 0.625949 0.556127 0.626004 0.556433 0.626256 0.557502 0.626568 0.559264 0.626920 0.562424 0.626145 0.565123 0.623799 0.566667 0.621687 0.567290 0.620475 0.567523 0.619034 0.567636 0.616012 0.567069 0.611756 0.565338 0.608118 0.563928 0.606685 0.563032 0.605845 0.562636 0.605611 0.559506 0.604692 0.556350 0.605459 0.553649 0.607797 0.551815 0.611351
0 0.572302 0.436711 0.572392 0.437293 0.572751 0.438017 0.573083 0.438411 0.575431 0.439785 0.578020 0.438667 0.578425 0.438313 0.578626 0.437745 0.579599 0.430638 0.580181 0.425621 0.580076 0.425093 0.579455 0.423938 0.579085 0.423696 0.573783 0.423404 0.573368 0.423603 0.573162 0.424113 0.572766 0.429132
0 0.453290 0.425902 0.453477 0.426199 0.469896 0.428599 0.471696 0.406707 0.471582 0.406332 0.455097 0.403922
0 0.461318 0.398004 0.461495 0.398472 0.476404 0.409676 0.477643 0.409759 0.479224 0.367337 0.479129 0.366727 0.477883 0.366644 0.465790 0.373729 0.462143 0.375866
0 0.572990 0.591187 0.573241 0.592440 0.574791 0.597898 0.576909 0.602412 0.577500 0.603448 0.578341 0.604103 0.578589 0.604194 0.578605 0.604199 0.579564 0.604372 0.580498 0.604038 0.584715 0.602430 0.587914 0.599129 0.588682 0.598336 0.589164 0.597207 0.589286 0.595914 0.589029 0.594655 0.587959 0.589423 0.585325 0.584698 0.584732 0.583671 0.583892 0.583027 0.583877 0.583018 0.583640 0.582881 0.582679 0.582716 0.581745 0.583056 0.578036 0.584919 0.574356 0.587985 0.573593 0.588776 0.573113 0.589900
0 0.435338 0.406899 0.437232 0.411068 0.437954 0.412090 0.438224 0.412221 0.438831 0.412363 0.439680 0.412493 0.440644 0.412593 0.441577 0.412647 0.442338 0.412646 0.442812 0.412592 0.442925 0.412492 0.444942 0.410689 0.445543 0.397492 0.445040 0.396545 0.444785 0.396065 0.444398 0.395337 0.443489 0.395146 0.436744 0.394600 0.435850 0.395656 0.435645 0.400153
0 0.558368 0.573157 0.558636 0.573493 0.574087 0.581528 0.577100 0.571228 0.576747 0.570902 0.561368 0.562904
0 0.454854 0.459839 0.455061 0.460022 0.537757 0.463644 0.537930 0.463477 0.538476 0.441323 0.455399 0.437685
0 0.527268 0.517002 0.527833 0.521232 0.528978 0.523623 0.529619 0.524895 0.530465 0.525688 0.532210 0.527312 0.532339 0.527422 0.535499 0.528349 0.538685 0.527594 0.541411 0.525271 0.542040 0.524070 0.543263 0.521734 0.543958 0.517521 0.543392 0.513274 0.542241 0.510873 0.541649 0.509639 0.540749 0.508800 0.538997 0.507170 0.535837 0.506242 0.535693 0.506217 0.532521 0.506969 0.530728 0.508497 0.529857 0.509299 0.529179 0.510479 0.527961 0.512806
0 0.572621 0.492557 0.572728 0.493215 0.573201 0.494204 0.573967 0.495373 0.574911 0.496546 0.575890 0.497547 0.576758 0.498225 0.577382 0.498477 0.579298 0.497251 0.579659 0.496979 0.584629 0.486402 0.584563 0.485900 0.584218 0.485149 0.583646 0.484263 0.582935 0.483379 0.582194 0.482631 0.581536 0.482136 0.581062 0.481967 0.580844 0.482150 0.573351 0.489857
0 0.452974 0.578492 0.458694 0.586603 0.480592 0.559149 0.480814 0.558473 0.480851 0.555585 0.480747 0.555328 0.480399 0.554743 0.479862 0.553920 0.479217 0.552984 0.473550 0.544948 0.472892 0.544036 0.472320 0.543286 0.471919 0.542811 0.471753 0.542683 0.469505 0.542438 0.468303 0.543946 0.467936 0.544454
0 0.486593 0.555833 0.518009 0.570347 0.523452 0.549403 0.523345 0.549177 0.492073 0.534729 0.486655 0.555577
0 0.474697 0.594902 0.475229 0.622657 0.476911 0.622871 0.477439 0.620060 0.481792 0.593559 0.481862 0.592984 0.481874 0.592409 0.481831 0.591836 0.481732 0.591276 0.481578 0.590737 0.480375 0.590584 0.475886 0.590014 0.475659 0.590504 0.475482 0.591029 0.475369 0.591448 0.475025 0.592726 0.474908 0.593161 0.474781 0.593725 0.474710 0.594307
0 0.527065 0.572450 0.527189 0.572784 0.539745 0.587311 0.550641 0.570570 0.550409 0.570246 0.537910 0.555785
0 0.430241 0.511314 0.437587 0.516356 0.438333 0.514559 0.447463 0.490912 0.448490 0.486725 0.446854 0.484587 0.446201 0.483818 0.445375 0.483138 0.444503 0.482653 0.441074 0.481635 0.431953 0.503276
