0 0.480332 0.652883 0.480398 0.653325 0.480577 0.653977 0.480841 0.654741 0.481150 0.655499 0.481456 0.656135 0.481713 0.656552 0.481881 0.656687 0.503691 0.643755 0.504419 0.643239 0.505586 0.641151 0.505636 0.640920 0.505505 0.640272 0.505214 0.639308 0.504807 0.638174 0.504345 0.637040 0.503898 0.636078 0.503535 0.635434 0.503309 0.635205 0.501386 0.635311 0.500659 0.635827 0.480388 0.652719
0 0.401115 0.444540 0.408389 0.449848 0.408807 0.450077 0.424658 0.411461 0.424312 0.411055 0.417038 0.405747
0 0.605060 0.581034 0.605077 0.581358 0.609266 0.601256 0.609526 0.601495 0.609989 0.601597 0.610582 0.601546 0.611215 0.601350 0.631782 0.592742 0.632355 0.592433 0.632777 0.592058 0.632984 0.591677 0.632943 0.591345 0.628892 0.571390 0.628613 0.571176 0.628136 0.571096 0.627533 0.571161 0.624319 0.572011 0.608495 0.578634 0.605723 0.580290 0.605287 0.580659
0 0.485156 0.530999 0.485629 0.535247 0.486584 0.537973 0.487148 0.539231 0.488030 0.540109 0.489873 0.541516 0.493001 0.542586 0.496194 0.541984 0.497919 0.540841 0.498863 0.540098 0.499519 0.538930 0.500893 0.536373 0.500914 0.536310 0.501704 0.532154 0.501236 0.527902 0.499580 0.524205 0.496989 0.521625 0.493857 0.520558 0.490664 0.521164 0.487895 0.523352 0.485973 0.526784 0.485942 0.526840
0 0.544583 0.608168 0.544705 0.611894 0.545225 0.613195 0.545421 0.613528 0.545858 0.614175 0.546470 0.615038 0.547164 0.615984 0.547832 0.616869 0.548373 0.617556 0.548704 0.617941 0.548774 0.617965 0.551523 0.618568 0.565916 0.599532 0.564409 0.597257 0.558596 0.589444 0.556252 0.592544
0 0.445771 0.519591 0.446346 0.521607 0.447457 0.523176 0.448932 0.524059 0.450549 0.524122 0.450634 0.524080 0.452144 0.523314 0.453318 0.521837 0.453980 0.519873 0.454027 0.517720 0.453453 0.515708 0.452344 0.514142 0.450871 0.513260 0.449257 0.513197 0.449169 0.513220 0.447657 0.513987 0.446481 0.515467 0.445818 0.517435
0 0.537853 0.478626 0.562953 0.507398 0.563831 0.507501 0.569301 0.499017 0.543851 0.469844 0.543248 0.470259
0 0.460604 0.680212 0.505198 0.709989 0.512642 0.690170 0.512584 0.689298 0.468195 0.659658 0.460785 0.679386
0 0.492142 0.386094 0.492145 0.386141 0.492333 0.386616 0.492678 0.387445 0.493127 0.388502 0.493612 0.389627 0.494060 0.390650 0.494403 0.391418 0.494589 0.391812 0.499321 0.398346 0.499512 0.398447 0.499923 0.398487 0.500492 0.398460 0.501132 0.398370 0.501744 0.398230 0.502236 0.398063 0.502532 0.397893 0.511358 0.381382 0.511252 0.381018 0.510780 0.379759 0.510099 0.378068 0.508974 0.375395 0.508012 0.373223 0.507527 0.372271 0.507210 0.371831 0.501188 0.376306 0.500561 0.376791 0.495520 0.380838 0.492862 0.382976
0 0.449748 0.645979 0.457091 0.651173 0.464882 0.631592 0.465043 0.630989 0.457733 0.625819 0.449978 0.645310
0 0.511518 0.424304 0.512627 0.428335 0.513368 0.429408 0.514809 0.431494 0.517731 0.433299 0.520949 0.433476 0.522946 0.432499 0.523972 0.431997 0.524777 0.431009 0.526342 0.429088 0.526447 0.428803 0.527807 0.424892 0.527940 0.420584 0.527204 0.417911 0.526780 0.416680 0.526082 0.415459 0.524636 0.413365 0.521702 0.411552 0.518471 0.411375 0.516466 0.412355 0.515409 0.413009 0.514628 0.413851 0.513057 0.415780 0.511697 0.419692 0.511651 0.420013
0 0.461515 0.382668 0.461520 0.383313 0.462252 0.386808 0.464375 0.388661 0.464796 0.388813 0.465518 0.388804 0.465922 0.388582 0.470322 0.383886 0.473168 0.380680 0.473367 0.380169 0.473262 0.379598 0.470186 0.373865 0.469835 0.373587 0.468654 0.373549 0.468273 0.373723 0.465530 0.377135 0.461751 0.382131
0 0.558393 0.547130 0.558512 0.555933 0.558542 0.558134 0.558676 0.558267 0.558777 0.558367 0.575349 0.557969 0.575199 0.546922 0.575070 0.546841 0.574899 0.546734
0 0.693133 0.567273 0.695544 0.570281 0.695615 0.570335 0.696062 0.570468 0.696818 0.570660 0.697768 0.570881 0.698768 0.571098 0.715264 0.574552 0.723512 0.576279 0.724400 0.576457 0.725034 0.576567 0.725316 0.576593 0.728440 0.574979 0.729999 0.561752 0.727364 0.561042 0.694674 0.554197 0.694160 0.558556
0 0.507063 0.429795 0.523302 0.434280 0.523410 0.433977 0.526789 0.412225 0.510475 0.407719 0.507096 0.429471
