0 0.864178 0.615698 0.864970 0.617154 0.866682 0.618952 0.877951 0.628421 0.943846 0.674441 0.957506 0.682382 0.960120 0.683605 0.962262 0.684198 0.963605 0.684069 1.000000 0.619577 1.000000 0.613398 0.998354 0.611745 0.915404 0.553586 0.912725 0.551943 0.910139 0.550786 0.908042 0.550291 0.906753 0.550533 0.864431 0.614808
0 0.392849 0.785337 0.393023 0.785642 0.394372 0.786129 0.396694 0.786724 0.399634 0.787336 0.402742 0.787870 0.502275 0.803196 0.505011 0.803562 0.506990 0.803710 0.507911 0.803617 0.522092 0.724679 0.521805 0.724431 0.520369 0.723997 0.518004 0.723446 0.515069 0.722859 0.512009 0.722327 0.412998 0.706391 0.410212 0.705983 0.408155 0.705767 0.407142 0.705776
0 0.328209 0.678995 0.347494 0.705600 0.349605 0.708389 0.367646 0.731210 0.377220 0.743276 0.388679 0.745191 0.390332 0.744435 0.393160 0.742670 0.396732 0.740163 0.400500 0.737298 0.403885 0.734517 0.406368 0.732246 0.407572 0.730830 0.427393 0.704310 0.427891 0.703556 0.427996 0.701734 0.427690 0.699120 0.427020 0.696114 0.426088 0.693176 0.425038 0.690756 0.424029 0.689223 0.360396 0.655024 0.358010 0.655839 0.355352 0.657505 0.349461 0.661592 0.343048 0.666322 0.334413 0.673044 0.328796 0.677818
0 0.828062 0.331435 0.829082 0.334515 0.831125 0.337134 0.836124 0.342508 0.841901 0.348060 0.850103 0.355156 0.855919 0.359342 0.857337 0.359050 0.880086 0.335764 0.882463 0.333205 0.901889 0.311019 0.912167 0.299211 0.911990 0.287774 0.911026 0.285966 0.908838 0.283262 0.905759 0.280077 0.902261 0.276898 0.898882 0.274214 0.896141 0.272437 0.863786 0.257396 0.862011 0.257438 0.859513 0.258089 0.856673 0.259251 0.853926 0.260746 0.851693 0.262345 0.850314 0.263804
0 0.222913 0.086564 0.237355 0.102830 0.250639 0.115853 0.273100 0.099629 0.314199 0.060774 0.318036 0.056151 0.290493 0.027056 0.245418 0.058622
0 0.193001 0.446070 0.199112 0.447036 0.254980 0.455775 0.281002 0.459797 0.285253 0.440140 0.287235 0.419951 0.250825 0.413796 0.199193 0.406487
0 0.763227 0.418997 0.768171 0.446889 0.782385 0.501640 0.784273 0.507155 0.823048 0.497072 0.813972 0.441571 0.802260 0.408847 0.781692 0.413807
0 0.900955 0.425486 0.942043 0.450301 0.947154 0.449727 0.956061 0.447548 0.957139 0.446691 0.959008 0.444386 0.961383 0.440983 0.963900 0.437000 0.966174 0.433050 0.967853 0.429741 0.968684 0.427577 0.968072 0.415091 0.926509 0.389989 0.921635 0.391246
0 0.864457 0.450015 0.895391 0.475528 0.900903 0.475187 0.926771 0.443821 0.895406 0.417953 0.889970 0.419081
0 0.502049 0.617238 0.502058 0.617778 0.542309 0.619371 0.543902 0.579120 0.543701 0.578758 0.503635 0.577172
0 0.437184 1.000000 0.477208 1.000000 0.493705 0.996377 0.493734 0.994102 0.462061 0.969513
0 0.319070 0.612840 0.349627 0.639087 0.350316 0.638449 0.376443 0.608032 0.346025 0.581905 0.345317 0.582283
0 0.071363 0.101670 0.072873 0.141923 0.074831 0.143564 0.114900 0.142061 0.113397 0.101992 0.111617 0.100160
