0 0.547234 0.514471 0.557004 0.517220 0.559434 0.513287 0.559552 0.513057 0.559731 0.512364 0.559943 0.511313 0.560157 0.510065 0.562596 0.494660 0.562777 0.493411 0.562898 0.492357 0.562939 0.491658 0.562895 0.491421 0.561864 0.486515 0.552094 0.483766 0.550468 0.491511 0.548057 0.506739
0 0.525441 0.561882 0.532121 0.604993 0.532492 0.606207 0.542304 0.603504 0.543554 0.600238 0.543573 0.600122 0.543513 0.599528 0.543381 0.598544 0.543199 0.597321 0.541514 0.586444 0.539829 0.575567 0.538144 0.564690 0.537940 0.563424 0.537748 0.562319 0.537596 0.561544 0.537508 0.561215 0.535141 0.559211 0.531908 0.560101
0 0.537154 0.609984 0.537584 0.611255 0.543650 0.621887 0.546000 0.621726 0.546482 0.621426 0.547162 0.620862 0.547936 0.620122 0.548684 0.619319 0.549292 0.618575 0.549667 0.618006 0.549753 0.617697 0.550295 0.615147 0.551885 0.599546 0.551292 0.598409 0.550292 0.596657
0 0.495588 0.225881 0.495617 0.226492 0.495688 0.227510 0.495791 0.228779 0.495910 0.230106 0.496932 0.241052 0.497049 0.242242 0.497147 0.243116 0.497210 0.243542 0.499189 0.246526 0.509029 0.244891 0.509113 0.242534 0.507051 0.220466 0.506230 0.220280 0.504573 0.220555 0.499602 0.221381 0.497945 0.221657 0.497120 0.222115 0.495605 0.225769
0 0.414197 0.596002 0.415576 0.606904 0.464634 0.595873 0.464796 0.595435 0.463424 0.584583 0.456642 0.578150 0.447140 0.569137 0.444401 0.566539 0.428122 0.570199 0.427792 0.570521
0 0.426764 0.642395 0.426786 0.642608 0.426839 0.643120 0.426860 0.643316 0.427606 0.647644 0.430591 0.664957 0.430978 0.664867 0.431385 0.664760 0.431806 0.664638 0.432232 0.664503 0.432662 0.664355 0.452415 0.657330 0.448708 0.635830 0.448631 0.635581 0.428801 0.641660 0.428374 0.641795 0.427953 0.641937 0.427539 0.642087 0.427141 0.642240
0 0.580496 0.267346 0.581017 0.269720 0.581323 0.270465 0.581856 0.271366 0.582534 0.272287 0.600821 0.294771 0.601548 0.295578 0.602218 0.296155 0.602729 0.296416 0.604823 0.297256 0.605945 0.295634 0.611554 0.287525 0.612845 0.285065 0.588236 0.254807 0.581428 0.264652
0 0.623660 0.360499 0.623837 0.360919 0.624177 0.361462 0.627579 0.365847 0.633762 0.373137 0.634376 0.372554 0.645361 0.355989 0.636200 0.344826 0.635700 0.344292 0.635229 0.343894 0.634859 0.343693 0.634647 0.343719 0.631832 0.346297 0.626894 0.353742 0.625248 0.356224 0.623674 0.360265
0 0.382997 0.383648 0.390907 0.391848 0.392154 0.393084 0.394202 0.392108 0.394651 0.391661 0.395224 0.390894 0.395834 0.389923 0.400912 0.381215 0.401469 0.380184 0.401890 0.379246 0.402111 0.378543 0.402286 0.375707 0.401157 0.374270 0.393247 0.366070
0 0.571710 0.535286 0.572463 0.539487 0.574358 0.542994 0.577103 0.545273 0.580281 0.545976 0.580352 0.545965 0.583479 0.544984 0.585533 0.543263 0.586417 0.542407 0.586987 0.541159 0.587750 0.538808 0.588245 0.534554 0.587488 0.530358 0.586578 0.527939 0.585933 0.526747 0.584999 0.525971 0.582852 0.524579 0.579677 0.523874 0.576553 0.524848 0.576484 0.524873 0.573887 0.527378 0.572210 0.531034
0 0.461554 0.559134 0.461921 0.560329 0.462603 0.561246 0.465608 0.565165 0.469464 0.567414 0.470357 0.567913 0.471325 0.567918 0.472222 0.567429 0.472909 0.566520 0.475681 0.562552 0.475737 0.562409 0.477589 0.557233 0.477963 0.556045 0.477967 0.554757 0.477601 0.553565 0.476921 0.552650 0.473781 0.549009 0.470077 0.546498 0.469186 0.546000 0.468220 0.545994 0.467326 0.546482 0.466640 0.547390 0.466558 0.547505 0.463648 0.551734 0.461933 0.556652 0.461558 0.557843
0 0.518062 0.590655 0.520040 0.601367 0.520132 0.601833 0.528203 0.599184 0.526216 0.588422 0.526096 0.588017
0 0.492024 0.616612 0.492415 0.620023 0.508997 0.635575 0.516773 0.620836 0.518717 0.617151 0.518630 0.616606 0.518289 0.614473 0.502087 0.599277 0.499786 0.600040 0.497882 0.603648 0.494074 0.610866 0.492171 0.614475
