0 0.506819 0.505845 0.506885 0.506068 0.507092 0.506721 0.507406 0.507701 0.507782 0.508862 0.508161 0.510026 0.508488 0.511020 0.508712 0.511692 0.508798 0.511940 0.511141 0.513112 0.531318 0.513596 0.532851 0.512711 0.526214 0.492276 0.525915 0.492365 0.507734 0.502862
0 0.456430 0.782322 0.462351 0.793101 0.475825 0.779942 0.476101 0.776743 0.470248 0.766087 0.467584 0.766824 0.467186 0.766951 0.466561 0.767386 0.465803 0.768065 0.459128 0.774584 0.458351 0.775404 0.457669 0.776244 0.457187 0.776978 0.456978 0.777493
0 0.634776 0.299737 0.639563 0.311301 0.642649 0.311333 0.642962 0.311197 0.643560 0.310818 0.644355 0.310256 0.651598 0.304925 0.652470 0.304262 0.653289 0.303596 0.653933 0.303030 0.654302 0.302647 0.655799 0.298359 0.650957 0.286662 0.636335 0.297422
0 0.303933 0.649703 0.304380 0.651924 0.305615 0.655882 0.307917 0.658926 0.309466 0.660657 0.310493 0.661225 0.311608 0.661238 0.314206 0.660632 0.317237 0.659037 0.319567 0.656052 0.319657 0.655917 0.320930 0.651996 0.320955 0.647735 0.319726 0.643779 0.317430 0.640732 0.314415 0.639059 0.311140 0.639014 0.308106 0.640608 0.308007 0.640733 0.305674 0.643724 0.304374 0.646910 0.303940 0.648249
0 0.559162 0.707330 0.559388 0.713395 0.559454 0.714687 0.559600 0.715212 0.560033 0.716374 0.560767 0.717226 0.561690 0.717639 0.565573 0.718633 0.569935 0.719049 0.570906 0.718960 0.571778 0.718382 0.572417 0.717403 0.572726 0.716173 0.573693 0.710268 0.573784 0.705179 0.573717 0.703884 0.573548 0.703416 0.573105 0.702228 0.572373 0.701378 0.569942 0.700182 0.567264 0.698983 0.564446 0.699242 0.562258 0.699648 0.561389 0.700225 0.560752 0.701201 0.560061 0.703759
0 0.436037 0.365390 0.436050 0.365428 0.436446 0.365866 0.436595 0.365741 0.436582 0.365704 0.436186 0.365266 0.436159 0.365279 0.436150 0.365286 0.436075 0.365348
0 0.622170 0.611577 0.622732 0.612091 0.630821 0.614649 0.638496 0.571508 0.637861 0.571180 0.629809 0.568634
0 0.284295 0.737326 0.300110 0.744483 0.302395 0.741689 0.303456 0.737520 0.301115 0.735060 0.300500 0.734540 0.299653 0.734071 0.291818 0.730525 0.290864 0.730178 0.289945 0.730005 0.289199 0.730031 0.287822 0.730444 0.285368 0.733109
0 0.443323 0.627990 0.443351 0.628234 0.443532 0.628705 0.443837 0.629332 0.444221 0.630019 0.457592 0.652573 0.457993 0.653210 0.458348 0.653696 0.458601 0.653957 0.458716 0.653954 0.471698 0.640271 0.471645 0.640017 0.471444 0.639538 0.471125 0.638909 0.470739 0.638224 0.457429 0.615773 0.457029 0.615132 0.456676 0.614629 0.456421 0.614339 0.456305 0.614307
0 0.627320 0.684200 0.627520 0.686337 0.628319 0.688208 0.628540 0.688533 0.629817 0.689857 0.631377 0.690428 0.632983 0.690160 0.634389 0.689093 0.635382 0.687390 0.635810 0.685310 0.635610 0.683170 0.634809 0.681295 0.634578 0.680983 0.633303 0.679661 0.631745 0.679091 0.630143 0.679358 0.628739 0.680423 0.627747 0.682123
0 0.565617 0.437895 0.565964 0.438897 0.570821 0.452919 0.571168 0.453920 0.573196 0.455101 0.574560 0.454265 0.574908 0.454051 0.593316 0.442716 0.591899 0.438625 0.587648 0.426353 0.586231 0.422263 0.567824 0.433598 0.567508 0.433907 0.566273 0.435116
0 0.353545 0.161622 0.354214 0.163169 0.444086 0.218729 0.451031 0.198757 0.450806 0.197374 0.360522 0.141559
0 0.377070 0.594360 0.377116 0.595222 0.377341 0.596322 0.377631 0.597095 0.378449 0.598042 0.379477 0.598500 0.380559 0.598399 0.383596 0.597466 0.384908 0.596593 0.386028 0.595653 0.386223 0.595489 0.387174 0.594029 0.387633 0.592196 0.387531 0.590268 0.386883 0.588539 0.385789 0.587272 0.384414 0.586660 0.382968 0.586796 0.381671 0.587659 0.380510 0.588519 0.380303 0.588673 0.378124 0.591898 0.377414 0.592989
0 0.503717 0.399224 0.510885 0.408496 0.514513 0.406896 0.514626 0.406838 0.514986 0.406425 0.515537 0.405722 0.516196 0.404836 0.524364 0.393612 0.525033 0.392673 0.525615 0.391819 0.526020 0.391181 0.526187 0.390855 0.527277 0.385971 0.520109 0.376698 0.516143 0.381363 0.507879 0.392718
0 0.436793 0.733892 0.453350 0.735923 0.453564 0.734842 0.458113 0.668918 0.441632 0.666896 0.441363 0.667665
0 0.555889 0.616219 0.556113 0.616686 0.568925 0.630730 0.579458 0.613647 0.579140 0.613192 0.566379 0.599204
