0 0.566115 0.615102 0.567226 0.628225 0.568004 0.629707 0.569461 0.631051 0.569741 0.631195 0.570357 0.631262 0.571215 0.631239 0.572184 0.631130 0.573115 0.630953 0.573865 0.630733 0.574320 0.630506 0.576300 0.628458 0.575176 0.615184 0.574317 0.613867
0 0.444314 0.610851 0.456666 0.625604 0.462199 0.617369 0.462372 0.616832 0.450075 0.602147 0.444568 0.610344
0 0.556689 0.429138 0.561037 0.450427 0.577004 0.444629 0.577359 0.444374 0.572990 0.422987 0.556950 0.428811
0 0.531980 0.581155 0.532051 0.581613 0.533039 0.583543 0.534082 0.584596 0.536074 0.584274 0.536447 0.584056 0.536766 0.583586 0.540114 0.578408 0.540496 0.577808 0.542223 0.572924 0.542339 0.572407 0.542195 0.572078 0.540456 0.570377 0.537293 0.568580 0.536968 0.568644 0.536664 0.569057 0.534637 0.572583 0.532126 0.580588
0 0.578614 0.594682 0.578722 0.595968 0.579191 0.597101 0.581202 0.601628 0.581389 0.601861 0.584744 0.605810 0.585504 0.606620 0.586439 0.606979 0.587406 0.606835 0.588258 0.606208 0.591613 0.603019 0.594612 0.599062 0.595219 0.598049 0.595489 0.596802 0.595380 0.595513 0.594910 0.594377 0.592481 0.589387 0.589551 0.585905 0.588791 0.585096 0.588587 0.584900 0.588574 0.584888 0.587641 0.584529 0.586677 0.584673 0.584541 0.586207 0.582069 0.588027 0.580306 0.590970 0.578883 0.593438
0 0.427829 0.401347 0.429485 0.403370 0.439020 0.405903 0.439092 0.405854 0.439289 0.405344 0.439580 0.404450 0.439922 0.403308 0.440261 0.402092 0.440546 0.400991 0.440733 0.400172 0.440794 0.399760 0.432428 0.393100 0.430181 0.393125 0.430100 0.393213 0.429853 0.393912 0.429478 0.395113 0.429032 0.396635 0.428582 0.398247 0.428195 0.399708 0.427931 0.400796
0 0.410167 0.604311 0.410930 0.608499 0.412836 0.611980 0.415597 0.614222 0.418791 0.614885 0.421932 0.613868 0.424543 0.611326 0.424592 0.611254 0.425919 0.608506 0.426488 0.607260 0.426656 0.605819 0.426769 0.603319 0.426007 0.599133 0.424101 0.595655 0.422507 0.593900 0.421573 0.593141 0.420492 0.592916 0.418150 0.592752 0.415011 0.593768 0.412402 0.596309 0.412346 0.596371 0.410664 0.600052
0 0.439017 0.410873 0.447470 0.429881 0.447681 0.430162 0.461880 0.418936 0.453460 0.400003 0.453273 0.399602
0 0.406631 0.584253 0.406844 0.587271 0.407109 0.587650 0.407695 0.587896 0.422417 0.590590 0.422988 0.590556 0.423217 0.590267 0.423500 0.588291 0.424547 0.578119 0.424523 0.577391 0.408144 0.574394
0 0.472315 0.611010 0.472334 0.622093 0.480646 0.622067 0.480735 0.621507 0.480715 0.610475 0.472441 0.610501
0 0.453577 0.387730 0.454638 0.390296 0.456295 0.394103 0.458365 0.394418 0.458584 0.394430 0.459096 0.394188 0.459823 0.393727 0.460655 0.393120 0.461466 0.392456 0.467684 0.387205 0.468412 0.386350 0.468840 0.385188 0.468901 0.383896 0.468587 0.382672 0.468259 0.381447 0.468148 0.381033 0.467498 0.380048 0.466614 0.379470 0.465632 0.379387 0.464700 0.379812 0.460882 0.382076
0 0.496319 0.477058 0.496323 0.477215 0.497087 0.479563 0.497460 0.479682 0.498145 0.479787 0.499039 0.479862 0.500006 0.479896 0.500901 0.479885 0.501588 0.479828 0.501963 0.479736 0.502821 0.477446 0.502828 0.477289 0.502850 0.476187 0.501856 0.444306 0.501612 0.444198 0.501157 0.444105 0.500560 0.444042 0.499913 0.444019 0.499315 0.444039 0.498858 0.444100 0.498611 0.444191 0.496341 0.475956
0 0.525008 0.521279 0.532104 0.559752 0.532475 0.560443 0.540583 0.557784 0.534199 0.521275 0.533795 0.519087 0.531542 0.517201 0.531179 0.517003 0.530954 0.517041 0.530397 0.517193 0.529592 0.517437 0.528662 0.517735 0.527747 0.518042 0.526985 0.518312 0.526491 0.518504 0.526342 0.518589
