0 0.859959 0.243276 0.884890 0.274680 0.890255 0.271539 0.922097 0.246261 0.896819 0.214419 0.891363 0.218345
0 0.229437 0.199318 0.232529 0.202754 0.268322 0.220611 0.289750 0.177660 0.285159 0.164566 0.284052 0.163712 0.281463 0.162164 0.277784 0.160157 0.273578 0.157999 0.269492 0.156020 0.266153 0.154526 0.264070 0.153743 0.263560 0.153790 0.251113 0.155870
0 0.311721 0.854823 0.327130 0.892237 0.372026 0.873746 0.377602 0.860903 0.377414 0.859579 0.376557 0.856765 0.375163 0.852890 0.373443 0.848542 0.371656 0.844376 0.370073 0.841021 0.368933 0.838986 0.368410 0.838584 0.358256 0.832489 0.313873 0.850768
0 0.544347 0.107734 0.547741 0.116792 0.548490 0.117724 0.550745 0.119366 0.554161 0.121467 0.558220 0.123709 0.562310 0.125755 0.565813 0.127295 0.568199 0.128095 0.569102 0.128032 0.579745 0.126361 0.602097 0.083883 0.603278 0.079073 0.567470 0.060230 0.544859 0.103199
0 0.756597 0.144381 0.777402 0.178545 0.811566 0.157740 0.815898 0.152981 0.794804 0.118342 0.760165 0.139436
0 0.913519 0.512579 0.914388 0.514811 0.916067 0.518158 0.918304 0.522114 0.920759 0.526081 0.923062 0.529462 0.924866 0.531743 0.925895 0.532575 0.934851 0.534942 0.939879 0.535346 0.980247 0.514903 0.987292 0.510732 0.966436 0.475508 0.955775 0.476068 0.914472 0.500523
0 0.176975 0.137557 0.177211 0.138933 0.182085 0.146542 0.185718 0.150582 0.232680 0.160507 0.249224 0.082237 0.246324 0.077407 0.238407 0.075733 0.190452 0.106954 0.181593 0.115709 0.180693 0.117844 0.179642 0.121400 0.178599 0.125835 0.177725 0.130467 0.177155 0.134584
0 0.248247 0.680146 0.251340 0.720091 0.304352 0.719309 0.340552 0.714520 0.339950 0.693732 0.337439 0.674310 0.310704 0.675066 0.254321 0.679418
0 0.124868 0.313669 0.137150 0.352321 0.142126 0.354346 0.218370 0.330119 0.206256 0.291998 0.205583 0.291521 0.163520 0.301387
0 0.465647 0.194472 0.469078 0.234883 0.469502 0.238519 0.500601 0.264750 0.512743 0.274991 0.552599 0.271607 0.553331 0.268431 0.549900 0.228020 0.506057 0.191041
0 0.689363 0.241614 0.736948 0.250408 0.748358 0.235821 0.748855 0.234565 0.749613 0.231681 0.750516 0.227608 0.751426 0.222968 0.761826 0.166693 0.762601 0.162214 0.763119 0.158599 0.763300 0.156400 0.757676 0.138248 0.710091 0.129454 0.703253 0.160262 0.692973 0.215889
0 0.225180 0.274523 0.227313 0.301082 0.229778 0.317038 0.236092 0.357906 0.242597 0.387244 0.290420 0.379855 0.296382 0.362322 0.296511 0.361595 0.296339 0.359164 0.295893 0.355403 0.295242 0.350881 0.286564 0.294715 0.285804 0.290100 0.285046 0.286074 0.284405 0.283246 0.283979 0.282050 0.273004 0.267134
0 0.447305 0.546830 0.448285 0.551196 0.449620 0.556280 0.454965 0.562142 0.458280 0.565324 0.463336 0.567145 0.469365 0.567331 0.475457 0.565858 0.480693 0.562947 0.484281 0.559036 0.485672 0.554715 0.487924 0.547016 0.486898 0.542662 0.485626 0.537561 0.481525 0.533541 0.475212 0.531221 0.470539 0.530483 0.466015 0.530329 0.461442 0.531435 0.457520 0.533632 0.453446 0.536485 0.448988 0.541410
0 0.425367 0.523362 0.427068 0.527643 0.430481 0.534782 0.434690 0.537950 0.438363 0.540493 0.444020 0.540990 0.450263 0.538726 0.454436 0.535999 0.457950 0.533198 0.460697 0.529378 0.462259 0.525126 0.463341 0.520548 0.463568 0.513815 0.461387 0.508487 0.457139 0.505372 0.453494 0.502792 0.445518 0.501997 0.440988 0.501646 0.436013 0.503488 0.431342 0.507236 0.427683 0.512324 0.425584 0.517984
0 0.411679 0.203671 0.413594 0.211269 0.413742 0.211765 0.418411 0.218043 0.425126 0.222054 0.432866 0.223192 0.440451 0.221280 0.446728 0.216612 0.450740 0.209896 0.451878 0.202157 0.451795 0.201644 0.449880 0.194045 0.445203 0.187757 0.438476 0.183739 0.430724 0.182599 0.423125 0.184514 0.416837 0.189191 0.412818 0.195918
0 0.224486 0.634222 0.225712 0.641965 0.229806 0.648650 0.236148 0.653259 0.243771 0.655091 0.251514 0.653866 0.258199 0.649771 0.258614 0.649514 0.263215 0.643183 0.265044 0.635573 0.263821 0.627844 0.259734 0.621170 0.253403 0.616569 0.245793 0.614740 0.238063 0.615963 0.237613 0.616163 0.230927 0.620257 0.226318 0.626599
0 0.956171 0.041744 0.958946 0.049061 0.964309 0.054761 0.971445 0.057973 0.979268 0.058211 0.986585 0.055436 0.987423 0.054670 0.993133 0.049298 0.996351 0.042149 0.996589 0.034313 0.993809 0.026983 0.988437 0.021274 0.981288 0.018056 0.973452 0.017818 0.966122 0.020597 0.960413 0.025970 0.959621 0.026784 0.956409 0.033921
0 0.095176 0.404018 0.126144 0.430788 0.134689 0.432370 0.166080 0.396058 0.163665 0.383731 0.163414 0.383284 0.161815 0.381708 0.159115 0.379244 0.155722 0.376265 0.152149 0.373222 0.148935 0.370573 0.146565 0.368719 0.145404 0.367945 0.141281 0.366410 0.127301 0.366855
0 0.805426 0.431043 0.805665 0.431855 0.810850 0.441637 0.858076 0.450224 0.862215 0.449649 0.876694 0.370030 0.828922 0.361343 0.825163 0.362927 0.817182 0.368526 0.816599 0.369602 0.815779 0.372316 0.814846 0.376250 0.813940 0.380811 0.806767 0.420256 0.806023 0.424765 0.805553 0.428552
0 0.299491 0.954510 0.312960 0.992369 0.350819 0.978901 0.351501 0.976711 0.338094 0.939025 0.300408 0.952432
0 0.293935 0.916100 0.327240 0.938759 0.349899 0.905455 0.350587 0.903597 0.317435 0.881041 0.294879 0.914193
0 0.444173 0.042817 0.444429 0.044912 0.465481 0.079038 0.499607 0.057986 0.499606 0.055951 0.478456 0.021667
0 0.336642 0.140844 0.337243 0.142332 0.368236 0.167850 0.393700 0.136873 0.393359 0.135360 0.362227 0.109719
0 0.247569 0.861456 0.285871 0.873607 0.286850 0.871899 0.298945 0.833771 0.260818 0.821676 0.259719 0.823153
