0 0.713050 0.038007 0.727325 0.075477 0.764796 0.061202 0.766015 0.059182 0.751673 0.021539 0.714031 0.035880
0 0.239051 0.822277 0.257049 0.858315 0.293087 0.840318 0.294035 0.838758 0.276120 0.802885 0.240247 0.820800
0 0.758785 0.380557 0.790651 0.404895 0.791990 0.404457 0.816440 0.372444 0.784427 0.347994 0.783124 0.348691
0 0.898367 0.820380 0.898724 0.860476 0.900560 0.862135 0.940840 0.861777 0.940482 0.821497 0.938463 0.820023
0 0.730009 0.448577 0.768266 0.460585 0.769501 0.460403 0.781564 0.421970 0.743131 0.409907 0.742017 0.410320
0 0.666544 0.936730 0.667348 0.967067 0.667706 0.968581 0.669008 0.970550 0.671058 0.972673 0.673541 0.974624 0.676078 0.976105 0.678281 0.976890 0.679812 0.976859 0.751693 0.964962 0.752096 0.964749 0.753369 0.961401 0.755024 0.955727 0.757583 0.945543 0.759607 0.936090 0.760421 0.930368 0.760690 0.925426 0.760225 0.924821 0.741163 0.919703 0.728368 0.916395 0.724945 0.915590 0.681930 0.907294 0.671892 0.913053 0.671488 0.913992 0.670741 0.916583 0.669765 0.920429 0.668706 0.924950 0.667724 0.929462 0.666969 0.933285 0.666554 0.935838
0 0.783496 0.181743 0.789986 0.191585 0.790498 0.192204 0.792739 0.193037 0.796362 0.193956 0.800820 0.194824 0.805440 0.195509 0.809523 0.195907 0.812454 0.195959 0.813781 0.195654 0.823152 0.188526 0.835026 0.123282 0.836676 0.108889 0.834351 0.107425 0.829137 0.105659 0.824634 0.104569 0.812524 0.102497 0.807601 0.101976 0.801237 0.101762 0.797511 0.102190 0.796540 0.103596 0.792816 0.124877 0.788721 0.148966
0 0.831924 0.019326 0.832177 0.020452 0.856839 0.086002 0.858861 0.088066 0.861854 0.088961 0.868873 0.090205 0.876788 0.091042 0.887791 0.091513 0.895342 0.091073 0.896794 0.089768 0.900084 0.057524 0.900373 0.054046 0.902329 0.024479 0.903352 0.008766 0.896025 0.000000 0.872128 0.000000 0.838651 0.005956 0.837416 0.007028 0.835935 0.009046 0.834435 0.011702 0.833146 0.014591 0.832264 0.017268
0 0.382844 0.367200 0.382937 0.368054 0.444796 0.416767 0.445697 0.416699 0.447219 0.415680 0.449128 0.413865 0.459292 0.402581 0.509063 0.339347 0.517553 0.326932 0.518833 0.324694 0.519413 0.323043 0.519204 0.322231 0.457742 0.272974 0.456827 0.273165 0.455293 0.274291 0.453376 0.276178 0.451365 0.278541 0.386679 0.360761 0.384869 0.363253 0.383523 0.365514
0 0.383147 0.252516 0.432647 0.315596 0.433186 0.315381 0.434601 0.314446 0.436675 0.312936 0.439094 0.311078 0.520911 0.246876 0.523324 0.244941 0.525378 0.243212 0.526764 0.241949 0.527267 0.241346 0.477767 0.178266 0.477267 0.178360 0.475881 0.179196 0.473818 0.180645 0.461866 0.189574 0.398569 0.239245 0.386802 0.248929 0.384808 0.250662 0.383525 0.251921
0 0.625796 0.275747 0.672688 0.286001 0.683751 0.278737 0.685888 0.276164 0.686335 0.274956 0.687113 0.272108 0.688104 0.268054 0.689156 0.263411 0.690107 0.258895 0.690811 0.255199 0.691161 0.252887 0.691104 0.252309 0.685473 0.241004 0.637484 0.230510 0.634342 0.236670
0 0.633596 0.664425 0.653174 0.742193 0.653879 0.743309 0.888258 0.684304 0.868590 0.606178 0.866900 0.605691
0 0.696642 0.771408 0.719390 0.804429 0.722445 0.808668 0.778990 0.819085 0.812471 0.796020 0.789407 0.762539 0.785431 0.758934 0.729663 0.748661
