0 0.421609 0.346868 0.421767 0.347483 0.428100 0.368189 0.520369 0.319111 0.520665 0.318370 0.514434 0.297662
0 0.391978 0.423278 0.392472 0.423628 0.408137 0.430572 0.434175 0.326139 0.433873 0.325340 0.418136 0.318365
0 0.366507 0.468422 0.366655 0.469571 0.367876 0.469849 0.368852 0.469891 0.373805 0.469932 0.377106 0.469959 0.377792 0.469931 0.379165 0.467384 0.379303 0.466703 0.379398 0.465654 0.379436 0.464396 0.379487 0.453366 0.379461 0.452087 0.379377 0.450977 0.379245 0.450203 0.379087 0.449885 0.377895 0.447896 0.376767 0.447415 0.366759 0.447332 0.366600 0.448384 0.366558 0.457290 0.366527 0.463969
0 0.499430 0.549968 0.500099 0.561015 0.508384 0.560123 0.507715 0.549076 0.507680 0.548851 0.499433 0.549739
0 0.477365 0.597872 0.477675 0.599988 0.478568 0.601785 0.479909 0.602990 0.481494 0.603418 0.483081 0.603005 0.484429 0.601814 0.485332 0.600025 0.485653 0.597912 0.485678 0.597744 0.485369 0.595632 0.484477 0.593838 0.483138 0.592636 0.481556 0.592208 0.479971 0.592620 0.478626 0.593810 0.477724 0.595595 0.477686 0.595759
0 0.403355 0.291903 0.405702 0.313629 0.408953 0.326465 0.417067 0.324393 0.416863 0.322591 0.413110 0.296470 0.411547 0.289810 0.407566 0.290302
0 0.515030 0.470516 0.516171 0.479965 0.516695 0.484304 0.517744 0.492990 0.518467 0.494330 0.518552 0.494304 0.544472 0.469458 0.543746 0.468112 0.528565 0.457474 0.515099 0.470381
0 0.464299 0.397683 0.464442 0.398092 0.478875 0.408775 0.486887 0.389530 0.486835 0.389087 0.472343 0.378361
0 0.570651 0.500386 0.570684 0.500522 0.577145 0.510126 0.579280 0.510978 0.579618 0.510615 0.580211 0.509783 0.580971 0.508609 0.581781 0.507270 0.582521 0.505968 0.583078 0.504898 0.583368 0.504224 0.583346 0.504049 0.582221 0.501465 0.573714 0.495326 0.573453 0.495580 0.573000 0.496192 0.572424 0.497070 0.571813 0.498079 0.571262 0.499064 0.570853 0.499874
0 0.415842 0.521366 0.417671 0.523929 0.417749 0.524003 0.418191 0.524149 0.418929 0.524346 0.419851 0.524564 0.428066 0.526401 0.429028 0.526605 0.429880 0.526764 0.430491 0.526854 0.430770 0.526860 0.433084 0.524764 0.434723 0.511740 0.418443 0.508098 0.417500 0.508191
0 0.454415 0.620995 0.454433 0.621083 0.455536 0.624523 0.457182 0.625030 0.485339 0.632090 0.487215 0.621242 0.487361 0.619857 0.458407 0.610953 0.456076 0.613220 0.455565 0.614536 0.455463 0.614939 0.455289 0.615780 0.455071 0.616934 0.454842 0.618222 0.454636 0.619447 0.454486 0.620421
0 0.516087 0.679627 0.516161 0.680452 0.530827 0.690775 0.534698 0.680998 0.534539 0.680170 0.519941 0.669895
0 0.556937 0.617246 0.557049 0.617539 0.557383 0.618183 0.557888 0.619079 0.558487 0.620091 0.559091 0.621068 0.559607 0.621861 0.559958 0.622351 0.560090 0.622460 0.561988 0.621857 0.562633 0.621164 0.580239 0.599377 0.580183 0.599166 0.579975 0.598725 0.579645 0.598119 0.579244 0.597442 0.578833 0.596797 0.578476 0.596283 0.578227 0.595978 0.578123 0.595929 0.558426 0.614217 0.557781 0.614908
0 0.422075 0.786328 0.428476 0.795093 0.435780 0.800540 0.439865 0.790802 0.440690 0.786814 0.426283 0.776068 0.422254 0.785673
