0 0.571452 0.481128 0.573085 0.483274 0.573779 0.483981 0.574633 0.484600 0.575516 0.485036 0.576293 0.485221 0.579044 0.485736 0.587598 0.463199 0.588607 0.455668 0.581087 0.451104 0.580388 0.452974 0.572124 0.477179
0 0.438387 0.488795 0.444639 0.491467 0.456667 0.496119 0.459073 0.485574 0.458017 0.485142 0.446845 0.480610 0.440809 0.478179
0 0.423397 0.399201 0.423608 0.400068 0.424048 0.401338 0.424649 0.402819 0.425321 0.404288 0.425963 0.405523 0.426478 0.406339 0.426788 0.406611 0.428984 0.406202 0.436320 0.397968 0.436375 0.397720 0.436232 0.397067 0.435913 0.396108 0.435466 0.394989 0.434959 0.393881 0.434471 0.392957 0.434076 0.392355 0.433835 0.392169 0.424815 0.396529 0.423448 0.398871
0 0.455205 0.515653 0.456310 0.528931 0.464609 0.527703 0.465013 0.527386 0.463920 0.514260 0.461868 0.512249 0.461730 0.512260 0.461238 0.512326 0.460466 0.512435 0.459533 0.512572 0.458578 0.512715 0.457746 0.512843 0.457163 0.512937 0.456918 0.512981
0 0.434647 0.476958 0.435229 0.478971 0.436344 0.480533 0.437823 0.481407 0.437930 0.481439 0.439544 0.481492 0.441051 0.480718 0.442221 0.479233 0.442875 0.477265 0.442915 0.475112 0.442334 0.473103 0.441221 0.471544 0.439745 0.470671 0.439641 0.470620 0.438024 0.470567 0.436514 0.471343 0.435342 0.472830 0.434687 0.474802
0 0.515900 0.422419 0.516318 0.424499 0.517301 0.426207 0.518699 0.427285 0.520300 0.427566 0.521860 0.427009 0.523141 0.425698 0.523949 0.423834 0.523990 0.423703 0.524202 0.421564 0.523784 0.419481 0.522799 0.417770 0.521398 0.416691 0.519794 0.416409 0.518232 0.416967 0.516948 0.418279 0.516139 0.420147 0.516111 0.420284
0 0.562266 0.594932 0.565144 0.616605 0.565443 0.617141 0.598103 0.609432 0.595212 0.587659 0.594777 0.587258
0 0.453486 0.629856 0.453579 0.630532 0.453874 0.631550 0.454327 0.632755 0.454868 0.633962 0.455414 0.634984 0.455693 0.635393 0.456008 0.635763 0.456198 0.635905 0.470864 0.625966 0.476897 0.621218 0.477962 0.620379 0.478083 0.620077 0.477909 0.619162 0.477468 0.617775 0.476827 0.616129 0.476083 0.614469 0.475347 0.613045 0.474731 0.612072 0.474327 0.611698 0.467245 0.617280 0.453609 0.629624
0 0.555922 0.484247 0.555988 0.489341 0.564918 0.495297 0.568106 0.488185 0.571923 0.478009 0.573413 0.474036 0.575448 0.467232 0.566517 0.461275 0.563420 0.464260 0.563252 0.464534 0.562939 0.465217 0.562531 0.466206 0.562089 0.467350 0.556842 0.481334 0.556431 0.482465 0.556112 0.483415 0.555933 0.484041
0 0.518739 0.415065 0.522751 0.416388 0.530937 0.418175 0.539123 0.419961 0.547309 0.421747 0.551593 0.422234 0.553264 0.411951 0.553759 0.405048 0.520861 0.397869 0.519513 0.408202
0 0.560097 0.531342 0.565230 0.552275 0.565492 0.552485 0.581255 0.545613 0.576101 0.524596 0.575796 0.524498
0 0.551391 0.395221 0.570034 0.431682 0.576871 0.425468 0.577224 0.425124 0.558495 0.388496 0.551627 0.394739
0 0.535797 0.595038 0.535941 0.596002 0.536310 0.598147 0.537789 0.606728 0.538018 0.607924 0.538369 0.608921 0.539227 0.608797 0.540854 0.608299 0.545737 0.606803 0.553874 0.604310 0.554625 0.603940 0.552383 0.590935 0.551904 0.590103 0.550129 0.588721 0.549879 0.588660 0.549298 0.588722 0.548477 0.588897 0.547538 0.589157 0.539476 0.591627 0.538560 0.591935 0.537803 0.592244 0.537320 0.592508 0.537184 0.592687
0 0.492626 0.420525 0.492771 0.420993 0.493061 0.421610 0.493452 0.422281 0.493884 0.422903 0.494290 0.423381 0.494610 0.423643 0.509515 0.424695 0.509869 0.424203 0.510212 0.423473 0.510944 0.421760 0.511722 0.419827 0.512745 0.417138 0.513383 0.415292 0.513403 0.414936 0.507454 0.410567 0.506814 0.410119 0.501444 0.406553 0.498599 0.404671 0.496287 0.405540 0.496052 0.405925 0.495685 0.406700 0.495242 0.407747 0.494791 0.408904 0.494401 0.409995 0.494133 0.410851 0.494026 0.411342 0.492648 0.420277
0 0.434988 0.572365 0.435026 0.572574 0.443570 0.590871 0.443813 0.590878 0.444228 0.590697 0.444754 0.590356 0.447558 0.588201 0.461365 0.575950 0.463785 0.573471 0.464166 0.573007 0.464365 0.572643 0.464351 0.572433 0.455687 0.554243 0.455456 0.554205 0.455050 0.554359 0.454530 0.554682 0.453976 0.555124 0.436031 0.571047 0.435531 0.571539 0.435165 0.572002
0 0.477251 0.485180 0.490854 0.497826 0.490891 0.497835 0.495614 0.488803 0.495607 0.488783 0.495597 0.488757 0.481993 0.476111 0.480096 0.479738 0.478199 0.483366
0 0.546931 0.802485 0.546932 0.802948 0.557846 0.827524 0.558082 0.828050 0.558316 0.828552 0.558544 0.829028 0.558763 0.829469 0.558970 0.829867 0.561792 0.827507 0.573078 0.818067 0.573029 0.817662 0.572913 0.816704 0.572869 0.816342 0.572653 0.815830 0.572427 0.815308 0.572195 0.814786 0.571962 0.814272 0.571728 0.813769 0.560915 0.790788
