0 0.641758 0.818498 0.675426 0.891270 0.676134 0.891357 0.677846 0.890917 0.680300 0.890018 0.683123 0.888794 0.777944 0.844925 0.780686 0.843573 0.782911 0.842308 0.784280 0.841323 0.784584 0.840767 0.750916 0.767996 0.750143 0.768017 0.748382 0.768546 0.745903 0.769503 0.743082 0.770742 0.648694 0.814411 0.645941 0.815751 0.643656 0.816998 0.642187 0.817963
0 0.410994 0.855817 0.411102 0.856711 0.411568 0.858635 0.412321 0.861295 0.413246 0.864287 0.445188 0.963762 0.446138 0.966608 0.446961 0.968857 0.447533 0.970165 0.447765 0.970333 0.524109 0.945820 0.523902 0.944849 0.523354 0.942866 0.522548 0.940175 0.521609 0.937183 0.489813 0.838163 0.488875 0.835306 0.488075 0.833000 0.487535 0.831594 0.487338 0.831304
0 0.504990 0.480970 0.505164 0.484087 0.506517 0.486900 0.569017 0.570025 0.570632 0.571663 0.573013 0.573793 0.576027 0.574849 0.579217 0.574671 0.582096 0.573286 0.584225 0.570905 0.585282 0.567891 0.585104 0.564701 0.580236 0.537124 0.579789 0.536438 0.578302 0.534382 0.576001 0.531269 0.573235 0.527573 0.548975 0.495306 0.546178 0.491604 0.543784 0.488474 0.542161 0.486392 0.541553 0.485676 0.517376 0.474623 0.514361 0.473567 0.511172 0.473745 0.508293 0.475130 0.506163 0.477510 0.505107 0.480525
0 0.831180 0.609904 0.831282 0.612600 0.831630 0.615684 0.846739 0.719047 0.847278 0.722030 0.847921 0.724438 0.848572 0.725903 0.849130 0.726203 0.928376 0.716229 0.928691 0.715326 0.928780 0.713348 0.928631 0.710598 0.927048 0.695187 0.915424 0.615658 0.912608 0.600983 0.911994 0.598511 0.911388 0.596949 0.910880 0.596537 0.831735 0.607202 0.831339 0.608009
0 0.185576 0.902354 0.210638 0.954101 0.249042 0.967444 0.252494 0.961013 0.265653 0.923137 0.240937 0.872101 0.203060 0.858942 0.198919 0.863950
0 0.477212 0.074629 0.477465 0.080442 0.494803 0.116494 0.530850 0.099160 0.549560 0.045775 0.550309 0.039480 0.532730 0.002927 0.496182 0.020501
0 0.415166 0.282070 0.415242 0.282682 0.415686 0.285005 0.416430 0.288688 0.417360 0.293168 0.418334 0.297757 0.419201 0.301750 0.419830 0.304536 0.420124 0.305693 0.430543 0.312886 0.477519 0.303026 0.477259 0.300749 0.460635 0.221550 0.452715 0.223212 0.421428 0.271124
0 0.840741 0.870122 0.840854 0.874301 0.841140 0.877331 0.841557 0.878747 0.851832 0.889334 0.896856 0.895366 0.905038 0.895661 0.906516 0.854752 0.897224 0.846644 0.849255 0.844910 0.841944 0.855074 0.841469 0.857286 0.841073 0.860920 0.840818 0.865426
0 0.043877 0.728924 0.058818 0.766099 0.104683 0.749133 0.140446 0.733882 0.134542 0.714295 0.125406 0.696460 0.102340 0.705358 0.049886 0.726436
0 0.700224 0.940828 0.702539 0.945924 0.706696 0.953826 0.707852 0.954684 0.710602 0.955930 0.714530 0.957375 0.719035 0.958797 0.723424 0.959977 0.727024 0.960735 0.729284 0.960955 0.741373 0.957287 0.791570 0.929815 0.793842 0.922048 0.790484 0.917225 0.713703 0.894760
0 0.346074 0.267109 0.347833 0.269771 0.393639 0.284116 0.403591 0.277751 0.403992 0.277169 0.404879 0.274927 0.406116 0.271370 0.407516 0.267037 0.419498 0.228778 0.420853 0.224313 0.421961 0.220380 0.422654 0.217574 0.422827 0.216325 0.416594 0.204393 0.370258 0.189883
0 0.793550 0.091169 0.840551 0.155906 0.879393 0.127706 0.883779 0.123402 0.883764 0.114033 0.883731 0.112778 0.882620 0.110222 0.880600 0.106751 0.877977 0.102897 0.854259 0.070230 0.851444 0.066593 0.848875 0.063742 0.846945 0.062111 0.836235 0.057916 0.796943 0.086443
0 0.316042 0.890774 0.364301 0.896126 0.374465 0.886794 0.374731 0.885373 0.375159 0.882348 0.375682 0.878185 0.376222 0.873511 0.380640 0.833663 0.381116 0.829175 0.381458 0.825538 0.381614 0.823305 0.381559 0.822818 0.374669 0.812086 0.326961 0.806796 0.324961 0.810343
0 0.531699 0.446770 0.537650 0.457006 0.584006 0.469463 0.584977 0.469110 0.605978 0.390958 0.559086 0.378357 0.548403 0.384608 0.548101 0.385646 0.547370 0.388294 0.546322 0.392146 0.545115 0.396620 0.534711 0.435338 0.533525 0.439767 0.532537 0.443494 0.531895 0.445955
0 0.586295 0.223710 0.589195 0.230976 0.594654 0.236579 0.601842 0.239666 0.609664 0.239768 0.616929 0.236869 0.622533 0.231410 0.622744 0.230948 0.625836 0.223747 0.625938 0.215912 0.623034 0.208634 0.617565 0.203021 0.610365 0.199929 0.602530 0.199826 0.595252 0.202731 0.589639 0.208199 0.586547 0.215399 0.586398 0.215888
0 0.524590 0.866890 0.524632 0.867521 0.525345 0.875325 0.528991 0.882261 0.535012 0.887276 0.542495 0.889602 0.550299 0.888890 0.557235 0.885244 0.562249 0.879222 0.564576 0.871739 0.563863 0.863935 0.563754 0.863310 0.560114 0.856385 0.554103 0.851380 0.546633 0.849057 0.538842 0.849769 0.531918 0.853408 0.526912 0.859420
0 0.912866 0.735702 0.913463 0.739907 0.914995 0.744350 0.917231 0.748359 0.919834 0.751328 0.922411 0.752806 0.931403 0.757522 0.935019 0.757126 0.940058 0.755131 0.946792 0.748126 0.948704 0.745545 0.949321 0.741101 0.948545 0.735470 0.946493 0.729518 0.943481 0.724163 0.939973 0.720226 0.936510 0.718306 0.927188 0.717810 0.923591 0.718288 0.918552 0.720255 0.916226 0.723523 0.913297 0.732369
0 0.202799 0.372103 0.204422 0.379770 0.208856 0.386230 0.215424 0.390504 0.215913 0.390692 0.223604 0.392123 0.231257 0.390503 0.237707 0.386077 0.241973 0.379520 0.243404 0.371829 0.241784 0.364176 0.237357 0.357726 0.230801 0.353460 0.230337 0.353208 0.222633 0.351774 0.214967 0.353397 0.208506 0.357831 0.204232 0.364399
