0 0.509873 0.585468 0.509918 0.585861 0.519606 0.603808 0.533066 0.590891 0.532914 0.590476 0.523271 0.572611
0 0.429105 0.436653 0.429251 0.437964 0.429772 0.440725 0.431702 0.444184 0.431975 0.444408 0.434740 0.446610 0.436844 0.447023 0.437926 0.447235 0.441049 0.446186 0.443633 0.443623 0.445285 0.439937 0.445595 0.437132 0.445754 0.435689 0.445487 0.434275 0.444967 0.431525 0.443045 0.428079 0.442817 0.427790 0.440041 0.425579 0.437928 0.425165 0.436950 0.425081 0.435777 0.425309 0.433706 0.426005 0.431111 0.428577 0.429453 0.432278 0.429142 0.435095
0 0.524837 0.496090 0.532521 0.500110 0.532897 0.500111 0.536556 0.487675 0.535445 0.484748 0.535315 0.484636 0.534851 0.484355 0.534123 0.483948 0.533241 0.483478 0.532343 0.483017 0.531564 0.482635 0.531026 0.482391 0.530808 0.482322 0.528455 0.483796
0 0.546548 0.471124 0.546825 0.472166 0.549465 0.480236 0.550551 0.480805 0.551734 0.480356 0.556379 0.477655 0.559476 0.475854 0.560865 0.472543 0.560870 0.472272 0.560720 0.471571 0.560438 0.470547 0.560067 0.469357 0.559665 0.468183 0.559292 0.467206 0.559006 0.466574 0.558851 0.466385 0.556808 0.465121 0.547527 0.470517 0.547417 0.470585 0.546978 0.470857 0.546762 0.470991
0 0.492816 0.408548 0.492821 0.408926 0.492903 0.409973 0.494654 0.412748 0.504556 0.413089 0.504662 0.411056 0.504880 0.399797 0.494747 0.399448 0.492950 0.402210 0.492936 0.402335 0.492914 0.402954 0.492887 0.403973 0.492861 0.405237 0.492838 0.406552 0.492822 0.407715
0 0.569412 0.525965 0.570026 0.533673 0.570685 0.538871 0.570878 0.539375 0.571207 0.539523 0.573000 0.539151 0.577031 0.538073 0.577300 0.537764 0.577344 0.537194 0.576550 0.532012 0.575030 0.524463 0.574835 0.523895 0.574500 0.523585 0.572439 0.522830 0.571350 0.523030 0.569661 0.524868 0.569438 0.525337
0 0.589752 0.512668 0.592125 0.534450 0.592548 0.534608 0.608960 0.531430 0.606576 0.509548 0.606088 0.509504
0 0.472887 0.432847 0.472925 0.434081 0.473035 0.435065 0.473203 0.435647 0.473401 0.435741 0.482726 0.438344 0.484765 0.437335 0.485012 0.436790 0.485224 0.435661 0.485369 0.434121 0.485426 0.432402 0.485385 0.430763 0.485253 0.429450 0.485050 0.428663 0.483082 0.427513 0.482772 0.427337 0.473416 0.429151 0.473216 0.429551 0.473045 0.430394 0.472930 0.431552
0 0.511371 0.476518 0.514041 0.498239 0.514236 0.498214 0.522494 0.496410 0.519788 0.474387 0.511530 0.476191
0 0.412561 0.411660 0.413067 0.415917 0.414757 0.419592 0.417372 0.422125 0.417425 0.422175 0.417667 0.422403 0.418731 0.422743 0.420567 0.423180 0.423757 0.422506 0.426512 0.420255 0.427977 0.418193 0.428620 0.417013 0.428875 0.415595 0.429164 0.412581 0.428658 0.408327 0.426970 0.404655 0.426923 0.404593 0.424307 0.402060 0.421164 0.401054 0.417971 0.401729 0.415215 0.403982 0.413315 0.407469
0 0.440515 0.531755 0.440714 0.532483 0.441383 0.533759 0.443158 0.535219 0.443725 0.535401 0.444612 0.535151 0.445682 0.534504 0.446771 0.533561 0.447712 0.532465 0.448360 0.531386 0.448617 0.530490 0.448214 0.527841 0.448000 0.527123 0.447337 0.525845 0.446622 0.525636 0.444644 0.525233 0.443981 0.525429 0.443183 0.525916 0.442370 0.526620 0.441665 0.527436 0.441174 0.528239 0.440973 0.528908
0 0.473491 0.557982 0.481626 0.560257 0.481710 0.559981 0.485107 0.538386 0.477009 0.536122 0.476904 0.536288
