0 0.565621 0.295057 0.613670 0.300806 0.624129 0.285524 0.624403 0.284324 0.624855 0.281471 0.625416 0.277398 0.626001 0.272726 0.632800 0.215904 0.633317 0.211368 0.633685 0.207678 0.633846 0.205398 0.633779 0.204874 0.627221 0.187555 0.579172 0.181806 0.575172 0.212461 0.568451 0.268629
0 0.791460 0.372373 0.800544 0.399273 0.816997 0.436482 0.823421 0.451009 0.837588 0.476689 0.881845 0.457118 0.883178 0.437714 0.882545 0.435239 0.881240 0.431589 0.879462 0.427323 0.856318 0.374984 0.854346 0.370769 0.852489 0.367268 0.851031 0.365015 0.835717 0.352803
0 0.779499 0.045473 0.809244 0.068805 0.866237 0.068362 0.893057 0.044590 0.897738 0.016405 0.867404 0.000000 0.810141 0.000000 0.782777 0.017299
0 0.163629 0.780623 0.182389 0.825230 0.201298 0.826840 0.203386 0.826189 0.206792 0.824907 0.210997 0.823192 0.263749 0.801007 0.268093 0.799127 0.271894 0.797377 0.274571 0.796025 0.275717 0.795276 0.287528 0.781013 0.268769 0.736406 0.244565 0.745461 0.192420 0.767391
0 0.853908 0.283293 0.865754 0.362412 0.913225 0.355304 0.918002 0.353632 0.922863 0.345250 0.923285 0.344136 0.923372 0.341367 0.923108 0.337363 0.922533 0.332737 0.921735 0.328198 0.920838 0.324446 0.919979 0.322051 0.912011 0.313615 0.866003 0.279590 0.858000 0.280788
0 0.457039 0.862735 0.461292 0.869620 0.530141 0.827091 0.529797 0.823353 0.504571 0.782516 0.493259 0.781095 0.492488 0.781206 0.490276 0.782264 0.486962 0.784105 0.483050 0.786450 0.479128 0.788944 0.475790 0.791212 0.473540 0.792911 0.472723 0.793780 0.457530 0.858589
0 0.444265 0.124329 0.444433 0.125808 0.454613 0.168156 0.455567 0.171518 0.465487 0.202608 0.466059 0.203538 0.472721 0.202486 0.483072 0.199923 0.490807 0.197618 0.497957 0.195108 0.501218 0.193701 0.504267 0.191396 0.514494 0.121099 0.514097 0.119165 0.512956 0.116718 0.511245 0.114132 0.509225 0.111802 0.507207 0.110087 0.505498 0.109246 0.470762 0.107822 0.467735 0.108143 0.463637 0.108983 0.459096 0.110214 0.454810 0.111646 0.451436 0.113060 0.449489 0.114240
0 0.694299 0.474939 0.694397 0.478016 0.694590 0.482208 0.694850 0.486881 0.695137 0.491331 0.695408 0.494885 0.695622 0.497003 0.705350 0.527654 0.706046 0.528697 0.707789 0.529966 0.710315 0.531269 0.713236 0.532406 0.716107 0.533203 0.718487 0.533538 0.720014 0.533360 0.785339 0.500333 0.785536 0.499457 0.785638 0.495099 0.785510 0.488646 0.785035 0.477828 0.784385 0.468439 0.783747 0.463521 0.782938 0.460079 0.749502 0.461003 0.745994 0.461202 0.717626 0.463946 0.702413 0.465452 0.694312 0.473446
0 0.721224 0.262763 0.722784 0.274370 0.727462 0.278170 0.737797 0.281395 0.738223 0.281003 0.740138 0.278770 0.743252 0.275030 0.747093 0.270352 0.751069 0.265457 0.754567 0.261099 0.757050 0.257947 0.758140 0.256481 0.752873 0.247014 0.748184 0.243205 0.736456 0.244057 0.736138 0.244400 0.734712 0.246113 0.732396 0.248930 0.729544 0.252424 0.726585 0.256067 0.723967 0.259309 0.722084 0.261661
0 0.241171 0.045982 0.242906 0.053624 0.243348 0.054391 0.247865 0.060777 0.254484 0.064947 0.262195 0.066268 0.269823 0.064536 0.276209 0.060018 0.280379 0.053400 0.281700 0.045689 0.279969 0.038061 0.279590 0.037265 0.275064 0.030868 0.268434 0.026691 0.260710 0.025368 0.253069 0.027102 0.246672 0.031628 0.242494 0.038258
0 0.274688 0.664434 0.276447 0.672074 0.280996 0.678459 0.287641 0.682617 0.295372 0.683915 0.303012 0.682157 0.309397 0.677608 0.309724 0.677303 0.313876 0.670668 0.315172 0.662951 0.313417 0.655324 0.308876 0.648950 0.302241 0.644798 0.294524 0.643503 0.286897 0.645258 0.286530 0.645508 0.280145 0.650057 0.275986 0.656703
0 0.368731 0.887856 0.371495 0.895189 0.376854 0.900906 0.383993 0.904136 0.391825 0.904390 0.399158 0.901626 0.404875 0.896267 0.408105 0.889128 0.408263 0.888459 0.408516 0.880640 0.405757 0.873320 0.400407 0.867613 0.393280 0.864388 0.385462 0.864135 0.378142 0.866894 0.372434 0.872244 0.369210 0.879371 0.368984 0.880024
0 0.114181 0.067182 0.115419 0.074920 0.119522 0.081596 0.120176 0.082315 0.126512 0.086903 0.134121 0.088719 0.141845 0.087483 0.148510 0.083387 0.153098 0.077051 0.154914 0.069442 0.153678 0.061718 0.149582 0.055053 0.148979 0.054287 0.142632 0.049691 0.135010 0.047872 0.127272 0.049110 0.120596 0.053213 0.116000 0.059560
0 0.561713 0.554892 0.561997 0.555145 0.751414 0.705265 0.801454 0.642126 0.612037 0.492006 0.611524 0.492042
0 0.583239 0.414753 0.813238 0.481649 0.816245 0.479787 0.837124 0.401830 0.606770 0.336201 0.602875 0.337409
0 0.282946 0.112486 0.391414 0.327812 0.391906 0.328602 0.463354 0.292613 0.463190 0.291658 0.354723 0.076333
0 0.331637 0.664532 0.345159 0.711166 0.356158 0.715922 0.356851 0.715951 0.359209 0.715463 0.362876 0.714531 0.367292 0.713297 0.371777 0.711950 0.375642 0.710698 0.378298 0.709733 0.379341 0.709200 0.385346 0.697613 0.371978 0.651512 0.333561 0.662652
0 0.790115 0.791855 0.790116 0.792303 0.790884 0.794348 0.792299 0.797674 0.794148 0.801777 0.796150 0.806038 0.798005 0.809814 0.799431 0.812533 0.800210 0.813780 0.813140 0.819348 0.857244 0.799041 0.840321 0.762288 0.836432 0.759290 0.792832 0.779365
0 0.451056 0.312694 0.451615 0.314834 0.483970 0.350291 0.513517 0.323328 0.513673 0.321285 0.480944 0.285419 0.469348 0.285761 0.468628 0.286098 0.466655 0.287626 0.463729 0.290115 0.460296 0.293184 0.456884 0.296361 0.454017 0.299159 0.452133 0.301150 0.451518 0.302032
0 0.658465 0.072291 0.691704 0.106921 0.720562 0.079222 0.723112 0.074358 0.689489 0.039328 0.676245 0.041410 0.674551 0.042712 0.671848 0.045089 0.668549 0.048178 0.665162 0.051506 0.662207 0.054560 0.660135 0.056873 0.659261 0.058094
