0 0.163496 0.030069 0.199963 0.268297 0.207757 0.268259 0.277643 0.254921 0.240981 0.015419 0.233252 0.014390
0 0.512205 0.040148 0.513146 0.046492 0.522712 0.102212 0.527695 0.126915 0.547481 0.125176 0.567445 0.120096 0.562235 0.082127 0.551692 0.033374
0 0.807445 0.116780 0.884820 0.137106 0.889269 0.132910 0.901605 0.085949 0.893318 0.077224 0.891222 0.076084 0.887716 0.074768 0.883336 0.073479 0.878753 0.072414 0.874674 0.071737 0.871720 0.071551 0.870341 0.071883 0.862470 0.075668 0.813055 0.104523 0.809478 0.109043
0 0.896233 0.797085 0.897141 0.797765 0.941928 0.806687 0.982114 0.812159 0.987585 0.771974 0.980899 0.768244 0.901630 0.757451
0 0.067175 0.488523 0.068414 0.500072 0.069489 0.501486 0.071877 0.503761 0.075215 0.506550 0.078990 0.509425 0.082622 0.511943 0.085555 0.513719 0.087341 0.514485 0.118510 0.526516 0.119306 0.526811 0.121043 0.526440 0.123454 0.525460 0.126173 0.524020 0.128783 0.522340 0.130884 0.520677 0.132156 0.519286 0.132406 0.518378 0.148043 0.448959 0.146884 0.446818 0.144658 0.444676 0.139240 0.440058 0.132995 0.435120 0.124151 0.428584 0.117902 0.424462 0.116413 0.424250 0.095921 0.449848 0.093786 0.452620 0.076383 0.476080
0 0.244099 0.171240 0.244270 0.172652 0.245220 0.174752 0.246807 0.177221 0.248787 0.179679 0.250857 0.181750 0.252700 0.183119 0.254035 0.183577 0.285813 0.183324 0.288087 0.183046 0.291697 0.182348 0.296093 0.181338 0.300612 0.180167 0.304573 0.179012 0.307375 0.178048 0.308593 0.177421 0.313927 0.167411 0.304807 0.124519 0.303937 0.121109 0.294537 0.088761 0.290429 0.088550 0.285208 0.089143 0.275951 0.091261 0.265629 0.094174 0.259666 0.096180 0.255873 0.097861 0.255333 0.098505
0 0.274550 0.410944 0.280387 0.443301 0.280644 0.444610 0.281716 0.447349 0.283441 0.451105 0.285557 0.455299 0.287736 0.459289 0.289645 0.462461 0.290992 0.464332 0.291573 0.464621 0.302022 0.467359 0.302966 0.467382 0.342554 0.449017 0.345668 0.447416 0.374428 0.431355 0.374823 0.431020 0.372175 0.425006 0.367494 0.415496 0.363758 0.408320 0.360073 0.401620 0.358233 0.398517 0.355909 0.395440 0.284357 0.399843 0.282658 0.400492 0.280568 0.402005 0.278405 0.404154 0.276500 0.406609 0.275147 0.408993
0 0.314535 0.173955 0.315030 0.183773 0.317144 0.187387 0.354388 0.217667 0.404854 0.155593 0.403754 0.151611 0.366079 0.120982 0.355140 0.124010 0.354369 0.124227 0.352551 0.125841 0.349962 0.128608 0.346999 0.132106 0.321533 0.163430 0.318657 0.167113 0.316317 0.170408 0.314870 0.172810
0 0.105393 0.564434 0.106079 0.566874 0.107473 0.570470 0.109363 0.574672 0.126727 0.611116 0.128818 0.615270 0.130784 0.618727 0.132325 0.620959 0.133205 0.621629 0.142328 0.625939 0.146415 0.624500 0.189748 0.603854 0.155339 0.531632 0.151354 0.531998 0.107520 0.552883 0.105519 0.563519
0 0.263217 0.360724 0.265924 0.362316 0.302336 0.378872 0.322204 0.335176 0.317396 0.323117 0.316317 0.322502 0.313724 0.321218 0.310008 0.319458 0.305739 0.317492 0.301572 0.315622 0.298148 0.314136 0.295989 0.313260 0.295422 0.313126 0.283314 0.316524
0 0.171874 0.343798 0.205855 0.365764 0.209217 0.367298 0.235274 0.326987 0.231637 0.314445 0.230510 0.313701 0.228005 0.312068 0.224502 0.309795 0.220537 0.307229 0.216720 0.304764 0.213636 0.302780 0.211756 0.301578 0.211365 0.301341 0.198233 0.303021
0 0.456824 0.678630 0.484688 0.707970 0.519896 0.674533 0.520440 0.661809 0.519781 0.660930 0.517961 0.658858 0.515260 0.655910 0.512087 0.652531 0.508919 0.649233 0.506236 0.646512 0.504444 0.644781 0.503817 0.644306 0.492123 0.643534 0.457318 0.676589
0 0.584002 0.706111 0.584389 0.707060 0.609157 0.738827 0.640925 0.714059 0.640279 0.713078 0.615624 0.681456
0 0.017690 0.925367 0.017908 0.965649 0.058189 0.965430 0.060214 0.963298 0.059997 0.923201 0.019900 0.923418
0 0.866978 0.441589 0.902742 0.459721 0.904596 0.459535 0.922811 0.423607 0.886883 0.405392 0.885110 0.405825
0 0.694067 0.676577 0.702680 0.715638 0.703611 0.716628 0.742852 0.707975 0.734199 0.668734 0.733128 0.667963
0 0.775946 0.707274 0.777213 0.708226 0.815541 0.720298 0.827613 0.681971 0.826115 0.681139 0.787963 0.669122
