0 0.568056 0.529552 0.571208 0.539752 0.571535 0.539935 0.602278 0.523050 0.599112 0.512803 0.598658 0.512744
0 0.445265 0.522955 0.449660 0.537607 0.457352 0.542004 0.457937 0.541427 0.461189 0.531312 0.456854 0.516861 0.449268 0.512525 0.448562 0.512700
0 0.551950 0.443559 0.559750 0.447239 0.560025 0.446996 0.565571 0.426100 0.557735 0.422403 0.557470 0.422758
0 0.549595 0.496125 0.550558 0.497612 0.563960 0.517310 0.566952 0.520901 0.569664 0.518793 0.570441 0.518020 0.571078 0.517083 0.573129 0.513428 0.561591 0.495380 0.555714 0.488723
0 0.416957 0.511489 0.427273 0.528802 0.427606 0.528670 0.440531 0.514978 0.430262 0.497745 0.429941 0.497734
0 0.554200 0.456229 0.558434 0.465675 0.559110 0.465278 0.584910 0.444716 0.585084 0.441927 0.585099 0.441633 0.584917 0.440948 0.584565 0.439976 0.584097 0.438866 0.579823 0.429332 0.579311 0.428257 0.578836 0.427384 0.578471 0.426846 0.578270 0.426726 0.576343 0.425605 0.574909 0.426747 0.574053 0.427584
0 0.506839 0.417388 0.507225 0.419007 0.508063 0.420062 0.508782 0.420738 0.509944 0.421070 0.511343 0.421184 0.512391 0.420833 0.513399 0.419919 0.514215 0.418581 0.514716 0.417021 0.514825 0.415474 0.514526 0.414173 0.513911 0.412325 0.513082 0.411256 0.512357 0.410591 0.511196 0.410242 0.509882 0.410669 0.508615 0.411810 0.508234 0.412276 0.507621 0.413281 0.507248 0.414453 0.506967 0.415450
0 0.446841 0.498915 0.447084 0.498920 0.463592 0.498951 0.463662 0.432919 0.463495 0.432611 0.446911 0.432580
0 0.474960 0.515506 0.475639 0.526552 0.483923 0.525646 0.483997 0.525528 0.483321 0.514533 0.475074 0.515435
0 0.404280 0.403575 0.405617 0.416799 0.406481 0.417561 0.422860 0.414618 0.422837 0.413624 0.422617 0.411443 0.422176 0.407080 0.421735 0.402718 0.421535 0.401515 0.420810 0.400605 0.419293 0.399026 0.418999 0.398927 0.418371 0.398910 0.417507 0.398978 0.416537 0.399122 0.408282 0.400606 0.407358 0.400802 0.406625 0.401021 0.406194 0.401228
0 0.522267 0.418526 0.522316 0.431170 0.523477 0.433587 0.523961 0.433847 0.524856 0.433923 0.526028 0.433806 0.527300 0.433513 0.528479 0.433088 0.529390 0.432594 0.529892 0.432107 0.530328 0.429322 0.530349 0.428807 0.527074 0.417095 0.526715 0.416880 0.526044 0.416806 0.525161 0.416886 0.524202 0.417107 0.523316 0.417435 0.522637 0.417821 0.522269 0.418204
0 0.530907 0.421560 0.532091 0.434671 0.540286 0.433356 0.541228 0.431797 0.540016 0.418379 0.537903 0.416758 0.537763 0.416678 0.537262 0.416670 0.536476 0.416738 0.535526 0.416870 0.534556 0.417046 0.533716 0.417240 0.533135 0.417421 0.532900 0.417561 0.531630 0.419725
0 0.410765 0.492714 0.415802 0.498613 0.418413 0.500854 0.418856 0.500849 0.419341 0.500348 0.428629 0.484882 0.428875 0.484167 0.428744 0.483653 0.427723 0.482492 0.421712 0.476074 0.421099 0.475508
0 0.494874 0.558047 0.494902 0.558167 0.495208 0.558610 0.495746 0.559310 0.496435 0.560159 0.502643 0.567655 0.503377 0.568525 0.504040 0.569276 0.504530 0.569794 0.504773 0.570000 0.505638 0.570298 0.506851 0.568943 0.507963 0.567282 0.507832 0.566899 0.504984 0.560638 0.504756 0.560319 0.504364 0.559818 0.503869 0.559211 0.503345 0.558590 0.502872 0.558049 0.502521 0.557671 0.502416 0.557576 0.497190 0.554293 0.496082 0.555949
0 0.413386 0.595735 0.426982 0.608490 0.427316 0.607993 0.432078 0.598971 0.418544 0.586274 0.418169 0.586671
