0 0.503260 0.429020 0.503651 0.433285 0.505236 0.437025 0.506912 0.438774 0.507787 0.439569 0.508828 0.440064 0.510878 0.440824 0.514077 0.440303 0.516883 0.438190 0.518194 0.435955 0.518901 0.434694 0.518944 0.434544 0.519811 0.430388 0.519419 0.426106 0.517827 0.422350 0.516145 0.420594 0.515279 0.419692 0.514221 0.419299 0.512162 0.418536 0.508951 0.419059 0.506134 0.421181 0.504817 0.423424 0.504140 0.424578 0.503273 0.428734
0 0.519843 0.534584 0.519934 0.534743 0.533579 0.547406 0.543076 0.529213 0.529431 0.516551 0.529296 0.516475
0 0.410003 0.507298 0.410245 0.507765 0.410807 0.508494 0.415149 0.512806 0.417991 0.515590 0.418389 0.515698 0.418761 0.515387 0.422061 0.509602 0.422177 0.509056 0.421974 0.508608 0.421081 0.507400 0.418120 0.504812 0.413967 0.501267 0.413543 0.501118 0.413098 0.501318 0.410837 0.503339 0.410017 0.506696
0 0.550703 0.619850 0.550936 0.620400 0.558557 0.624757 0.571627 0.584112 0.571299 0.583727 0.563713 0.579390
0 0.541318 0.409227 0.574540 0.533640 0.574883 0.533795 0.590506 0.526378 0.557131 0.401394 0.541508 0.408811
0 0.426063 0.515258 0.426354 0.515435 0.427009 0.515656 0.427928 0.515886 0.428552 0.516008 0.429376 0.516149 0.429978 0.516237 0.430793 0.516305 0.431292 0.516282 0.431401 0.516174 0.434736 0.494549 0.435893 0.483625 0.435474 0.483440 0.434559 0.483181 0.433288 0.482890 0.431853 0.482609 0.430469 0.482380 0.429345 0.482239 0.428650 0.482207 0.428494 0.482289 0.428320 0.483931 0.427512 0.491594 0.427339 0.493235
0 0.464669 0.400700 0.469306 0.406636 0.478052 0.416954 0.478897 0.417859 0.484374 0.409602 0.475259 0.397663 0.470183 0.392388
0 0.257738 0.287407 0.275282 0.319179 0.276611 0.320526 0.279164 0.322577 0.281279 0.320882 0.281929 0.320160 0.282561 0.319199 0.287568 0.310419 0.288088 0.309361 0.288418 0.308363 0.289156 0.305056 0.265502 0.281076 0.262791 0.278545
0 0.496006 0.595971 0.499239 0.603884 0.499643 0.604751 0.508534 0.598294 0.509259 0.594732 0.509152 0.593643 0.509050 0.593298 0.508782 0.592563 0.508390 0.591551 0.507934 0.590415 0.507481 0.589326 0.507101 0.588449 0.506851 0.587917 0.506770 0.587811 0.503676 0.587021 0.500777 0.589126 0.499327 0.590179 0.496428 0.592285 0.496098 0.593778
0 0.497317 0.586955 0.530511 0.589487 0.531461 0.567358 0.531317 0.567049 0.498275 0.564528 0.497329 0.586556
