0 0.402337 0.474597 0.408421 0.485407 0.411368 0.486051 0.412387 0.486211 0.412654 0.486078 0.413182 0.485662 0.413891 0.485028 0.414673 0.484272 0.415410 0.483508 0.415992 0.482850 0.416329 0.482400 0.417116 0.479135 0.411171 0.468572 0.409093 0.467837
0 0.554351 0.518605 0.554484 0.519115 0.554742 0.519782 0.555087 0.520505 0.567373 0.544121 0.567749 0.544784 0.568097 0.545283 0.568364 0.545541 0.568509 0.545519 0.582138 0.533546 0.582128 0.533256 0.581975 0.532735 0.581703 0.532060 0.580017 0.528415 0.570564 0.510244 0.568675 0.507015 0.568326 0.506497 0.568058 0.506210 0.567912 0.506199 0.554365 0.518330
0 0.550758 0.525737 0.552423 0.536494 0.568711 0.532708 0.569088 0.531885 0.567443 0.521114 0.551214 0.524949
0 0.532069 0.284834 0.540046 0.309210 0.542044 0.310753 0.542535 0.310975 0.543309 0.311132 0.544247 0.311201 0.545209 0.311171 0.546048 0.311046 0.546639 0.310846 0.548299 0.309378 0.548858 0.307174 0.549162 0.280459 0.532466 0.280120 0.532095 0.282633
0 0.465534 0.394657 0.466322 0.397065 0.468029 0.400173 0.481348 0.387169 0.480911 0.384530 0.479164 0.381349 0.478587 0.381297 0.465646 0.393932
0 0.470463 0.455733 0.470733 0.456138 0.486820 0.461192 0.487024 0.460165 0.487403 0.458022 0.488160 0.453738 0.488917 0.449453 0.489094 0.448323 0.488993 0.447845 0.487832 0.445288 0.487631 0.445158 0.487091 0.444931 0.486292 0.444642 0.485358 0.444335 0.477250 0.441787 0.476325 0.441510 0.475554 0.441306 0.475056 0.441207 0.474904 0.441227 0.472758 0.442745
0 0.434994 0.567838 0.443244 0.569870 0.444025 0.568909 0.447030 0.547212 0.438894 0.545208 0.438042 0.545838
0 0.512778 0.705953 0.512837 0.706901 0.515407 0.717441 0.518423 0.719490 0.528887 0.726598 0.536355 0.731670 0.552166 0.724819 0.559033 0.706845 0.561306 0.700895 0.562837 0.696887 0.560268 0.686347 0.559992 0.685493
0 0.491414 0.531678 0.491859 0.533751 0.492865 0.535439 0.494279 0.536485 0.495885 0.536730 0.497440 0.536136 0.498706 0.534795 0.499490 0.532910 0.499674 0.530768 0.499675 0.530715 0.499230 0.528646 0.498226 0.526961 0.496814 0.525917 0.495211 0.525672 0.493659 0.526265 0.492395 0.527604 0.491612 0.529486 0.491598 0.529536
0 0.511104 0.534840 0.513135 0.543239 0.514151 0.547438 0.514314 0.547985 0.546173 0.534287 0.543091 0.521543 0.540717 0.519858 0.540483 0.519910 0.539924 0.520108 0.539126 0.520424 0.538209 0.520808 0.514534 0.530987 0.513632 0.531385 0.512873 0.531739 0.512373 0.531995 0.512209 0.532115
0 0.407756 0.404235 0.411784 0.413892 0.412137 0.414236 0.426564 0.403538 0.424157 0.397767 0.422552 0.393920 0.422241 0.393494
0 0.461343 0.621904 0.463586 0.632547 0.495517 0.620586 0.495537 0.620035 0.493305 0.609440 0.461520 0.621346
0 0.424011 0.382262 0.432330 0.447663 0.432639 0.447902 0.448915 0.444222 0.440634 0.379120 0.440361 0.378564
0 0.449958 0.463451 0.450188 0.463619 0.466324 0.468508 0.473658 0.425476 0.473537 0.425133 0.457326 0.420222
0 0.408527 0.615316 0.409700 0.619334 0.411177 0.621391 0.412942 0.623038 0.414896 0.624184 0.418129 0.624277 0.421142 0.622714 0.422685 0.620745 0.423609 0.619526 0.423784 0.619253 0.425080 0.615322 0.425150 0.611029 0.423982 0.607027 0.421755 0.603926 0.418807 0.602197 0.415587 0.602104 0.412585 0.603661 0.412235 0.604078 0.410692 0.606047 0.410054 0.606876 0.409457 0.608400 0.408598 0.611006
0 0.568276 0.381940 0.569949 0.392717 0.578031 0.390486 0.578390 0.389983 0.576709 0.379157 0.568589 0.381398
0 0.396782 0.432654 0.440057 0.462722 0.440870 0.462770 0.448226 0.442869 0.404975 0.413048 0.404005 0.412775
