0 0.419190 0.382418 0.429616 0.399947 0.430584 0.401322 0.437067 0.394467 0.431333 0.384827 0.427215 0.377904 0.426784 0.377180 0.425763 0.375467
0 0.497094 0.379219 0.497113 0.379491 0.497160 0.380054 0.497230 0.380822 0.497310 0.381679 0.500032 0.410061 0.500112 0.410881 0.500180 0.411546 0.500226 0.411954 0.500242 0.412044 0.516654 0.409246 0.516653 0.408999 0.516620 0.408457 0.516560 0.407700 0.516482 0.406844 0.513748 0.378331 0.513665 0.377513 0.513590 0.376863 0.513534 0.376480 0.513506 0.376421
0 0.556899 0.216199 0.637460 0.240149 0.638092 0.238956 0.641701 0.217374 0.560769 0.193314 0.560491 0.194716
0 0.523748 0.428070 0.524046 0.430186 0.524928 0.431988 0.526260 0.433203 0.527840 0.433646 0.529426 0.433250 0.530778 0.432073 0.531690 0.430297 0.531744 0.430177 0.532077 0.428067 0.531779 0.425948 0.530895 0.424143 0.529561 0.422925 0.527978 0.422482 0.526389 0.422879 0.525035 0.424057 0.524122 0.425837 0.524080 0.425964
0 0.475361 0.440496 0.475460 0.440734 0.484568 0.459106 0.498347 0.446963 0.498341 0.446750 0.489196 0.428303
0 0.402445 0.803260 0.405129 0.811365 0.409391 0.824230 0.425996 0.825287 0.429534 0.816882 0.434410 0.805295 0.434711 0.803897 0.434770 0.802244 0.402951 0.800218 0.402504 0.801600
0 0.557662 0.429594 0.557718 0.429815 0.564531 0.438829 0.566688 0.439481 0.567031 0.439203 0.567607 0.438412 0.568326 0.437230 0.569082 0.435836 0.569760 0.434438 0.570258 0.433248 0.570500 0.432446 0.570448 0.432156 0.569225 0.429673 0.560518 0.424324 0.560253 0.424515 0.559813 0.425096 0.559267 0.425980 0.558697 0.427031 0.558192 0.428088 0.557829 0.428988
0 0.420156 0.445685 0.424050 0.455476 0.424398 0.455680 0.453637 0.435006 0.449761 0.425259 0.449530 0.424915
0 0.591603 0.403245 0.591638 0.404534 0.591720 0.405774 0.591838 0.406776 0.591973 0.407389 0.593432 0.410101 0.603318 0.409291 0.604513 0.408242 0.604000 0.397130 0.594000 0.397950 0.592925 0.399117 0.591801 0.400891 0.591691 0.401273 0.591622 0.402100
0 0.537651 0.436767 0.538664 0.440009 0.548043 0.444254 0.548598 0.443609 0.559334 0.401443 0.556172 0.400011 0.549847 0.397148 0.547258 0.399035 0.547135 0.399407 0.546909 0.400200 0.546615 0.401291 0.546298 0.402516 0.543638 0.412961 0.540979 0.423406 0.538320 0.433851 0.538024 0.435033 0.537793 0.436002 0.537662 0.436611
0 0.481077 0.464735 0.484445 0.486373 0.484507 0.486427 0.500670 0.481955 0.500673 0.481883 0.497305 0.460245
0 0.562086 0.338601 0.563855 0.360539 0.580308 0.358180 0.580678 0.357528 0.578901 0.335489 0.562371 0.337858
0 0.504274 0.552248 0.504334 0.552977 0.507372 0.574979 0.515622 0.572953 0.512585 0.550951 0.512412 0.550251
