0 0.574789 0.405450 0.590735 0.411809 0.591951 0.412186 0.598848 0.414321 0.598961 0.414120 0.599196 0.413208 0.599518 0.411722 0.599877 0.409888 0.600219 0.407988 0.600490 0.406317 0.600649 0.405131 0.600672 0.404610 0.599451 0.404233 0.593760 0.402476 0.592541 0.402100 0.576067 0.398440 0.576019 0.398608 0.575881 0.399283 0.575675 0.400361 0.575431 0.401677 0.575187 0.403034 0.575063 0.403747 0.574923 0.404568 0.574839 0.405076
0 0.552848 0.597435 0.553092 0.597883 0.569410 0.602120 0.572587 0.580363 0.572254 0.579995 0.556011 0.575777
0 0.572993 0.511675 0.576879 0.521414 0.577233 0.521513 0.591909 0.511101 0.588005 0.501317 0.587601 0.501311
0 0.619859 0.493139 0.619886 0.493433 0.620002 0.493990 0.620188 0.494726 0.620418 0.495528 0.620655 0.496276 0.620865 0.496856 0.621015 0.497180 0.621082 0.497198 0.644404 0.487827 0.645189 0.487433 0.646545 0.485579 0.646537 0.485126 0.646388 0.484276 0.646119 0.483158 0.645772 0.481945 0.645400 0.480822 0.645061 0.479961 0.644805 0.479495 0.642869 0.479320 0.642696 0.479316 0.641912 0.479710
0 0.551476 0.536102 0.553448 0.558009 0.553694 0.558276 0.570200 0.555635 0.568219 0.533627 0.567907 0.533473
0 0.459210 0.385763 0.459280 0.385960 0.459373 0.386221 0.461854 0.389125 0.464335 0.392029 0.465576 0.393481 0.476466 0.376939 0.476412 0.376657 0.476371 0.376444 0.470143 0.369155
0 0.509049 0.486713 0.509151 0.486807 0.509456 0.487051 0.509919 0.487408 0.514054 0.490533 0.521250 0.495926 0.521347 0.495907 0.529473 0.476631 0.518652 0.468469 0.518095 0.468060 0.517616 0.467724 0.517290 0.467513 0.517165 0.467460 0.514820 0.470769 0.513602 0.473657 0.511167 0.479433 0.509950 0.482321
0 0.556450 0.276743 0.556521 0.278894 0.557203 0.280846 0.558393 0.282300 0.559911 0.283037 0.561524 0.282943 0.562988 0.282033 0.564079 0.280446 0.564189 0.280068 0.564743 0.278041 0.564672 0.275886 0.563989 0.273931 0.562796 0.272474 0.561276 0.271736 0.559660 0.271830 0.558194 0.272741 0.557101 0.274332 0.556547 0.276358
0 0.499863 0.464671 0.499864 0.464914 0.499865 0.464994 0.500610 0.465508 0.506568 0.469302 0.507669 0.468783 0.509803 0.462825 0.513360 0.452894 0.514071 0.450907 0.514267 0.450225 0.513872 0.448737 0.507831 0.444890 0.507067 0.444474 0.499863 0.464589
0 0.583744 0.494878 0.583764 0.495015 0.590486 0.504320 0.592651 0.505074 0.592958 0.504699 0.593514 0.503844 0.594235 0.502638 0.595011 0.501263 0.595726 0.499927 0.596272 0.498830 0.596567 0.498140 0.596563 0.497962 0.595370 0.495431 0.586678 0.489683 0.586440 0.489946 0.586015 0.490576 0.585468 0.491479 0.584883 0.492515 0.584350 0.493525 0.583950 0.494355
0 0.486287 0.385522 0.486350 0.386050 0.486475 0.387092 0.492942 0.430260 0.501036 0.428105 0.501050 0.427105 0.494493 0.383336
0 0.498994 0.390704 0.498998 0.391205 0.501861 0.401556 0.517387 0.393922 0.517467 0.393433 0.514591 0.383035
0 0.463847 0.561698 0.463894 0.564566 0.463975 0.564837 0.464304 0.565438 0.464829 0.566279 0.465471 0.567230 0.471143 0.575364 0.471802 0.576277 0.472375 0.577011 0.472774 0.577453 0.472939 0.577535 0.475219 0.578003 0.482556 0.568906 0.482755 0.568118 0.471514 0.552000 0.464261 0.560993
0 0.461538 0.463773 0.461692 0.463918 0.477592 0.469883 0.482066 0.448684 0.481994 0.448477 0.466030 0.442488
