0 0.464873 0.522357 0.471712 0.528597 0.471761 0.528548 0.471825 0.528483 0.481148 0.510319 0.479786 0.509075 0.478424 0.507832 0.474337 0.504103 0.474234 0.504120
0 0.557313 0.456472 0.558862 0.478385 0.575297 0.476319 0.575600 0.476224 0.574044 0.454222 0.557543 0.456297
0 0.521440 0.618525 0.521521 0.640535 0.521620 0.641180 0.534097 0.641261 0.534726 0.641232 0.535247 0.641158 0.535580 0.641051 0.535675 0.640926 0.536487 0.636503 0.536475 0.633190 0.536438 0.623252 0.535594 0.618840 0.535436 0.618737 0.535052 0.618651 0.534498 0.618595 0.529694 0.618470
0 0.411290 0.430046 0.418062 0.436648 0.419188 0.437519 0.424072 0.428614 0.417394 0.422102 0.416242 0.421016
0 0.602419 0.762999 0.609590 0.782823 0.610094 0.784122 0.625031 0.774516 0.617826 0.754600 0.617287 0.753436
0 0.512392 0.488643 0.512444 0.489272 0.513755 0.496839 0.515095 0.501739 0.515331 0.502193 0.515648 0.502263 0.517530 0.501590 0.521069 0.499584 0.521276 0.499215 0.521247 0.498640 0.520162 0.494265 0.517554 0.486545 0.517308 0.486027 0.516966 0.485799 0.515000 0.485530 0.513854 0.485913 0.512539 0.488127
0 0.427369 0.631009 0.435613 0.632527 0.436930 0.623781 0.438533 0.608354 0.438595 0.606976 0.430405 0.605468 0.427636 0.622828
0 0.423424 0.432597 0.428584 0.453668 0.428911 0.453880 0.436776 0.450456 0.431640 0.429482 0.431325 0.429157
0 0.440256 0.480787 0.447890 0.489439 0.448486 0.489560 0.450609 0.489336 0.450797 0.489158 0.451201 0.488623 0.451759 0.487813 0.452386 0.486851 0.457744 0.478447 0.458349 0.477476 0.458839 0.476640 0.459143 0.476066 0.459211 0.475842 0.459177 0.472789 0.451630 0.464236 0.451071 0.463822
0 0.314643 0.585742 0.324709 0.603314 0.325411 0.602900 0.338537 0.589532 0.328510 0.572030 0.327821 0.572320
0 0.550775 0.414743 0.551348 0.416103 0.557720 0.418492 0.558584 0.418698 0.558854 0.418323 0.559126 0.417945 0.559263 0.417754 0.563800 0.396242 0.563066 0.395819 0.556605 0.393397 0.555570 0.394171 0.554806 0.395626 0.554358 0.397750
