0 0.635757 0.911929 0.636381 0.913821 0.857122 1.000000 0.858762 1.000000 0.889812 0.932843 0.888030 0.930864 0.666665 0.838141
0 0.404681 0.161404 0.405308 0.162886 0.406705 0.164938 0.408659 0.167248 0.479418 0.244096 0.481617 0.246296 0.483713 0.248038 0.485386 0.249054 0.486381 0.249192 0.543711 0.194875 0.543831 0.194158 0.543101 0.192648 0.541635 0.190578 0.532191 0.179052 0.477748 0.119925 0.466597 0.109083 0.464488 0.107271 0.462795 0.106148 0.461775 0.105887 0.404917 0.160718
0 0.311519 0.767717 0.312124 0.769807 0.313536 0.770993 0.368758 0.806117 0.370772 0.806238 0.373062 0.805266 0.375276 0.803346 0.443749 0.726697 0.445555 0.724115 0.446650 0.721293 0.446867 0.718662 0.446174 0.716624 0.444679 0.715489 0.390315 0.679039 0.388255 0.679001 0.385925 0.680051 0.383677 0.682029 0.314774 0.759592 0.312953 0.762190 0.311811 0.765043
0 0.729971 0.684037 0.730762 0.699461 0.731198 0.702186 0.731946 0.704106 0.732893 0.704928 0.809062 0.707179 0.810124 0.706779 0.811081 0.705218 0.811784 0.702733 0.812127 0.699702 0.816751 0.595342 0.816680 0.592247 0.816204 0.589581 0.815398 0.587749 0.814385 0.587031 0.738248 0.584082 0.737241 0.584589 0.736335 0.586242 0.735666 0.588789 0.733528 0.603741
0 0.187359 0.733440 0.201473 0.765570 0.203129 0.768218 0.205705 0.771575 0.208806 0.775124 0.211955 0.778321 0.214668 0.780674 0.216531 0.781827 0.227918 0.782148 0.239997 0.772238 0.262673 0.753468 0.265279 0.751139 0.288935 0.728693 0.289416 0.727601 0.285472 0.721943 0.278597 0.713705 0.273147 0.707781 0.267804 0.702530 0.265157 0.700292 0.261887 0.698788 0.194059 0.720140 0.192525 0.721395 0.190848 0.723528 0.189282 0.726215 0.188069 0.729044 0.187394 0.731582
0 0.723125 0.392716 0.751662 0.459095 0.753075 0.460242 0.755377 0.461509 0.758217 0.462702 0.761160 0.463637 0.763756 0.464172 0.765607 0.464226 0.766434 0.463790 0.794552 0.446446 0.796028 0.445383 0.798483 0.443121 0.801542 0.440002 0.804736 0.436504 0.807575 0.433166 0.809623 0.430499 0.810568 0.428910 0.809661 0.417328 0.798507 0.406708 0.777403 0.386695 0.774807 0.384345 0.749943 0.362791 0.748805 0.363249 0.743606 0.368403 0.736156 0.376398 0.730854 0.382366 0.726210 0.387877 0.724270 0.390386
0 0.359091 0.819737 0.380083 0.887505 0.381124 0.889133 0.383094 0.890898 0.385695 0.892530 0.388527 0.893779 0.391157 0.894454 0.393182 0.894452 0.424560 0.881306 0.426989 0.879798 0.430245 0.877342 0.433829 0.874314 0.437190 0.871181 0.439813 0.868423 0.441297 0.866461 0.441421 0.865593 0.441669 0.855163 0.441423 0.853718 0.414309 0.819693 0.412023 0.817053 0.402743 0.806981 0.389228 0.792410 0.383967 0.796062 0.375797 0.802705 0.369695 0.808077 0.364057 0.813440 0.361487 0.816160
0 0.499250 0.957351 0.505677 0.966643 0.507155 0.967991 0.510199 0.969372 0.514346 0.970579 0.518968 0.971428 0.523367 0.971793 0.526879 0.971616 0.528971 0.970925 0.538022 0.964478 0.538619 0.962625 0.539611 0.956806 0.537323 0.946599 0.535398 0.944768 0.531357 0.942891 0.525816 0.941258 0.519624 0.940120 0.513736 0.939652 0.509057 0.939926 0.506299 0.940896 0.500782 0.949668 0.500265 0.951547
0 0.451771 0.572270 0.453077 0.574924 0.455859 0.579777 0.463792 0.585654 0.466872 0.586458 0.471509 0.585798 0.476993 0.583773 0.482482 0.580690 0.487131 0.577025 0.490224 0.573343 0.491295 0.570208 0.490281 0.560446 0.488898 0.557824 0.486143 0.552967 0.482264 0.552029 0.473305 0.549900 0.469835 0.550425 0.465742 0.551954 0.461645 0.554255 0.458161 0.556981 0.455819 0.559720 0.454975 0.562058
0 0.186211 0.804735 0.189120 0.812011 0.194593 0.817619 0.201795 0.820708 0.209630 0.820803 0.216907 0.817894 0.222515 0.812421 0.222992 0.811884 0.226074 0.804695 0.226170 0.796873 0.223266 0.789609 0.217803 0.784010 0.210613 0.780928 0.202791 0.780832 0.195527 0.783736 0.195003 0.784225 0.189395 0.789697 0.186307 0.796899
0 0.814239 0.684348 0.816885 0.691709 0.822148 0.697497 0.822703 0.697837 0.829792 0.701176 0.837619 0.701548 0.844993 0.698897 0.850791 0.693625 0.854130 0.686536 0.854502 0.678709 0.851851 0.671335 0.846579 0.665537 0.845983 0.665252 0.838906 0.661918 0.831093 0.661548 0.823731 0.664194 0.817944 0.669457 0.814610 0.676534
0 0.625596 0.000000 0.627300 0.034093 0.628030 0.043155 0.628529 0.044386 0.630286 0.046684 0.633030 0.049697 0.636347 0.052970 0.639735 0.056009 0.642682 0.058355 0.644744 0.059653 0.656423 0.061512 0.689327 0.026564 0.691515 0.021091 0.666683 0.000923 0.665535 0.000000
0 0.303527 0.712589 0.329975 0.743528 0.395776 0.720646 0.402970 0.691591 0.398466 0.686497 0.343316 0.672203 0.320735 0.678218 0.310095 0.683326
0 0.398499 0.707719 0.434645 0.725000 0.458278 0.677030 0.473522 0.644273 0.455658 0.634745 0.437136 0.626877 0.421535 0.659463
0 0.410239 0.222091 0.415170 0.228544 0.423546 0.224708 0.485394 0.176049 0.455978 0.137511 0.440497 0.137022 0.438844 0.137914 0.436015 0.139804 0.432441 0.142403 0.428670 0.145313 0.425282 0.148086 0.422797 0.150297 0.421591 0.151609 0.416653 0.165173
0 0.428643 0.524664 0.433948 0.532723 0.434671 0.533629 0.437014 0.535013 0.440615 0.536666 0.444929 0.538336 0.482770 0.551866 0.487156 0.553306 0.490962 0.554302 0.493612 0.554702 0.494699 0.554444 0.504125 0.551651 0.506176 0.546640 0.522331 0.501325 0.446140 0.474084 0.429829 0.519343
0 0.583863 0.340199 0.590216 0.387777 0.599841 0.394541 0.600618 0.394559 0.603093 0.394331 0.606885 0.393893 0.611419 0.393312 0.651158 0.388006 0.655761 0.387367 0.659749 0.386767 0.662517 0.386294 0.663642 0.386023 0.671472 0.375770 0.665046 0.327642 0.584833 0.338352
0 0.595335 0.098442 0.600458 0.110941 0.646190 0.125523 0.649610 0.116763 0.662045 0.077762 0.615244 0.062839 0.603862 0.070508 0.603718 0.070820 0.603029 0.072862 0.601901 0.076323 0.600503 0.080678 0.599052 0.085255 0.597771 0.089353 0.596855 0.092343 0.596444 0.093773
