0 0.438232 0.491737 0.438721 0.501280 0.443071 0.501478 0.447042 0.501455 0.447564 0.493702 0.447752 0.478141 0.447687 0.476539 0.439420 0.476365
0 0.499103 0.556881 0.504032 0.575414 0.504266 0.575822 0.504692 0.576265 0.505245 0.576675 0.505840 0.576989 0.506385 0.577160 0.506798 0.577161 0.513171 0.573023 0.513664 0.572542 0.514317 0.571805 0.515028 0.570927 0.515689 0.570041 0.516198 0.569285 0.516478 0.568773 0.516487 0.568583 0.516454 0.565634 0.516370 0.565350 0.510466 0.556295 0.509970 0.555594 0.505154 0.549236 0.505036 0.549129 0.503973 0.550268 0.502346 0.552223 0.501141 0.553761 0.500037 0.555260 0.499541 0.555995
0 0.561681 0.361396 0.565829 0.382756 0.573839 0.379990 0.574179 0.379438 0.570011 0.357980 0.561965 0.360758
0 0.330669 0.534350 0.333235 0.537280 0.340934 0.546071 0.343501 0.549002 0.347078 0.547881 0.359963 0.527820 0.359462 0.524773 0.349408 0.513293 0.348714 0.513354 0.347309 0.513478 0.346596 0.513541 0.343855 0.513819
0 0.402207 0.478756 0.402212 0.480414 0.402659 0.480504 0.434436 0.480348 0.434432 0.478697 0.433738 0.476863 0.428523 0.463083 0.426741 0.458375 0.426404 0.458184 0.409821 0.458265
0 0.412576 0.452353 0.419679 0.458111 0.419863 0.458208 0.420047 0.458304 0.442784 0.450914 0.451381 0.432062 0.445839 0.401746 0.445715 0.401520 0.445590 0.401293 0.438488 0.395535
0 0.434923 0.600306 0.435474 0.602333 0.436565 0.603924 0.438030 0.604837 0.439645 0.604934 0.441165 0.604199 0.442359 0.602744 0.442458 0.602567 0.443141 0.600618 0.443214 0.598468 0.442663 0.596444 0.441574 0.594856 0.440112 0.593944 0.438499 0.593848 0.436982 0.594582 0.435790 0.596034 0.435680 0.596199 0.434995 0.598153
0 0.467321 0.390926 0.467620 0.391925 0.484015 0.394702 0.484137 0.393731 0.484762 0.387180 0.484970 0.384997 0.485178 0.382813 0.485265 0.381586 0.485129 0.380492 0.483772 0.378429 0.483563 0.378237 0.483007 0.378009 0.482191 0.377782 0.481237 0.377589 0.472973 0.376189 0.472032 0.376061 0.471250 0.376018 0.470746 0.376066 0.468582 0.377689
0 0.564833 0.469042 0.564838 0.469562 0.564934 0.470480 0.565107 0.471656 0.565331 0.472912 0.565571 0.474059 0.565791 0.474924 0.565958 0.475375 0.568018 0.476954 0.569229 0.476572 0.569384 0.476518 0.571201 0.474828 0.571205 0.474141 0.571083 0.472914 0.570855 0.471336 0.570555 0.469647 0.570229 0.468110 0.569928 0.466959 0.569698 0.466371 0.567504 0.465945 0.566291 0.466328 0.566143 0.466404
0 0.564524 0.380967 0.564559 0.381633 0.564701 0.382657 0.566957 0.396407 0.567181 0.397618 0.567457 0.398853 0.567744 0.399926 0.567997 0.400675 0.568179 0.400985 0.570325 0.403922 0.579853 0.400191 0.580213 0.396612 0.578050 0.382727 0.575532 0.372556 0.565838 0.376352
0 0.354468 0.539314 0.354637 0.539551 0.355111 0.540011 0.355819 0.540624 0.356652 0.541297 0.357482 0.541926 0.358182 0.542414 0.358645 0.542688 0.358800 0.542705 0.360454 0.541259 0.360893 0.540314 0.372163 0.511811 0.372036 0.511677 0.371711 0.511390 0.371237 0.510994 0.370686 0.510549 0.370142 0.510123 0.369686 0.509779 0.369388 0.509571 0.369294 0.509529 0.355120 0.535788 0.354680 0.536735
0 0.464167 0.593710 0.464173 0.594958 0.464267 0.596249 0.464434 0.597384 0.464648 0.598189 0.464877 0.598543 0.474262 0.599767 0.476242 0.598445 0.476501 0.598243 0.476691 0.597401 0.476785 0.596049 0.476769 0.594392 0.476645 0.592679 0.476432 0.591169 0.476161 0.590089 0.475875 0.589604 0.473807 0.588720 0.464617 0.591929 0.464408 0.592071 0.464250 0.592696
0 0.481336 0.577156 0.499637 0.614528 0.506644 0.608428 0.507090 0.604732 0.506977 0.604382 0.506674 0.603663 0.506227 0.602684 0.505705 0.601595 0.501172 0.592337 0.496639 0.583080 0.492105 0.573823 0.491583 0.572779 0.491135 0.571932 0.490829 0.571409 0.490714 0.571291 0.488503 0.570081 0.481592 0.576098
0 0.514749 0.398021 0.515033 0.399252 0.515649 0.400245 0.516502 0.400848 0.520328 0.402981 0.524410 0.404003 0.525372 0.404124 0.526295 0.403745 0.527040 0.402924 0.527492 0.401786 0.529339 0.396500 0.529407 0.396262 0.529931 0.390978 0.530022 0.389692 0.529737 0.388458 0.529120 0.387463 0.527037 0.385986 0.524535 0.384219 0.521716 0.383863 0.519373 0.383574 0.518447 0.383954 0.517701 0.384777 0.517248 0.385918 0.515503 0.390715 0.515467 0.390966 0.514840 0.396739
0 0.471590 0.513551 0.471648 0.514426 0.471953 0.515205 0.472458 0.515770 0.473087 0.516033 0.473744 0.515955 0.479631 0.514507 0.479805 0.514330 0.480248 0.513863 0.480890 0.513180 0.481635 0.512383 0.488081 0.505469 0.488818 0.504676 0.489438 0.504006 0.489846 0.503560 0.489980 0.503406 0.492050 0.496600 0.492243 0.495780 0.492186 0.494925 0.491888 0.494164 0.491394 0.493612 0.491193 0.493463 0.490564 0.493199 0.489907 0.493277 0.489323 0.493684 0.472210 0.512038 0.471787 0.512712
