0 0.264146 0.186978 0.265227 0.188413 0.290950 0.219172 0.321709 0.193449 0.320888 0.192038 0.295047 0.161137
0 0.720101 0.226199 0.757990 0.239322 0.759178 0.238122 0.772362 0.200059 0.734298 0.186875 0.733225 0.188310
0 0.223212 0.372727 0.240599 0.408954 0.241785 0.409370 0.277847 0.392063 0.260539 0.356001 0.259440 0.355340
0 0.290358 0.963240 0.329487 0.973539 0.331436 0.968127 0.343654 0.921709 0.337151 0.913817 0.336479 0.913038 0.334137 0.911913 0.330486 0.910612 0.326079 0.909333 0.321581 0.908268 0.317671 0.907579 0.314940 0.907369 0.313808 0.907673 0.304972 0.911527 0.302717 0.916284
0 0.490622 0.381339 0.491433 0.393736 0.492151 0.394461 0.494172 0.396241 0.497184 0.398805 0.500733 0.401763 0.504283 0.404671 0.507297 0.407087 0.509319 0.408648 0.510039 0.409113 0.521563 0.408176 0.552140 0.371175 0.552743 0.369686 0.521553 0.343911
0 0.856732 0.207737 0.856794 0.212414 0.857043 0.216940 0.857441 0.220632 0.857929 0.222932 0.865149 0.232772 0.913122 0.231152 0.917898 0.228043 0.916532 0.187604 0.868004 0.189244 0.863799 0.192795 0.857617 0.199360 0.857177 0.200673 0.856866 0.203615
0 0.853566 0.581148 0.888941 0.613592 0.893437 0.614905 0.902915 0.614094 0.904069 0.613567 0.906295 0.611761 0.909254 0.608950 0.912495 0.605563 0.915518 0.602121 0.917860 0.599152 0.919163 0.597110 0.920787 0.585086 0.885003 0.552266 0.880603 0.551669
0 0.000000 0.312243 0.000077 0.312777 0.000822 0.313110 0.004971 0.314231 0.009555 0.315439 0.013882 0.316549 0.017300 0.317396 0.019289 0.317850 0.019544 0.317840 0.032172 0.312669 0.044255 0.266215 0.038986 0.263512 0.000000 0.253326
0 0.711641 0.777370 0.726448 0.851684 0.727398 0.852614 0.729401 0.853150 0.732152 0.853212 0.735232 0.852787 0.837441 0.831206 0.840360 0.830364 0.842654 0.829238 0.843974 0.827999 0.844120 0.826838 0.829996 0.752381 0.828954 0.751532 0.826873 0.751067 0.824070 0.751054 0.808608 0.752717 0.729968 0.769322 0.715680 0.773940 0.713319 0.775043 0.711900 0.776247
0 0.697289 0.180087 0.697725 0.180395 0.699312 0.180709 0.701806 0.180983 0.704830 0.181176 0.808726 0.185824 0.811839 0.185906 0.814587 0.185867 0.816556 0.185711 0.817443 0.185463 0.821027 0.105360 0.820699 0.104986 0.819198 0.104614 0.816753 0.104301 0.802040 0.103100 0.721660 0.099504 0.706254 0.099357 0.703549 0.099440 0.701659 0.099660 0.700873 0.099984
0 0.104591 0.871292 0.105149 0.873223 0.106714 0.876293 0.109051 0.880038 0.111800 0.883880 0.114539 0.887230 0.116848 0.889574 0.118375 0.890557 0.129759 0.892176 0.134672 0.888661 0.135491 0.887792 0.141286 0.878826 0.140485 0.876252 0.138367 0.872181 0.135254 0.867231 0.131617 0.862147 0.128003 0.857696 0.124955 0.854547 0.122937 0.853181 0.112559 0.855742 0.107657 0.859250 0.106776 0.860055
0 0.102259 0.303186 0.104244 0.310770 0.108980 0.317018 0.115746 0.320977 0.116406 0.321285 0.124159 0.322353 0.131730 0.320371 0.137967 0.315644 0.141920 0.308889 0.142987 0.301137 0.141006 0.293565 0.136279 0.287328 0.129524 0.283376 0.128886 0.283003 0.121120 0.281933 0.113536 0.283918 0.107288 0.288653 0.103329 0.295420
0 0.305254 0.834305 0.306257 0.839904 0.308108 0.843945 0.310520 0.845816 0.319361 0.850203 0.324871 0.850426 0.328101 0.849695 0.335266 0.842262 0.337045 0.840066 0.338405 0.836440 0.339140 0.831938 0.339142 0.827239 0.338409 0.823052 0.337052 0.820011 0.331085 0.812673 0.328114 0.810274 0.322614 0.810077 0.319374 0.810725 0.310531 0.814273 0.308116 0.817163 0.306263 0.821987 0.305256 0.828010
0 0.222066 0.654844 0.224381 0.662330 0.229385 0.668360 0.236316 0.672017 0.244119 0.672742 0.251605 0.670427 0.252032 0.670134 0.258051 0.665137 0.261702 0.658219 0.262425 0.650429 0.260114 0.642956 0.255118 0.636937 0.248199 0.633286 0.240410 0.632563 0.232937 0.634874 0.232477 0.635106 0.226447 0.640111 0.222790 0.647042
0 0.250139 0.216801 0.251192 0.221004 0.253794 0.226018 0.257549 0.231071 0.261876 0.235386 0.266111 0.238298 0.269604 0.239369 0.278957 0.236793 0.281715 0.235636 0.286083 0.232122 0.286829 0.228661 0.287472 0.218959 0.286653 0.215816 0.284693 0.212076 0.281891 0.208304 0.278669 0.205069 0.275513 0.202861 0.272901 0.202016 0.262574 0.200479 0.259774 0.201563 0.255414 0.205104 0.250793 0.214049
0 0.195219 0.541607 0.230618 0.574602 0.252080 0.553308 0.262910 0.541689 0.279819 0.523547 0.290649 0.511927 0.308386 0.491166 0.272987 0.458171 0.255525 0.464338 0.254573 0.464965 0.252504 0.466849 0.249633 0.469704 0.246400 0.473095 0.207381 0.514957 0.204291 0.518351 0.201831 0.521215 0.200375 0.523113 0.200144 0.523755
0 0.135572 0.219318 0.149855 0.231106 0.151217 0.231652 0.154167 0.232495 0.158252 0.233506 0.162855 0.234533 0.218452 0.246320 0.222893 0.247211 0.226516 0.247834 0.228772 0.248095 0.229314 0.247953 0.247151 0.242975 0.257187 0.195636 0.227069 0.187173 0.170822 0.175248 0.145609 0.171980
0 0.773097 0.355392 0.775025 0.392923 0.813832 0.434666 0.850419 0.438563 0.871273 0.422447 0.868964 0.384485 0.858016 0.372708 0.840922 0.354321 0.829974 0.342545 0.792995 0.338249
0 0.515972 0.806661 0.516156 0.810206 0.545235 0.849090 0.556539 0.849112 0.557350 0.849022 0.559515 0.847843 0.562705 0.845751 0.566433 0.843067 0.598762 0.818890 0.602447 0.816031 0.605513 0.813444 0.607493 0.811524 0.608087 0.810563 0.610043 0.800625 0.608785 0.797190 0.580038 0.758750
0 0.856943 0.455631 0.922204 0.501902 0.927085 0.501924 0.955168 0.462314 0.950779 0.450307 0.949145 0.448734 0.946277 0.446424 0.942614 0.443729 0.909682 0.420380 0.905795 0.417721 0.902289 0.415512 0.899701 0.414092 0.898424 0.413674 0.889153 0.415508 0.884705 0.416474
0 0.138194 0.318682 0.168022 0.393909 0.171816 0.395122 0.216436 0.377430 0.219788 0.366095 0.219819 0.365418 0.219170 0.363142 0.217940 0.359616 0.216318 0.355374 0.201541 0.318105 0.199765 0.313778 0.198102 0.310008 0.196802 0.307367 0.196063 0.306259 0.183330 0.300785
0 0.332885 0.573704 0.340572 0.582902 0.341271 0.583144 0.343688 0.583616 0.347458 0.584247 0.352004 0.584938 0.391949 0.590770 0.396563 0.591415 0.400524 0.591914 0.403228 0.592189 0.404264 0.592200 0.412961 0.585394 0.413955 0.584418 0.420889 0.536922 0.341729 0.525365 0.339899 0.525658
