0 0.759148 0.580466 0.762765 0.581588 0.803178 0.586030 0.848032 0.550059 0.852474 0.509647 0.812062 0.505204 0.807767 0.505132 0.763529 0.540609
0 0.526320 0.928259 0.554788 0.937103 0.611290 0.947755 0.638405 0.949390 0.647370 0.901836 0.632824 0.890374 0.631746 0.889688 0.629027 0.888767 0.625086 0.887752 0.620520 0.886796 0.564670 0.876267 0.560152 0.875510 0.556350 0.875066 0.553839 0.875001 0.535285 0.880705
0 0.559951 0.039311 0.568892 0.077858 0.589738 0.083087 0.625156 0.071040 0.651671 0.020284 0.642969 0.000000 0.586341 0.000000
0 0.160828 0.739515 0.207477 0.752987 0.219603 0.746175 0.220227 0.744969 0.221264 0.742188 0.222554 0.738258 0.223904 0.733774 0.225109 0.729412 0.225988 0.725830 0.226407 0.723572 0.226301 0.722985 0.221918 0.711666 0.175803 0.698348 0.172055 0.700641
0 0.142104 0.052581 0.161248 0.088229 0.165119 0.092934 0.207407 0.070225 0.209450 0.056622 0.209399 0.056398 0.208489 0.054593 0.206859 0.051487 0.204758 0.047549 0.202503 0.043374 0.200433 0.039593 0.198862 0.036777 0.198030 0.035356 0.184881 0.029609
0 0.131709 0.927752 0.133809 0.976262 0.144771 0.982314 0.146993 0.982741 0.150653 0.982933 0.155191 0.982860 0.159911 0.982533 0.164087 0.982001 0.167081 0.981348 0.168438 0.980673 0.174234 0.974511 0.177957 0.969088 0.175880 0.921133 0.135918 0.922864
0 0.544302 0.293803 0.550949 0.373527 0.598783 0.369539 0.607201 0.360061 0.607267 0.358959 0.607169 0.356187 0.606923 0.352165 0.606566 0.347507 0.603212 0.307278 0.602800 0.302711 0.602397 0.298948 0.602065 0.296562 0.601854 0.295915 0.593202 0.287385 0.544815 0.291419
0 0.886715 0.094213 0.904347 0.138858 0.978754 0.109472 0.984289 0.104957 0.966454 0.059797 0.952893 0.057084 0.950961 0.057550 0.947646 0.058661 0.943453 0.060248 0.905906 0.075076 0.901490 0.076890 0.897538 0.078648 0.894656 0.080083 0.893281 0.080974
0 0.884890 0.484951 0.884954 0.485735 0.886324 0.496930 0.928334 0.520149 0.933286 0.520382 0.972431 0.449555 0.929935 0.426067 0.925022 0.426912 0.916090 0.429399 0.915098 0.430295 0.913372 0.432657 0.911176 0.436123 0.908842 0.440168 0.889449 0.475257 0.887324 0.479280 0.885723 0.482683
0 0.695188 0.051320 0.695258 0.056039 0.695430 0.060525 0.695679 0.064102 0.695966 0.066227 0.703836 0.076823 0.751819 0.075559 0.757710 0.065630 0.756631 0.024709 0.707526 0.026003 0.697888 0.037123 0.695614 0.042443 0.695380 0.043963 0.695231 0.047081
0 0.067975 0.529570 0.083943 0.566960 0.089662 0.566039 0.163414 0.534544 0.147666 0.497668 0.142754 0.497635
0 0.835461 0.623612 0.835566 0.625350 0.835938 0.625978 0.914760 0.640163 0.915277 0.639573 0.915927 0.637866 0.916609 0.635304 0.919834 0.620427 0.933690 0.541256 0.935706 0.526183 0.935934 0.523547 0.935901 0.521729 0.935612 0.521009 0.856670 0.507513 0.856105 0.507987 0.855415 0.509594 0.854704 0.512091 0.854082 0.515095 0.836074 0.617994 0.835639 0.621029
0 0.354446 0.170062 0.422655 0.212215 0.423043 0.211949 0.424013 0.210686 0.425415 0.208621 0.427037 0.206068 0.481712 0.117599 0.483318 0.114928 0.484675 0.112527 0.485577 0.110762 0.485885 0.109902 0.417676 0.067748 0.417283 0.067889 0.416306 0.069048 0.414894 0.071051 0.406818 0.083369 0.364519 0.151813 0.356745 0.165143 0.355447 0.167525 0.354640 0.169253
0 0.398123 0.774357 0.398650 0.782179 0.402132 0.789203 0.408036 0.794361 0.415464 0.796865 0.423286 0.796338 0.430310 0.792856 0.435468 0.786952 0.437972 0.779524 0.438079 0.779043 0.437552 0.771235 0.434076 0.764223 0.428183 0.759074 0.420767 0.756574 0.412959 0.757101 0.405947 0.760576 0.400798 0.766470 0.400627 0.766929
0 0.269061 0.043909 0.269442 0.045692 0.271281 0.051337 0.278062 0.059361 0.280649 0.059978 0.285120 0.059666 0.290792 0.058471 0.296795 0.056574 0.302203 0.054268 0.306186 0.051908 0.308139 0.049856 0.308924 0.039441 0.308462 0.037672 0.306650 0.032030 0.296642 0.026751 0.294683 0.026327 0.291330 0.026590 0.287093 0.027498 0.282612 0.028914 0.278564 0.030624 0.275561 0.032370 0.274059 0.033888
0 0.739807 0.268946 0.742040 0.276444 0.746973 0.282515 0.753853 0.286237 0.761634 0.287042 0.769131 0.284809 0.769595 0.284438 0.775676 0.279497 0.779405 0.272604 0.780211 0.264810 0.777974 0.257300 0.773033 0.251218 0.766140 0.247489 0.758346 0.246683 0.750836 0.248920 0.744754 0.253862 0.744333 0.254285 0.740611 0.261165
0 0.600869 0.371975 0.601627 0.376517 0.603627 0.381993 0.606565 0.387562 0.609986 0.392364 0.613365 0.395663 0.616183 0.396959 0.626203 0.396085 0.628472 0.394965 0.633517 0.392280 0.636543 0.381710 0.636949 0.379513 0.636351 0.376112 0.634841 0.372025 0.632649 0.367868 0.630104 0.364270 0.627592 0.361775 0.625492 0.360762 0.615124 0.357413 0.612826 0.358456 0.607783 0.361167 0.601466 0.369060
0 0.547853 0.435038 0.548176 0.442857 0.551467 0.449958 0.557224 0.455259 0.564572 0.457952 0.572391 0.457630 0.579492 0.454339 0.579629 0.454260 0.584939 0.448493 0.587637 0.441132 0.587314 0.433300 0.584018 0.426187 0.578250 0.420877 0.570890 0.418179 0.563057 0.418501 0.555945 0.421798 0.550634 0.427565 0.550547 0.427690
