0 0.567446 0.870643 0.567770 0.872022 0.568514 0.874976 0.569566 0.879055 0.570765 0.883637 0.571927 0.888017 0.572873 0.891521 0.573459 0.893616 0.573596 0.893985 0.584398 0.901897 0.631350 0.889526 0.610732 0.811272 0.609467 0.807714 0.601731 0.809753 0.573242 0.858624
0 0.776048 0.465687 0.781261 0.522015 0.787416 0.527126 0.790738 0.527440 0.842443 0.465187 0.805092 0.434164 0.791621 0.435270 0.790651 0.436060 0.788659 0.438140 0.785950 0.441188 0.782934 0.444744 0.780067 0.448272 0.777780 0.451238 0.776421 0.453193 0.776199 0.453838
0 0.062513 0.287033 0.085255 0.320017 0.090603 0.317079 0.137144 0.284951 0.157528 0.267087 0.147610 0.251084 0.134635 0.233883 0.102448 0.250987
0 0.771766 0.808028 0.774907 0.811589 0.841590 0.857439 0.869100 0.817429 0.865193 0.804002 0.863956 0.803082 0.861399 0.801265 0.857913 0.798829 0.854027 0.796143 0.850326 0.793612 0.847369 0.791618 0.845604 0.790463 0.845303 0.790326 0.831922 0.791138 0.776298 0.801435
0 0.510599 0.173321 0.510619 0.174774 0.511216 0.177051 0.512301 0.179806 0.513708 0.182616 0.515221 0.185052 0.516608 0.186740 0.517659 0.187425 0.549261 0.193883 0.551313 0.194025 0.554819 0.194049 0.559249 0.193952 0.563932 0.193748 0.568162 0.193469 0.571300 0.193156 0.572868 0.192857 0.579982 0.184126 0.580138 0.183541 0.580142 0.168618 0.580033 0.140294 0.579895 0.136779 0.577681 0.103253 0.574415 0.102371 0.569598 0.101972 0.560233 0.102156 0.549364 0.102824 0.542835 0.103480 0.538369 0.104236 0.537420 0.104683
0 0.620537 0.921228 0.620545 0.922606 0.652117 0.989732 0.653226 0.990260 0.657918 0.990930 0.664605 0.991301 0.675572 0.991345 0.684868 0.990854 0.689459 0.989933 0.692334 0.988483 0.692238 0.954746 0.692144 0.951227 0.690551 0.923109 0.689664 0.908316 0.689206 0.907452 0.681622 0.899293 0.679925 0.898972 0.676683 0.898765 0.672389 0.898702 0.667694 0.898794 0.663305 0.899026 0.659885 0.899363 0.657954 0.899755 0.626625 0.908021 0.625695 0.908854 0.624481 0.910696 0.623167 0.913265 0.621956 0.916172 0.621032 0.918969
0 0.476076 0.449097 0.476091 0.451166 0.476280 0.454699 0.476614 0.459155 0.477041 0.463851 0.477495 0.468066 0.477908 0.471153 0.478216 0.472644 0.489550 0.502701 0.490098 0.503706 0.491731 0.504910 0.494203 0.506127 0.497135 0.507172 0.500079 0.507885 0.502583 0.508157 0.504267 0.507947 0.567714 0.472870 0.567596 0.469674 0.567352 0.466285 0.566756 0.458869 0.566065 0.450859 0.565083 0.440153 0.564385 0.433280 0.564212 0.432718 0.531126 0.434689 0.527633 0.434996 0.499019 0.438574 0.483900 0.440531 0.476235 0.448801
0 0.815955 0.332392 0.822015 0.363926 0.822637 0.365956 0.823927 0.369267 0.825689 0.373356 0.827655 0.377605 0.829530 0.381374 0.831031 0.384093 0.831928 0.385346 0.842686 0.388678 0.857135 0.382814 0.883270 0.372074 0.886471 0.370611 0.916680 0.355753 0.916331 0.352157 0.914916 0.347407 0.911207 0.338769 0.906449 0.329021 0.903337 0.323324 0.900901 0.319617 0.900098 0.319005 0.826338 0.320476 0.825016 0.320996 0.823146 0.322377 0.821014 0.324411 0.818945 0.326785 0.817257 0.329137 0.816207 0.331106
0 0.343982 0.364048 0.356361 0.388227 0.383683 0.438818 0.398181 0.464406 0.440759 0.441412 0.440498 0.422895 0.440140 0.422188 0.438964 0.419973 0.437150 0.416590 0.434974 0.412552 0.407968 0.362546 0.405751 0.358449 0.403820 0.354898 0.402468 0.352431 0.401901 0.351426 0.386560 0.341053
0 0.697739 0.752739 0.697914 0.771257 0.741023 0.793242 0.756064 0.770039 0.782185 0.718818 0.792841 0.691633 0.749732 0.669648 0.734639 0.680380 0.733912 0.680961 0.732461 0.683089 0.730510 0.686438 0.728354 0.690499 0.702535 0.741129 0.700491 0.745303 0.698862 0.748974 0.697895 0.751586
0 0.804527 0.082029 0.804659 0.082856 0.805569 0.084478 0.807116 0.086646 0.809066 0.089033 0.877121 0.167675 0.879190 0.169933 0.881078 0.171733 0.882497 0.172803 0.883232 0.172977 0.943864 0.120507 0.943854 0.119713 0.943045 0.118113 0.941560 0.115952 0.932232 0.103989 0.879581 0.043147 0.869180 0.032312 0.867292 0.030574 0.865880 0.029608 0.865160 0.029559
0 0.756277 0.620399 0.756488 0.621493 0.802581 0.682084 0.803795 0.682475 0.805791 0.682058 0.808267 0.680894 0.810843 0.679161 0.893364 0.615110 0.895632 0.613084 0.897231 0.611086 0.897917 0.609421 0.897587 0.608343 0.852046 0.547323 0.850785 0.547045 0.848749 0.547561 0.846249 0.548792 0.833136 0.557085 0.769643 0.606367 0.758736 0.616716 0.757068 0.618722
0 0.746065 0.894756 0.746066 0.902579 0.749060 0.909806 0.749488 0.910512 0.755030 0.916052 0.762269 0.919051 0.770106 0.919051 0.777345 0.916052 0.782886 0.910511 0.785885 0.903271 0.785884 0.895435 0.782886 0.888195 0.782399 0.887528 0.776867 0.881997 0.769641 0.879003 0.761818 0.879004 0.754590 0.881997 0.749059 0.887529
0 0.890999 0.473472 0.891610 0.474931 0.893262 0.477588 0.895703 0.481037 0.898562 0.484758 0.901410 0.488189 0.903816 0.490812 0.905414 0.492229 0.916806 0.493279 0.917740 0.493263 0.922530 0.489582 0.928010 0.480320 0.927253 0.478377 0.925081 0.474815 0.921823 0.470178 0.917980 0.465177 0.914144 0.460585 0.910906 0.457107 0.908760 0.455271 0.908028 0.455353 0.897570 0.458359 0.892792 0.462032
0 0.314232 0.123925 0.316022 0.131553 0.316339 0.132187 0.320903 0.138539 0.327553 0.142661 0.335273 0.143925 0.342888 0.142137 0.349241 0.137572 0.353362 0.130923 0.354626 0.123203 0.352838 0.115587 0.352585 0.114926 0.348012 0.108562 0.341352 0.104434 0.333618 0.103168 0.325990 0.104958 0.319626 0.109531 0.315498 0.116192
0 0.694075 0.491013 0.694701 0.498811 0.698262 0.505776 0.704219 0.510847 0.711662 0.513254 0.712026 0.513276 0.719837 0.512649 0.726815 0.509081 0.731894 0.503115 0.734305 0.495659 0.733678 0.487848 0.730110 0.480871 0.724143 0.475791 0.716687 0.473380 0.708876 0.474007 0.708517 0.474052 0.701552 0.477614 0.696481 0.483570
