0 0.162345 0.150402 0.166204 0.154397 0.202809 0.170522 0.209259 0.155880 0.203672 0.142835 0.202438 0.141993 0.199704 0.140534 0.195885 0.138681 0.191563 0.136717 0.187404 0.134945 0.184047 0.133636 0.182003 0.132991 0.168869 0.135590
0 0.257330 0.546831 0.269509 0.585417 0.284944 0.580545 0.287402 0.579625 0.291910 0.569836 0.291908 0.568870 0.291355 0.566304 0.290336 0.562533 0.289005 0.558127 0.287564 0.553751 0.286230 0.550067 0.285205 0.547631 0.284645 0.546818 0.275362 0.541480 0.272765 0.541959
0 0.140818 0.638219 0.157311 0.674863 0.193954 0.658370 0.195353 0.657646 0.178936 0.621170 0.177461 0.621727
0 0.166704 0.350487 0.171640 0.390366 0.173142 0.390868 0.212839 0.385954 0.207925 0.346257 0.206584 0.345551
0 0.867276 0.154811 0.879513 0.192996 0.917698 0.180758 0.919621 0.179288 0.907327 0.140928 0.868967 0.153222
0 0.192307 0.472235 0.220004 0.512805 0.233231 0.515283 0.236297 0.515108 0.237402 0.514571 0.239851 0.513083 0.243268 0.510872 0.247137 0.508274 0.250873 0.505680 0.253913 0.503482 0.255796 0.502013 0.256232 0.501498 0.259440 0.489958 0.232375 0.450316 0.226115 0.449154
0 0.801860 0.901434 0.805350 0.906075 0.842451 0.937398 0.853264 0.934122 0.855352 0.932605 0.858153 0.929928 0.861237 0.926500 0.887279 0.895654 0.890166 0.892010 0.892405 0.888717 0.893656 0.886280 0.894656 0.875564 0.890145 0.871272 0.853468 0.840307
0 0.055265 0.206238 0.061364 0.210271 0.141285 0.213843 0.143071 0.173883 0.138108 0.169344 0.057077 0.165722
0 0.866892 0.797732 0.867001 0.801867 0.867301 0.804822 0.867748 0.806145 0.875614 0.822910 0.923962 0.824959 0.928662 0.798905 0.931097 0.741459 0.928792 0.711003 0.880445 0.708953 0.870659 0.725614 0.870133 0.727976 0.869691 0.731714 0.869399 0.736263 0.866992 0.793045
0 0.314862 0.493075 0.314878 0.493950 0.315415 0.496464 0.316392 0.500238 0.317660 0.504693 0.333878 0.559574 0.335238 0.564013 0.336477 0.567738 0.337405 0.570180 0.337881 0.570970 0.350751 0.584286 0.397158 0.570572 0.389974 0.542877 0.373943 0.488627 0.364835 0.461189 0.318428 0.474903
0 0.426922 0.445444 0.429491 0.452848 0.434696 0.458705 0.434808 0.458776 0.441847 0.462188 0.449656 0.462649 0.457047 0.460084 0.462894 0.454888 0.466307 0.447849 0.466767 0.440040 0.464203 0.432649 0.464141 0.432533 0.458936 0.426676 0.451885 0.423258 0.444062 0.422796 0.436659 0.425365 0.430801 0.430571 0.427383 0.437622
0 0.451179 0.135636 0.451263 0.136263 0.453007 0.143892 0.457537 0.150273 0.464165 0.154435 0.471881 0.155744 0.479510 0.153999 0.485892 0.149469 0.490053 0.142841 0.491362 0.135125 0.491347 0.134497 0.489600 0.126854 0.485062 0.120462 0.478423 0.116293 0.470693 0.114982 0.463051 0.116729 0.456659 0.121267 0.452490 0.127907
0 0.100436 0.127095 0.101822 0.132974 0.102712 0.133797 0.112170 0.140138 0.114400 0.140172 0.117996 0.139752 0.122411 0.138942 0.126979 0.137865 0.131010 0.136684 0.133896 0.135576 0.135195 0.134710 0.141071 0.124755 0.139688 0.118889 0.133465 0.109929 0.132808 0.109228 0.129856 0.109131 0.125049 0.109655 0.119120 0.110723 0.112981 0.112170 0.107580 0.113773 0.103745 0.115285 0.102060 0.116476
0 0.100789 0.269869 0.137355 0.333915 0.138404 0.334858 0.140482 0.335864 0.143274 0.336782 0.146352 0.337468 0.149244 0.337820 0.151509 0.337782 0.152802 0.337362 0.177540 0.317120 0.179089 0.315565 0.181431 0.312823 0.184211 0.309315 0.187009 0.305567 0.189403 0.302147 0.191030 0.299571 0.191642 0.298231 0.189503 0.287149 0.155576 0.259360 0.152765 0.257241 0.125258 0.237785 0.122077 0.239933 0.118466 0.243513 0.112598 0.250908 0.106329 0.259698 0.102869 0.265094 0.100871 0.268925
0 0.164484 0.421774 0.164539 0.423625 0.165209 0.426901 0.166392 0.431101 0.167908 0.435582 0.169523 0.439654 0.170989 0.442694 0.185322 0.466553 0.186753 0.468081 0.189135 0.469400 0.192107 0.470309 0.195217 0.470672 0.197995 0.470433 0.200019 0.469628 0.259162 0.423836 0.259343 0.421810 0.258525 0.417305 0.256149 0.408356 0.253159 0.399263 0.250400 0.392756 0.246987 0.386019 0.245389 0.383935 0.226728 0.389939 0.209246 0.395856 0.170416 0.411086
0 0.000000 0.844572 0.000764 0.850649 0.005319 0.855340 0.008847 0.858193 0.009982 0.858468 0.081943 0.839594 0.083002 0.838849 0.084425 0.837119 0.085995 0.834667 0.087472 0.831868 0.088630 0.829151 0.089291 0.826932 0.089356 0.825548 0.075811 0.796492 0.074906 0.794554 0.073007 0.791554 0.070406 0.787948 0.067493 0.784279 0.064710 0.781101 0.062476 0.778896 0.061131 0.777999 0.050026 0.777168 0.049022 0.777853 0.037047 0.786399 0.014339 0.802763 0.011560 0.804931 0.001746 0.813472 0.000544 0.814730 0.000000 0.826198
0 0.450896 0.743065 0.487657 0.759972 0.507945 0.715859 0.507855 0.713392 0.504162 0.703490 0.503323 0.702838 0.500948 0.701521 0.497402 0.699740 0.493220 0.697765 0.489036 0.695892 0.485479 0.694407 0.483089 0.693532 0.482232 0.693403 0.471514 0.696678 0.451457 0.740287
0 0.768068 0.792253 0.793154 0.833176 0.796543 0.837028 0.806167 0.838174 0.807355 0.838140 0.809936 0.837148 0.813517 0.835349 0.817551 0.833015 0.821418 0.830505 0.824523 0.828206 0.826393 0.826469 0.831040 0.815880 0.805663 0.774485 0.802170 0.771348
0 0.898720 0.609970 0.903330 0.611242 0.942685 0.620645 0.953969 0.573420 0.945521 0.562813 0.945215 0.562682 0.943163 0.562143 0.939676 0.561277 0.935283 0.560216 0.930662 0.559123 0.926522 0.558167 0.923496 0.557493 0.922044 0.557203 0.909876 0.563285
0 0.596126 0.306848 0.607731 0.345229 0.646112 0.333624 0.648149 0.331305 0.636382 0.292389 0.597466 0.304155
