0 0.864835 0.251225 0.867308 0.256418 0.897781 0.304081 0.916305 0.326388 0.932075 0.316506 0.950299 0.304686 0.936029 0.273488 0.898604 0.229666
0 0.394395 0.071886 0.408907 0.312551 0.409323 0.313408 0.489178 0.308593 0.489128 0.307714 0.474617 0.067050
0 0.344722 0.419174 0.344955 0.421760 0.345641 0.424743 0.374871 0.525032 0.375901 0.527936 0.377111 0.530301 0.378316 0.531766 0.379332 0.532108 0.453553 0.510458 0.454168 0.509643 0.454344 0.507776 0.454058 0.505143 0.451003 0.490282 0.428513 0.413119 0.423060 0.398788 0.421870 0.396355 0.420692 0.394787 0.419706 0.394326 0.345680 0.416646 0.344977 0.417378
0 0.141025 0.328331 0.141451 0.331043 0.142241 0.332947 0.143273 0.333752 0.219046 0.338292 0.220104 0.337873 0.221086 0.336295 0.221844 0.333801 0.224432 0.319002 0.230102 0.238828 0.229660 0.223297 0.229275 0.220527 0.228545 0.218536 0.227581 0.217629 0.151758 0.213785 0.150648 0.214097 0.149618 0.215581 0.148828 0.218013 0.148397 0.221022 0.141027 0.325224
0 0.692572 0.656554 0.693284 0.658437 0.694660 0.660824 0.696491 0.663350 0.761668 0.744986 0.763663 0.747251 0.765504 0.748894 0.766911 0.749665 0.767670 0.749447 0.830211 0.702205 0.830154 0.701069 0.829341 0.699149 0.827897 0.696738 0.818948 0.683933 0.768800 0.621122 0.758778 0.610165 0.756930 0.608452 0.755511 0.607576 0.754738 0.607674 0.692633 0.655462
0 0.550800 0.813347 0.550815 0.816147 0.551205 0.818209 0.551911 0.819217 0.628076 0.830531 0.629052 0.830342 0.630087 0.828975 0.631024 0.826639 0.631720 0.823690 0.649435 0.720741 0.649779 0.717647 0.649716 0.714901 0.649257 0.712921 0.648471 0.712007 0.572425 0.700004 0.571493 0.700306 0.570497 0.701770 0.569586 0.704171 0.565781 0.718625 0.552151 0.797835
0 0.448907 0.785918 0.478623 0.814073 0.512409 0.778414 0.512376 0.764919 0.512234 0.761874 0.511552 0.760898 0.509644 0.758812 0.506804 0.755935 0.503461 0.752702 0.500120 0.749602 0.497285 0.747102 0.495385 0.745580 0.494712 0.745273 0.483089 0.744539 0.450075 0.779383
0 0.102671 0.431723 0.131258 0.470970 0.144914 0.473310 0.146124 0.472805 0.148628 0.471299 0.152045 0.469022 0.155856 0.466320 0.188263 0.442716 0.191903 0.439991 0.194830 0.437646 0.196601 0.436038 0.196943 0.435413 0.200137 0.424201 0.171877 0.385403 0.168084 0.384078
0 0.800397 0.345654 0.800485 0.346637 0.801524 0.349027 0.803356 0.352457 0.805701 0.356408 0.808206 0.360284 0.810494 0.363499 0.812217 0.365568 0.813113 0.366171 0.822763 0.369258 0.830313 0.366200 0.872067 0.340323 0.850503 0.305528 0.842492 0.309973 0.801691 0.335258
0 0.900090 0.385686 0.904287 0.397311 0.905973 0.398924 0.908866 0.401240 0.912528 0.403908 0.916406 0.406527 0.919914 0.408699 0.922523 0.410097 0.923832 0.410506 0.932841 0.408651 0.937845 0.407595 0.965721 0.367840 0.932591 0.344609 0.927648 0.346385
0 0.222288 0.788167 0.253547 0.813859 0.284378 0.776349 0.286842 0.773190 0.284829 0.763047 0.284404 0.762118 0.282628 0.760168 0.279775 0.757496 0.276277 0.754506 0.272662 0.751649 0.269475 0.749357 0.267199 0.747976 0.266182 0.747720 0.255940 0.747792 0.253119 0.750656
0 0.188890 0.406535 0.201852 0.429968 0.210567 0.443560 0.232888 0.478371 0.250456 0.502551 0.291192 0.476431 0.289544 0.457985 0.289326 0.457267 0.288149 0.455112 0.286196 0.451852 0.283761 0.447981 0.253084 0.400138 0.250529 0.396227 0.248229 0.392854 0.246533 0.390529 0.245701 0.389609 0.229626 0.380415
0 0.110114 0.727755 0.118864 0.767459 0.167317 0.798413 0.207021 0.789662 0.211050 0.785685 0.202420 0.746527 0.154633 0.715999 0.115475 0.724629
