0 0.040349 0.533502 0.047454 0.605298 0.050534 0.612058 0.289703 0.572072 0.280128 0.500908 0.278020 0.493762
0 0.746811 0.274412 0.747781 0.276045 0.749661 0.277888 0.761654 0.287047 0.830277 0.328889 0.844245 0.335560 0.846871 0.336465 0.848956 0.336694 0.850182 0.336210 0.888553 0.270910 0.888765 0.269737 0.887900 0.268104 0.886090 0.266261 0.883610 0.264488 0.794420 0.210105 0.791665 0.208685 0.789072 0.207844 0.787037 0.207709 0.785870 0.208300 0.746903 0.273236
0 0.753626 0.599145 0.753684 0.600917 0.754082 0.601602 0.831541 0.620003 0.832154 0.619481 0.832953 0.617845 0.833816 0.615346 0.837977 0.600732 0.856320 0.522479 0.859098 0.507490 0.859439 0.504850 0.859457 0.503003 0.859147 0.502231 0.781529 0.484509 0.780876 0.484914 0.780042 0.486449 0.779155 0.488880 0.778351 0.491837 0.754511 0.593543 0.753916 0.596555
0 0.535234 0.620617 0.573433 0.687339 0.574410 0.687868 0.576301 0.687712 0.578820 0.686894 0.581581 0.685538 0.672350 0.633834 0.674917 0.632156 0.676879 0.630421 0.677939 0.628896 0.677935 0.627813 0.640342 0.560745 0.639305 0.560322 0.637362 0.560570 0.634810 0.561451 0.620911 0.567848 0.551072 0.607629 0.538551 0.616282 0.536518 0.618013 0.535352 0.619535
0 0.050607 0.124976 0.066588 0.161953 0.068574 0.163502 0.105381 0.147595 0.089474 0.110788 0.087584 0.108996
0 0.312094 0.725777 0.316568 0.765810 0.356600 0.761337 0.357258 0.760139 0.352805 0.720290 0.312955 0.724742
0 0.726780 0.887019 0.745518 0.922432 0.800223 0.902623 0.827709 0.882618 0.817579 0.863378 0.808846 0.846970 0.781465 0.857312 0.731442 0.883738
0 0.616813 0.186480 0.640338 0.218911 0.644715 0.216024 0.690521 0.182783 0.715046 0.163527 0.691365 0.130881 0.665125 0.147652
0 0.452826 0.785165 0.494027 0.810857 0.505573 0.806766 0.506067 0.806391 0.507461 0.804509 0.509545 0.801405 0.512000 0.797551 0.514449 0.793541 0.516515 0.789991 0.517882 0.787443 0.518345 0.786284 0.502484 0.718256 0.495696 0.714023 0.453365 0.781906
0 0.407548 0.597578 0.458108 0.660764 0.496020 0.630429 0.497690 0.618056 0.497120 0.617184 0.495493 0.615015 0.493058 0.611882 0.490184 0.608259 0.487305 0.604692 0.484855 0.601721 0.483206 0.599794 0.482610 0.599209 0.471074 0.597706 0.414851 0.591465 0.408604 0.596463
0 0.262563 0.576571 0.262959 0.581025 0.263745 0.587510 0.265250 0.598282 0.266726 0.607539 0.267713 0.612272 0.268664 0.615443 0.301808 0.611388 0.305282 0.610866 0.333352 0.605611 0.348153 0.602777 0.355648 0.593962 0.355465 0.592411 0.355039 0.589306 0.354434 0.585119 0.353742 0.580484 0.353068 0.576101 0.352513 0.572630 0.352161 0.570599 0.352067 0.570322 0.339553 0.540850 0.338803 0.539917 0.336982 0.538847 0.334368 0.537802 0.331359 0.536942 0.328416 0.536401 0.325991 0.536259 0.324452 0.536539 0.262610 0.575607
0 0.878070 0.169383 0.878186 0.178062 0.878781 0.191249 0.879426 0.199428 0.880439 0.203435 0.902421 0.202500 0.926868 0.201370 0.961700 0.199311 0.969972 0.190870 0.970492 0.189544 0.970850 0.186576 0.970992 0.182417 0.970895 0.177703 0.970574 0.173159 0.970078 0.169482 0.969484 0.167235 0.959885 0.159122 0.896291 0.161105 0.879718 0.162797 0.878653 0.163869
0 0.318058 0.281704 0.318297 0.283563 0.348846 0.348140 0.352628 0.348954 0.356223 0.349163 0.363859 0.349262 0.371944 0.349112 0.382542 0.348585 0.389107 0.347872 0.389236 0.347173 0.389493 0.314340 0.389401 0.310842 0.386486 0.267330 0.386042 0.266288 0.378601 0.258593 0.378081 0.258121 0.375805 0.257747 0.372114 0.257530 0.367572 0.257503 0.362876 0.257671 0.358748 0.258007 0.355820 0.258461 0.323325 0.269606 0.321908 0.271015 0.320471 0.273315 0.319234 0.276156 0.318386 0.279103
0 0.009548 0.903787 0.011150 0.906435 0.014707 0.909251 0.022894 0.913565 0.032997 0.918024 0.039403 0.920394 0.044191 0.921644 0.045588 0.921564 0.102515 0.873335 0.103007 0.872112 0.103429 0.869870 0.103718 0.866950 0.103827 0.863799 0.103741 0.860900 0.103473 0.858695 0.103065 0.857521 0.076219 0.835939 0.073343 0.834185 0.069489 0.832145 0.065240 0.830125 0.061236 0.828430 0.058084 0.827318 0.056261 0.826957 0.046088 0.831218 0.044976 0.831928 0.038169 0.844996 0.025280 0.869883 0.023736 0.873051
0 0.254020 0.659597 0.277998 0.673179 0.315394 0.690831 0.329995 0.697723 0.357166 0.708284 0.377822 0.664523 0.366634 0.649766 0.365979 0.649175 0.363762 0.647892 0.360326 0.646111 0.356191 0.644104 0.304795 0.619844 0.300571 0.617906 0.296881 0.616322 0.294285 0.615335 0.293181 0.615094 0.274677 0.615836
0 0.733730 0.758687 0.745441 0.773033 0.746613 0.773758 0.749307 0.775102 0.753113 0.776861 0.757450 0.778765 0.810045 0.801319 0.814232 0.803070 0.817612 0.804392 0.819669 0.805086 0.838557 0.803639 0.857629 0.759165 0.828744 0.745923 0.776754 0.723629 0.752802 0.714213
