0 0.464289 0.078660 0.469165 0.091765 0.513301 0.110632 0.529024 0.073852 0.529359 0.068925 0.484713 0.049840 0.473777 0.056465 0.473381 0.056725 0.472320 0.058639 0.470756 0.061920 0.468926 0.066066 0.467113 0.070441 0.465595 0.074372 0.464604 0.077258
0 0.120544 0.067350 0.120789 0.068804 0.124611 0.076473 0.128901 0.081313 0.175014 0.094639 0.186119 0.056212 0.182491 0.051082 0.135845 0.037601 0.126743 0.045898 0.125596 0.047908 0.124225 0.051342 0.122840 0.055677 0.121652 0.060245 0.120846 0.064345
0 0.555093 0.372083 0.589913 0.391770 0.590952 0.390519 0.614850 0.348252 0.611394 0.337722 0.610741 0.337055 0.608582 0.335582 0.605244 0.333525 0.601237 0.331200 0.597177 0.328964 0.593688 0.327161 0.591302 0.326065 0.590382 0.325842 0.579628 0.328337 0.555730 0.370604
0 0.593926 0.735936 0.594095 0.736361 0.602997 0.742585 0.608874 0.743982 0.618973 0.738168 0.619539 0.736709 0.620425 0.733687 0.621496 0.729561 0.622589 0.724965 0.623535 0.720604 0.624189 0.717148 0.624451 0.715123 0.624284 0.714833 0.617745 0.705093 0.611881 0.703700 0.601219 0.705257 0.600498 0.707248 0.599348 0.711288 0.597945 0.716761 0.596500 0.722842 0.595229 0.728615 0.594326 0.733214
0 0.553523 0.284572 0.553588 0.292395 0.556640 0.299597 0.562218 0.305083 0.569469 0.308018 0.577291 0.307953 0.584494 0.304901 0.589980 0.299323 0.590134 0.298978 0.593074 0.291714 0.593009 0.283878 0.589952 0.276663 0.584365 0.271168 0.577101 0.268228 0.569265 0.268293 0.562050 0.271351 0.556555 0.276937 0.553616 0.284202
0 0.445349 0.656707 0.447031 0.664360 0.451514 0.670787 0.458114 0.675011 0.465829 0.676385 0.473483 0.674704 0.479910 0.670221 0.484133 0.663621 0.485508 0.655906 0.485533 0.655638 0.483854 0.647997 0.479379 0.641581 0.472790 0.637365 0.465088 0.635993 0.457448 0.637671 0.451032 0.642147 0.446816 0.648736 0.446724 0.648992
0 0.230563 0.178164 0.238625 0.234528 0.269224 0.259801 0.285644 0.253965 0.308266 0.222702 0.300155 0.165991 0.269367 0.140170 0.253153 0.147440
0 0.373161 0.496084 0.373245 0.496965 0.373821 0.499491 0.374803 0.503278 0.376040 0.507748 0.391683 0.562795 0.392981 0.567246 0.394137 0.570980 0.394974 0.573427 0.395364 0.574215 0.408095 0.587665 0.454643 0.574437 0.447278 0.546628 0.442936 0.531349 0.431814 0.492214 0.423464 0.464722 0.376916 0.477950
0 0.181599 0.643708 0.225802 0.663401 0.240310 0.651892 0.241027 0.650852 0.242382 0.648293 0.244166 0.644609 0.246111 0.640356 0.269240 0.588442 0.271057 0.584250 0.272479 0.580737 0.273291 0.578435 0.273365 0.577698 0.272219 0.559214 0.228016 0.539521 0.214083 0.566106 0.190683 0.618627
0 0.145721 0.152801 0.145936 0.155809 0.160433 0.259260 0.161070 0.262324 0.162029 0.264958 0.163163 0.266759 0.164300 0.267453 0.239634 0.255273 0.240541 0.254766 0.241138 0.253123 0.241336 0.250596 0.240723 0.235768 0.229569 0.156171 0.225962 0.140888 0.225032 0.138189 0.223938 0.136289 0.222847 0.135479 0.147609 0.148351 0.146628 0.148765 0.145965 0.150327
0 0.085166 0.445673 0.085815 0.446658 0.147985 0.490168 0.149273 0.490105 0.151051 0.489038 0.153049 0.487130 0.162956 0.475280 0.208086 0.408773 0.215253 0.395462 0.216218 0.393003 0.216449 0.391111 0.215908 0.390073 0.153346 0.347141 0.152068 0.347082 0.150296 0.348044 0.148301 0.349881 0.146387 0.352314 0.087731 0.438753 0.086202 0.441394 0.085301 0.443824
0 0.236077 0.474161 0.257445 0.549287 0.258029 0.549926 0.259706 0.550156 0.262223 0.549940 0.265196 0.549312 0.366184 0.522596 0.369139 0.521656 0.371607 0.520552 0.373213 0.519454 0.373711 0.518529 0.353022 0.443223 0.352355 0.442672 0.350604 0.442520 0.348039 0.442787 0.333304 0.445595 0.255600 0.466152 0.240939 0.471121 0.238402 0.472203 0.236694 0.473270
0 0.230391 0.671651 0.267412 0.688213 0.270601 0.685632 0.303272 0.612607 0.266760 0.596272 0.263516 0.597611
0 0.290188 0.155975 0.295534 0.168937 0.296650 0.169726 0.299287 0.171098 0.303039 0.172844 0.307340 0.174699 0.344350 0.190114 0.348559 0.191803 0.352052 0.193075 0.354299 0.193736 0.354954 0.193685 0.366436 0.190665 0.384891 0.146355 0.383561 0.142266 0.308856 0.111152
0 0.155580 0.538324 0.231676 0.558483 0.248259 0.527532 0.249236 0.497959 0.232965 0.493533 0.195088 0.483624 0.173241 0.478078 0.155837 0.508653
