0 0.378070 0.763999 0.378338 0.765176 0.379430 0.767828 0.381180 0.771553 0.383321 0.775780 0.440093 0.884354 0.477941 0.956736 0.480119 0.960768 0.481974 0.963937 0.483222 0.965760 0.495082 0.971911 0.509592 0.964324 0.509373 0.953711 0.398165 0.741031 0.383986 0.748445 0.381272 0.754257
0 0.357148 0.811877 0.383683 0.866511 0.402165 0.892650 0.436990 0.872309 0.423309 0.844986 0.394785 0.796111 0.391743 0.791670
0 0.838048 0.115599 0.885902 0.119340 0.897269 0.109797 0.897866 0.108365 0.898516 0.105310 0.899121 0.101099 0.899588 0.096373 0.899844 0.091860 0.899850 0.088253 0.899606 0.086102 0.893516 0.074600 0.857308 0.066434 0.849145 0.065796 0.841165 0.075721
0 0.401164 0.747342 0.429581 0.800217 0.448309 0.826585 0.482647 0.805431 0.468029 0.778992 0.438362 0.730806 0.435275 0.726328
0 0.596203 0.735415 0.597315 0.738137 0.669251 0.775206 0.691492 0.732045 0.687156 0.719427 0.686094 0.718717 0.683566 0.717278 0.679960 0.715328 0.675821 0.713163 0.671775 0.711110 0.668431 0.709478 0.666296 0.708515 0.665699 0.708370 0.653747 0.711070 0.599868 0.728304
0 0.364076 0.058619 0.365949 0.064685 0.382671 0.101129 0.419115 0.084407 0.438837 0.031240 0.437980 0.024708 0.422116 0.000000 0.417026 0.000000 0.384073 0.004711
0 0.824093 0.819893 0.827612 0.868156 0.858976 0.869089 0.916322 0.864907 0.941369 0.859861 0.937850 0.811598 0.920853 0.804245 0.919380 0.803910 0.916301 0.803760 0.912089 0.803818 0.907379 0.804074 0.850697 0.808207 0.846186 0.808624 0.842540 0.809139 0.840311 0.809676
0 0.369444 0.711634 0.402655 0.735085 0.443407 0.728066 0.459317 0.725325 0.482768 0.692113 0.483009 0.689475 0.450254 0.666347 0.394371 0.675973 0.371243 0.708728
0 0.772514 0.792055 0.773282 0.795081 0.775151 0.797581 0.781587 0.804542 0.784332 0.806175 0.806811 0.816482 0.808151 0.816856 0.811150 0.817076 0.815354 0.817108 0.820120 0.816946 0.860904 0.814801 0.865489 0.814471 0.869177 0.814024 0.871406 0.813529 0.896876 0.800256 0.899435 0.798344 0.901068 0.795599 0.901526 0.792437 0.900739 0.789341 0.898827 0.786782 0.889711 0.780227 0.887028 0.778631 0.883939 0.778184 0.780082 0.783646 0.777057 0.784415 0.774556 0.786283 0.772961 0.788966
0 0.148968 0.929684 0.150019 0.931321 0.152031 0.933022 0.154698 0.934528 0.249485 0.978434 0.252382 0.979506 0.255049 0.979971 0.257080 0.979762 0.258165 0.978909 0.289561 0.910879 0.289510 0.909566 0.288355 0.907939 0.286273 0.906246 0.273307 0.898307 0.200377 0.864525 0.185753 0.859685 0.183047 0.859160 0.180956 0.859283 0.179800 0.860037 0.149038 0.928361
0 0.250445 0.251959 0.250857 0.253140 0.252302 0.254690 0.254557 0.256373 0.267871 0.264517 0.339700 0.300581 0.353559 0.306080 0.356020 0.306765 0.357773 0.306821 0.358549 0.306236 0.394180 0.238015 0.393892 0.236827 0.392554 0.235269 0.390370 0.233580 0.387672 0.232017 0.294317 0.185145 0.291534 0.183956 0.289110 0.183332 0.287412 0.183365 0.286700 0.184051
0 0.330743 0.728218 0.360965 0.754851 0.387597 0.724629 0.388112 0.723599 0.358029 0.697089 0.331518 0.727173
0 0.447149 0.665657 0.483092 0.683843 0.501278 0.647900 0.501272 0.647222 0.465494 0.629119 0.447391 0.664898
0 0.297536 0.878416 0.299375 0.887962 0.299815 0.889065 0.301601 0.891186 0.304462 0.894003 0.307963 0.897083 0.338902 0.923014 0.342496 0.925879 0.345622 0.928081 0.347803 0.929285 0.359558 0.930398 0.390747 0.893185 0.391996 0.888691 0.330683 0.837304 0.299850 0.874092
0 0.270880 0.144400 0.281620 0.219907 0.329423 0.215116 0.338457 0.199943 0.338722 0.197511 0.338693 0.193706 0.338372 0.189110 0.337810 0.184426 0.332247 0.146483 0.331534 0.142465 0.330778 0.139713 0.330096 0.138645 0.321646 0.125522 0.273555 0.130139
0 0.414231 0.370710 0.415408 0.372483 0.464886 0.435347 0.496318 0.410608 0.496267 0.409365 0.446101 0.345627
0 0.190813 0.658429 0.196973 0.707164 0.237585 0.702031 0.243583 0.697413 0.237565 0.649792 0.227002 0.643180 0.226452 0.643107 0.224167 0.643274 0.220501 0.643657 0.216007 0.644197 0.211365 0.644812 0.207275 0.645409 0.204356 0.645899 0.203054 0.646207 0.199602 0.647907
