0 0.725915 0.229037 0.726107 0.229743 0.727050 0.231278 0.728598 0.233406 0.730517 0.235805 0.797058 0.315731 0.799069 0.318053 0.800879 0.319958 0.802214 0.321159 0.802869 0.321472 0.864492 0.270169 0.864421 0.269498 0.863578 0.267988 0.862091 0.265869 0.852879 0.253918 0.801399 0.192082 0.791321 0.180863 0.789509 0.179019 0.788181 0.177921 0.787538 0.177734
0 0.062120 0.392364 0.062546 0.407390 0.062743 0.409963 0.063065 0.411652 0.063463 0.412200 0.143567 0.413637 0.144045 0.412962 0.144466 0.411167 0.144765 0.408523 0.144896 0.405434 0.146148 0.300980 0.146091 0.297937 0.145854 0.295424 0.145473 0.293824 0.145008 0.293380 0.064913 0.291244 0.064499 0.292026 0.064135 0.293914 0.063874 0.296618 0.063084 0.311996
0 0.347265 0.293307 0.347291 0.296351 0.354269 0.400579 0.354653 0.403654 0.355334 0.406270 0.356209 0.408029 0.357144 0.408665 0.434179 0.402921 0.434970 0.402340 0.435557 0.400625 0.435852 0.398039 0.436088 0.382993 0.430719 0.302798 0.428452 0.287506 0.427804 0.284827 0.426978 0.282972 0.426099 0.282227 0.349110 0.288667 0.348250 0.289149 0.347602 0.290778
0 0.843318 0.634468 0.872568 0.661894 0.874283 0.662639 0.901836 0.633254 0.872451 0.605702 0.870744 0.605217
0 0.311430 0.712670 0.351379 0.717839 0.352060 0.716840 0.357205 0.677074 0.317439 0.671929 0.316599 0.672721
0 0.022679 0.079482 0.024867 0.081409 0.064753 0.085521 0.068864 0.045635 0.066879 0.043543 0.026810 0.039413
0 0.922529 0.302071 0.961590 0.311130 0.963715 0.310261 0.972816 0.271020 0.933576 0.261919 0.931589 0.263010
0 0.630435 0.622254 0.639861 0.661228 0.640505 0.661970 0.679658 0.652500 0.670189 0.613347 0.669409 0.612828
0 0.561240 0.131300 0.588672 0.160411 0.645216 0.162091 0.674327 0.134659 0.676751 0.129579 0.648938 0.100062 0.591608 0.098360 0.562092 0.126173
0 0.025568 0.604282 0.054644 0.642964 0.080852 0.624814 0.126071 0.590824 0.145818 0.574430 0.116741 0.535749 0.098469 0.538763 0.097201 0.539368 0.094646 0.540993 0.091194 0.543389 0.087373 0.546192 0.041628 0.580578 0.038036 0.583347 0.035238 0.585649 0.033661 0.587130
0 0.212070 0.186251 0.213973 0.202283 0.216945 0.227314 0.218849 0.243346 0.222711 0.246878 0.254210 0.271691 0.279022 0.240192 0.272336 0.183882 0.269166 0.179472 0.237228 0.154314
0 0.336574 0.499776 0.339329 0.502216 0.342011 0.504558 0.347747 0.509550 0.353848 0.514847 0.361882 0.521804 0.366904 0.526131 0.367079 0.526246 0.389683 0.501925 0.391985 0.499278 0.419316 0.465161 0.419269 0.453591 0.418998 0.453178 0.417387 0.451621 0.414678 0.449154 0.411284 0.446154 0.407726 0.443081 0.404551 0.440408 0.402246 0.438544 0.401159 0.437771 0.372617 0.424291 0.371414 0.423893 0.369312 0.424119 0.366632 0.424933 0.363783 0.426213 0.361202 0.427762 0.359284 0.429343 0.358320 0.430714
0 0.763808 0.549259 0.769701 0.551429 0.779648 0.554709 0.787412 0.557121 0.794913 0.559313 0.798557 0.560287 0.802806 0.561099 0.849480 0.506765 0.850308 0.505169 0.850769 0.502665 0.850790 0.499637 0.850370 0.496548 0.849571 0.493871 0.848517 0.492014 0.821769 0.473681 0.820820 0.473059 0.818248 0.471988 0.814442 0.470630 0.809985 0.469195 0.805562 0.467903 0.801851 0.466951 0.799421 0.466486 0.798636 0.466575 0.788546 0.472654 0.773830 0.513756 0.772784 0.517099 0.769101 0.530136
0 0.846615 0.517661 0.848071 0.525347 0.852359 0.531890 0.858823 0.536295 0.866482 0.537890 0.867113 0.537955 0.874812 0.536496 0.881366 0.532201 0.885779 0.525726 0.887377 0.518054 0.885918 0.510355 0.881623 0.503801 0.875147 0.499388 0.867476 0.497790 0.866844 0.497794 0.859158 0.499250 0.852615 0.503538 0.848210 0.510002
0 0.640909 0.176879 0.643383 0.184300 0.648510 0.190209 0.655507 0.193706 0.663310 0.194259 0.670732 0.191785 0.676640 0.186658 0.676944 0.186119 0.680448 0.179110 0.681002 0.171293 0.678523 0.163859 0.673387 0.157941 0.666378 0.154437 0.658562 0.153883 0.651128 0.156362 0.645209 0.161497 0.641705 0.168506 0.641462 0.169076
0 0.273053 0.258225 0.285779 0.296634 0.288227 0.298958 0.333791 0.283861 0.338421 0.272293 0.338345 0.271722 0.337705 0.269499 0.336598 0.265966 0.335193 0.261658 0.333702 0.257225 0.332350 0.253337 0.331340 0.250581 0.330829 0.249380 0.319144 0.242953
0 0.405213 0.831676 0.408936 0.871967 0.457285 0.867499 0.465303 0.856588 0.465264 0.855205 0.465062 0.852209 0.464729 0.848061 0.464315 0.843386 0.463882 0.838892 0.463496 0.835255 0.463214 0.833028 0.463081 0.832553 0.454092 0.823469 0.406296 0.827886
0 0.933779 0.550861 0.935778 0.562317 0.979232 0.582708 0.984772 0.583665 0.997373 0.554235 1.000000 0.547035 0.990405 0.541830 0.958005 0.526408 0.952771 0.526106 0.944216 0.529908 0.943241 0.530699 0.941637 0.533028 0.939650 0.536537 0.937580 0.540694 0.935738 0.544873 0.934404 0.548442
0 0.927929 0.920627 0.935564 0.959991 0.941635 0.966403 0.981548 0.958662 0.973807 0.918749 0.967293 0.912993
