0 0.187010 0.678698 0.187356 0.681427 0.188164 0.685350 0.189313 0.689867 0.200032 0.728787 0.201341 0.733195 0.202607 0.736804 0.203635 0.739064 0.204270 0.739634 0.212999 0.746538 0.259811 0.733646 0.262556 0.730976 0.241315 0.653848 0.195038 0.666592 0.191512 0.668518 0.187180 0.677577
0 0.857409 0.855913 0.857440 0.860610 0.857653 0.864784 0.858017 0.867805 0.858477 0.869208 0.862646 0.873502 0.873353 0.883991 0.922471 0.884660 0.923029 0.843728 0.913360 0.835872 0.865364 0.835218 0.858321 0.845535 0.857886 0.847760 0.857566 0.851403
0 0.068896 0.376461 0.069307 0.386439 0.104363 0.457266 0.148499 0.437092 0.152205 0.421261 0.151663 0.419274 0.150422 0.415990 0.148672 0.411911 0.146677 0.407650 0.129482 0.372434 0.127524 0.368599 0.125910 0.365790 0.124884 0.364435 0.112859 0.356366
0 0.010595 0.866398 0.091453 0.874980 0.097070 0.869825 0.101302 0.829952 0.021555 0.821487 0.014886 0.825969
0 0.235837 0.761346 0.258413 0.795494 0.299390 0.768403 0.303975 0.762268 0.305543 0.752349 0.305293 0.751251 0.304071 0.748794 0.302065 0.745353 0.299578 0.741449 0.296986 0.737671 0.294681 0.734591 0.293011 0.732673 0.292231 0.732214 0.281916 0.728901 0.241875 0.755373
0 0.613498 0.368445 0.614157 0.370119 0.615500 0.372365 0.617323 0.374839 0.682675 0.456334 0.684688 0.458644 0.686571 0.460421 0.688037 0.461397 0.688862 0.461421 0.750841 0.412376 0.750850 0.411486 0.750090 0.409776 0.748679 0.407508 0.739805 0.395091 0.689523 0.332388 0.679375 0.321084 0.677485 0.319235 0.676006 0.318154 0.675165 0.318006 0.613624 0.367597
0 0.338691 0.727641 0.339497 0.730732 0.341424 0.733280 0.344179 0.734896 0.347343 0.735335 0.453594 0.729114 0.456685 0.728309 0.459233 0.726382 0.460850 0.723627 0.461745 0.718516 0.462173 0.715424 0.461387 0.712403 0.459504 0.709913 0.456811 0.708334 0.432638 0.697725 0.431811 0.697518 0.429282 0.697450 0.425438 0.697531 0.420863 0.697749 0.380840 0.700092 0.376212 0.700413 0.372221 0.700791 0.369469 0.701168 0.368380 0.701487 0.346876 0.714770 0.344387 0.716653 0.340747 0.721721 0.339130 0.724476
0 0.134518 0.056157 0.134729 0.070294 0.134806 0.070457 0.135992 0.072056 0.138108 0.074853 0.140833 0.078419 0.143746 0.082207 0.146401 0.085635 0.148391 0.088179 0.149414 0.089451 0.163031 0.092975 0.201125 0.063772 0.197670 0.058729 0.173053 0.026616
0 0.285271 0.920651 0.289323 0.933637 0.334920 0.950325 0.336807 0.945179 0.350554 0.907616 0.305479 0.891118 0.293567 0.897983 0.292978 0.899373 0.291845 0.902284 0.290339 0.906274 0.288691 0.910734 0.287154 0.914977 0.285964 0.918351 0.285303 0.920343
0 0.629341 0.487347 0.631864 0.527268 0.633388 0.527583 0.681846 0.524520 0.688826 0.515810 0.689017 0.514913 0.689064 0.512312 0.688958 0.508401 0.688715 0.503778 0.688373 0.499153 0.687984 0.495236 0.687609 0.492627 0.687303 0.491720 0.679294 0.484138 0.630836 0.487201
0 0.305198 0.341443 0.334978 0.368423 0.335732 0.369024 0.362588 0.339381 0.361957 0.338643 0.332178 0.311663
0 0.444740 0.267683 0.444994 0.268748 0.481676 0.284941 0.497869 0.248259 0.497859 0.247100 0.461008 0.230832
0 0.814179 0.096089 0.839362 0.127292 0.870565 0.102109 0.872271 0.100277 0.846972 0.068931 0.815626 0.094230
0 0.067143 0.126219 0.075394 0.165647 0.077339 0.167180 0.116587 0.158967 0.108374 0.119720 0.106571 0.117969
0 0.554488 0.243818 0.588718 0.264702 0.609601 0.230471 0.610106 0.229231 0.575718 0.208251 0.554739 0.242639
0 0.500383 0.497527 0.536805 0.529389 0.556036 0.507992 0.593893 0.464715 0.611902 0.443541 0.575480 0.411680 0.558221 0.418394 0.557692 0.418980 0.556025 0.420868 0.553475 0.423772 0.550431 0.427248 0.512752 0.470321 0.509690 0.473824 0.507093 0.476805 0.505355 0.478808 0.504742 0.479529
0 0.771641 0.780328 0.771771 0.784452 0.772027 0.787389 0.772370 0.788690 0.780633 0.805263 0.829015 0.806162 0.832252 0.779933 0.832552 0.763790 0.833320 0.722445 0.831134 0.692123 0.782751 0.691224 0.773500 0.708124 0.773145 0.710507 0.772868 0.714261 0.772711 0.718818 0.771656 0.775641
0 0.052078 0.905655 0.052496 0.911909 0.054281 0.917788 0.057166 0.922405 0.060717 0.925056 0.068740 0.927634 0.073344 0.927984 0.078263 0.927189 0.082332 0.924511 0.085238 0.919207 0.087944 0.913355 0.088718 0.909092 0.088404 0.904397 0.087051 0.899990 0.084868 0.896544 0.080101 0.891110 0.075634 0.887849 0.071031 0.887566 0.066112 0.888314 0.062076 0.891041 0.055383 0.895714 0.053090 0.899970
0 0.049970 0.357351 0.052082 0.364900 0.056923 0.371067 0.063755 0.374912 0.064505 0.375127 0.072275 0.376062 0.079812 0.373954 0.085967 0.369122 0.089806 0.362301 0.090741 0.354532 0.088633 0.346995 0.083800 0.340839 0.076980 0.337001 0.076251 0.336720 0.068468 0.335783 0.060919 0.337895 0.054752 0.342736 0.050907 0.349568
0 0.076202 0.244677 0.078229 0.252250 0.082998 0.258471 0.083715 0.258887 0.090491 0.262802 0.098250 0.263826 0.105810 0.261803 0.112021 0.257041 0.115936 0.250265 0.116961 0.242506 0.114937 0.234946 0.110176 0.228735 0.109505 0.228268 0.102716 0.224347 0.094944 0.223320 0.087371 0.225347 0.081150 0.230117 0.077228 0.236905
0 0.089453 0.340217 0.090489 0.347984 0.094417 0.354765 0.100642 0.359525 0.101328 0.359766 0.108887 0.361780 0.116641 0.360746 0.123410 0.356825 0.128162 0.350611 0.130176 0.343052 0.129142 0.335298 0.125220 0.328529 0.119007 0.323777 0.118351 0.323473 0.110779 0.321456 0.103011 0.322492 0.096231 0.326420 0.091471 0.332645
0 0.624410 0.775187 0.624976 0.782989 0.625191 0.783477 0.628706 0.790480 0.634634 0.795606 0.642071 0.798072 0.649887 0.797505 0.656890 0.793990 0.662016 0.788063 0.664482 0.780625 0.663916 0.772809 0.660400 0.765806 0.660125 0.765349 0.654207 0.760232 0.646782 0.757770 0.638980 0.758336 0.631989 0.761845 0.626872 0.767762
