0 0.616296 0.295499 0.622410 0.375640 0.624885 0.390499 0.625583 0.393017 0.626463 0.394631 0.627393 0.395094 0.704022 0.389797 0.704920 0.389036 0.705590 0.387170 0.705929 0.384484 0.705883 0.381386 0.697936 0.277227 0.697515 0.274210 0.696784 0.271755 0.695856 0.270234 0.694872 0.269880 0.618191 0.274480 0.617362 0.275343 0.616753 0.277296 0.616457 0.280040
0 0.512888 0.086903 0.513262 0.088161 0.581783 0.123259 0.582690 0.123416 0.584046 0.122474 0.585646 0.120577 0.593829 0.108352 0.632441 0.037860 0.638865 0.023418 0.639801 0.020686 0.640163 0.018491 0.639896 0.017168 0.639037 0.016921 0.571364 0.000000 0.563004 0.000000 0.515376 0.079225 0.514031 0.082067 0.513158 0.084764
0 0.012484 0.381816 0.012555 0.382415 0.077635 0.429255 0.078361 0.428822 0.079687 0.427466 0.081412 0.425396 0.083273 0.422924 0.144026 0.338514 0.145753 0.336000 0.147095 0.333811 0.147847 0.332278 0.147895 0.331636 0.082815 0.284795 0.082092 0.285102 0.080764 0.286356 0.079033 0.288365 0.069627 0.300380 0.022625 0.365684 0.014419 0.378140 0.013138 0.380315
0 0.390471 0.730682 0.467765 0.753402 0.535923 0.521520 0.535760 0.521422 0.458820 0.498806 0.458629 0.498800
0 0.220796 0.386328 0.284612 0.435501 0.285600 0.435797 0.432444 0.245225 0.432133 0.244052 0.368316 0.194879
0 0.126707 0.844696 0.144970 0.866803 0.187630 0.905353 0.211331 0.921169 0.243776 0.885267 0.237006 0.866799 0.235359 0.864635 0.232654 0.861739 0.229301 0.858551 0.187135 0.820446 0.183629 0.817436 0.180487 0.815048 0.178186 0.813645 0.159152 0.808793
0 0.657559 0.101552 0.666732 0.140486 0.714839 0.170246 0.753773 0.161073 0.757302 0.156360 0.748001 0.116885 0.699225 0.086710 0.659750 0.096011
0 0.420698 0.277757 0.420702 0.282344 0.421008 0.339570 0.421054 0.344257 0.421134 0.348309 0.421237 0.351105 0.421346 0.352222 0.430003 0.368593 0.478393 0.368335 0.478416 0.341115 0.478199 0.300431 0.478114 0.284547 0.477783 0.254277 0.429393 0.254536 0.420911 0.270999 0.420812 0.271617 0.420737 0.273990
0 0.305706 0.130738 0.308244 0.138152 0.308573 0.138774 0.313745 0.144643 0.320769 0.148085 0.328577 0.148578 0.335978 0.146045 0.341847 0.140873 0.345289 0.133849 0.345782 0.126041 0.343249 0.118640 0.342979 0.117984 0.337799 0.112105 0.330762 0.108656 0.322941 0.108162 0.315527 0.110700 0.309648 0.115880 0.306200 0.122917
0 0.870615 0.192743 0.878401 0.200195 0.883999 0.202429 0.895027 0.198139 0.895559 0.197731 0.896722 0.195677 0.898338 0.192284 0.900162 0.188071 0.901913 0.183683 0.903322 0.179795 0.904174 0.177003 0.904339 0.175732 0.899500 0.165078 0.893890 0.162838 0.882990 0.162851 0.882303 0.163456 0.880782 0.166240 0.878661 0.170771 0.876262 0.176359 0.873945 0.182164 0.872060 0.187312 0.870890 0.191028
0 0.124489 0.297062 0.126754 0.304564 0.131718 0.310628 0.138624 0.314330 0.139245 0.314649 0.147029 0.315427 0.154517 0.313165 0.160571 0.308211 0.164267 0.301316 0.165045 0.293533 0.162783 0.286044 0.157829 0.279990 0.157240 0.279611 0.150333 0.275909 0.142536 0.275130 0.135034 0.277396 0.128970 0.282359 0.125268 0.289265
0 0.021151 0.642082 0.058831 0.656463 0.072449 0.628902 0.092655 0.576042 0.094030 0.570843 0.056599 0.556557 0.028834 0.611023
0 0.681369 0.478541 0.681848 0.486527 0.724175 0.524056 0.734007 0.532246 0.735234 0.532233 0.738116 0.532112 0.742215 0.531901 0.746906 0.531631 0.751466 0.531345 0.755195 0.531086 0.757525 0.530894 0.758102 0.530798 0.767156 0.521908 0.764245 0.473441 0.683465 0.478293
0 0.087299 0.733059 0.099287 0.785384 0.139176 0.781637 0.139224 0.775522 0.133902 0.719221 0.128251 0.692771 0.109447 0.693591 0.088096 0.696543
0 0.792741 0.109347 0.808460 0.146235 0.845348 0.130516 0.846937 0.128815 0.831147 0.091757 0.794089 0.107548
0 0.688098 0.407957 0.701932 0.445593 0.702861 0.445342 0.740670 0.431444 0.726772 0.393636 0.688964 0.407534
0 0.174366 0.777731 0.181594 0.817259 0.221123 0.810030 0.222397 0.808613 0.215202 0.769265 0.175854 0.776461
0 0.143714 0.415519 0.156148 0.453835 0.157723 0.454046 0.195863 0.441670 0.183487 0.403530 0.182030 0.403086
0 0.648434 0.484698 0.650631 0.496053 0.664256 0.504441 0.666155 0.504492 0.687366 0.470035 0.673583 0.461550 0.661087 0.464142 0.660394 0.464970 0.658847 0.467232 0.656683 0.470580 0.654229 0.474508 0.651856 0.478422 0.649922 0.481732 0.648719 0.483937
