0 0.455412 0.628314 0.490020 0.649459 0.532311 0.580245 0.531868 0.579144 0.497735 0.558289 0.456024 0.626554
0 0.291747 0.437137 0.294127 0.437855 0.371803 0.456998 0.383289 0.410393 0.376851 0.399652 0.375796 0.399299 0.373110 0.398559 0.369201 0.397543 0.364666 0.396407 0.325470 0.386747 0.321017 0.385668 0.317340 0.384814 0.315001 0.384317 0.314353 0.384249 0.303365 0.389992
0 0.005093 0.791092 0.080190 0.821246 0.084988 0.817574 0.102874 0.773031 0.095991 0.762979 0.094019 0.761713 0.090700 0.760064 0.086536 0.758281 0.049331 0.743343 0.044941 0.741691 0.040977 0.740416 0.038039 0.739710 0.036577 0.739685 0.028635 0.743222 0.023185 0.746034
0 0.385722 0.325883 0.422020 0.398211 0.422911 0.399374 0.465812 0.377844 0.469647 0.366116 0.469194 0.365117 0.467983 0.362622 0.466197 0.359008 0.464110 0.354829 0.446002 0.318749 0.443938 0.314655 0.442220 0.311286 0.441109 0.309156 0.440775 0.308587 0.429118 0.304104
0 0.911470 0.722331 0.913622 0.770282 0.924420 0.780015 0.925899 0.780344 0.928997 0.780541 0.933243 0.780575 0.937987 0.780441 0.942501 0.780160 0.946090 0.779774 0.948207 0.779343 0.958825 0.771594 0.997434 0.729358 0.997071 0.721274 0.991390 0.718745
0 0.514153 0.805224 0.554147 0.810426 0.559160 0.779028 0.565468 0.718594 0.525738 0.713426 0.524963 0.718722 0.517668 0.774840
0 0.713833 0.729439 0.732521 0.773651 0.735209 0.776815 0.744597 0.779966 0.745767 0.779978 0.748459 0.779270 0.752263 0.777951 0.756598 0.776219 0.760799 0.774343 0.764218 0.772609 0.766336 0.771283 0.766830 0.770568 0.772479 0.761061 0.793995 0.708038 0.790844 0.700584 0.787520 0.698292
0 0.641643 0.916702 0.674185 0.940527 0.696416 0.916825 0.726515 0.864563 0.694188 0.840896 0.690517 0.844936 0.657114 0.890612
0 0.238816 0.684133 0.243448 0.693974 0.244914 0.695847 0.247869 0.697928 0.251864 0.699902 0.256293 0.701470 0.260489 0.702397 0.263819 0.702541 0.265773 0.701879 0.275976 0.697291 0.277989 0.691880 0.278481 0.689577 0.278071 0.679473 0.276167 0.676949 0.272250 0.674141 0.266914 0.671482 0.260980 0.669381 0.255361 0.668162 0.250921 0.668009 0.248337 0.668945 0.241267 0.676400 0.239226 0.681813
0 0.782627 0.836559 0.782749 0.844381 0.785853 0.851561 0.786345 0.852166 0.791971 0.857620 0.799256 0.860508 0.807092 0.860386 0.814284 0.857276 0.819739 0.851650 0.822626 0.844365 0.822504 0.836530 0.819394 0.829337 0.818846 0.828771 0.813229 0.823326 0.805957 0.820444 0.798135 0.820565 0.790954 0.823670 0.785510 0.829287
0 0.157654 0.646925 0.158847 0.652367 0.164736 0.660421 0.166955 0.662339 0.171223 0.663359 0.176893 0.663319 0.183093 0.662225 0.188867 0.660245 0.193329 0.657684 0.195799 0.654938 0.197724 0.645505 0.197858 0.642382 0.196692 0.636945 0.193868 0.634601 0.185548 0.629819 0.182342 0.629086 0.178105 0.629132 0.173477 0.629948 0.169158 0.631413 0.165799 0.633305 0.163913 0.635338 0.157872 0.643797
0 0.605981 0.714883 0.608641 0.722243 0.608828 0.722626 0.614111 0.728418 0.621209 0.731746 0.629040 0.732107 0.636412 0.729442 0.642205 0.724159 0.645533 0.717061 0.645894 0.709230 0.643228 0.701857 0.642983 0.701510 0.637709 0.695728 0.630623 0.692405 0.622806 0.692045 0.615445 0.694706 0.609663 0.699980 0.606340 0.707065
0 0.486413 0.974461 0.486832 0.979739 0.488516 0.985681 0.491209 0.991371 0.494495 0.995933 0.497868 0.998669 0.500810 0.999163 0.510709 0.999477 0.515800 0.997386 0.518355 0.995123 0.521681 0.985477 0.522320 0.982608 0.521976 0.978656 0.520701 0.974222 0.518692 0.969974 0.516249 0.966555 0.513743 0.964480 0.505157 0.960183 0.501494 0.959491 0.496423 0.961601 0.493824 0.963793 0.487319 0.970652
0 0.504631 0.576128 0.558114 0.637412 0.561335 0.635453 0.736632 0.479342 0.683794 0.418800 0.680083 0.421687
0 0.074085 0.399996 0.127297 0.459978 0.128080 0.459609 0.129654 0.458487 0.131779 0.456785 0.134133 0.454760 0.211932 0.385744 0.214173 0.383692 0.215974 0.381911 0.217062 0.380670 0.217271 0.380161 0.164059 0.320178 0.163307 0.320426 0.161754 0.321448 0.159636 0.323089 0.147853 0.332907 0.087664 0.386303 0.076893 0.396492 0.075154 0.398273 0.074169 0.399503
0 0.452958 0.333111 0.453604 0.333340 0.455357 0.333700 0.457951 0.334136 0.460991 0.334581 0.564024 0.348737 0.567068 0.349127 0.569674 0.349406 0.571447 0.349530 0.572114 0.349481 0.583028 0.270044 0.582495 0.269759 0.580832 0.269351 0.578290 0.268881 0.575256 0.268422 0.471751 0.254202 0.468709 0.253826 0.466144 0.253594 0.464445 0.253541 0.463872 0.253674
0 0.880780 0.821220 0.886900 0.896507 0.887919 0.897548 0.890000 0.898300 0.892826 0.898649 0.895966 0.898540 0.999826 0.887340 1.000000 0.886792 1.000000 0.808251 0.999927 0.807281 0.997760 0.806592 0.994877 0.806287 0.979074 0.806356 0.899163 0.814974 0.884736 0.818164 0.882372 0.819035 0.880982 0.820108
0 0.299689 0.162386 0.300030 0.164478 0.300794 0.165548 0.375161 0.183259 0.376174 0.183132 0.377340 0.181837 0.378482 0.179575 0.383578 0.165635 0.403820 0.087851 0.406382 0.072365 0.406569 0.069520 0.406304 0.067353 0.405626 0.066194 0.331083 0.049158 0.330036 0.049171 0.328840 0.050366 0.327676 0.052561 0.326724 0.055423 0.300415 0.156518 0.299824 0.159590
0 0.063225 0.949378 0.086376 0.982342 0.119341 0.959192 0.121085 0.957087 0.098040 0.924274 0.065227 0.947318
0 0.501251 0.249795 0.508411 0.257667 0.509312 0.258078 0.511899 0.258608 0.515773 0.259178 0.520349 0.259700 0.524935 0.260097 0.528840 0.260308 0.531473 0.260301 0.532428 0.260077 0.541051 0.253789 0.541526 0.250942 0.543142 0.234838 0.502881 0.230799 0.501265 0.246903
0 0.083358 0.569861 0.111192 0.598980 0.112973 0.598527 0.141959 0.570821 0.114254 0.541835 0.112478 0.542028
0 0.034002 0.357924 0.072073 0.371085 0.074034 0.371676 0.087135 0.333780 0.085234 0.333014 0.047163 0.319853
