0 0.709988 0.901341 0.710952 0.903185 0.946939 0.952583 0.963406 0.873921 0.961288 0.872211 0.726379 0.823038
0 0.835678 0.539603 0.843526 0.542137 0.910929 0.561205 0.979756 0.327852 0.972310 0.324480 0.903824 0.308556
0 0.711554 0.618022 0.716235 0.637343 0.719464 0.650625 0.720408 0.653995 0.733858 0.695470 0.734743 0.696365 0.743705 0.702009 0.744414 0.702336 0.746793 0.702139 0.750484 0.701443 0.754922 0.700357 0.759427 0.699045 0.763307 0.697710 0.765966 0.696556 0.794464 0.677805 0.795539 0.676090 0.796398 0.673507 0.796908 0.670449 0.796994 0.667385 0.796640 0.664784 0.795902 0.663043 0.750734 0.607899 0.746642 0.608043 0.743030 0.608723 0.735526 0.610499 0.727705 0.612624 0.717616 0.615728
0 0.492509 0.398793 0.494960 0.431077 0.495210 0.432138 0.496445 0.433704 0.498480 0.435535 0.501004 0.437352 0.503629 0.438876 0.505954 0.439874 0.507625 0.440194 0.578375 0.424003 0.579135 0.421131 0.579843 0.417888 0.581338 0.410679 0.582915 0.402814 0.584972 0.392203 0.586235 0.385277 0.586242 0.384514 0.553918 0.377247 0.550478 0.376567 0.522015 0.371889 0.506958 0.369469 0.497273 0.375405 0.497045 0.375553 0.496489 0.377461 0.495687 0.380845 0.494763 0.385187 0.493858 0.389822 0.493112 0.394038 0.492639 0.397187
0 0.240884 0.701438 0.240964 0.712439 0.241235 0.721712 0.241627 0.726223 0.242206 0.728961 0.275616 0.729044 0.279128 0.728973 0.307622 0.727639 0.322652 0.726896 0.331257 0.718835 0.331294 0.717089 0.331289 0.713808 0.331241 0.709491 0.331159 0.704791 0.331054 0.700417 0.330943 0.697030 0.330842 0.695144 0.322240 0.663663 0.321606 0.662760 0.319931 0.661560 0.317468 0.660246 0.314595 0.659018 0.311751 0.658065 0.309372 0.657533 0.307820 0.657502 0.241373 0.688760 0.241181 0.689925 0.240967 0.694696
0 0.597043 0.398973 0.601453 0.409578 0.602763 0.410025 0.605596 0.410991 0.609522 0.412329 0.613944 0.413836 0.618197 0.415285 0.623746 0.417175 0.624194 0.417327 0.655677 0.419451 0.656949 0.419281 0.658817 0.418210 0.660997 0.416403 0.663155 0.414134 0.664961 0.411750 0.666138 0.409618 0.666508 0.408062 0.660680 0.335496 0.660022 0.335132 0.656134 0.333608 0.650184 0.331443 0.640028 0.327901 0.631047 0.324905 0.626137 0.323434 0.622448 0.322523 0.610653 0.353711 0.609517 0.357034
0 0.873295 0.108414 0.884616 0.155462 0.902944 0.160187 0.905037 0.159955 0.908538 0.159294 0.912917 0.158304 0.968173 0.145008 0.972782 0.143835 0.976942 0.142653 0.980023 0.141640 0.981553 0.140951 0.995510 0.128779 0.984189 0.081731 0.960215 0.085021 0.920010 0.094695 0.904313 0.098472
0 0.650757 0.072819 0.668508 0.097251 0.706447 0.139211 0.727253 0.157423 0.763147 0.124969 0.758217 0.105840 0.756744 0.103447 0.754296 0.100228 0.751248 0.096676 0.712867 0.054228 0.709696 0.050900 0.706900 0.048319 0.704906 0.046878 0.686651 0.040365
0 0.441949 0.592596 0.480174 0.606443 0.532247 0.582065 0.546094 0.543840 0.545456 0.543235 0.507756 0.529578 0.456399 0.553621 0.455796 0.554371
0 0.129464 0.311974 0.168086 0.341129 0.187809 0.319839 0.221891 0.274690 0.236805 0.250096 0.198183 0.220941 0.180475 0.229257 0.178532 0.231051 0.175918 0.233992 0.173034 0.237629 0.138555 0.283304 0.135852 0.287068 0.133755 0.290368 0.132584 0.292699
0 0.626916 0.720051 0.634563 0.759412 0.635183 0.760606 0.674725 0.752924 0.667043 0.713381 0.666277 0.712403
0 0.464331 0.052967 0.464495 0.055015 0.489648 0.086242 0.520875 0.061088 0.520971 0.059068 0.495702 0.027697
0 0.055885 0.230814 0.066516 0.243018 0.071471 0.245955 0.080690 0.245656 0.081934 0.245389 0.084369 0.243958 0.087621 0.241585 0.091200 0.238630 0.094564 0.235537 0.097207 0.232774 0.098727 0.230759 0.101631 0.219681 0.091121 0.207616 0.086394 0.204236
0 0.911172 0.298357 0.951267 0.298757 0.953345 0.297831 0.953747 0.257551 0.913467 0.257149 0.911573 0.258262
0 0.541108 0.159271 0.561537 0.181032 0.603270 0.219240 0.607639 0.222632 0.634681 0.193070 0.594632 0.149320 0.568330 0.129513
0 0.254388 0.422461 0.291150 0.438389 0.293746 0.433271 0.316220 0.381356 0.325994 0.354353 0.308301 0.346468 0.288987 0.338318 0.273104 0.368604
0 0.204212 0.610191 0.206991 0.651937 0.208238 0.660029 0.248696 0.653791 0.254440 0.650276 0.247126 0.602836 0.236418 0.596204 0.235859 0.596217 0.233574 0.596508 0.229915 0.597030 0.225436 0.597706 0.220814 0.598433 0.216746 0.599102 0.213847 0.599611 0.212562 0.599882
0 0.253785 0.617017 0.256665 0.665486 0.297056 0.663087 0.299375 0.661223 0.296528 0.613307 0.286820 0.605902 0.286185 0.605817 0.283818 0.605853 0.280084 0.606006 0.275546 0.606251 0.270892 0.606552 0.266822 0.606863 0.263953 0.607138 0.262725 0.607334
0 0.931895 0.435039 0.934327 0.474965 0.939348 0.474676 0.987813 0.471725 0.993053 0.463336 0.993649 0.462370 0.994043 0.459710 0.994175 0.455759 0.994023 0.451121 0.993612 0.446509 0.993003 0.442632 0.992292 0.440081 0.985354 0.431337 0.936888 0.434288
0 0.533589 0.508503 0.564434 0.533970 0.565330 0.534442 0.591151 0.503167 0.559877 0.477347 0.559055 0.477657
0 0.350791 0.112480 0.364366 0.150597 0.365916 0.154590 0.411134 0.138485 0.415977 0.125960 0.415558 0.124599 0.414583 0.121707 0.413201 0.117723 0.411623 0.113257 0.410092 0.108993 0.408842 0.105589 0.408065 0.103563 0.407879 0.103221 0.396531 0.096189
0 0.532420 0.718376 0.532795 0.720901 0.535246 0.731070 0.536087 0.731839 0.538393 0.733421 0.541814 0.735576 0.545828 0.737974 0.549818 0.740247 0.553170 0.742046 0.555373 0.743095 0.556093 0.743237 0.567741 0.741297 0.592216 0.699362 0.591163 0.697083 0.556616 0.676920
