0 0.513642 0.531747 0.514549 0.535032 0.519531 0.540731 0.527032 0.545860 0.534958 0.548767 0.545371 0.551066 0.550731 0.551099 0.564892 0.524228 0.567313 0.518987 0.584813 0.480114 0.581186 0.468842 0.579772 0.466719 0.576931 0.464256 0.573095 0.461826 0.568843 0.459795 0.546542 0.449471 0.543794 0.449254 0.540763 0.449803 0.537913 0.451033 0.535680 0.452756 0.534404 0.454708 0.515795 0.521882
0 0.101977 0.233314 0.103032 0.236713 0.105070 0.242252 0.108933 0.252014 0.112692 0.260920 0.115173 0.266131 0.117529 0.270441 0.118064 0.270750 0.136600 0.263902 0.149020 0.259180 0.152276 0.257860 0.192145 0.239787 0.197080 0.229256 0.196770 0.228298 0.195805 0.225786 0.194334 0.222101 0.192578 0.217804 0.190804 0.213541 0.189278 0.209955 0.188232 0.207592 0.187826 0.206814 0.169355 0.182643 0.168251 0.181586 0.166102 0.180710 0.163235 0.180148 0.160089 0.179987 0.157145 0.180252 0.154854 0.180902 0.153564 0.181837 0.102069 0.232956
0 0.471914 0.385671 0.484979 0.456519 0.488113 0.457811 0.491426 0.458786 0.498670 0.460705 0.506491 0.462623 0.516939 0.464989 0.523641 0.466282 0.524179 0.466002 0.532833 0.434164 0.533650 0.430757 0.539302 0.402303 0.542110 0.387926 0.542224 0.387228 0.536852 0.377573 0.536595 0.377172 0.534605 0.376391 0.531178 0.375348 0.526838 0.374201 0.522250 0.373128 0.518121 0.372293 0.515082 0.371824 0.513596 0.371791 0.481568 0.373439 0.480425 0.373543 0.478752 0.374632 0.476805 0.376540 0.474882 0.378978 0.473276 0.381570 0.472234 0.383920
0 0.086924 0.057696 0.112761 0.134795 0.118076 0.139818 0.156096 0.127078 0.130614 0.051040 0.125474 0.044778
0 0.240374 0.465932 0.268120 0.505778 0.280941 0.508162 0.281982 0.507627 0.284368 0.506127 0.287731 0.503893 0.291564 0.501261 0.324465 0.478351 0.328197 0.475714 0.331274 0.473464 0.333230 0.471941 0.333764 0.471379 0.336421 0.459996 0.308992 0.420605 0.306784 0.419688
0 0.929259 0.550542 0.960195 0.587242 0.965514 0.588252 0.997009 0.559959 0.998760 0.558244 0.999722 0.557075 0.999751 0.556630 1.000000 0.541215 1.000000 0.535681 0.996094 0.498970 0.981582 0.497625 0.980246 0.498219 0.977715 0.499903 0.974375 0.502418 0.970732 0.505384 0.940078 0.531224 0.936673 0.534200 0.934012 0.536743 0.932498 0.538468
0 0.863575 0.854367 0.864491 0.856223 0.866194 0.859324 0.868428 0.863199 0.888718 0.897778 0.891149 0.901853 0.893418 0.905521 0.895180 0.908228 0.896166 0.909559 0.909967 0.914554 0.951845 0.889982 0.910890 0.820185 0.906195 0.816526 0.864795 0.840818 0.863590 0.854043
0 0.224988 0.225846 0.225144 0.228769 0.225454 0.230043 0.231982 0.237060 0.235045 0.240065 0.282965 0.242843 0.287595 0.162977 0.285140 0.159081 0.236666 0.156270 0.228768 0.166260 0.228312 0.168504 0.227881 0.172177 0.227541 0.176717 0.225205 0.217019 0.225009 0.221719
0 0.153036 0.939858 0.153165 0.942288 0.153747 0.943799 0.154692 0.944162 0.229450 0.960793 0.230556 0.959936 0.231712 0.958006 0.232744 0.955296 0.236959 0.940038 0.251431 0.860978 0.252691 0.846326 0.252609 0.843845 0.252097 0.842257 0.251230 0.841805 0.176346 0.825861 0.175200 0.826599 0.174007 0.828429 0.172948 0.831072 0.172188 0.834125 0.153379 0.936880
0 0.559776 0.534291 0.560303 0.535189 0.631423 0.565207 0.632484 0.565002 0.633862 0.563701 0.635345 0.561502 0.636708 0.558740 0.677397 0.462527 0.678423 0.459642 0.678949 0.457091 0.678894 0.455264 0.678268 0.454439 0.607420 0.423778 0.606374 0.424105 0.605012 0.425511 0.603540 0.427780 0.596440 0.441355 0.565134 0.515381 0.560390 0.529811 0.559807 0.532402
0 0.127589 0.149638 0.128894 0.157364 0.133055 0.164004 0.133686 0.164581 0.140061 0.169115 0.147686 0.170865 0.155399 0.169562 0.162028 0.165408 0.166561 0.159033 0.168311 0.151408 0.167008 0.143695 0.162854 0.137066 0.162274 0.136442 0.155888 0.131900 0.148250 0.130148 0.140523 0.131452 0.133883 0.135613 0.129342 0.142000
0 0.341180 0.743207 0.341277 0.751046 0.344366 0.758251 0.349978 0.763725 0.357257 0.766637 0.365096 0.766540 0.372301 0.763451 0.377775 0.757839 0.377986 0.757396 0.380892 0.750130 0.380795 0.742304 0.377711 0.735111 0.372109 0.729647 0.364843 0.726740 0.357018 0.726837 0.349824 0.729921 0.344360 0.735523 0.344092 0.735928
0 0.354498 0.696421 0.357201 0.703776 0.362514 0.709537 0.369626 0.712827 0.377456 0.713143 0.384811 0.710441 0.390571 0.705128 0.390759 0.704776 0.394044 0.697676 0.394360 0.689859 0.391662 0.682517 0.386358 0.676766 0.379259 0.673482 0.371442 0.673166 0.364099 0.675864 0.358349 0.681167 0.358105 0.681479 0.354815 0.688591
0 0.551672 0.621114 0.553604 0.631922 0.554028 0.634122 0.555907 0.636973 0.558955 0.640043 0.562709 0.642868 0.566604 0.645023 0.570052 0.646181 0.572528 0.646164 0.583171 0.644818 0.585068 0.642828 0.588395 0.638247 0.590588 0.628456 0.590080 0.625513 0.587608 0.621688 0.583544 0.617565 0.578515 0.613779 0.573292 0.610914 0.568680 0.609408 0.565385 0.609488 0.556851 0.614508 0.555013 0.616556
0 0.385702 0.635231 0.415329 0.683920 0.451907 0.694398 0.470586 0.685077 0.477500 0.646720 0.447733 0.597800 0.410826 0.586865 0.392876 0.597385
0 0.011781 0.440663 0.033687 0.474794 0.089724 0.487018 0.095351 0.487196 0.129014 0.465590 0.107408 0.431927 0.052139 0.419871 0.045911 0.418756
0 0.275444 0.110186 0.299465 0.130855 0.343877 0.165891 0.364992 0.180830 0.394964 0.142839 0.387382 0.125943 0.386509 0.124876 0.384318 0.122826 0.381139 0.120104 0.377461 0.117126 0.332532 0.081682 0.328929 0.078915 0.325969 0.076795 0.324103 0.075643 0.305416 0.072194
0 0.019313 0.508286 0.032319 0.531572 0.056705 0.564969 0.066227 0.578008 0.086576 0.600401 0.125657 0.571863 0.122852 0.552738 0.121731 0.550566 0.119707 0.547369 0.117086 0.543630 0.083570 0.497732 0.080739 0.494004 0.078117 0.490838 0.076100 0.488712 0.074996 0.487954 0.058394 0.479749
