0 0.866496 0.407618 0.902418 0.425433 0.904271 0.425090 0.922168 0.389002 0.886080 0.371105 0.884310 0.371696
0 0.672756 0.547568 0.684107 0.558844 0.686236 0.559525 0.696901 0.559499 0.697809 0.558926 0.699879 0.557131 0.702797 0.554387 0.706117 0.551113 0.709329 0.547813 0.711938 0.544993 0.713547 0.543083 0.713912 0.542375 0.714752 0.530819 0.703270 0.519412 0.700947 0.519191
0 0.791806 0.120719 0.798780 0.160205 0.838266 0.153231 0.839824 0.151635 0.832817 0.111967 0.793149 0.118973
0 0.068508 0.882632 0.092914 0.914678 0.124960 0.890272 0.126679 0.888484 0.102385 0.856584 0.070485 0.880878
0 0.427500 0.603625 0.465683 0.616459 0.478517 0.578276 0.478616 0.577917 0.440608 0.565142 0.440334 0.565442
0 0.256353 0.655284 0.312932 0.708941 0.313753 0.709229 0.315310 0.708603 0.317365 0.707159 0.319606 0.705116 0.393055 0.630835 0.395125 0.628518 0.396695 0.626295 0.397526 0.624506 0.397492 0.623423 0.341405 0.569269 0.340556 0.569099 0.338976 0.569828 0.336905 0.571341 0.325645 0.581190 0.269133 0.638342 0.259014 0.650115 0.257375 0.652354 0.256439 0.654169
0 0.758441 0.652281 0.758766 0.654989 0.759399 0.658038 0.784496 0.759440 0.785336 0.762344 0.786250 0.764641 0.787099 0.765982 0.787753 0.766163 0.865178 0.748959 0.865474 0.747965 0.865429 0.745934 0.865053 0.743175 0.862083 0.727894 0.842773 0.649874 0.838438 0.635640 0.837547 0.633275 0.836731 0.631834 0.836116 0.631538 0.758859 0.649419 0.758474 0.650325
0 0.082742 0.447984 0.083516 0.525856 0.083757 0.526665 0.085184 0.527377 0.087581 0.527884 0.090582 0.528108 0.195021 0.530309 0.198150 0.530215 0.200909 0.529816 0.202877 0.529176 0.203756 0.528391 0.203680 0.450534 0.203336 0.449786 0.201819 0.449127 0.199362 0.448657 0.184643 0.447237 0.104286 0.445543 0.088606 0.446322 0.085787 0.446681 0.083727 0.447264
0 0.312819 0.285361 0.313132 0.288308 0.313950 0.290611 0.315148 0.291917 0.316542 0.292031 0.389130 0.297787 0.390465 0.296679 0.391588 0.294525 0.392328 0.291651 0.409003 0.189615 0.409248 0.186465 0.408969 0.183476 0.408208 0.181102 0.407078 0.179703 0.405752 0.179495 0.333210 0.174819 0.331847 0.175825 0.330702 0.177893 0.329952 0.180711 0.313060 0.282219
0 0.354936 0.290819 0.427712 0.325160 0.428036 0.324760 0.428833 0.323316 0.429980 0.321048 0.431304 0.318300 0.475844 0.223908 0.477152 0.221081 0.478252 0.218585 0.478980 0.216799 0.479223 0.215996 0.406447 0.181655 0.406103 0.181929 0.405287 0.183272 0.404123 0.185480 0.402789 0.188216 0.358043 0.283043 0.356751 0.285872 0.355707 0.288343 0.355069 0.290081
0 0.085483 0.830853 0.087684 0.838374 0.092596 0.844479 0.099470 0.848242 0.107260 0.849086 0.114781 0.846885 0.120887 0.841973 0.121538 0.841385 0.125294 0.834523 0.126136 0.826746 0.123940 0.819238 0.119036 0.813143 0.112174 0.809387 0.104397 0.808545 0.096889 0.810742 0.096195 0.811277 0.090089 0.816189 0.086327 0.823062
0 0.713618 0.194529 0.713860 0.197260 0.715717 0.201357 0.718907 0.206193 0.722942 0.211026 0.727200 0.215110 0.731026 0.217818 0.733834 0.218742 0.743629 0.215597 0.745319 0.214357 0.749781 0.210579 0.750719 0.199404 0.750495 0.197354 0.749075 0.194292 0.746678 0.190685 0.743666 0.187079 0.740494 0.184015 0.737641 0.181960 0.735540 0.181225 0.724515 0.180320 0.722781 0.181489 0.718327 0.185293
0 0.588300 0.306837 0.590218 0.314425 0.594892 0.320702 0.601613 0.324711 0.609357 0.325844 0.616944 0.323927 0.623221 0.319252 0.623433 0.318941 0.627449 0.312208 0.628585 0.304452 0.626664 0.296851 0.621981 0.290563 0.615249 0.286547 0.607492 0.285412 0.599891 0.287332 0.593604 0.292015 0.589588 0.298747 0.589434 0.299094
0 0.059012 0.946448 0.061429 0.953906 0.066514 0.959872 0.073497 0.963436 0.081311 0.964059 0.088769 0.961642 0.094735 0.956557 0.095432 0.955772 0.098990 0.948802 0.099612 0.941001 0.097200 0.933555 0.092123 0.927600 0.085153 0.924041 0.077351 0.923420 0.069906 0.925832 0.063951 0.930909 0.063199 0.931651 0.059635 0.938633
0 0.805479 0.324397 0.807144 0.332044 0.811611 0.338471 0.818196 0.342700 0.825898 0.344085 0.833544 0.342420 0.834119 0.342149 0.840557 0.337675 0.844793 0.331078 0.846181 0.323363 0.844513 0.315703 0.840039 0.309265 0.833442 0.305029 0.825727 0.303640 0.818067 0.305309 0.817520 0.305643 0.811094 0.310110 0.806864 0.316695
0 0.113181 0.929058 0.113963 0.931863 0.115495 0.935667 0.117542 0.939888 0.119791 0.943878 0.121896 0.947023 0.123534 0.948843 0.133656 0.954845 0.176677 0.932333 0.180372 0.927393 0.161828 0.891951 0.119298 0.914205 0.114897 0.918993 0.113266 0.927678
0 0.301844 0.501001 0.349814 0.508517 0.351530 0.508420 0.360368 0.501842 0.360694 0.500934 0.361254 0.498354 0.361961 0.494499 0.362710 0.489953 0.363386 0.485402 0.363889 0.481533 0.364142 0.478930 0.364104 0.477995 0.357722 0.468902 0.356077 0.468542 0.308107 0.461026
0 0.379343 0.399951 0.403932 0.432085 0.405030 0.432861 0.443150 0.403691 0.444723 0.391552 0.444091 0.390679 0.442434 0.388473 0.440004 0.385270 0.437172 0.381559 0.434372 0.377911 0.432036 0.374885 0.430520 0.372945 0.430054 0.372383 0.417903 0.370444
0 0.247891 0.124419 0.247908 0.129151 0.248055 0.133353 0.248309 0.136384 0.248632 0.137782 0.258483 0.147942 0.306480 0.148453 0.306905 0.108455 0.304673 0.103928 0.256121 0.103412 0.248547 0.114055 0.248237 0.116245 0.248006 0.119884
0 0.441822 0.422343 0.442622 0.423411 0.477060 0.443950 0.497599 0.409513 0.497566 0.408251 0.462648 0.387426
0 0.305854 0.513718 0.310064 0.562660 0.320019 0.570215 0.320705 0.570229 0.323146 0.570081 0.326970 0.569794 0.331596 0.569410 0.336311 0.568990 0.340391 0.568597 0.343213 0.568293 0.344348 0.568122 0.346137 0.567339 0.354258 0.557800 0.350144 0.509976 0.346639 0.510210
0 0.512779 0.933644 0.512927 0.938658 0.559283 0.953103 0.569498 0.945361 0.569864 0.945071 0.570722 0.943066 0.571944 0.939649 0.573342 0.935339 0.585352 0.896798 0.586708 0.892270 0.587810 0.888229 0.588492 0.885293 0.588648 0.883908 0.582406 0.871547 0.536580 0.857267
0 0.225763 0.565443 0.283581 0.622617 0.286556 0.620931 0.314750 0.592419 0.257727 0.536032 0.254350 0.536534
0 0.314434 0.131417 0.318676 0.139842 0.366281 0.145986 0.375021 0.137066 0.375303 0.136635 0.375776 0.134452 0.376368 0.130853 0.376990 0.126385 0.377547 0.121721 0.377956 0.117565 0.378154 0.114546 0.378111 0.113127 0.376693 0.108628 0.368393 0.097106 0.319674 0.090819
0 0.605102 0.882300 0.606572 0.887631 0.643688 0.904223 0.697396 0.883698 0.713989 0.846581 0.711042 0.841815 0.674436 0.825451 0.621466 0.845693
0 0.606425 0.754786 0.617920 0.793813 0.622408 0.809050 0.624097 0.813351 0.659709 0.832758 0.679116 0.797147 0.662910 0.742128 0.660689 0.738804 0.625565 0.719663
0 0.547156 0.354703 0.570095 0.385746 0.626256 0.396939 0.659903 0.377175 0.662307 0.356821 0.639909 0.325932 0.584014 0.314792 0.550936 0.334623
0 0.004188 0.541619 0.026718 0.575341 0.082971 0.586533 0.088690 0.585346 0.121950 0.563125 0.099728 0.529865 0.044247 0.518827 0.037910 0.519088
