0 0.439975 0.144526 0.439977 0.145380 0.442268 0.155625 0.442667 0.156931 0.476954 0.183868 0.479791 0.185915 0.491099 0.193585 0.507599 0.204672 0.511760 0.199885 0.518121 0.191538 0.522831 0.184918 0.527143 0.178427 0.529081 0.175209 0.530783 0.171231 0.494477 0.110002 0.493132 0.108666 0.490838 0.107405 0.487943 0.106413 0.484892 0.105841 0.482152 0.105778 0.480141 0.106232 0.452885 0.126257 0.450929 0.128296 0.448363 0.131440 0.445579 0.135209 0.443006 0.139022 0.441038 0.142294
0 0.898592 0.920036 0.898827 0.922355 0.899429 0.925258 0.900307 0.928303 0.901326 0.931021 0.902329 0.932998 0.903164 0.933933 0.969964 0.967241 0.971226 0.967228 0.975400 0.965194 0.980913 0.961560 0.989535 0.954889 0.996450 0.948569 0.999360 0.944593 1.000000 0.941001 0.979285 0.914489 0.977008 0.911796 0.958245 0.891143 0.948343 0.880336 0.947311 0.879413 0.936331 0.877960 0.934749 0.878542 0.932045 0.880226 0.928630 0.882755 0.925020 0.885746 0.921760 0.888748 0.919342 0.891308 0.898759 0.918655
0 0.616035 0.719293 0.618633 0.720218 0.624061 0.721598 0.628633 0.722593 0.640710 0.724875 0.645537 0.725657 0.651656 0.726458 0.655094 0.726674 0.655646 0.726139 0.659707 0.704752 0.661031 0.697643 0.664115 0.680677 0.670036 0.647390 0.663673 0.637429 0.662987 0.637156 0.660604 0.636589 0.656891 0.635815 0.652409 0.634951 0.647837 0.634127 0.643863 0.633468 0.641089 0.633073 0.639939 0.633004 0.630483 0.640006 0.618224 0.704219
0 0.358356 0.687904 0.358444 0.753654 0.359015 0.768568 0.361823 0.769225 0.367482 0.769744 0.372185 0.769918 0.384471 0.769844 0.389331 0.769612 0.395417 0.769023 0.398748 0.768329 0.399069 0.767333 0.399080 0.745645 0.399066 0.738462 0.398914 0.721203 0.398588 0.687661 0.390484 0.679095 0.389711 0.678806 0.387223 0.678572 0.383404 0.678429 0.378831 0.678399 0.374195 0.678485 0.370196 0.678675 0.367438 0.678940 0.366345 0.679241
0 0.092417 0.899438 0.095353 0.910849 0.132981 0.934341 0.135960 0.936184 0.164195 0.953195 0.165521 0.951843 0.169909 0.945296 0.175863 0.935840 0.179949 0.929075 0.183372 0.923115 0.184688 0.920601 0.184999 0.919015 0.145772 0.858496 0.145212 0.857947 0.143526 0.857282 0.140970 0.856604 0.137933 0.856015 0.134880 0.855607 0.132280 0.855442 0.130528 0.855544 0.129891 0.855898 0.105003 0.879123 0.103599 0.880788 0.101483 0.883741 0.098978 0.887534 0.096467 0.891586 0.094338 0.895273 0.092916 0.898031
0 0.432056 0.569362 0.459242 0.609395 0.477637 0.607261 0.478370 0.606885 0.480521 0.605528 0.483764 0.603396 0.487603 0.600813 0.534945 0.568663 0.538778 0.566035 0.542004 0.563775 0.544129 0.562228 0.544832 0.561629 0.553600 0.545317 0.526414 0.505284 0.502801 0.521131 0.456004 0.552912
0 0.079867 0.166544 0.085629 0.171117 0.125376 0.175609 0.169615 0.140354 0.174107 0.100607 0.169575 0.095053 0.129276 0.090499 0.084422 0.126244
0 0.399467 0.693847 0.406626 0.750896 0.438730 0.775841 0.463675 0.743738 0.464177 0.740383 0.457117 0.684118 0.425454 0.659516 0.400852 0.691178
0 0.124271 0.608380 0.160170 0.649022 0.188760 0.670897 0.203736 0.655835 0.216106 0.641253 0.197729 0.621026 0.156176 0.582661 0.151436 0.578932
0 0.768609 0.566108 0.814704 0.631492 0.818343 0.633013 0.824957 0.628350 0.834713 0.571965 0.835140 0.560050 0.835053 0.559377 0.833917 0.557300 0.831905 0.554133 0.829321 0.550359 0.826565 0.546559 0.824059 0.543316 0.822186 0.541126 0.821232 0.540321 0.811398 0.538895 0.807839 0.538450
0 0.228380 0.558161 0.231236 0.569444 0.275340 0.589752 0.277907 0.588726 0.311367 0.516059 0.304100 0.512713 0.301835 0.512860 0.238476 0.536236 0.237746 0.537119 0.236355 0.539543 0.234514 0.543140 0.232506 0.547362 0.230638 0.551558 0.229199 0.555084 0.228406 0.557402
0 0.898793 0.663428 0.912344 0.718349 0.917179 0.731082 0.917415 0.731252 0.919183 0.732344 0.922211 0.734189 0.926040 0.736508 0.930092 0.738951 0.933756 0.741149 0.936477 0.742769 0.937839 0.743565 0.951743 0.741798 0.976852 0.700240 0.907588 0.658391 0.902930 0.656581
0 0.045440 0.436980 0.046328 0.485527 0.051513 0.485692 0.131499 0.484230 0.131353 0.476231 0.090629 0.436969 0.080075 0.428206 0.078601 0.428128 0.075506 0.428096 0.071260 0.428113 0.066514 0.428179 0.061995 0.428283 0.058399 0.428408 0.056274 0.428536 0.055941 0.428647
0 0.710843 0.333122 0.928408 0.435817 0.930380 0.435523 0.964770 0.362667 0.746203 0.259499 0.745076 0.260600
0 0.377895 0.645510 0.412890 0.665822 0.437264 0.623828 0.437981 0.622412 0.434957 0.611683 0.434250 0.611076 0.432065 0.609641 0.428741 0.607601 0.424778 0.605262 0.420777 0.602978 0.417340 0.601095 0.414987 0.599896 0.414081 0.599567 0.403386 0.602333 0.402269 0.603516
0 0.874682 0.075220 0.901107 0.105248 0.937141 0.073537 0.942195 0.068607 0.940730 0.058125 0.939491 0.055661 0.937226 0.052379 0.934279 0.048782 0.931104 0.045422 0.928188 0.042817 0.925977 0.041362 0.915463 0.038232 0.879013 0.070309
0 0.040477 0.211575 0.059422 0.247548 0.065479 0.251018 0.100957 0.232334 0.082272 0.196856 0.076449 0.192630
0 0.363019 0.543206 0.365377 0.554835 0.406881 0.580034 0.407945 0.579119 0.449463 0.510736 0.408433 0.485825 0.407375 0.485661 0.396424 0.488185 0.395810 0.488955 0.394332 0.491185 0.392214 0.494536 0.389780 0.498496 0.368830 0.533003 0.366460 0.536955 0.364523 0.540282 0.363315 0.542477
0 0.296613 0.696500 0.344472 0.704695 0.355150 0.697031 0.355495 0.695867 0.356097 0.693075 0.356863 0.689085 0.357677 0.684499 0.364444 0.644982 0.365185 0.640482 0.365744 0.636737 0.366035 0.634314 0.366013 0.633586 0.359751 0.623503 0.312440 0.615402 0.310271 0.616736
0 0.640380 0.422460 0.675283 0.455411 0.688030 0.455173 0.688910 0.454445 0.690923 0.452487 0.693762 0.449595 0.696995 0.446212 0.724707 0.416857 0.727829 0.413510 0.730353 0.410721 0.731893 0.408916 0.732218 0.408368 0.732863 0.396051 0.697556 0.362719 0.695298 0.364288
