0 0.592338 0.972776 0.592485 0.981727 0.593555 0.987296 0.627349 1.000000 0.634074 1.000000 0.650756 0.994292 0.652070 0.993393 0.653943 0.991739 0.684445 0.961893 0.682337 0.956614 0.647473 0.923621 0.635771 0.926129 0.633825 0.927549 0.631043 0.930065 0.627845 0.933296 0.600288 0.962415 0.597149 0.965880 0.594537 0.969065 0.592847 0.971487
0 0.040044 0.891697 0.111667 0.929366 0.116105 0.924459 0.138449 0.881977 0.132901 0.871942 0.131000 0.870312 0.127821 0.868220 0.123844 0.865981 0.088361 0.847319 0.084179 0.845266 0.080412 0.843706 0.077630 0.842873 0.076260 0.842898 0.067644 0.844738 0.062646 0.848723
0 0.875505 0.224410 0.878203 0.237146 0.922403 0.255864 0.927286 0.253042 0.958844 0.178524 0.914134 0.159589 0.900744 0.165621 0.899858 0.166906 0.898394 0.169681 0.896575 0.173521 0.894677 0.177845 0.879042 0.214762 0.877346 0.218927 0.876104 0.222314
0 0.486371 0.719739 0.488731 0.721744 0.722432 0.777535 0.741532 0.698955 0.740293 0.696828 0.506113 0.641993
0 0.863584 0.143245 0.863624 0.145434 0.869190 0.157012 0.916716 0.163741 0.921534 0.159854 0.927206 0.119791 0.879131 0.112984 0.867359 0.121976 0.866747 0.123382 0.865972 0.126387 0.865152 0.130530 0.864411 0.135184 0.863861 0.139647
0 0.050846 0.838714 0.098513 0.847960 0.110745 0.839689 0.111432 0.838341 0.112363 0.835401 0.113395 0.831319 0.114372 0.826714 0.115148 0.822280 0.115605 0.818686 0.115673 0.816476 0.110718 0.804715 0.063596 0.795575 0.058551 0.798992
0 0.542582 0.582876 0.543074 0.583834 0.583490 0.585780 0.585826 0.537281 0.577707 0.528141 0.576688 0.528060 0.573996 0.527903 0.570042 0.527695 0.565426 0.527466 0.560845 0.527252 0.556989 0.527084 0.554442 0.526989 0.553597 0.526980 0.544891 0.534931
0 0.408897 0.787165 0.448511 0.796311 0.457657 0.756697 0.458239 0.753168 0.419170 0.744148 0.418043 0.747551
0 0.397815 0.209231 0.402077 0.246050 0.407523 0.286239 0.408792 0.289171 0.448429 0.283799 0.437686 0.204524 0.437543 0.203847
0 0.209764 0.323461 0.249656 0.327180 0.250586 0.321796 0.255817 0.265453 0.256450 0.235285 0.216293 0.231541 0.210282 0.263492
0 0.650285 0.744455 0.652022 0.747281 0.681750 0.785671 0.692301 0.785863 0.693282 0.785677 0.695573 0.784392 0.698825 0.782200 0.702542 0.779437 0.706152 0.776526 0.709101 0.773916 0.710938 0.772005 0.711386 0.771084 0.713742 0.760898 0.720961 0.704133 0.716006 0.697734 0.713537 0.695474
0 0.702763 0.560441 0.707362 0.640309 0.709759 0.641931 0.717838 0.641466 0.755908 0.598745 0.762509 0.589653 0.762803 0.588854 0.762947 0.586335 0.762919 0.582478 0.762722 0.577873 0.762386 0.573226 0.761964 0.569253 0.761520 0.566560 0.761122 0.565555 0.753582 0.558349 0.750684 0.557682
0 0.312849 0.373759 0.331782 0.409314 0.332553 0.409729 0.367945 0.390883 0.349099 0.355491 0.348404 0.354825
0 0.752980 0.452859 0.789238 0.469982 0.790569 0.469844 0.807771 0.433420 0.771347 0.416218 0.770104 0.416602
0 0.180045 0.872390 0.197602 0.908645 0.233856 0.891089 0.235076 0.889296 0.217600 0.853208 0.181511 0.870684
0 0.174977 0.075495 0.175931 0.083273 0.179790 0.090093 0.180340 0.090798 0.186504 0.095615 0.194042 0.097705 0.201806 0.096754 0.208615 0.092902 0.213432 0.086738 0.215523 0.079200 0.214571 0.071436 0.210719 0.064627 0.210221 0.063877 0.204046 0.059052 0.196495 0.056958 0.188718 0.057911 0.181897 0.061770 0.177072 0.067944
0 0.870300 0.416733 0.871794 0.424412 0.876114 0.430934 0.882600 0.435307 0.890266 0.436864 0.890938 0.436755 0.898630 0.435259 0.905163 0.430932 0.909544 0.424434 0.911103 0.416755 0.909607 0.409063 0.905280 0.402530 0.898782 0.398149 0.891103 0.396590 0.883411 0.398086 0.882752 0.398261 0.876230 0.402581 0.871857 0.409067
0 0.220358 0.587480 0.221686 0.595202 0.225869 0.601829 0.232269 0.606351 0.239912 0.608079 0.247634 0.606751 0.248068 0.606568 0.254683 0.602392 0.259198 0.596004 0.260922 0.588373 0.259597 0.580664 0.255422 0.574049 0.249033 0.569534 0.241403 0.567810 0.233693 0.569135 0.233235 0.569254 0.226608 0.573437 0.222086 0.579837
0 0.289586 0.020252 0.291240 0.027912 0.291598 0.028723 0.296051 0.035155 0.302625 0.039395 0.310321 0.040795 0.317968 0.039144 0.324400 0.034692 0.328640 0.028118 0.330040 0.020422 0.328389 0.012775 0.328094 0.011936 0.323634 0.005493 0.317048 0.001246 0.309339 0.000000 0.301679 0.001497 0.295236 0.005957 0.290989 0.012543
