0 0.555314 0.313739 0.769594 0.421833 0.770832 0.421474 0.807029 0.349720 0.591765 0.241129 0.555568 0.312884
0 0.480526 0.336153 0.480612 0.336785 0.481576 0.338166 0.483270 0.340085 0.485438 0.342251 0.561481 0.414368 0.563776 0.416436 0.565835 0.418075 0.567342 0.419037 0.568069 0.419176 0.623153 0.361037 0.622942 0.360382 0.621873 0.358983 0.620110 0.357054 0.617921 0.354887 0.541942 0.282835 0.539644 0.280747 0.537573 0.279040 0.536042 0.277973 0.535285 0.277711
0 0.759621 0.175768 0.760029 0.176461 0.761463 0.177609 0.763704 0.179038 0.766412 0.180530 0.859262 0.228397 0.862005 0.229715 0.864347 0.230648 0.865932 0.231056 0.866518 0.230877 0.904406 0.159949 0.903872 0.159267 0.902330 0.158128 0.900017 0.156706 0.886590 0.149175 0.815150 0.112346 0.801552 0.105945 0.799174 0.104949 0.797536 0.104448 0.796888 0.104521
0 0.301291 0.060339 0.301448 0.061726 0.301806 0.064074 0.304197 0.078411 0.318286 0.157627 0.321176 0.172975 0.321721 0.175703 0.322158 0.177657 0.322421 0.178540 0.401365 0.164499 0.401345 0.164193 0.401114 0.162733 0.400708 0.160345 0.400189 0.157390 0.381977 0.054997 0.381420 0.051904 0.380907 0.049125 0.380515 0.047081 0.380303 0.046083 0.301359 0.060124
0 0.161963 0.783341 0.177234 0.820616 0.214509 0.805345 0.215817 0.803946 0.200616 0.766841 0.163512 0.782042
0 0.655181 0.193193 0.660873 0.232885 0.700564 0.227192 0.701488 0.225936 0.695769 0.186062 0.655895 0.191781
0 0.737155 0.327220 0.773164 0.345407 0.779412 0.334238 0.789216 0.311544 0.772626 0.301026 0.753401 0.293456 0.747286 0.304656
0 0.605139 0.542930 0.605720 0.558919 0.614679 0.567509 0.615750 0.567565 0.618501 0.567545 0.622515 0.567453 0.627179 0.567303 0.631776 0.567117 0.635599 0.566924 0.638065 0.566754 0.638801 0.566633 0.647378 0.558131 0.646791 0.541957 0.645113 0.541477
0 0.881004 0.699655 0.881190 0.700961 0.882086 0.703029 0.883555 0.705544 0.885373 0.708121 0.887262 0.710367 0.888933 0.711936 0.890130 0.712591 0.963659 0.721761 0.964647 0.721236 0.967635 0.717804 0.971448 0.712463 0.977271 0.703266 0.981806 0.695062 0.983528 0.690487 0.983940 0.686946 0.955330 0.669013 0.952297 0.667224 0.927561 0.653812 0.914516 0.646811 0.913636 0.646470 0.902667 0.648660 0.901536 0.649813 0.899674 0.652360 0.897365 0.655912 0.894957 0.659933 0.892813 0.663815 0.891257 0.666973 0.890527 0.668927
0 0.328793 0.836526 0.329186 0.839647 0.329935 0.842514 0.330924 0.844685 0.332002 0.845832 0.391561 0.887556 0.392057 0.887509 0.395404 0.885779 0.400634 0.882745 0.409659 0.877214 0.417727 0.872010 0.422248 0.868777 0.425772 0.865898 0.425766 0.865446 0.415851 0.848353 0.409133 0.836889 0.407269 0.833911 0.382563 0.797772 0.371419 0.794678 0.370420 0.795213 0.368024 0.796647 0.364596 0.798762 0.360657 0.801236 0.356799 0.803698 0.353605 0.805775 0.351561 0.807152 0.350979 0.807618 0.330031 0.830165 0.329251 0.831393 0.328817 0.833626
0 0.390931 0.253306 0.393410 0.256654 0.395940 0.259368 0.401420 0.264847 0.407301 0.270438 0.415112 0.277491 0.420070 0.281541 0.434173 0.267554 0.443812 0.257945 0.446212 0.255396 0.474795 0.222435 0.474890 0.221286 0.475237 0.210648 0.475055 0.209904 0.473570 0.207998 0.471004 0.205218 0.467749 0.201991 0.464305 0.198809 0.461200 0.196164 0.458912 0.194459 0.428431 0.179654 0.426359 0.179636 0.423673 0.180247 0.420784 0.181392 0.418133 0.182897 0.416127 0.184532 0.415071 0.186046
0 0.844747 0.545708 0.844944 0.556363 0.845516 0.564417 0.846458 0.571951 0.847174 0.575449 0.848919 0.578952 0.915093 0.604270 0.917103 0.604311 0.919766 0.603736 0.922675 0.602633 0.925385 0.601171 0.927479 0.599574 0.928640 0.598085 0.937826 0.564530 0.938225 0.561514 0.938330 0.557336 0.938127 0.552636 0.937645 0.548138 0.936960 0.544530 0.936176 0.542363 0.927507 0.535066 0.925883 0.534885 0.882352 0.535564 0.878865 0.535761 0.846427 0.538655 0.845271 0.538992
0 0.526250 0.095262 0.526874 0.096434 0.528717 0.098703 0.531496 0.101720 0.534790 0.105030 0.563558 0.132955 0.566878 0.136066 0.569730 0.138514 0.571683 0.139931 0.572437 0.140095 0.583684 0.141625 0.617116 0.107183 0.618470 0.102641 0.560403 0.046276 0.526584 0.081117 0.526280 0.085904
0 0.046065 0.943637 0.126058 0.955879 0.130332 0.950669 0.137593 0.903221 0.128433 0.895211 0.126267 0.894375 0.122688 0.893491 0.118237 0.892691 0.078606 0.886626 0.073945 0.886031 0.069767 0.885728 0.066703 0.885764 0.065223 0.886134 0.058514 0.891119 0.053410 0.895641
0 0.086254 0.266770 0.092270 0.279273 0.093637 0.279954 0.096452 0.281312 0.100284 0.283137 0.104553 0.285155 0.140825 0.302233 0.144897 0.304142 0.148165 0.305660 0.150136 0.306556 0.150506 0.306692 0.163362 0.303514 0.183808 0.260087 0.180153 0.257313 0.106938 0.222841
0 0.589163 0.178515 0.589490 0.179742 0.590653 0.182383 0.592475 0.186034 0.594680 0.190144 0.596934 0.194091 0.598897 0.197280 0.600273 0.199229 0.600850 0.199635 0.611584 0.204236 0.653583 0.180996 0.657175 0.173534 0.637356 0.137716 0.594374 0.161500 0.590200 0.174777
0 0.758384 0.297702 0.763479 0.299431 0.818323 0.313378 0.848422 0.318851 0.858377 0.279768 0.828234 0.269031 0.768273 0.258877
0 0.649041 0.055377 0.686819 0.097482 0.696123 0.104712 0.698510 0.105294 0.702259 0.105799 0.706802 0.106151 0.711454 0.106297 0.715512 0.106215 0.718362 0.105916 0.719567 0.105446 0.726760 0.099646 0.729382 0.095018 0.732009 0.046534 0.651202 0.042156 0.649474 0.047388
0 0.866040 0.468574 0.866129 0.471132 0.866500 0.472005 0.871863 0.481146 0.906665 0.525741 0.914605 0.526721 0.919398 0.527030 0.929304 0.446713 0.881115 0.440770 0.876759 0.441447 0.869455 0.448049 0.868856 0.449028 0.868125 0.451675 0.867373 0.455585 0.866713 0.460165 0.866245 0.464724
0 0.081341 0.846530 0.083318 0.857397 0.084680 0.859678 0.087106 0.862764 0.090229 0.866182 0.093567 0.869408 0.096608 0.871944 0.098886 0.873406 0.109550 0.875539 0.114012 0.871247 0.148424 0.837784 0.092653 0.780430 0.087943 0.783672 0.082142 0.789313
0 0.009148 0.320795 0.066809 0.377576 0.071760 0.378975 0.077373 0.373275 0.076938 0.316708 0.074771 0.303918 0.074678 0.303533 0.073293 0.301920 0.070830 0.299330 0.067663 0.296152 0.064269 0.292869 0.061161 0.289974 0.058809 0.287906 0.057573 0.286981 0.043216 0.286199
