0 0.518343 0.131395 0.518388 0.134062 0.519178 0.136015 0.554622 0.201857 0.555785 0.203171 0.559705 0.203701 0.568348 0.203263 0.577750 0.201668 0.585058 0.199305 0.593067 0.195791 0.595988 0.193672 0.588724 0.156700 0.578124 0.116560 0.576868 0.115141 0.568557 0.108989 0.567113 0.108566 0.564095 0.108603 0.559965 0.109092 0.555348 0.109959 0.550940 0.111073 0.547406 0.112267 0.524150 0.122015 0.522195 0.123340 0.520404 0.125590 0.519051 0.128418
0 0.894662 0.641539 0.898821 0.652567 0.899625 0.653049 0.902030 0.654149 0.905674 0.655700 0.909999 0.657465 0.914342 0.659174 0.918036 0.660563 0.920514 0.661421 0.921401 0.661617 0.951649 0.664388 0.953170 0.664477 0.955288 0.663661 0.957678 0.662064 0.959975 0.659928 0.961828 0.657581 0.962952 0.655382 0.963177 0.653667 0.962035 0.581824 0.957595 0.579978 0.953941 0.578502 0.946528 0.575534 0.938933 0.572517 0.929309 0.568725 0.923734 0.566566 0.915811 0.584718 0.910594 0.597099 0.909287 0.600354
0 0.183517 0.931822 0.184197 0.933942 0.185689 0.936353 0.187767 0.938687 0.190113 0.940586 0.192368 0.941760 0.194186 0.942030 0.265481 0.942131 0.267892 0.937787 0.269598 0.934181 0.272864 0.926844 0.276059 0.919311 0.279904 0.909742 0.281886 0.904172 0.263843 0.895914 0.251436 0.890456 0.248210 0.889090 0.207357 0.873722 0.196120 0.877661 0.195431 0.878432 0.194114 0.880795 0.192370 0.884394 0.190464 0.888678 0.188691 0.892991 0.187322 0.896670 0.186567 0.899150
0 0.711079 0.742992 0.711294 0.743867 0.727347 0.773042 0.728553 0.774558 0.730836 0.777140 0.733851 0.780396 0.737136 0.783826 0.740184 0.786902 0.742529 0.789154 0.743814 0.790238 0.755568 0.790128 0.766751 0.779772 0.787889 0.760164 0.790422 0.757739 0.813944 0.734415 0.813071 0.733310 0.807919 0.727809 0.800302 0.719837 0.794775 0.714122 0.789824 0.709074 0.787679 0.706935 0.786088 0.705548 0.717117 0.729449 0.716019 0.730759 0.714697 0.732953 0.713353 0.735697 0.712193 0.738570 0.711394 0.741132
0 0.170705 0.647359 0.170957 0.650041 0.171731 0.653031 0.204883 0.752093 0.206055 0.754918 0.207440 0.757126 0.208824 0.758382 0.209999 0.758496 0.282320 0.735231 0.283048 0.734202 0.283275 0.732169 0.282968 0.729442 0.279550 0.714428 0.254042 0.638209 0.247810 0.624388 0.246443 0.622111 0.245080 0.620752 0.243930 0.620520 0.171831 0.644448 0.171012 0.645395
0 0.543763 0.100741 0.583467 0.170404 0.583923 0.170391 0.585369 0.169776 0.587582 0.168654 0.590227 0.167196 0.680582 0.115699 0.683273 0.114116 0.685621 0.112638 0.687267 0.111491 0.687962 0.110848 0.648258 0.041185 0.647857 0.041085 0.646454 0.041605 0.644262 0.042668 0.641616 0.044111 0.550846 0.095844 0.548165 0.097438 0.545878 0.098928 0.544332 0.100088
0 0.092700 0.820303 0.092740 0.821914 0.093474 0.822546 0.159702 0.861645 0.160968 0.861168 0.162624 0.859687 0.164419 0.857429 0.173092 0.844228 0.211431 0.773587 0.217261 0.760064 0.217984 0.757684 0.218034 0.756021 0.217403 0.755329 0.150842 0.716844 0.149574 0.717196 0.147914 0.718569 0.146115 0.720756 0.144453 0.723422 0.094624 0.815234 0.093361 0.817957
0 0.040623 0.246952 0.042723 0.248109 0.082571 0.251595 0.086057 0.211747 0.084156 0.210424 0.044125 0.206922
0 0.725433 0.090305 0.765527 0.090813 0.766750 0.088929 0.767260 0.048650 0.726982 0.048140 0.725941 0.050210
0 0.289226 0.980878 0.329098 0.986606 0.329882 0.984376 0.335583 0.944686 0.295893 0.938984 0.294954 0.941005
0 0.068031 0.726131 0.102893 0.746115 0.104708 0.744990 0.124601 0.710287 0.089899 0.690394 0.088015 0.691269
0 0.426431 0.082831 0.427440 0.088552 0.461479 0.160949 0.497677 0.143930 0.497645 0.138979 0.463132 0.065575
0 0.623928 0.179012 0.657782 0.251496 0.694024 0.234569 0.696722 0.230878 0.662397 0.157386 0.625651 0.174549
0 0.534842 0.381157 0.572653 0.410726 0.584761 0.409142 0.585440 0.408297 0.587151 0.406128 0.589636 0.402964 0.592515 0.399287 0.617384 0.367488 0.620207 0.363873 0.622535 0.360883 0.624012 0.358975 0.624414 0.358438 0.623345 0.345948 0.585097 0.316037 0.535245 0.379783
0 0.778604 0.824448 0.814464 0.895960 0.818100 0.900538 0.861503 0.878773 0.863529 0.865233 0.862761 0.863298 0.861272 0.860059 0.859290 0.856011 0.841194 0.819925 0.839028 0.815698 0.837014 0.811954 0.835462 0.809262 0.834608 0.808033 0.821512 0.802932
0 0.326557 0.188843 0.328540 0.192399 0.333758 0.200598 0.334876 0.201173 0.337620 0.202021 0.341567 0.203012 0.346121 0.203997 0.385427 0.211896 0.389911 0.212728 0.393658 0.213284 0.396101 0.213478 0.396864 0.213281 0.406971 0.208162 0.416429 0.161103 0.415463 0.157185 0.336125 0.141240
0 0.792820 0.077195 0.793852 0.125184 0.833843 0.124324 0.837702 0.119981 0.836658 0.071437 0.826007 0.064972 0.823750 0.064541 0.820066 0.064298 0.815517 0.064283 0.810801 0.064498 0.806645 0.064908 0.803682 0.065452 0.802363 0.066045 0.796205 0.072307
0 0.320927 0.412715 0.346624 0.443970 0.348377 0.444611 0.385454 0.414127 0.386289 0.401989 0.385857 0.401409 0.384326 0.399503 0.381934 0.396563 0.379042 0.393035 0.376086 0.389451 0.373513 0.386351 0.371712 0.384206 0.370960 0.383344 0.358433 0.381879
0 0.063841 0.608659 0.064034 0.612501 0.064433 0.614993 0.070778 0.624810 0.119305 0.626468 0.123656 0.625023 0.125022 0.585046 0.077050 0.583407 0.072160 0.584371 0.065800 0.591635 0.065195 0.592675 0.064618 0.595401 0.064157 0.599398 0.063884 0.604056
0 0.446634 0.726222 0.475862 0.764790 0.498576 0.749601 0.544402 0.714873 0.566766 0.695900 0.537539 0.657332 0.519279 0.660418 0.518521 0.660762 0.516415 0.662162 0.513284 0.664404 0.509604 0.667147 0.464308 0.701474 0.460621 0.704314 0.457471 0.706831 0.455336 0.708645 0.454543 0.709477
0 0.176937 0.108684 0.185999 0.120443 0.187347 0.121050 0.190331 0.121765 0.233836 0.130463 0.237917 0.131162 0.242562 0.131758 0.247070 0.132161 0.250759 0.132310 0.253072 0.132182 0.263967 0.126321 0.269182 0.078604 0.266448 0.073725 0.222961 0.064293 0.182274 0.059853
0 0.115271 0.114300 0.126892 0.135790 0.135193 0.149638 0.156455 0.185106 0.173915 0.212128 0.215420 0.187247 0.214329 0.168761 0.214233 0.168410 0.213208 0.166537 0.211411 0.163430 0.209114 0.159561 0.179893 0.110816 0.177436 0.106756 0.175182 0.103104 0.173472 0.100413 0.172566 0.099095 0.156776 0.089420
