0 0.930438 0.308265 0.937801 0.378804 0.939279 0.380672 0.941965 0.382074 0.948461 0.384824 0.955916 0.387568 0.966439 0.390946 0.973836 0.392784 0.975538 0.392368 0.986834 0.361713 0.987987 0.358413 0.997283 0.330583 1.000000 0.316729 1.000000 0.315819 0.997342 0.305285 0.995982 0.304208 0.993078 0.302746 0.989070 0.301121 0.984575 0.299583 0.980282 0.298368 0.976850 0.297663 0.974802 0.297573 0.940329 0.296078 0.938856 0.296934 0.936912 0.298597 0.934792 0.300812 0.932821 0.303240 0.931302 0.305510 0.930465 0.307274
0 0.209575 0.273322 0.210407 0.274404 0.215708 0.279708 0.223604 0.287379 0.229361 0.292871 0.234542 0.297715 0.236807 0.299763 0.238560 0.301071 0.306414 0.274502 0.307485 0.273146 0.308737 0.270899 0.309980 0.268104 0.311023 0.265188 0.311707 0.262599 0.311927 0.260731 0.311651 0.259869 0.294587 0.231329 0.293364 0.229855 0.291015 0.227360 0.287894 0.224222 0.284481 0.220923 0.281300 0.217970 0.278840 0.215816 0.277475 0.214790 0.265757 0.215356 0.254956 0.226148 0.234552 0.246578 0.232118 0.249100
0 0.482530 0.646602 0.482635 0.648187 0.513413 0.714371 0.514316 0.714495 0.518719 0.714603 0.525206 0.714602 0.536054 0.714451 0.545445 0.714182 0.550332 0.713870 0.553714 0.713443 0.553944 0.680095 0.553868 0.676584 0.552171 0.648025 0.551208 0.632954 0.543480 0.624463 0.541959 0.624486 0.538856 0.624546 0.534645 0.624633 0.529964 0.624733 0.525517 0.624833 0.521976 0.624916 0.519880 0.624970 0.519551 0.624987 0.488846 0.633772 0.487799 0.634372 0.486484 0.636021 0.485103 0.638469 0.483865 0.641341 0.482961 0.644198
0 0.571928 0.831278 0.572208 0.832623 0.579193 0.841586 0.581394 0.842322 0.585023 0.843037 0.589526 0.843620 0.594212 0.843981 0.598360 0.844066 0.601335 0.843861 0.634952 0.836139 0.636511 0.834961 0.638195 0.832877 0.639748 0.830205 0.640930 0.827354 0.641561 0.824761 0.641546 0.822822 0.618527 0.755513 0.614910 0.753978 0.611379 0.753261 0.603821 0.752190 0.595775 0.751391 0.585175 0.750777 0.578543 0.750903 0.578299 0.751805 0.574310 0.784270 0.574002 0.787753
0 0.270911 0.468308 0.289892 0.513000 0.292293 0.512851 0.365927 0.481579 0.362800 0.474215 0.298509 0.448041 0.297397 0.448332 0.294755 0.449299 0.290986 0.450796 0.286665 0.452595 0.282456 0.454419 0.279007 0.455987 0.276843 0.457061 0.276292 0.457476
0 0.810109 0.216951 0.824079 0.242052 0.857200 0.287911 0.861113 0.292185 0.893578 0.268707 0.866513 0.218453 0.842790 0.193317 0.825113 0.205784
0 0.300545 0.077076 0.321325 0.101121 0.359857 0.142583 0.363509 0.146179 0.392852 0.118899 0.352066 0.070632 0.330083 0.049615
0 0.134105 0.805806 0.344191 0.925300 0.384022 0.855271 0.384553 0.853644 0.175430 0.734698 0.173937 0.735777
0 0.660104 0.168430 0.663598 0.173316 0.845618 0.312838 0.897816 0.249720 0.895274 0.245055 0.711308 0.106514
0 0.107378 0.464209 0.137440 0.502130 0.155628 0.498646 0.156803 0.498077 0.159238 0.496454 0.162558 0.494026 0.166262 0.491161 0.210798 0.455855 0.214338 0.452976 0.217193 0.450509 0.218929 0.448826 0.219278 0.448187 0.226820 0.431273 0.196758 0.393352 0.171738 0.410336 0.126681 0.446055
0 0.023095 0.585848 0.026177 0.614437 0.040176 0.670204 0.050865 0.696474 0.097800 0.684692 0.102416 0.665571 0.102224 0.662848 0.101568 0.658932 0.100549 0.654416 0.086712 0.599293 0.085480 0.594843 0.084217 0.591117 0.083114 0.588678 0.070030 0.574066
0 0.320041 0.439756 0.322788 0.458071 0.368533 0.473853 0.378820 0.447326 0.397269 0.393851 0.405731 0.366030 0.359986 0.350248 0.346531 0.362973 0.346027 0.363663 0.344997 0.365995 0.343596 0.369616 0.342040 0.373973 0.323376 0.428072 0.321908 0.432481 0.320759 0.436251 0.320103 0.438805
0 0.169028 0.548193 0.188401 0.583511 0.189829 0.583128 0.224984 0.563844 0.205700 0.528688 0.204345 0.528820
0 0.788719 0.877410 0.790048 0.879147 0.827911 0.892896 0.841660 0.855033 0.840094 0.853406 0.802405 0.839720
0 0.290637 0.303700 0.316276 0.334769 0.317118 0.335526 0.348044 0.310004 0.347345 0.309130 0.321705 0.278061
0 0.141091 0.722392 0.181368 0.723042 0.182828 0.722020 0.183475 0.681928 0.143383 0.681281 0.141741 0.682115
0 0.024853 0.831194 0.069755 0.849671 0.083195 0.843473 0.084093 0.842172 0.085550 0.839377 0.087344 0.835515 0.089204 0.831170 0.090848 0.826999 0.092029 0.823631 0.092568 0.821576 0.089893 0.808684 0.045504 0.790418 0.040250 0.793776
0 0.649762 0.284472 0.654962 0.294142 0.655611 0.294750 0.657864 0.295939 0.661376 0.297526 0.665614 0.299271 0.669939 0.300912 0.673698 0.302199 0.676322 0.302939 0.677409 0.303017 0.686960 0.299179 0.689122 0.296857 0.706974 0.251704 0.669346 0.236826 0.667411 0.239834
0 0.312118 0.816259 0.358611 0.830258 0.369930 0.823120 0.370366 0.821816 0.371263 0.818957 0.372484 0.814983 0.373844 0.810493 0.375139 0.806165 0.376172 0.802654 0.376787 0.800490 0.376889 0.800007 0.371760 0.788182 0.325798 0.774343 0.323784 0.777514
0 0.885762 0.501348 0.886093 0.502251 0.890672 0.511736 0.937759 0.521055 0.942819 0.521298 0.950675 0.481606 0.903044 0.472179 0.898438 0.472497 0.890779 0.478572 0.890086 0.479500 0.889144 0.482083 0.888096 0.485925 0.887101 0.490444 0.886309 0.494958 0.885839 0.498786
