0 0.405110 0.657138 0.645994 0.676878 0.652574 0.596583 0.651875 0.596142 0.412095 0.576492 0.411690 0.576843
0 0.350425 0.779319 0.359164 0.818641 0.398487 0.809903 0.398952 0.808482 0.390253 0.769340 0.351111 0.778039
0 0.541740 0.063926 0.581438 0.069576 0.581813 0.067594 0.587489 0.027714 0.547609 0.022038 0.541933 0.061918
0 0.555901 0.770866 0.556158 0.772113 0.596081 0.777485 0.601453 0.737563 0.600988 0.736474 0.561249 0.731126
0 0.681138 0.060694 0.696180 0.097758 0.733244 0.082715 0.734315 0.080799 0.719204 0.043565 0.681970 0.058677
0 0.753014 0.190931 0.792992 0.194021 0.794341 0.192612 0.797445 0.152450 0.757283 0.149345 0.756104 0.150952
0 0.793355 0.271689 0.793455 0.275422 0.793704 0.277783 0.794064 0.278408 0.800638 0.287927 0.848616 0.289378 0.852646 0.286943 0.855091 0.206055 0.806559 0.204588 0.796009 0.214069 0.795591 0.215363 0.795182 0.218290 0.794844 0.222401 0.794628 0.227074 0.793417 0.267147
0 0.458567 0.507521 0.464034 0.526892 0.476127 0.565232 0.482834 0.584458 0.516721 0.574523 0.542871 0.565603 0.518579 0.488587 0.492223 0.496852
0 0.792773 0.582902 0.803636 0.629656 0.807146 0.631155 0.885971 0.612841 0.874983 0.565546 0.863056 0.558663 0.861684 0.558793 0.858738 0.559318 0.854669 0.560157 0.850093 0.561183 0.811041 0.570256 0.806638 0.571317 0.803062 0.572254 0.800856 0.572926 0.800358 0.573230
0 0.826779 0.157885 0.832284 0.197504 0.879828 0.190898 0.888712 0.183667 0.893898 0.176254 0.894297 0.174900 0.894379 0.171903 0.894131 0.167718 0.893591 0.162985 0.892841 0.158432 0.891997 0.154758 0.891188 0.152524 0.883078 0.143121 0.834423 0.149882
0 0.387892 0.280408 0.388091 0.280969 0.388956 0.283153 0.390355 0.286627 0.392076 0.290863 0.393854 0.295208 0.395415 0.298996 0.396521 0.301648 0.397004 0.302760 0.408484 0.308086 0.460624 0.330028 0.468032 0.327008 0.467662 0.325008 0.437114 0.250070 0.392152 0.268399
0 0.907166 0.255604 0.931064 0.264777 0.985719 0.279245 0.992008 0.280345 1.000000 0.241609 0.955153 0.222700 0.917468 0.216611 0.910533 0.236885
0 0.000000 0.209825 0.000431 0.216330 0.006141 0.219572 0.013235 0.215874 0.030214 0.161914 0.031569 0.148533 0.030885 0.146611 0.029430 0.143414 0.027426 0.139425 0.025174 0.135248 0.023014 0.131513 0.021273 0.128784 0.020217 0.127480 0.006079 0.122125 0.000000 0.144570
0 0.834398 0.484029 0.844868 0.499305 0.845224 0.499737 0.847147 0.500966 0.850342 0.502803 0.854324 0.504969 0.904500 0.531659 0.908680 0.533834 0.912442 0.535698 0.915217 0.536968 0.916578 0.537449 0.935097 0.537594 0.957822 0.494871 0.936201 0.481328 0.921947 0.473745 0.885438 0.454325 0.857123 0.441306
0 0.753223 0.724641 0.759848 0.741934 0.760882 0.742865 0.763146 0.744880 0.766293 0.747672 0.769844 0.750814 0.812720 0.788717 0.816117 0.791717 0.818827 0.794104 0.820437 0.795513 0.820702 0.795732 0.838678 0.800185 0.870729 0.763930 0.852235 0.747056 0.809156 0.708974 0.785274 0.688385
0 0.119001 0.598804 0.127647 0.638531 0.176018 0.669612 0.215745 0.660966 0.219654 0.658758 0.211127 0.619577 0.163421 0.588924 0.124240 0.597451
0 0.649100 0.989912 0.690930 1.000000 0.696665 1.000000 0.706953 0.993615 0.727744 0.957870 0.735862 0.943913 0.748277 0.915648 0.706447 0.891318 0.690071 0.901465 0.688543 0.903278 0.686435 0.906359 0.684067 0.910240 0.655492 0.959367 0.653212 0.963477 0.651359 0.967208 0.650211 0.969995 0.649947 0.971413
0 0.699618 0.890131 0.747707 0.895534 0.758500 0.879764 0.759084 0.877578 0.759719 0.873949 0.760306 0.869431 0.766695 0.812562 0.767144 0.807864 0.767382 0.803723 0.767375 0.800772 0.767124 0.799459 0.760442 0.782188 0.712353 0.776785 0.707479 0.802656 0.701163 0.858871
0 0.523012 0.285730 0.523096 0.291757 0.531109 0.300095 0.532870 0.300318 0.536159 0.300461 0.540475 0.300503 0.545168 0.300438 0.549528 0.300275 0.552897 0.300039 0.554763 0.299766 0.562501 0.291208 0.562640 0.290739 0.562556 0.284699 0.558453 0.274738 0.556141 0.274398 0.551756 0.274172 0.545966 0.274098 0.539660 0.274185 0.533810 0.274422 0.529318 0.274771 0.526866 0.275178 0.523062 0.285249
0 0.518307 0.512336 0.518978 0.516668 0.520391 0.521150 0.522334 0.525105 0.524514 0.527935 0.526602 0.529209 0.535974 0.534470 0.538788 0.533680 0.544123 0.531967 0.551531 0.525438 0.552910 0.522547 0.553184 0.517843 0.552308 0.512043 0.550415 0.506038 0.547795 0.500756 0.544854 0.497005 0.542042 0.495356 0.532248 0.494317 0.529450 0.495189 0.524116 0.496874 0.519478 0.506622 0.518482 0.508809
0 0.148581 0.912648 0.150729 0.920187 0.155601 0.926330 0.162451 0.930141 0.170239 0.931040 0.177778 0.928892 0.183921 0.924020 0.184464 0.923291 0.188269 0.916452 0.189166 0.908678 0.187021 0.901152 0.182158 0.895020 0.175319 0.891215 0.167545 0.890318 0.160019 0.892462 0.153887 0.897325 0.153291 0.898010 0.149479 0.904861
0 0.548766 0.324116 0.549870 0.331863 0.553854 0.338599 0.560113 0.343297 0.567694 0.345243 0.575441 0.344139 0.582177 0.340156 0.586875 0.333897 0.587025 0.333610 0.588975 0.326017 0.587869 0.318256 0.583878 0.311508 0.577608 0.306802 0.570015 0.304852 0.562254 0.305958 0.555506 0.309949 0.550800 0.316219 0.550712 0.316535
