0 0.735322 0.140561 0.757273 0.174000 0.790712 0.152049 0.792047 0.150451 0.769995 0.116859 0.736403 0.138910
0 0.574719 0.860990 0.575062 0.862648 0.583552 0.901925 0.622829 0.893434 0.614339 0.854158 0.613816 0.852539
0 0.889390 0.663707 0.921114 0.688070 0.923048 0.688934 0.947523 0.657063 0.915653 0.632589 0.913753 0.631982
0 0.061977 0.543236 0.109350 0.556231 0.118279 0.554946 0.126458 0.549763 0.127193 0.548813 0.128299 0.546242 0.129609 0.542443 0.130923 0.537993 0.132045 0.533563 0.132803 0.529822 0.133084 0.527335 0.132843 0.526485 0.128860 0.516371 0.082570 0.503673 0.072806 0.503759
0 0.714049 0.744677 0.714945 0.757818 0.715880 0.758808 0.717981 0.760949 0.720926 0.763917 0.724268 0.767258 0.752865 0.795751 0.756080 0.798944 0.758669 0.801490 0.760235 0.803002 0.760542 0.803250 0.773850 0.804624 0.808121 0.770229 0.750795 0.713110 0.747929 0.710674
0 0.216455 0.261929 0.227613 0.280044 0.237650 0.296242 0.263721 0.283109 0.311868 0.253399 0.316410 0.250009 0.295356 0.215923 0.243224 0.241335
0 0.466349 0.892297 0.486091 0.936658 0.560025 0.903755 0.559339 0.899141 0.556086 0.891832 0.503278 0.871551 0.492471 0.869147 0.491642 0.869034 0.489267 0.869683 0.485709 0.870994 0.481508 0.872769 0.477297 0.874738 0.473711 0.876606 0.471295 0.878089 0.470418 0.878961 0.466734 0.887814
0 0.796412 0.444594 0.797296 0.456295 0.808110 0.511821 0.814744 0.516292 0.818383 0.516480 0.863611 0.449374 0.823347 0.422237 0.809902 0.424578 0.808981 0.425438 0.807178 0.427686 0.804768 0.430976 0.802115 0.434811 0.799621 0.438612 0.797662 0.441805 0.796534 0.443907
0 0.184951 0.896864 0.220039 0.916201 0.223234 0.910552 0.250517 0.861041 0.262167 0.839152 0.245562 0.827950 0.226845 0.819685 0.207395 0.853248
0 0.268289 0.352255 0.269351 0.352932 0.340796 0.389358 0.450075 0.175025 0.449845 0.173528 0.378071 0.136935
0 0.474874 0.623479 0.530827 0.681444 0.704720 0.513587 0.648768 0.455622 0.648086 0.455825 0.474989 0.622913
0 0.675985 0.391561 0.701920 0.399620 0.756634 0.413986 0.786305 0.420526 0.798594 0.373722 0.784891 0.361264 0.784377 0.360846 0.782153 0.360022 0.778557 0.358917 0.774137 0.357700 0.718786 0.343167 0.714236 0.342029 0.710270 0.341149 0.707494 0.340660 0.706329 0.340637 0.688274 0.344757
0 0.670003 0.224082 0.686188 0.278286 0.721382 0.297296 0.724461 0.294477 0.743734 0.258793 0.727325 0.203836 0.691641 0.184562 0.689013 0.188888
0 0.362841 0.530312 0.362873 0.534948 0.362972 0.538856 0.363123 0.541439 0.363303 0.542305 0.371855 0.558731 0.420246 0.558780 0.420920 0.530021 0.420962 0.489337 0.420978 0.473453 0.420364 0.444722 0.371973 0.444672 0.363387 0.461080 0.363205 0.461950 0.363048 0.464537 0.362941 0.468447 0.362900 0.473085
0 0.645936 0.772390 0.647634 0.775468 0.650266 0.780210 0.657923 0.785878 0.661300 0.787006 0.666170 0.786608 0.671790 0.784739 0.677296 0.781686 0.681838 0.777918 0.684721 0.774016 0.685508 0.770579 0.684790 0.761062 0.682180 0.756308 0.680410 0.753270 0.676161 0.751928 0.667617 0.750165 0.663973 0.750495 0.659779 0.751907 0.655669 0.754186 0.652264 0.756989 0.650079 0.759892 0.646991 0.768106
0 0.217721 0.930357 0.217972 0.938189 0.221203 0.945328 0.226918 0.950689 0.234251 0.953453 0.242083 0.953202 0.249222 0.949971 0.254583 0.944256 0.255005 0.943492 0.257764 0.936172 0.257513 0.928353 0.254288 0.921227 0.248583 0.915875 0.241263 0.913116 0.233444 0.913367 0.226317 0.916591 0.220966 0.922297 0.220485 0.923024
0 0.837331 0.531618 0.838648 0.535035 0.843599 0.543267 0.846039 0.545465 0.849761 0.547486 0.854201 0.549024 0.858690 0.549849 0.862549 0.549833 0.865192 0.548979 0.874580 0.544525 0.876302 0.541905 0.877905 0.536568 0.876674 0.526662 0.875677 0.523912 0.872449 0.520948 0.867480 0.518225 0.861531 0.516164 0.855520 0.515082 0.850371 0.515143 0.846869 0.516335 0.840601 0.523643 0.838956 0.526299
0 0.554324 0.070688 0.554588 0.074869 0.555526 0.077923 0.561050 0.086043 0.563514 0.088487 0.569057 0.089283 0.572056 0.088702 0.581371 0.086163 0.583838 0.083334 0.585982 0.078570 0.587470 0.072595 0.588074 0.066328 0.587700 0.060735 0.586407 0.056675 0.584396 0.054765 0.575842 0.049404 0.570292 0.048581 0.567294 0.049246 0.559272 0.055806 0.557450 0.057960 0.555872 0.061543 0.554775 0.066011
0 0.865545 0.103756 0.867376 0.111362 0.871977 0.117688 0.878650 0.121771 0.886377 0.122991 0.893982 0.121160 0.900309 0.116558 0.900998 0.115898 0.905088 0.109214 0.906310 0.101474 0.904475 0.093855 0.899866 0.087518 0.893182 0.083428 0.885442 0.082206 0.877823 0.084041 0.871486 0.088650 0.870848 0.089357 0.866765 0.096029
