0 0.234562 0.583449 0.259188 0.615326 0.260292 0.614798 0.292023 0.590284 0.267510 0.558553 0.266439 0.558822
0 0.902980 0.670176 0.913125 0.708969 0.915030 0.709931 0.954000 0.699738 0.943808 0.660767 0.941772 0.660030
0 0.649313 0.307083 0.662423 0.344977 0.700316 0.331866 0.701239 0.331092 0.688068 0.293024 0.650000 0.306195
0 0.571479 0.506063 0.597824 0.536162 0.598955 0.536580 0.611134 0.525920 0.611629 0.514086 0.611170 0.513413 0.609568 0.511454 0.607063 0.508507 0.604039 0.505022 0.600959 0.501534 0.598299 0.498580 0.596463 0.496610 0.595731 0.495923 0.584484 0.495473 0.583519 0.495525
0 0.744712 0.494456 0.753248 0.507989 0.766069 0.510973 0.767199 0.510497 0.769717 0.509109 0.773241 0.507021 0.777233 0.504550 0.781079 0.502077 0.784188 0.499981 0.786086 0.498583 0.786485 0.498095 0.790399 0.486494 0.781764 0.472805 0.778544 0.473116
0 0.302260 0.152498 0.302915 0.160306 0.306507 0.167271 0.306840 0.167842 0.312814 0.172892 0.320266 0.175273 0.328061 0.174619 0.335014 0.171033 0.340064 0.165059 0.342444 0.157607 0.341790 0.149812 0.341518 0.149209 0.337926 0.142245 0.331941 0.137186 0.324476 0.134801 0.316668 0.135456 0.309704 0.139048 0.304645 0.145033
0 0.539628 0.266553 0.539906 0.270981 0.540485 0.279689 0.542025 0.283054 0.544701 0.286624 0.548109 0.289859 0.551735 0.292272 0.555030 0.293497 0.564097 0.293945 0.568219 0.293694 0.572037 0.289756 0.574162 0.287235 0.577453 0.278211 0.577289 0.274674 0.575272 0.270166 0.571708 0.265376 0.567142 0.261041 0.562278 0.257831 0.557865 0.256236 0.554576 0.256495 0.545530 0.260055 0.541686 0.263982
0 0.686758 0.242087 0.688664 0.249674 0.693329 0.255953 0.700042 0.259970 0.707781 0.261111 0.715368 0.259205 0.721647 0.254540 0.722029 0.254117 0.726053 0.247393 0.727196 0.239641 0.725286 0.232041 0.720613 0.225751 0.713889 0.221727 0.706136 0.220584 0.698537 0.222493 0.692246 0.227166 0.691916 0.227635 0.687899 0.234348
0 0.883938 0.420389 0.886545 0.425824 0.894531 0.433162 0.895240 0.433041 0.898071 0.431887 0.902597 0.429872 0.908129 0.427304 0.913815 0.424577 0.918778 0.422111 0.922257 0.420286 0.923723 0.419379 0.923025 0.408575 0.920413 0.403129 0.909406 0.398875 0.908854 0.399011 0.906724 0.399915 0.903344 0.401446 0.899227 0.403372 0.894996 0.405401 0.891289 0.407229 0.888665 0.408577 0.887526 0.409242
0 0.323638 0.383732 0.324887 0.391469 0.329003 0.398137 0.335356 0.402724 0.335639 0.402891 0.343251 0.404694 0.350974 0.403447 0.357631 0.399338 0.362210 0.392996 0.364013 0.385384 0.362766 0.377661 0.358657 0.371004 0.358414 0.370782 0.352061 0.366195 0.344435 0.364389 0.336699 0.365639 0.330031 0.369754 0.325444 0.376107
0 0.408728 0.065692 0.408735 0.067826 0.408830 0.071426 0.408998 0.075944 0.409215 0.080685 0.409446 0.084921 0.409656 0.088004 0.409814 0.089465 0.419154 0.099451 0.467113 0.097456 0.465451 0.057491 0.465051 0.052375 0.416538 0.054393 0.408811 0.065348
0 0.482752 0.685745 0.482877 0.686898 0.483279 0.689697 0.483897 0.693716 0.484637 0.698341 0.485386 0.702862 0.486027 0.706584 0.486464 0.708939 0.486629 0.709570 0.496338 0.717387 0.544263 0.709587 0.537763 0.669650 0.537331 0.667711 0.489955 0.675422
0 0.185587 0.529680 0.185640 0.530484 0.188527 0.541490 0.233137 0.560662 0.236187 0.559969 0.251980 0.523219 0.207880 0.504266 0.204503 0.504316 0.195170 0.508308 0.194405 0.509163 0.193026 0.511584 0.191245 0.515201 0.189334 0.519463 0.187586 0.523715 0.186271 0.527303
0 0.264756 0.348134 0.303199 0.377524 0.321968 0.356045 0.331616 0.343426 0.356326 0.311105 0.372474 0.286914 0.334031 0.257523 0.317252 0.265360 0.316451 0.265781 0.314647 0.267607 0.312117 0.270560 0.309245 0.274190 0.274488 0.319653 0.271726 0.323390 0.269508 0.326648 0.268172 0.328929 0.267919 0.329887
0 0.339673 0.437908 0.347825 0.454536 0.348366 0.455022 0.350314 0.456529 0.353373 0.458828 0.357078 0.461569 0.403187 0.495464 0.406955 0.498216 0.410195 0.500548 0.412412 0.502103 0.413269 0.502645 0.431572 0.505464 0.460234 0.466474 0.436744 0.449171 0.403425 0.424678 0.390416 0.415116 0.368334 0.398918
0 0.127965 0.630390 0.127977 0.632838 0.134258 0.651116 0.182068 0.658589 0.189006 0.629363 0.197743 0.573473 0.199684 0.545899 0.151874 0.538425 0.140872 0.553322 0.140254 0.554303 0.139443 0.556962 0.138564 0.560895 0.137751 0.565501 0.128913 0.622041 0.128293 0.626598
0 0.301009 0.628269 0.341369 0.632252 0.385712 0.595876 0.387280 0.594561 0.391209 0.554754 0.351402 0.550826 0.349336 0.551532 0.304992 0.587909
0 0.127782 0.175406 0.128988 0.186672 0.130295 0.187902 0.140516 0.197357 0.162307 0.217373 0.164969 0.219631 0.190372 0.239866 0.191659 0.240402 0.196827 0.235878 0.204090 0.228008 0.209194 0.221773 0.213600 0.215667 0.215392 0.212644 0.216251 0.208922 0.186002 0.144985 0.184507 0.143576 0.182135 0.142164 0.179246 0.140963 0.176283 0.140158 0.173700 0.139873 0.171891 0.140149 0.141775 0.158195 0.139324 0.160115 0.136319 0.163077 0.133224 0.166627 0.130513 0.170220 0.128602 0.173303
0 0.625031 0.645549 0.625075 0.656940 0.652812 0.690819 0.655146 0.693446 0.678090 0.717779 0.681126 0.715884 0.685077 0.712843 0.692194 0.706672 0.700190 0.699386 0.704843 0.694940 0.707846 0.691815 0.708317 0.691074 0.685608 0.621519 0.684662 0.620304 0.682750 0.618847 0.680161 0.617372 0.677293 0.616105 0.674585 0.615239 0.672451 0.614907 0.671215 0.615158 0.642646 0.629863 0.640986 0.631218 0.638270 0.633543 0.634911 0.636483 0.631416 0.639595 0.628313 0.642409 0.626071 0.644500
0 0.795967 0.726516 0.805583 0.758184 0.806432 0.759615 0.808090 0.762382 0.810305 0.766063 0.812743 0.770104 0.815036 0.773894 0.816838 0.776860 0.817873 0.778552 0.817982 0.778706 0.829568 0.781170 0.842629 0.773617 0.867368 0.759288 0.870381 0.757485 0.898702 0.739888 0.897950 0.737935 0.896006 0.734299 0.891338 0.726428 0.885499 0.716913 0.881756 0.710986 0.878911 0.706676 0.878042 0.705519 0.804926 0.713721 0.803672 0.714711 0.801973 0.716525 0.800086 0.718888 0.798301 0.721438 0.796891 0.723783 0.796072 0.725566
0 0.824568 0.964367 0.825251 0.967101 0.827319 0.973631 0.829962 0.981072 0.834018 0.991508 0.837220 0.998773 0.838506 1.000000 0.869401 0.989240 0.872682 0.988021 0.914458 0.972385 0.919517 0.961785 0.919425 0.960295 0.918662 0.957302 0.917344 0.953263 0.915672 0.948797 0.913904 0.944590 0.912311 0.941288 0.911136 0.939392 0.890948 0.911752 0.890476 0.911271 0.888846 0.910819 0.886306 0.910464 0.883243 0.910261 0.880127 0.910241 0.877435 0.910407 0.875577 0.910734 0.874835 0.911171 0.824910 0.962716
