0 0.580553 0.865806 0.581485 0.870035 0.623227 0.894838 0.634625 0.889743 0.636115 0.887925 0.638224 0.884840 0.640628 0.880957 0.642958 0.876873 0.644855 0.873217 0.646032 0.870546 0.646308 0.869268 0.643896 0.860053 0.642251 0.855938 0.600986 0.831418
0 0.060976 0.554349 0.093001 0.579080 0.097652 0.578177 0.126990 0.540186 0.123704 0.528733 0.123474 0.528135 0.121828 0.526508 0.119021 0.524103 0.115477 0.521283 0.111733 0.518474 0.108352 0.516101 0.105846 0.514522 0.104599 0.513980 0.090653 0.515920
0 0.792220 0.866938 0.792405 0.867174 0.793699 0.868810 0.795904 0.871594 0.798685 0.875105 0.801622 0.878811 0.806235 0.884630 0.807210 0.885858 0.820751 0.889091 0.858808 0.858939 0.833681 0.827224 0.829867 0.823484 0.792245 0.853292
0 0.732451 0.811188 0.735138 0.814786 0.776585 0.840078 0.787342 0.835367 0.789030 0.833504 0.791293 0.830402 0.793784 0.826532 0.796121 0.822491 0.797943 0.818899 0.798974 0.816305 0.799058 0.815104 0.797662 0.805539 0.794261 0.802047 0.753287 0.777043
0 0.452398 0.387442 0.453053 0.388989 0.470638 0.425025 0.506674 0.407439 0.506767 0.406149 0.488936 0.369611
0 0.456583 0.825355 0.458503 0.832956 0.463185 0.839244 0.469917 0.843261 0.477674 0.844396 0.485275 0.842476 0.491563 0.837794 0.495579 0.831062 0.496715 0.823305 0.496721 0.822749 0.494804 0.815162 0.490130 0.808885 0.483409 0.804875 0.475666 0.803741 0.468078 0.805658 0.461801 0.810332 0.457791 0.817053 0.456658 0.824796
0 0.491626 0.699726 0.492517 0.707511 0.496319 0.714364 0.502454 0.719238 0.509987 0.721396 0.517773 0.720504 0.524625 0.716703 0.529500 0.710568 0.531657 0.703034 0.530766 0.695249 0.530713 0.694913 0.526918 0.688073 0.520793 0.683206 0.513273 0.681053 0.505501 0.681942 0.498661 0.685738 0.493794 0.691862 0.491641 0.699383
0 0.165587 0.761900 0.165914 0.772766 0.168328 0.778303 0.179132 0.782865 0.180388 0.782495 0.183145 0.781430 0.186983 0.779832 0.191314 0.777944 0.195473 0.776057 0.198820 0.774462 0.200847 0.773400 0.201249 0.773033 0.205196 0.761934 0.202788 0.756409 0.195094 0.748831 0.193400 0.749377 0.189732 0.750830 0.184651 0.752965 0.178921 0.755463 0.173405 0.757946 0.168934 0.760041 0.166185 0.761431
0 0.358799 0.338157 0.379210 0.372885 0.379764 0.373468 0.414332 0.353150 0.413938 0.352474 0.393527 0.317746
0 0.360561 0.467252 0.377214 0.503823 0.377775 0.503805 0.414179 0.487229 0.397602 0.450825 0.397132 0.450599
0 0.564438 0.127699 0.579157 0.164998 0.616455 0.150279 0.616991 0.148669 0.602205 0.111199 0.564735 0.125985
0 0.288936 0.300393 0.289903 0.301308 0.329943 0.303464 0.332099 0.263425 0.331326 0.262335 0.291102 0.260169
0 0.546869 0.697647 0.550151 0.716803 0.555161 0.737122 0.566869 0.735450 0.593228 0.727831 0.584979 0.688562 0.573311 0.690366
0 0.114718 0.305337 0.115338 0.306827 0.116849 0.308760 0.119023 0.310842 0.198454 0.378688 0.200943 0.380589 0.203352 0.382004 0.205315 0.382720 0.206531 0.382628 0.255512 0.322607 0.255759 0.321769 0.255035 0.320263 0.253454 0.318320 0.243022 0.307837 0.181907 0.255636 0.169219 0.246371 0.166788 0.244886 0.164791 0.244069 0.163533 0.244043 0.115083 0.304518
0 0.819635 0.937668 0.819663 0.939002 0.849300 1.000000 0.864070 1.000000 0.953739 0.964610 0.956409 0.963141 0.958391 0.961459 0.959384 0.959820 0.959237 0.958475 0.930185 0.889835 0.928942 0.889042 0.926770 0.888869 0.924000 0.889341 0.909157 0.893927 0.835721 0.926595 0.822783 0.934368 0.820731 0.936041
0 0.626644 0.176223 0.626921 0.177847 0.627623 0.178365 0.701845 0.200253 0.702921 0.199608 0.704151 0.197879 0.705347 0.195329 0.706324 0.192347 0.733292 0.091425 0.733897 0.088484 0.734033 0.086052 0.733680 0.084500 0.732892 0.084063 0.658851 0.061501 0.657806 0.062267 0.656606 0.064100 0.655431 0.066719 0.650198 0.081591 0.629449 0.159241 0.626832 0.173743
0 0.417584 0.293272 0.417838 0.294421 0.419139 0.295961 0.421288 0.297659 0.434258 0.305963 0.505484 0.343202 0.519460 0.348986 0.521988 0.349733 0.523857 0.349850 0.524782 0.349317 0.560587 0.281429 0.560456 0.280274 0.559261 0.278727 0.557183 0.277024 0.554539 0.275425 0.461966 0.227026 0.459176 0.225784 0.456684 0.225098 0.454869 0.225071 0.454008 0.225707
