0 0.028892 0.643365 0.030191 0.651093 0.034350 0.657734 0.040733 0.662280 0.048370 0.664036 0.056098 0.662736 0.056861 0.662456 0.063491 0.658305 0.068028 0.651933 0.069781 0.644309 0.068484 0.636594 0.064332 0.629964 0.057960 0.625427 0.050336 0.623674 0.042621 0.624971 0.041834 0.625186 0.035193 0.629345 0.030647 0.635728
0 0.651967 0.941684 0.652930 0.947785 0.654777 0.953804 0.657223 0.958811 0.659891 0.962040 0.662372 0.962999 0.672417 0.964693 0.677902 0.963337 0.680268 0.961529 0.685252 0.952420 0.686026 0.949708 0.686047 0.945776 0.685312 0.941219 0.683933 0.936727 0.682119 0.932977 0.680143 0.930537 0.671781 0.925114 0.668703 0.923844 0.663235 0.925222 0.660835 0.926953 0.653118 0.932845 0.652034 0.936437
0 0.081785 0.247637 0.084098 0.255124 0.089100 0.261156 0.089806 0.261566 0.096724 0.265219 0.104513 0.265945 0.111987 0.263637 0.118008 0.258643 0.121661 0.251725 0.122387 0.243937 0.120079 0.236462 0.115085 0.230441 0.114422 0.229977 0.107493 0.226318 0.099691 0.225591 0.092203 0.227903 0.086172 0.232905 0.082513 0.239835
0 0.243735 0.948853 0.245262 0.951005 0.248552 0.954184 0.253105 0.957902 0.258222 0.961589 0.263113 0.964675 0.267027 0.966687 0.269366 0.967320 0.278404 0.961565 0.281935 0.956664 0.282425 0.955642 0.280922 0.944306 0.279736 0.942704 0.277252 0.940344 0.273850 0.937584 0.270042 0.934841 0.266404 0.932528 0.263485 0.930995 0.261729 0.930477 0.250451 0.932605 0.246928 0.937495 0.246358 0.938476
0 0.018437 0.040077 0.020347 0.047680 0.025021 0.053975 0.025837 0.054742 0.032553 0.058760 0.040295 0.059904 0.047885 0.057997 0.054168 0.053331 0.058187 0.046615 0.059330 0.038874 0.057423 0.031283 0.052757 0.025000 0.051988 0.024182 0.045261 0.020157 0.037505 0.019011 0.029902 0.020921 0.023608 0.025595 0.019583 0.032322
0 0.141979 0.110869 0.164368 0.144685 0.168971 0.149558 0.235676 0.105395 0.213594 0.072042 0.209612 0.066091
0 0.224686 0.706906 0.299101 0.738705 0.301397 0.735977 0.320259 0.691838 0.315187 0.681918 0.314587 0.681318 0.312393 0.680090 0.308944 0.678422 0.304762 0.676567 0.267895 0.660813 0.263601 0.659045 0.259833 0.657629 0.257162 0.656779 0.255997 0.656625 0.246694 0.660402 0.243766 0.662257
0 0.000000 0.311648 0.001581 0.313800 0.039905 0.331993 0.045164 0.333913 0.053683 0.329235 0.054656 0.328628 0.056246 0.326449 0.058212 0.323035 0.060257 0.318901 0.077056 0.282499 0.078874 0.278262 0.080197 0.274550 0.080823 0.271926 0.080655 0.270791 0.078685 0.261275 0.073814 0.258515 0.029728 0.238170 0.000365 0.304751
0 0.843217 0.688432 0.843499 0.728431 0.847470 0.731072 0.863655 0.730958 0.870539 0.720898 0.870936 0.718523 0.871187 0.714759 0.871252 0.710181 0.871121 0.705492 0.870816 0.701414 0.870382 0.698568 0.869886 0.697388 0.863370 0.690497 0.859217 0.688320
0 0.703925 0.159557 0.713245 0.198556 0.752244 0.189236 0.753405 0.187805 0.744042 0.148627 0.704863 0.157990
0 0.090976 0.768078 0.107062 0.804901 0.143885 0.788815 0.145513 0.787495 0.129501 0.750840 0.092846 0.766852
0 0.390759 0.082074 0.391260 0.083989 0.423918 0.107254 0.447182 0.074595 0.446939 0.072637 0.414131 0.049265
0 0.593001 0.028822 0.597292 0.046837 0.597766 0.048129 0.599372 0.050611 0.601862 0.053901 0.604860 0.057502 0.642116 0.100420 0.645178 0.103800 0.647853 0.106461 0.649736 0.107998 0.667771 0.114955 0.704314 0.083233 0.687146 0.058099 0.660038 0.026871 0.649454 0.014679 0.629544 0.000000
0 0.485978 0.109521 0.514026 0.148954 0.536961 0.135397 0.583058 0.102608 0.606971 0.082842 0.578922 0.043409 0.559906 0.045875 0.557831 0.046888 0.554666 0.048830 0.550894 0.051404 0.504261 0.084574 0.500475 0.087376 0.497269 0.089967 0.495132 0.091949 0.494388 0.093023
0 0.812068 0.224823 0.826749 0.237237 0.828940 0.238088 0.832516 0.239118 0.836937 0.240169 0.892465 0.252279 0.897077 0.253197 0.901199 0.253847 0.904207 0.254129 0.905641 0.254000 0.923507 0.249126 0.933818 0.201846 0.909293 0.193271 0.853115 0.181020 0.822379 0.177543
0 0.066930 0.365632 0.071879 0.367168 0.119814 0.369665 0.126585 0.361326 0.127125 0.360593 0.127677 0.358142 0.128157 0.354350 0.128494 0.349791 0.128636 0.345154 0.128563 0.341138 0.128284 0.338351 0.127841 0.337221 0.121895 0.329720 0.084031 0.287693 0.079222 0.285238 0.071141 0.284817
0 0.464700 0.282503 0.468537 0.330906 0.468897 0.332838 0.477415 0.339764 0.478359 0.339903 0.480985 0.339875 0.484890 0.339686 0.489482 0.339364 0.494069 0.338958 0.497958 0.338529 0.500561 0.338142 0.501477 0.337856 0.508772 0.329677 0.545485 0.286641 0.546011 0.284174 0.545371 0.276107
0 0.135249 0.759261 0.158639 0.791966 0.186256 0.821666 0.215957 0.794050 0.219852 0.790017 0.165377 0.731430 0.164610 0.731960
0 0.066181 0.423954 0.069547 0.459083 0.091070 0.460135 0.109866 0.460083 0.113733 0.432277 0.115169 0.375733 0.114690 0.369839 0.074638 0.368845
