0 0.768529 0.871879 0.768629 0.874332 0.768951 0.875849 0.769445 0.876200 0.848800 0.884613 0.849326 0.883736 0.849870 0.881771 0.850347 0.879020 0.852270 0.863544 0.858684 0.783426 0.859188 0.768593 0.859131 0.766084 0.858873 0.764482 0.858453 0.764034 0.779042 0.756318 0.778459 0.757082 0.777866 0.758951 0.777354 0.761638 0.777002 0.764736 0.768666 0.868865
0 0.029575 0.341840 0.029720 0.341949 0.030961 0.342538 0.033110 0.343518 0.035840 0.344739 0.131323 0.387147 0.134198 0.388415 0.136761 0.389527 0.138622 0.390316 0.139496 0.390660 0.172042 0.317379 0.171196 0.316971 0.169360 0.316128 0.166813 0.314978 0.152528 0.308585 0.078994 0.275926 0.065725 0.270082 0.063560 0.269138 0.062295 0.268604 0.062121 0.268559
0 0.753728 0.357656 0.754776 0.360597 0.756869 0.362912 0.777619 0.380572 0.778142 0.380954 0.780363 0.381724 0.783939 0.382765 0.788328 0.383919 0.827206 0.393708 0.831757 0.394805 0.835792 0.395680 0.838701 0.396201 0.840038 0.396289 0.863660 0.389800 0.872166 0.387222 0.875175 0.386149 0.877545 0.384007 0.878914 0.381121 0.879075 0.377930 0.878002 0.374921 0.875860 0.372552 0.872974 0.371183 0.769762 0.345196 0.766572 0.345035 0.763563 0.346108 0.757538 0.349625 0.755223 0.351719 0.753885 0.354539
0 0.611132 0.160734 0.657747 0.172181 0.668874 0.164522 0.669317 0.163185 0.670132 0.160260 0.671197 0.156191 0.672347 0.151599 0.673407 0.147191 0.674213 0.143644 0.674642 0.141499 0.674631 0.141080 0.669220 0.129096 0.639574 0.080151 0.631715 0.078221 0.630210 0.083042
0 0.448302 0.140926 0.448420 0.141747 0.486153 0.212290 0.521424 0.193423 0.521722 0.189160 0.502593 0.153399 0.483654 0.122017
0 0.349867 0.460833 0.369193 0.488270 0.405072 0.533603 0.437159 0.509613 0.433856 0.505043 0.399975 0.459734 0.382168 0.436683 0.366217 0.448596
0 0.702893 0.041746 0.706600 0.046491 0.746748 0.086327 0.768894 0.102934 0.782454 0.090301 0.797321 0.074325 0.775599 0.045660 0.731131 0.013325
0 0.567476 0.482691 0.567479 0.485802 0.567774 0.488818 0.568315 0.491277 0.569019 0.492803 0.623577 0.540823 0.626297 0.539690 0.629324 0.538343 0.636029 0.535318 0.643327 0.531993 0.653152 0.527477 0.659542 0.524495 0.660205 0.524110 0.647183 0.493605 0.645723 0.490416 0.632905 0.464623 0.626082 0.451013 0.615571 0.446581 0.615340 0.446512 0.613486 0.447202 0.610286 0.448549 0.606230 0.450347 0.601938 0.452320 0.598072 0.454166 0.595224 0.455601 0.593825 0.456406 0.569004 0.477187 0.568302 0.478028 0.567765 0.479960
0 0.609256 0.742225 0.616677 0.791975 0.619687 0.809752 0.620802 0.815405 0.626340 0.818916 0.635025 0.818982 0.648185 0.816854 0.656279 0.814075 0.660048 0.809059 0.657355 0.789604 0.656383 0.782770 0.654284 0.768596 0.649336 0.735745 0.645571 0.731252 0.632404 0.718769 0.630482 0.717451 0.627774 0.716798 0.624693 0.716914 0.621710 0.717779 0.619281 0.719262 0.617776 0.721135 0.610953 0.736849
0 0.288497 0.743652 0.288695 0.777608 0.288718 0.779416 0.289301 0.782679 0.290355 0.786900 0.291721 0.791432 0.293187 0.795579 0.294529 0.798704 0.295541 0.800331 0.305888 0.805463 0.320820 0.801298 0.348972 0.793376 0.352314 0.792344 0.383393 0.781966 0.383851 0.780761 0.382280 0.773665 0.379301 0.763180 0.376847 0.755573 0.374358 0.748762 0.373071 0.745810 0.371293 0.743626 0.300061 0.734282 0.298273 0.734909 0.295952 0.736239 0.293452 0.738071 0.291156 0.740125 0.289416 0.742085
0 0.838479 0.143403 0.839434 0.146961 0.842111 0.154177 0.845423 0.161566 0.850382 0.170925 0.854178 0.176341 0.855535 0.175770 0.885337 0.163050 0.888495 0.161566 0.927068 0.141492 0.928623 0.140189 0.932722 0.129732 0.932466 0.127303 0.931413 0.123694 0.929726 0.119456 0.927660 0.115238 0.925535 0.111690 0.923676 0.109355 0.899328 0.084740 0.897646 0.083899 0.895074 0.083438 0.892003 0.083429 0.888903 0.083872 0.886251 0.084701 0.884448 0.085787 0.838585 0.139072
0 0.598846 0.044888 0.601541 0.054543 0.602867 0.057523 0.607887 0.060170 0.610711 0.060464 0.620458 0.061273 0.623582 0.059312 0.627080 0.055445 0.630416 0.050260 0.633075 0.044554 0.634648 0.039205 0.634895 0.035036 0.633782 0.032681 0.627387 0.024679 0.622369 0.022004 0.619518 0.021790 0.609644 0.025200 0.607317 0.026710 0.604718 0.029628 0.602238 0.033511 0.600253 0.037771 0.599063 0.041764
0 0.507074 0.210518 0.507821 0.216631 0.510256 0.222407 0.514012 0.226973 0.518525 0.229641 0.525171 0.231088 0.530903 0.231536 0.534941 0.230129 0.539902 0.227621 0.543332 0.222525 0.544699 0.215614 0.544429 0.211689 0.543883 0.207100 0.542055 0.202764 0.540729 0.200692 0.535999 0.194979 0.530326 0.191679 0.524584 0.191290 0.520527 0.192654 0.515592 0.195223 0.510837 0.200886 0.508132 0.204991
0 0.129429 0.101305 0.129511 0.109141 0.132583 0.116349 0.133215 0.117009 0.138803 0.122483 0.146061 0.125402 0.153883 0.125320 0.161079 0.122253 0.166553 0.116664 0.169472 0.109406 0.169391 0.101584 0.166323 0.094388 0.165749 0.093690 0.160151 0.088207 0.152880 0.085282 0.145045 0.085364 0.137836 0.088437 0.132353 0.094035
0 0.211669 0.070409 0.214454 0.077733 0.214945 0.078459 0.220311 0.084151 0.227447 0.087355 0.235266 0.087586 0.242579 0.084806 0.248271 0.079440 0.251475 0.072303 0.251706 0.064484 0.248925 0.057172 0.248493 0.056410 0.243118 0.050708 0.235969 0.047498 0.228136 0.047267 0.220812 0.050052 0.215110 0.055428 0.211900 0.062576
0 0.559846 0.733921 0.560675 0.737181 0.601326 0.737801 0.631009 0.709010 0.642597 0.697769 0.643217 0.657117 0.641253 0.654957 0.601160 0.654346 0.560456 0.693828
0 0.016218 0.712184 0.024485 0.751524 0.033678 0.751234 0.080294 0.740672 0.082887 0.730203 0.083296 0.727590 0.084773 0.687202 0.084600 0.683258 0.083863 0.678657 0.082676 0.674104 0.081222 0.670301 0.079723 0.667827 0.073340 0.660266 0.063666 0.661538 0.016967 0.671702
0 0.000000 0.690477 0.067251 0.656623 0.069130 0.655670 0.069391 0.655479 0.080513 0.640672 0.059663 0.597004 0.030102 0.610188 0.000886 0.625160 0.000000 0.626243
0 0.467036 0.618336 0.484195 0.642170 0.519056 0.687895 0.536190 0.709040 0.574672 0.679700 0.571533 0.661449 0.570881 0.660505 0.569215 0.658245 0.566792 0.655015 0.563977 0.651306 0.529519 0.606110 0.526729 0.602468 0.524375 0.599431 0.522814 0.597459 0.522286 0.596856 0.505518 0.588997
0 0.912858 0.362408 0.917372 0.373578 0.964196 0.384135 0.969563 0.382796 0.987362 0.303852 0.939996 0.293173 0.934967 0.295537 0.927358 0.300331 0.926593 0.301488 0.925543 0.304256 0.924367 0.308209 0.923244 0.312750 0.914426 0.351860 0.913522 0.356312 0.912971 0.360015
0 0.240568 0.843299 0.249486 0.851624 0.251828 0.852401 0.255573 0.853234 0.260149 0.853996 0.264853 0.854569 0.268961 0.854866 0.271846 0.854842 0.273070 0.854500 0.281086 0.849129 0.286090 0.841149 0.292927 0.793639 0.253335 0.787941 0.247565 0.794677
0 0.323213 0.860379 0.331767 0.867308 0.332463 0.867846 0.334893 0.868410 0.338691 0.868914 0.343275 0.869279 0.383577 0.871613 0.388233 0.871783 0.392235 0.871731 0.394971 0.871466 0.396027 0.871029 0.404002 0.865058 0.405099 0.860886 0.407875 0.812966 0.328008 0.808341 0.326020 0.811905
