0 0.232372 0.403641 0.237368 0.421474 0.237651 0.422041 0.239156 0.423870 0.241656 0.426682 0.244769 0.430049 0.283954 0.471756 0.287191 0.475148 0.290045 0.478034 0.292079 0.479973 0.292985 0.480670 0.310471 0.486767 0.345738 0.453632 0.327618 0.433393 0.288884 0.392166 0.267639 0.370507
0 0.530363 0.791885 0.568431 0.804375 0.587425 0.754968 0.597298 0.719803 0.578006 0.712406 0.558977 0.707230 0.549726 0.732283 0.532087 0.786013
0 0.719955 0.629410 0.757206 0.644157 0.782551 0.593267 0.792464 0.560376 0.772951 0.552389 0.754965 0.545531 0.742536 0.571324 0.721694 0.623915
0 0.323846 0.397800 0.325859 0.398968 0.395977 0.437483 0.419086 0.395412 0.415685 0.383444 0.414767 0.382848 0.412373 0.381454 0.408865 0.379474 0.404778 0.377211 0.400742 0.375012 0.397377 0.373216 0.395195 0.372097 0.394529 0.371823 0.382686 0.374723 0.327742 0.390707
0 0.482416 0.879253 0.486023 0.919155 0.542855 0.920931 0.576699 0.913740 0.575047 0.892300 0.573068 0.873572 0.544449 0.873071 0.488107 0.878132
0 0.366446 0.209103 0.367972 0.212428 0.403734 0.230347 0.425237 0.187433 0.424373 0.183819 0.421444 0.174389 0.420518 0.173547 0.418083 0.172006 0.414510 0.170000 0.410344 0.167837 0.406225 0.165849 0.402787 0.164341 0.400553 0.163543 0.399863 0.163576 0.388197 0.165693
0 0.358259 0.757442 0.358587 0.760309 0.359210 0.764363 0.360033 0.768987 0.360930 0.773469 0.361762 0.777121 0.362403 0.779385 0.362755 0.779919 0.371913 0.787893 0.419624 0.778882 0.420543 0.775695 0.413119 0.736390 0.365953 0.745298 0.358276 0.756200
0 0.210914 0.056592 0.212809 0.064199 0.213303 0.064948 0.217956 0.071241 0.224664 0.075273 0.232404 0.076432 0.239997 0.074540 0.246290 0.069887 0.250322 0.063179 0.251481 0.055439 0.249589 0.047846 0.249158 0.047067 0.244497 0.040764 0.237778 0.036725 0.230024 0.035563 0.222418 0.037459 0.216114 0.042120 0.212075 0.048839
0 0.169571 0.042952 0.170108 0.048221 0.171873 0.051863 0.178844 0.057896 0.182231 0.059717 0.187360 0.061200 0.191408 0.060030 0.198866 0.054750 0.201328 0.052369 0.203457 0.048667 0.204931 0.044205 0.205529 0.039657 0.205159 0.035708 0.201875 0.028360 0.199730 0.023771 0.196377 0.021873 0.191232 0.020411 0.181771 0.021913 0.178512 0.022792 0.175193 0.025941 0.172324 0.030883 0.170349 0.036861
0 0.709748 0.781543 0.712721 0.788778 0.713087 0.789276 0.718613 0.794832 0.725843 0.797851 0.733680 0.797873 0.740928 0.794895 0.746484 0.789370 0.749504 0.782139 0.749526 0.774303 0.746548 0.767054 0.746124 0.766595 0.740608 0.761049 0.733389 0.758034 0.725567 0.758012 0.718331 0.760985 0.712784 0.766501 0.709770 0.773720
0 0.204285 0.463621 0.204947 0.471429 0.208547 0.478389 0.214537 0.483443 0.222004 0.485818 0.222482 0.485842 0.230276 0.485182 0.237225 0.481587 0.242269 0.475608 0.244640 0.468154 0.243980 0.460359 0.240385 0.453411 0.234406 0.448366 0.226952 0.445995 0.226482 0.445902 0.218674 0.446564 0.211713 0.450164 0.206660 0.456154
0 0.042293 0.133698 0.046677 0.169755 0.047604 0.171144 0.049444 0.172867 0.051916 0.174661 0.054642 0.176251 0.057204 0.177393 0.059212 0.177915 0.060358 0.177736 0.128255 0.160846 0.130532 0.158859 0.131755 0.155915 0.133776 0.149009 0.135491 0.141219 0.137189 0.130390 0.137596 0.122957 0.136461 0.121526 0.104786 0.114565 0.101362 0.113887 0.072198 0.108738 0.056699 0.106027 0.047090 0.112276 0.045988 0.113866 0.044784 0.117017 0.043661 0.121246 0.042792 0.125906 0.042312 0.130280
0 0.634109 0.605425 0.636263 0.607082 0.638982 0.608827 0.645174 0.612641 0.652033 0.616757 0.661419 0.622251 0.667695 0.625772 0.668637 0.626049 0.686177 0.598012 0.687966 0.594998 0.702039 0.569751 0.709446 0.556377 0.706968 0.544996 0.705462 0.543840 0.702620 0.541958 0.698875 0.539637 0.694801 0.537233 0.691024 0.535115 0.688124 0.533609 0.686541 0.532942 0.654966 0.524425 0.653956 0.524310 0.652128 0.524955 0.649759 0.526262 0.647212 0.528033 0.644877 0.529996 0.643111 0.531849 0.642184 0.533312
0 0.221495 0.831512 0.276187 0.889821 0.281184 0.887336 0.444035 0.721261 0.388233 0.662924 0.383662 0.664426
