0 0.026206 0.322732 0.037036 0.326784 0.084340 0.334925 0.092435 0.326820 0.093332 0.324441 0.094297 0.320726 0.095184 0.316237 0.095859 0.311651 0.096220 0.307662 0.096212 0.304871 0.095835 0.303709 0.091125 0.295505 0.081560 0.290721 0.033149 0.282390
0 0.161241 0.928452 0.166039 0.977340 0.206779 0.973342 0.213481 0.962523 0.208793 0.914752 0.197761 0.908964 0.195501 0.908762 0.191844 0.908839 0.187343 0.909182 0.182679 0.909738 0.178556 0.910425 0.175596 0.911139 0.174254 0.911771 0.170466 0.916559
0 0.777929 0.567010 0.779939 0.577731 0.822009 0.600841 0.825732 0.602007 0.864695 0.531080 0.822139 0.507702 0.818457 0.507614 0.808921 0.510594 0.808072 0.511384 0.806471 0.513659 0.804364 0.517069 0.802068 0.521099 0.782765 0.556238 0.780622 0.560288 0.778951 0.563756 0.778005 0.566117
0 0.182651 0.864543 0.258754 0.891962 0.258933 0.891562 0.259509 0.890062 0.260393 0.887692 0.261450 0.884811 0.297389 0.786296 0.298454 0.783358 0.299384 0.780757 0.300038 0.778888 0.300315 0.778036 0.224714 0.750750 0.224504 0.751021 0.223901 0.752402 0.222997 0.754682 0.221927 0.757516 0.185391 0.856356 0.184315 0.859325 0.183417 0.861923 0.182833 0.863756
0 0.224604 0.862607 0.224643 0.864601 0.224872 0.867364 0.226632 0.882849 0.237915 0.962513 0.240382 0.976880 0.240877 0.979223 0.241314 0.980589 0.241626 0.980772 0.321017 0.969527 0.321088 0.968512 0.320977 0.966446 0.320702 0.963645 0.320304 0.960533 0.305720 0.857561 0.305257 0.854591 0.304796 0.852196 0.304408 0.850738 0.304151 0.850441 0.224760 0.861685
0 0.232710 0.359760 0.232842 0.360285 0.234330 0.363870 0.236794 0.369482 0.241171 0.379175 0.245193 0.387848 0.247580 0.392718 0.249592 0.396524 0.249781 0.396531 0.268063 0.388969 0.280403 0.383843 0.283598 0.382389 0.322647 0.362672 0.327283 0.352053 0.327048 0.351468 0.326084 0.349297 0.324534 0.345866 0.322636 0.341700 0.320681 0.337438 0.318970 0.333734 0.317764 0.331157 0.317246 0.330096 0.297285 0.306281 0.296256 0.305361 0.294169 0.304647 0.291342 0.304248 0.288207 0.304227 0.285243 0.304585 0.282906 0.305269 0.281550 0.306172
0 0.351895 0.147450 0.353732 0.162943 0.357301 0.192128 0.357843 0.195581 0.363795 0.227669 0.364601 0.228592 0.371606 0.228289 0.382305 0.226955 0.390222 0.225595 0.397464 0.223986 0.400714 0.223007 0.403554 0.221173 0.422615 0.152491 0.422348 0.150544 0.421434 0.147993 0.420011 0.145227 0.418298 0.142671 0.416557 0.140715 0.415054 0.139659 0.380160 0.134219 0.376976 0.134205 0.372724 0.134567 0.368054 0.135251 0.363686 0.136151 0.360289 0.137130 0.358380 0.138036
0 0.000000 0.900259 0.061088 0.935940 0.065378 0.932780 0.068653 0.930287 0.075117 0.925305 0.081600 0.920260 0.089628 0.913946 0.094052 0.910383 0.082369 0.894383 0.074216 0.883686 0.072075 0.880909 0.044010 0.847419 0.032269 0.845497 0.031266 0.846053 0.028939 0.847666 0.025638 0.850093 0.021870 0.852963 0.018212 0.855836 0.015226 0.858271 0.013370 0.859893 0.012923 0.860458 0.000000 0.884676
0 0.428963 0.582079 0.444888 0.618842 0.496552 0.598033 0.528151 0.583405 0.520449 0.564518 0.512119 0.546397 0.486200 0.557206 0.434294 0.579687
0 0.348465 0.670840 0.369551 0.714578 0.381261 0.717551 0.381932 0.717439 0.384163 0.716544 0.387614 0.715001 0.391759 0.713045 0.395962 0.710976 0.399575 0.709114 0.402047 0.707742 0.403004 0.707069 0.425734 0.641353 0.422260 0.634147 0.350197 0.668888
0 0.422808 0.650041 0.423361 0.657292 0.426660 0.663383 0.428843 0.665387 0.434385 0.669394 0.441316 0.670710 0.445453 0.670271 0.451281 0.669011 0.456499 0.665634 0.460315 0.660649 0.462155 0.654812 0.462135 0.651443 0.461612 0.644204 0.458350 0.638098 0.456125 0.636138 0.450615 0.632101 0.443689 0.630746 0.436401 0.632290 0.429868 0.636501 0.425094 0.642737
0 0.405278 0.708148 0.405894 0.715960 0.409454 0.722941 0.415414 0.728029 0.422868 0.730448 0.430680 0.729831 0.437660 0.726271 0.442748 0.720311 0.445167 0.712857 0.445261 0.712492 0.444646 0.704693 0.441092 0.697724 0.435142 0.692645 0.427701 0.690231 0.419903 0.690846 0.412934 0.694400 0.407855 0.700350 0.407696 0.700695
0 0.497533 0.080346 0.497540 0.081286 0.500242 0.091641 0.502621 0.092605 0.507009 0.093652 0.512736 0.094626 0.518941 0.095379 0.524690 0.095798 0.529115 0.095820 0.531546 0.095440 0.536662 0.086034 0.537388 0.080050 0.537470 0.079108 0.530646 0.069854 0.528891 0.069101 0.525604 0.068287 0.521284 0.067538 0.516593 0.066969 0.512254 0.066667 0.508932 0.066678 0.507131 0.067000 0.498261 0.074349
0 0.441833 0.687131 0.442798 0.693047 0.444787 0.699020 0.447493 0.704130 0.450499 0.707591 0.453343 0.708879 0.463147 0.710020 0.468460 0.708376 0.471243 0.707035 0.475721 0.697483 0.476687 0.695044 0.476809 0.691333 0.476072 0.686915 0.474587 0.682456 0.472579 0.678630 0.470351 0.676016 0.462320 0.671313 0.458789 0.669633 0.453493 0.671298 0.450675 0.672563 0.443378 0.678952 0.442038 0.682180
0 0.174642 0.312471 0.177171 0.317957 0.185042 0.325486 0.185606 0.325799 0.188301 0.325084 0.192710 0.323455 0.198164 0.321158 0.203841 0.318542 0.208886 0.315999 0.212540 0.313913 0.214244 0.312599 0.213683 0.301869 0.211160 0.296396 0.210513 0.295938 0.199891 0.291566 0.197878 0.292063 0.194558 0.293261 0.190436 0.294982 0.186145 0.296959 0.182345 0.298890 0.179618 0.300479 0.178378 0.301482
