0 0.863423 0.578272 0.870137 0.634441 0.876425 0.639386 0.880777 0.640997 0.930804 0.577388 0.892638 0.547372 0.888151 0.546831 0.878688 0.548139 0.877622 0.548797 0.875587 0.550794 0.872895 0.553824 0.869952 0.557428 0.867202 0.561062 0.865062 0.564177 0.863854 0.566303 0.863766 0.567112
0 0.863353 0.053000 0.896362 0.098939 0.905570 0.107038 0.907693 0.107899 0.911241 0.108822 0.915676 0.109668 0.920328 0.110310 0.924496 0.110650 0.927549 0.110638 0.929019 0.110272 0.935836 0.105404 0.940875 0.100842 0.948723 0.052926 0.868862 0.039846 0.864646 0.045105
0 0.091619 0.654255 0.109819 0.689947 0.115512 0.687059 0.165878 0.661375 0.188415 0.649809 0.180700 0.631214 0.170094 0.613880 0.135907 0.630779
0 0.181086 0.696914 0.210284 0.735709 0.274943 0.687046 0.277515 0.684908 0.272704 0.678516 0.216691 0.670610 0.203493 0.669599 0.202366 0.670376 0.199937 0.672144 0.196574 0.674635 0.192791 0.677468 0.189169 0.680208 0.186266 0.682433 0.184525 0.683804 0.184207 0.684114
0 0.081534 0.380785 0.117560 0.399411 0.122805 0.400791 0.159546 0.329726 0.124014 0.311356 0.123152 0.310924 0.100160 0.344759
0 0.648075 0.209948 0.657108 0.227549 0.663272 0.239406 0.664977 0.242475 0.687761 0.279814 0.698782 0.283545 0.699433 0.283221 0.701598 0.282045 0.704949 0.280195 0.708976 0.277952 0.713060 0.275662 0.716573 0.273676 0.718978 0.272299 0.719909 0.271739 0.741789 0.250038 0.742676 0.248911 0.743263 0.246751 0.743460 0.243888 0.743235 0.240757 0.742623 0.237840 0.741718 0.235582 0.740658 0.234328 0.683548 0.189858 0.683132 0.189984 0.679817 0.191688 0.674517 0.194552 0.665266 0.199670 0.656903 0.204402 0.652102 0.207245 0.648232 0.209677
0 0.409479 0.308242 0.409887 0.309498 0.423281 0.337819 0.424034 0.338826 0.425881 0.341068 0.428542 0.344208 0.431609 0.347763 0.434611 0.351187 0.437088 0.353954 0.438661 0.355643 0.439093 0.355999 0.450676 0.356118 0.484818 0.328800 0.487467 0.326498 0.511792 0.303832 0.509172 0.300696 0.505736 0.296663 0.499515 0.289455 0.492510 0.281386 0.488423 0.276708 0.485774 0.273710 0.485348 0.273261 0.416318 0.295175 0.414935 0.296090 0.413344 0.297973 0.411789 0.300538 0.410508 0.303392 0.409697 0.306098
0 0.875306 0.237318 0.875423 0.239677 0.875917 0.243369 0.876710 0.247832 0.877684 0.252392 0.878691 0.256363 0.879580 0.259142 0.880215 0.260306 0.889932 0.266138 0.933207 0.258910 0.936654 0.258190 0.969458 0.250149 0.970033 0.245824 0.969778 0.240446 0.968107 0.231063 0.965613 0.220675 0.963802 0.214720 0.962188 0.210988 0.961495 0.210513 0.889141 0.196299 0.887759 0.196360 0.885645 0.197183 0.883120 0.198644 0.880571 0.200520 0.878389 0.202522 0.876906 0.204345 0.876348 0.205710
0 0.712813 0.576070 0.712833 0.581935 0.714687 0.585730 0.717571 0.590552 0.722887 0.593592 0.729832 0.594375 0.737344 0.592776 0.738379 0.592537 0.742518 0.590299 0.744266 0.589034 0.749532 0.583727 0.752335 0.577674 0.752255 0.571804 0.750441 0.567987 0.747500 0.563196 0.741286 0.559172 0.737009 0.556780 0.731458 0.556190 0.725474 0.557483 0.719960 0.560463 0.715748 0.564681 0.713477 0.569501
0 0.343898 0.735056 0.345316 0.742766 0.349577 0.749346 0.356032 0.753796 0.363698 0.755435 0.371408 0.754018 0.377988 0.749756 0.382438 0.743302 0.382640 0.742883 0.384276 0.735230 0.382861 0.727534 0.378607 0.720964 0.372164 0.716523 0.364511 0.714886 0.356814 0.716301 0.350245 0.720555 0.345803 0.726998 0.345538 0.727390
0 0.481624 0.250331 0.482286 0.254721 0.484263 0.260099 0.487254 0.265639 0.490797 0.270487 0.494347 0.273898 0.497360 0.275356 0.507223 0.274232 0.509726 0.273345 0.514671 0.270535 0.517441 0.259777 0.517963 0.257718 0.517436 0.254431 0.515943 0.250417 0.513711 0.246282 0.511076 0.242650 0.508436 0.240071 0.506190 0.238937 0.495944 0.235847 0.493410 0.236657 0.488468 0.239493 0.482375 0.247600
0 0.733248 0.824857 0.764216 0.898619 0.767890 0.904162 0.805284 0.888462 0.773885 0.813674 0.770129 0.809372
0 0.477752 0.345763 0.478057 0.347878 0.516414 0.418083 0.551516 0.398905 0.552233 0.397499 0.513343 0.326318
0 0.786147 0.844903 0.792841 0.852971 0.825849 0.889351 0.856166 0.861844 0.823157 0.825464 0.815771 0.818025 0.805882 0.818928 0.804800 0.819124 0.802527 0.820522 0.799411 0.822905 0.795924 0.825914 0.792591 0.829093 0.789917 0.831963 0.788306 0.834090 0.788006 0.835148
0 0.175030 0.425342 0.176520 0.425685 0.416722 0.439243 0.421241 0.359176 0.420878 0.358526 0.179571 0.344907
0 0.141997 0.265904 0.182229 0.281703 0.195305 0.285849 0.271500 0.057763 0.233068 0.037211 0.219640 0.033481 0.211958 0.048714 0.210026 0.052912 0.145528 0.245984 0.144514 0.250605
0 0.214569 0.239906 0.221045 0.265132 0.233734 0.304490 0.238688 0.319856 0.249566 0.348463 0.295623 0.333615 0.298741 0.315360 0.298725 0.314729 0.298147 0.312446 0.297098 0.308863 0.295735 0.304522 0.278297 0.250430 0.276823 0.245973 0.275455 0.242056 0.274399 0.239274 0.273819 0.238054 0.260625 0.225058
0 0.595921 0.433222 0.599796 0.448627 0.609722 0.488082 0.644052 0.508611 0.646055 0.508731 0.666870 0.473924 0.652878 0.418302 0.618071 0.397487 0.616451 0.398893
0 0.093104 0.119189 0.098693 0.124422 0.134338 0.142787 0.188348 0.125507 0.206712 0.089862 0.202629 0.084147 0.166487 0.065527 0.151110 0.070446 0.111724 0.083047
0 0.654195 0.691740 0.660681 0.731309 0.662922 0.734539 0.709620 0.768082 0.749740 0.761505 0.743164 0.721385 0.739820 0.718336 0.693764 0.685254
0 0.890575 0.663141 0.907685 0.717060 0.913354 0.720078 0.949362 0.738738 0.968023 0.702730 0.950675 0.648061 0.914666 0.629401 0.908980 0.627626
