0 0.583492 0.254480 0.609869 0.264208 0.664249 0.279775 0.669990 0.280986 0.681001 0.242464 0.628905 0.222457 0.594576 0.215702 0.588336 0.235864
0 0.853617 0.046723 0.855578 0.052545 0.880778 0.103172 0.896519 0.125329 0.913375 0.118015 0.932638 0.107385 0.921433 0.072419 0.889498 0.028898
0 0.497054 0.413892 0.510220 0.451732 0.515573 0.449941 0.569005 0.431346 0.596367 0.421460 0.589832 0.402605 0.583113 0.383369 0.551125 0.393638
0 0.477097 0.556246 0.477462 0.558038 0.478459 0.560467 0.485382 0.573910 0.527298 0.642489 0.536232 0.654990 0.537987 0.657064 0.539487 0.658324 0.540505 0.658577 0.606473 0.617199 0.606906 0.616373 0.606635 0.614629 0.605702 0.612232 0.604247 0.609546 0.549770 0.520414 0.548026 0.517868 0.546270 0.515865 0.544770 0.514712 0.543754 0.514582 0.477421 0.555365
0 0.873113 0.471167 0.873666 0.472712 0.874723 0.475005 0.876122 0.477698 0.925875 0.569025 0.927414 0.571726 0.928869 0.574042 0.930018 0.575622 0.930687 0.576224 1.000000 0.537865 1.000000 0.535860 0.999789 0.533589 0.998405 0.530894 0.948424 0.439148 0.946874 0.436458 0.945405 0.434202 0.944242 0.432723 0.943560 0.432246 0.873148 0.470605
0 0.888949 0.862140 0.889647 0.863370 0.954542 0.900150 0.955904 0.900350 0.957673 0.899460 0.959579 0.897617 0.961331 0.895100 0.962660 0.892295 1.000000 0.810072 1.000000 0.795962 0.950260 0.758687 0.948897 0.758608 0.947128 0.759602 0.945224 0.761516 0.936061 0.773691 0.895787 0.843247 0.889713 0.857384 0.888973 0.860038
0 0.531232 0.475480 0.543556 0.513534 0.544161 0.513722 0.582745 0.501228 0.570250 0.462644 0.531667 0.475139
0 0.185092 0.213321 0.193033 0.252997 0.196541 0.255820 0.243608 0.246400 0.248938 0.235375 0.249089 0.234824 0.248856 0.232561 0.248278 0.228933 0.247440 0.224491 0.246470 0.219904 0.245515 0.215865 0.244718 0.212986 0.244201 0.211706 0.232703 0.203792
0 0.041006 0.570186 0.051309 0.578674 0.051635 0.578818 0.053752 0.579021 0.057342 0.579252 0.061855 0.579475 0.066600 0.579656 0.070846 0.579768 0.073944 0.579793 0.075424 0.579728 0.086213 0.571130 0.088309 0.523175 0.048347 0.521429 0.043126 0.521677
0 0.662603 0.595570 0.669343 0.675285 0.671301 0.677312 0.719683 0.673221 0.726261 0.663488 0.726483 0.662787 0.726516 0.660356 0.726354 0.656563 0.726024 0.651986 0.722622 0.611760 0.722173 0.607114 0.721676 0.603123 0.721207 0.600396 0.720838 0.599349 0.712865 0.592584 0.710432 0.591526
0 0.849251 0.436595 0.849428 0.439128 0.849815 0.439963 0.855637 0.448971 0.903478 0.452876 0.908143 0.452331 0.914725 0.371674 0.866331 0.367725 0.862144 0.369236 0.855050 0.375809 0.854508 0.376887 0.853900 0.379626 0.853319 0.383605 0.852852 0.388223 0.849591 0.428182 0.849308 0.432752
0 0.727053 0.397344 0.742270 0.434336 0.743383 0.434035 0.780545 0.418747 0.765257 0.381585 0.728095 0.396872
0 0.184706 0.775328 0.220917 0.792975 0.222196 0.791633 0.239763 0.755588 0.203718 0.738021 0.202354 0.739117
0 0.916401 0.716526 0.916513 0.719357 0.916938 0.720557 0.921894 0.728373 0.926772 0.731013 0.942808 0.733205 0.948286 0.693115 0.943162 0.690908 0.927310 0.688742 0.919528 0.697290 0.918706 0.699656 0.917866 0.703375 0.917134 0.707882 0.916619 0.712498
0 0.469421 0.925992 0.471970 0.966374 0.488123 0.965354 0.496216 0.954111 0.496164 0.952597 0.496003 0.949487 0.495761 0.945257 0.495472 0.940547 0.495180 0.936067 0.494931 0.932494 0.494760 0.930370 0.494696 0.930021 0.485739 0.920115 0.469771 0.921123
0 0.206849 0.100584 0.208192 0.102414 0.238530 0.128632 0.264748 0.098294 0.263665 0.096445 0.233187 0.070106
0 0.300099 0.663812 0.319264 0.684996 0.360879 0.724673 0.382650 0.742519 0.416042 0.707496 0.410074 0.689965 0.409527 0.689080 0.407735 0.687063 0.404972 0.684223 0.401658 0.680991 0.360525 0.641773 0.357148 0.638626 0.354208 0.636028 0.352149 0.634373 0.351287 0.633915 0.333492 0.628789
0 0.129789 0.790548 0.133945 0.809732 0.135230 0.812089 0.137497 0.815332 0.140399 0.818964 0.177325 0.862683 0.180407 0.866136 0.183186 0.868867 0.185236 0.870459 0.203386 0.877685 0.240355 0.846460 0.224203 0.822052 0.197951 0.790971 0.187701 0.778836 0.166758 0.759323
0 0.723620 0.510460 0.725551 0.548567 0.764562 0.590119 0.801350 0.593252 0.821527 0.578955 0.819217 0.540408 0.808211 0.528685 0.780021 0.498660 0.742837 0.495140
