0 0.243128 0.448273 0.281897 0.460516 0.284895 0.461059 0.309045 0.384587 0.306383 0.382978 0.267614 0.370735
0 0.180115 0.752148 0.186478 0.762557 0.188560 0.763902 0.191975 0.765670 0.196202 0.767590 0.200590 0.769368 0.204466 0.770730 0.207236 0.771469 0.208481 0.771473 0.217731 0.768297 0.224182 0.762165 0.243119 0.718058 0.206363 0.702278 0.199494 0.707009
0 0.000000 0.541004 0.038399 0.531308 0.043015 0.521020 0.043023 0.518435 0.042614 0.514591 0.041848 0.510070 0.034142 0.470726 0.033135 0.466201 0.032036 0.462343 0.031011 0.459736 0.030215 0.458782 0.023020 0.452800 0.017506 0.452255 0.000000 0.461588
0 0.128209 0.311266 0.129713 0.312745 0.132685 0.315633 0.139268 0.322003 0.147287 0.329751 0.152318 0.334605 0.156016 0.338166 0.157041 0.339148 0.225314 0.312686 0.226327 0.311364 0.227544 0.309143 0.228779 0.306361 0.229842 0.303445 0.230571 0.300842 0.230854 0.298948 0.230649 0.298053 0.213387 0.269593 0.212065 0.268165 0.209640 0.265701 0.206482 0.262575 0.203073 0.259267 0.199938 0.256286 0.197558 0.254088 0.196297 0.253009 0.184519 0.253559 0.173759 0.264270 0.153407 0.284560 0.150960 0.287075
0 0.757700 0.462211 0.758241 0.465311 0.759661 0.468319 0.763234 0.474747 0.767426 0.481581 0.773451 0.490575 0.777805 0.496190 0.778991 0.496375 0.807086 0.479630 0.810042 0.477763 0.834338 0.461354 0.847195 0.452610 0.850023 0.441480 0.849431 0.439535 0.847917 0.436398 0.845713 0.432548 0.843156 0.428575 0.840639 0.425091 0.838548 0.422629 0.811549 0.399636 0.809753 0.399249 0.807128 0.399257 0.804075 0.399658 0.801060 0.400391 0.798546 0.401343 0.796916 0.402369
0 0.037521 0.630670 0.037705 0.634806 0.038174 0.637747 0.047968 0.670881 0.049135 0.672397 0.051242 0.673992 0.053971 0.675420 0.056902 0.676464 0.059587 0.676962 0.061615 0.676842 0.127303 0.650788 0.129080 0.647035 0.129771 0.643452 0.130628 0.635829 0.131086 0.627749 0.131101 0.617149 0.130428 0.610570 0.129203 0.610420 0.096761 0.607920 0.093272 0.607774 0.049746 0.607723 0.048050 0.608126 0.039509 0.615507 0.038728 0.617764 0.038076 0.621441 0.037651 0.625975
0 0.758105 0.655045 0.758383 0.655089 0.762927 0.655677 0.768469 0.656387 0.778005 0.657598 0.788490 0.658923 0.794459 0.659674 0.798147 0.660133 0.798562 0.660181 0.834776 0.597763 0.835297 0.596159 0.835296 0.593696 0.834771 0.590748 0.833805 0.587768 0.832543 0.585212 0.831181 0.583470 0.829925 0.582807 0.801549 0.570678 0.800491 0.570434 0.797758 0.569999 0.793763 0.569440 0.789120 0.568843 0.784541 0.568300 0.780729 0.567893 0.778267 0.567685 0.777525 0.567707 0.768698 0.575354 0.761587 0.618489 0.761157 0.621971 0.759880 0.635325
0 0.361251 0.599461 0.361768 0.601468 0.362985 0.603955 0.364717 0.606544 0.366697 0.608838 0.368624 0.610484 0.370202 0.611234 0.441606 0.620906 0.443835 0.617914 0.445790 0.614922 0.449844 0.608475 0.454064 0.601581 0.459499 0.592458 0.462754 0.586703 0.462620 0.586409 0.434967 0.568271 0.431974 0.566448 0.393781 0.545257 0.393114 0.545292 0.382304 0.547212 0.381828 0.547494 0.380461 0.549295 0.378409 0.552345 0.375987 0.556178 0.373564 0.560206 0.371515 0.563810 0.370152 0.566437 0.369683 0.567689 0.361511 0.598242
0 0.044534 0.553549 0.076397 0.578801 0.117474 0.574046 0.133512 0.572189 0.138554 0.571200 0.163459 0.539775 0.132034 0.514870 0.126901 0.515074 0.069786 0.521685
0 0.669574 0.470200 0.674526 0.488045 0.674923 0.488732 0.676514 0.490656 0.679054 0.493521 0.682158 0.496893 0.720970 0.538409 0.724179 0.541791 0.727020 0.544682 0.729063 0.546645 0.729995 0.547379 0.747466 0.553520 0.782816 0.520473 0.765506 0.499640 0.737266 0.469432 0.726240 0.457638 0.704924 0.437153
0 0.468459 0.346105 0.507664 0.354399 0.553734 0.323850 0.562541 0.313351 0.569264 0.274686 0.530136 0.266561 0.484702 0.297056 0.474900 0.307306
0 0.764862 0.121882 0.764978 0.178450 0.793320 0.206677 0.797399 0.202598 0.826017 0.173862 0.825900 0.116507 0.797164 0.087888 0.768545 0.116624
0 0.435308 0.558397 0.436470 0.558714 0.438634 0.559232 0.452237 0.562349 0.528918 0.579324 0.544318 0.582629 0.547188 0.583225 0.549435 0.583664 0.550718 0.583878 0.550839 0.583835 0.567775 0.505304 0.566729 0.504945 0.564657 0.504393 0.561874 0.503734 0.461858 0.481068 0.458769 0.480397 0.455902 0.479830 0.453694 0.479453 0.452482 0.479323 0.452449 0.479461
0 0.301062 0.316943 0.433390 0.518485 0.433695 0.518401 0.500569 0.474493 0.500571 0.474376 0.368242 0.272833
0 0.381787 0.174917 0.382330 0.176406 0.575611 0.319664 0.623364 0.255236 0.623931 0.254110 0.429760 0.110192
0 0.721288 0.769576 0.722308 0.770818 0.788548 0.816673 0.926115 0.617951 0.859875 0.572096 0.858225 0.571765
0 0.696806 0.239530 0.702119 0.240752 0.758141 0.248724 0.788340 0.250675 0.794039 0.210749 0.762539 0.202999 0.702468 0.199867
0 0.292584 0.489049 0.311882 0.496702 0.330217 0.503554 0.341717 0.477269 0.362076 0.424489 0.363902 0.419053 0.326519 0.404643 0.303041 0.456528
0 0.198488 0.091036 0.207148 0.147600 0.210255 0.161278 0.211376 0.162267 0.213802 0.164189 0.217161 0.166750 0.220945 0.169562 0.224583 0.172201 0.227525 0.174268 0.229327 0.175451 0.229710 0.175566 0.242734 0.175305 0.271147 0.136618 0.268501 0.132417 0.203278 0.084514
0 0.305207 0.157775 0.338316 0.180335 0.341778 0.176150 0.373620 0.129371 0.388560 0.102891 0.355230 0.080181 0.334248 0.104764
0 0.493596 0.438225 0.493669 0.438931 0.495106 0.446801 0.551328 0.485812 0.552163 0.485666 0.554673 0.485213 0.558471 0.484523 0.562984 0.483701 0.567530 0.482870 0.571422 0.482156 0.574073 0.481667 0.575074 0.481477 0.581925 0.471459 0.573206 0.423693
