0 0.147112 0.664166 0.183596 0.681242 0.185046 0.680411 0.202043 0.644095 0.165726 0.627097 0.164188 0.627683
0 0.823593 0.562000 0.862968 0.569579 0.864639 0.569900 0.872253 0.530344 0.832697 0.522730 0.831172 0.522626
0 0.888268 0.511564 0.888413 0.515434 0.888824 0.520004 0.889438 0.524585 0.890163 0.528484 0.890890 0.531113 0.891508 0.532067 0.898608 0.538888 0.903216 0.539338 0.919301 0.537537 0.914798 0.497325 0.910057 0.497356 0.894157 0.499136 0.888822 0.508079 0.888411 0.508980
0 0.000000 0.038088 0.018765 0.055542 0.020965 0.057574 0.040451 0.022642 0.038341 0.020450 0.003248 0.000874 0.000000 0.021167
0 0.854695 0.729688 0.902919 0.793520 0.907577 0.796913 0.914034 0.792035 0.921928 0.735360 0.921477 0.721994 0.920369 0.720150 0.918316 0.717182 0.915633 0.713541 0.912730 0.709787 0.910055 0.706499 0.908016 0.704177 0.906924 0.703175 0.892995 0.700754
0 0.063002 0.271692 0.086501 0.304142 0.091771 0.301122 0.137557 0.267924 0.157566 0.249383 0.147262 0.233701 0.133910 0.216718 0.102180 0.234310
0 0.409455 0.108315 0.409735 0.111314 0.424952 0.214662 0.425565 0.217730 0.426414 0.220379 0.427370 0.222206 0.428285 0.222932 0.505076 0.209956 0.505751 0.209483 0.506144 0.207870 0.506196 0.205364 0.505138 0.190601 0.493431 0.111084 0.490059 0.095766 0.489239 0.093051 0.488325 0.091124 0.487456 0.090282 0.410767 0.103949 0.410014 0.104330 0.409553 0.105863
0 0.066210 0.518547 0.066973 0.519922 0.068382 0.521971 0.070224 0.524379 0.135350 0.606074 0.137331 0.608460 0.139136 0.610444 0.140489 0.611722 0.141184 0.612101 0.203882 0.562119 0.203762 0.561587 0.202900 0.560185 0.201429 0.558125 0.199573 0.555721 0.134744 0.474399 0.132771 0.472000 0.130970 0.469956 0.129614 0.468576 0.128909 0.468071 0.066210 0.518054
0 0.259999 0.682591 0.314490 0.917454 0.392778 0.899291 0.393269 0.897466 0.339027 0.663675 0.261097 0.681756
0 0.332140 0.581177 0.334029 0.588678 0.359858 0.654568 0.586855 0.572924 0.563497 0.506146 0.560670 0.498982
0 0.134062 0.182205 0.134307 0.184228 0.136518 0.189687 0.143860 0.197176 0.146308 0.197846 0.150624 0.197443 0.156154 0.196024 0.162046 0.193806 0.167392 0.191132 0.171373 0.188412 0.173382 0.186064 0.173466 0.175780 0.173139 0.173776 0.170956 0.168318 0.160534 0.163751 0.158682 0.163287 0.155445 0.163619 0.151316 0.164694 0.146918 0.166350 0.142915 0.168335 0.139913 0.170352 0.138368 0.172094
0 0.485047 0.520398 0.486374 0.527216 0.487283 0.529883 0.491429 0.535517 0.497755 0.539109 0.500915 0.540192 0.506967 0.541001 0.513080 0.539621 0.518329 0.536259 0.521920 0.531424 0.523934 0.528181 0.525662 0.521225 0.524374 0.514395 0.523408 0.511751 0.519295 0.506095 0.512977 0.502470 0.505415 0.501438 0.497769 0.503159 0.491210 0.507372 0.486742 0.513428
0 0.400492 0.917766 0.400768 0.920831 0.401459 0.925748 0.402459 0.931770 0.403615 0.937970 0.404749 0.943391 0.405686 0.947201 0.406282 0.948820 0.416882 0.950959 0.422821 0.949851 0.429817 0.940320 0.429911 0.939727 0.429668 0.937411 0.429126 0.933732 0.428367 0.929247 0.427507 0.924634 0.426675 0.920588 0.425996 0.917722 0.425575 0.916472 0.415770 0.910103 0.409845 0.911207 0.400670 0.917016
0 0.795254 0.835584 0.809321 0.847629 0.810629 0.848297 0.813540 0.849280 0.817612 0.850429 0.822222 0.851567 0.877981 0.864449 0.882406 0.865398 0.885952 0.866009 0.888078 0.866189 0.906386 0.861258 0.917278 0.814109 0.886348 0.805204 0.831231 0.792471 0.806147 0.788435
