0 0.887703 0.474831 0.892010 0.514696 0.893819 0.514762 0.933867 0.510435 0.929539 0.470386 0.927567 0.470523
0 0.334206 0.274108 0.334966 0.275143 0.373464 0.286354 0.384675 0.247856 0.384144 0.246695 0.345469 0.235433
0 0.305611 0.293530 0.308310 0.333623 0.309186 0.334384 0.349096 0.331697 0.346409 0.291788 0.345704 0.290831
0 0.830759 0.104720 0.870364 0.110982 0.872069 0.109191 0.878360 0.069403 0.838573 0.063112 0.837021 0.065114
0 0.561281 0.335276 0.592605 0.360309 0.617638 0.328985 0.618179 0.328198 0.586711 0.303050 0.561564 0.334518
0 0.348046 0.613637 0.348096 0.614709 0.407258 0.665260 0.408164 0.665452 0.409740 0.664697 0.411747 0.663108 0.413878 0.660928 0.482829 0.582455 0.484746 0.580029 0.486143 0.577744 0.486809 0.575948 0.486642 0.574915 0.427940 0.523839 0.427013 0.523766 0.425419 0.524626 0.423401 0.526285 0.412635 0.536848 0.359583 0.597226 0.350279 0.609504 0.348814 0.611809
0 0.079063 0.853235 0.146175 0.894048 0.146857 0.894301 0.148111 0.893496 0.149747 0.891756 0.151515 0.889343 0.209210 0.802259 0.210829 0.799560 0.212041 0.797002 0.212662 0.794975 0.212598 0.793789 0.145872 0.752394 0.145187 0.752261 0.143930 0.753170 0.142294 0.754981 0.133421 0.766625 0.089030 0.833629 0.081110 0.847333 0.079832 0.849921 0.079112 0.851994
0 0.474128 0.617687 0.474605 0.618461 0.545631 0.651157 0.546552 0.650788 0.547835 0.649357 0.549284 0.647084 0.556491 0.633574 0.589457 0.560271 0.594720 0.546051 0.595436 0.543510 0.595620 0.541678 0.595244 0.540835 0.523932 0.508776 0.522996 0.509023 0.521700 0.510348 0.520241 0.512550 0.518842 0.515294 0.475997 0.610565 0.474881 0.613414 0.474224 0.615915
0 0.010451 0.563286 0.010623 0.563444 0.011976 0.563782 0.014303 0.564249 0.017250 0.564773 0.120262 0.582211 0.123361 0.582710 0.126117 0.583103 0.128111 0.583332 0.129038 0.583361 0.142421 0.504302 0.142133 0.504196 0.140687 0.503904 0.138306 0.503468 0.135350 0.502957 0.032809 0.485599 0.029709 0.485085 0.026915 0.484644 0.024851 0.484343 0.023833 0.484228
0 0.208016 0.791104 0.221341 0.798598 0.280944 0.825394 0.292160 0.821793 0.292878 0.820564 0.294264 0.817865 0.296108 0.814109 0.298130 0.809866 0.300025 0.805775 0.301506 0.802453 0.302351 0.800405 0.302427 0.799945 0.298055 0.788982 0.267727 0.774043 0.245612 0.763618 0.225919 0.754391 0.224915 0.755143 0.222910 0.758469 0.219839 0.764235 0.217596 0.768726 0.212370 0.779846 0.210547 0.784009 0.208622 0.788874
0 0.622510 0.268916 0.622687 0.271311 0.623237 0.274242 0.624076 0.277260 0.625074 0.279903 0.626079 0.281767 0.626938 0.282569 0.656844 0.295154 0.658770 0.295583 0.662164 0.296201 0.666509 0.296916 0.671150 0.297620 0.675386 0.298207 0.678576 0.298587 0.680236 0.298703 0.689255 0.291125 0.692062 0.276392 0.697289 0.248433 0.697828 0.244960 0.702132 0.211750 0.699279 0.210577 0.694734 0.209449 0.685540 0.207898 0.674700 0.206401 0.668094 0.205673 0.663461 0.205380 0.662370 0.205508 0.622731 0.267421
0 0.567530 0.402262 0.567804 0.403608 0.568453 0.406536 0.569380 0.410604 0.570443 0.415187 0.571478 0.419581 0.572327 0.423112 0.572859 0.425241 0.572995 0.425648 0.583133 0.431077 0.626096 0.422854 0.629515 0.422055 0.661685 0.413454 0.661048 0.409757 0.660016 0.404762 0.657912 0.395539 0.655423 0.385065 0.653902 0.378904 0.652829 0.374846 0.652573 0.374128 0.581055 0.361027 0.579449 0.361252 0.577196 0.362220 0.574638 0.363783 0.572168 0.365703 0.570164 0.367684 0.568931 0.369424 0.568657 0.370658
0 0.503106 0.174898 0.539291 0.206437 0.551248 0.204302 0.551783 0.204000 0.553440 0.202363 0.555964 0.199643 0.558974 0.196251 0.562015 0.192701 0.564627 0.189528 0.566417 0.187211 0.567108 0.186106 0.566331 0.172541 0.529729 0.140638 0.503142 0.171140
0 0.599430 0.872308 0.600579 0.876613 0.628054 0.906317 0.663699 0.873346 0.663571 0.859489 0.662732 0.858342 0.660778 0.856026 0.658008 0.852896 0.654842 0.849424 0.651756 0.846136 0.649217 0.843527 0.647609 0.841992 0.647180 0.841769 0.634667 0.839715
0 0.205425 0.159891 0.213008 0.172001 0.214279 0.172642 0.217140 0.173601 0.221151 0.174733 0.225706 0.175865 0.230117 0.176828 0.233719 0.177475 0.235966 0.177710 0.236512 0.177493 0.247742 0.172879 0.258664 0.126138 0.255874 0.121816 0.216472 0.112610
0 0.010394 0.753517 0.057874 0.763678 0.062927 0.760664 0.070458 0.756084 0.071216 0.754849 0.072241 0.752012 0.073376 0.748008 0.074451 0.743442 0.075303 0.739004 0.075804 0.735363 0.075877 0.733071 0.071297 0.721550 0.024360 0.711506 0.018861 0.713951
0 0.934871 0.110462 0.942975 0.119613 0.945002 0.120809 0.948445 0.122241 0.952782 0.123692 0.957359 0.124945 0.961485 0.125808 0.964536 0.126153 0.966045 0.125923 0.973591 0.122207 0.979129 0.117787 0.993388 0.070779 0.954214 0.058897 0.948964 0.063998
0 0.935353 0.120849 0.980232 0.137874 0.993839 0.131302 0.994818 0.129954 0.996303 0.127087 0.998068 0.123135 0.999843 0.118702 1.000000 0.114470 1.000000 0.095855 0.976654 0.043672 0.969088 0.040802 0.963727 0.046050
0 0.738820 0.772999 0.741784 0.780430 0.744579 0.783672 0.819745 0.753690 0.801756 0.708591 0.798307 0.706207 0.789381 0.702432 0.788148 0.702505 0.785402 0.703246 0.781564 0.704541 0.777215 0.706193 0.773011 0.707952 0.769587 0.709554 0.767461 0.710757 0.766961 0.711375 0.761154 0.721026
0 0.196122 0.397697 0.202280 0.398303 0.258656 0.402692 0.284963 0.404101 0.287661 0.384417 0.288098 0.363892 0.251385 0.359854 0.199237 0.357754
0 0.588633 0.673714 0.590375 0.681522 0.591419 0.683621 0.670404 0.666006 0.659834 0.618615 0.658008 0.617259 0.649202 0.611341 0.648110 0.611394 0.645397 0.611838 0.641480 0.612604 0.636950 0.613576 0.632492 0.614608 0.628779 0.615544 0.626372 0.616242 0.625643 0.616595 0.618967 0.625966
0 0.053907 0.801920 0.088205 0.823750 0.093866 0.819299 0.136926 0.751646 0.103099 0.730116 0.097567 0.733323
0 0.477304 0.478592 0.488572 0.517946 0.535797 0.504424 0.541663 0.494193 0.541463 0.493291 0.540779 0.490732 0.539716 0.486905 0.538436 0.482394 0.537136 0.477892 0.536015 0.474092 0.535244 0.471573 0.534941 0.470718 0.524529 0.465070
0 0.398705 0.738289 0.402432 0.750658 0.446326 0.771417 0.480924 0.698261 0.481142 0.695995 0.437750 0.675473 0.426224 0.680100 0.425929 0.680692 0.424896 0.682850 0.423283 0.686242 0.421336 0.690354 0.404195 0.726597 0.402201 0.730818 0.400459 0.734521 0.399230 0.737145
