0 0.357003 0.177342 0.583242 0.260113 0.586581 0.251031 0.608899 0.189837 0.379988 0.106089 0.375875 0.114803
0 0.044860 0.086097 0.046945 0.087995 0.239044 0.232835 0.287325 0.168802 0.286346 0.167277 0.093363 0.021770
0 0.145464 0.820093 0.383733 0.860628 0.384266 0.858976 0.397716 0.779917 0.160539 0.739568 0.158977 0.740670
0 0.498132 0.931729 0.498332 0.933302 0.530417 0.940626 0.533843 0.941349 0.562365 0.946977 0.577468 0.949950 0.587414 0.943798 0.588105 0.942283 0.589035 0.939193 0.590064 0.935001 0.591033 0.930348 0.591792 0.925950 0.592227 0.922482 0.592271 0.920471 0.590004 0.886960 0.589843 0.886160 0.588691 0.884792 0.586722 0.883065 0.584236 0.881243 0.581615 0.879604 0.579260 0.878400 0.577530 0.877814 0.576688 0.877934 0.506868 0.894127 0.505773 0.895915 0.504917 0.898786 0.503210 0.905607 0.501487 0.913359 0.499337 0.924206
0 0.213180 0.502837 0.213495 0.506173 0.214455 0.510929 0.216847 0.519998 0.219872 0.530439 0.221830 0.536664 0.223337 0.540865 0.223814 0.541705 0.296305 0.552227 0.297803 0.551868 0.299947 0.550761 0.302409 0.549074 0.304812 0.547065 0.306789 0.545042 0.308037 0.543315 0.308368 0.542145 0.307735 0.509874 0.307266 0.507859 0.306388 0.504449 0.305235 0.500164 0.303982 0.495649 0.302816 0.491586 0.301915 0.488590 0.301416 0.487117 0.291185 0.482190 0.290928 0.482136 0.276281 0.485544 0.248541 0.492123 0.245154 0.493058
0 0.598477 0.316233 0.616518 0.356220 0.617971 0.359407 0.632065 0.389408 0.633421 0.388827 0.636830 0.387295 0.644965 0.383598 0.655126 0.378961 0.661636 0.375982 0.666572 0.373713 0.668071 0.373016 0.668597 0.300195 0.668496 0.299563 0.667517 0.298188 0.665807 0.296278 0.663628 0.294125 0.661312 0.292059 0.659214 0.290396 0.657656 0.289390 0.656874 0.289194 0.623735 0.295159 0.621750 0.295961 0.618452 0.297392 0.614344 0.299235 0.610056 0.301206 0.606249 0.303003 0.603504 0.304349 0.602238 0.305042
0 0.477375 0.101092 0.477634 0.105651 0.504057 0.135680 0.540093 0.103972 0.540557 0.099394 0.541427 0.090008 0.540874 0.088776 0.539187 0.086346 0.536622 0.083087 0.533570 0.079498 0.530500 0.076130 0.527885 0.073501 0.526123 0.072012 0.513828 0.069017
0 0.372945 0.719323 0.374448 0.732185 0.413823 0.760596 0.437499 0.727784 0.438213 0.725181 0.399289 0.697094 0.387069 0.699749 0.386682 0.700230 0.385281 0.702123 0.383082 0.705137 0.380420 0.708816 0.377694 0.712604 0.375318 0.715930 0.373649 0.718290
0 0.602879 0.271611 0.636017 0.294013 0.662899 0.254246 0.664783 0.251405 0.661958 0.241246 0.661410 0.240389 0.659418 0.238629 0.656283 0.236233 0.652485 0.233568 0.648606 0.231043 0.645243 0.229046 0.642910 0.227882 0.641960 0.227727 0.631261 0.228744 0.604068 0.268970
0 0.360560 0.396767 0.362472 0.398183 0.398897 0.414714 0.415428 0.378290 0.414252 0.376598 0.377321 0.359836
0 0.689740 0.783125 0.690042 0.788195 0.691427 0.794125 0.693684 0.800002 0.696465 0.804921 0.699342 0.808128 0.701873 0.809135 0.712019 0.809954 0.717402 0.808133 0.719624 0.806465 0.723978 0.796847 0.724556 0.794254 0.724299 0.790456 0.723249 0.786028 0.721564 0.781641 0.719500 0.777957 0.717366 0.775532 0.708636 0.770994 0.705491 0.769663 0.700126 0.771505 0.697865 0.773099 0.690564 0.779688
0 0.771748 0.043310 0.774247 0.050723 0.779391 0.056616 0.786399 0.060092 0.794204 0.060622 0.801617 0.058124 0.807510 0.052979 0.808040 0.052210 0.811521 0.045190 0.812052 0.037372 0.809549 0.029946 0.804396 0.024042 0.797376 0.020561 0.789558 0.020030 0.782132 0.022532 0.776228 0.027685 0.775754 0.028497 0.772279 0.035505
0 0.592104 0.920535 0.592474 0.924872 0.593656 0.930897 0.596233 0.936545 0.600368 0.939731 0.604846 0.941058 0.609901 0.941307 0.617604 0.939614 0.621767 0.937438 0.625423 0.933223 0.628019 0.927610 0.629167 0.921449 0.628693 0.915667 0.626666 0.911139 0.621212 0.905797 0.617117 0.902565 0.612631 0.901286 0.607588 0.900971 0.602363 0.903636 0.597686 0.908562 0.594927 0.911703 0.592966 0.915909
0 0.187984 0.435898 0.189986 0.443474 0.194734 0.449708 0.201506 0.453650 0.202019 0.453729 0.209771 0.454778 0.217334 0.452780 0.223558 0.448040 0.227492 0.441279 0.228541 0.433527 0.226543 0.425964 0.221803 0.419740 0.215042 0.415806 0.214551 0.415661 0.206786 0.414610 0.199210 0.416612 0.192976 0.421360 0.189034 0.428133
0 0.455829 0.319699 0.479394 0.392967 0.480233 0.393611 0.482110 0.393782 0.484739 0.393455 0.499525 0.390084 0.576063 0.365550 0.590232 0.359640 0.592628 0.358356 0.594158 0.357093 0.594585 0.356043 0.570355 0.282988 0.569597 0.282254 0.567789 0.282003 0.565206 0.282275 0.562241 0.283030 0.462765 0.314917 0.459890 0.316034 0.457563 0.317335 0.456137 0.318623
0 0.737718 0.747148 0.763055 0.822871 0.763652 0.823143 0.765324 0.822998 0.767815 0.822457 0.782230 0.818505 0.858723 0.793833 0.873245 0.788452 0.875777 0.787372 0.877510 0.786420 0.878178 0.785739 0.852180 0.710230 0.851661 0.709862 0.850057 0.709926 0.847611 0.710411 0.844696 0.711245 0.745276 0.743312 0.742355 0.744360 0.739893 0.745458 0.738265 0.746437
0 0.394667 0.082245 0.395393 0.084897 0.397069 0.087450 0.465831 0.165909 0.468194 0.167965 0.470874 0.169199 0.473461 0.169424 0.475560 0.168607 0.517078 0.126231 0.518368 0.124495 0.518643 0.122093 0.517865 0.119390 0.516150 0.116797 0.446442 0.037258 0.444043 0.035158 0.441316 0.033860 0.438673 0.033561 0.436517 0.034309 0.396344 0.078220 0.395001 0.079900
0 0.908723 0.608633 0.911602 0.627499 0.912698 0.629459 0.914717 0.632508 0.917352 0.636182 0.951155 0.681869 0.954018 0.685627 0.956687 0.688913 0.958756 0.691230 0.959910 0.692223 0.976563 0.700323 1.000000 0.671541 1.000000 0.649349 0.999658 0.647166 0.992996 0.636861 0.978003 0.616597 0.968400 0.603618 0.947624 0.579851
