0 0.681385 0.577102 0.690662 0.593130 0.691186 0.593499 0.693182 0.594795 0.696342 0.596819 0.700187 0.599264 0.748186 0.629696 0.752149 0.632201 0.755644 0.634396 0.758142 0.635949 0.759261 0.636622 0.777715 0.638176 0.803626 0.597306 0.781840 0.582712 0.733279 0.551924 0.707296 0.536233
0 0.608219 0.609121 0.615870 0.623041 0.635468 0.658694 0.637352 0.660901 0.676297 0.672218 0.687614 0.633272 0.659986 0.583010 0.657792 0.581872 0.619381 0.570710
0 0.934189 0.382215 0.934539 0.385781 0.936076 0.389864 0.938568 0.393848 0.941638 0.397131 0.944824 0.399218 0.952786 0.401735 0.957494 0.402689 0.960883 0.400965 0.965358 0.398046 0.970370 0.390020 0.971620 0.386689 0.971196 0.381923 0.969160 0.376450 0.965822 0.371113 0.961695 0.366733 0.957417 0.363983 0.953643 0.363278 0.944422 0.364576 0.941069 0.366375 0.936588 0.369268 0.935097 0.373456
0 0.779729 0.841150 0.782172 0.848581 0.782658 0.849181 0.787767 0.855122 0.794761 0.858656 0.802576 0.859244 0.810019 0.856796 0.815961 0.851687 0.819494 0.844693 0.820083 0.836878 0.817635 0.829435 0.812526 0.823493 0.811989 0.822937 0.805006 0.819410 0.797205 0.818823 0.789774 0.821266 0.783843 0.826366 0.780316 0.833349
0 0.931630 0.058954 0.932484 0.066734 0.936251 0.073593 0.942356 0.078490 0.949871 0.080676 0.957650 0.079822 0.964509 0.076055 0.965310 0.075324 0.970215 0.069209 0.972405 0.061682 0.971549 0.053889 0.967775 0.047018 0.961660 0.042113 0.954133 0.039922 0.946340 0.040778 0.939469 0.044552 0.938713 0.045335 0.933816 0.051440
0 0.269769 0.314498 0.271835 0.322060 0.276639 0.328255 0.277023 0.328550 0.283820 0.332430 0.291584 0.333411 0.299133 0.331349 0.305318 0.326553 0.309198 0.319756 0.310179 0.311992 0.308117 0.304443 0.303321 0.298258 0.302982 0.297911 0.296173 0.294025 0.288396 0.293041 0.280834 0.295107 0.274638 0.299911 0.270752 0.306720
0 0.101184 0.711191 0.341347 0.738336 0.342074 0.737245 0.351081 0.657557 0.112019 0.630537 0.110233 0.631137
0 0.086225 0.085890 0.087176 0.088940 0.089221 0.091394 0.110340 0.113202 0.111749 0.113980 0.114720 0.115164 0.118797 0.116571 0.123364 0.117990 0.162262 0.129468 0.166640 0.130688 0.170177 0.131527 0.172340 0.131859 0.204232 0.131899 0.207212 0.130970 0.209610 0.128972 0.211060 0.126207 0.211343 0.123099 0.210413 0.120119 0.203639 0.111233 0.201594 0.108779 0.198766 0.107294 0.096684 0.077173 0.093503 0.076884 0.090453 0.077835 0.087999 0.079880 0.086515 0.082709
0 0.391365 0.520280 0.391837 0.520990 0.393472 0.522962 0.396021 0.525897 0.399097 0.529347 0.426121 0.559336 0.429242 0.562763 0.431923 0.565632 0.433753 0.567504 0.434455 0.568098 0.445881 0.568747 0.481951 0.536243 0.482157 0.535829 0.428603 0.476399 0.427777 0.476126 0.391707 0.508630
0 0.231084 0.263640 0.238587 0.275299 0.241591 0.277881 0.242825 0.278384 0.245652 0.279230 0.249641 0.280290 0.254186 0.281403 0.258603 0.282401 0.262225 0.283135 0.264503 0.283492 0.265086 0.283417 0.276164 0.278215 0.287172 0.231494 0.282193 0.225214 0.242348 0.215826
0 0.477622 0.129739 0.488584 0.202564 0.489443 0.203801 0.491186 0.205459 0.493547 0.207287 0.496166 0.209002 0.498640 0.210344 0.500592 0.211107 0.501725 0.211176 0.532608 0.200763 0.534276 0.199861 0.537189 0.198119 0.540902 0.195803 0.544855 0.193261 0.548453 0.190877 0.551150 0.189011 0.552536 0.187948 0.554401 0.176215 0.546723 0.163344 0.532094 0.138970 0.530204 0.136005 0.511563 0.108175 0.508830 0.109026 0.504781 0.111093 0.496889 0.115976 0.487720 0.122051 0.482208 0.125930 0.478431 0.128859
0 0.811360 0.180642 0.812338 0.184163 0.815026 0.191347 0.818321 0.198738 0.823223 0.208143 0.826942 0.213640 0.828224 0.213164 0.858114 0.200493 0.861278 0.199019 0.899933 0.179060 0.901402 0.177867 0.905558 0.167399 0.905273 0.165013 0.904206 0.161432 0.902519 0.157203 0.900471 0.152975 0.898376 0.149398 0.896556 0.147021 0.872416 0.122176 0.870717 0.121354 0.868133 0.120899 0.865059 0.120884 0.861965 0.121309 0.859325 0.122110 0.857542 0.123163 0.811379 0.176431
0 0.752163 0.262684 0.752636 0.264180 0.753746 0.266379 0.755326 0.268945 0.757133 0.271485 0.758891 0.273610 0.760330 0.274995 0.761232 0.275431 0.794167 0.276959 0.795861 0.276667 0.799070 0.276054 0.803303 0.275213 0.807923 0.274272 0.812232 0.273372 0.815578 0.272649 0.817453 0.272214 0.817566 0.272134 0.823743 0.262033 0.821067 0.247216 0.815963 0.219136 0.815275 0.215691 0.808141 0.183074 0.805859 0.183046 0.801670 0.183608 0.792654 0.185347 0.781776 0.187669 0.775010 0.189235 0.770103 0.190513 0.768799 0.190976
