0 0.000000 0.290729 0.046500 0.362873 0.048287 0.365301 0.050463 0.367575 0.052693 0.369348 0.054638 0.370350 0.056001 0.370428 0.113095 0.319383 0.113624 0.318567 0.113281 0.316939 0.112121 0.314748 0.103759 0.302662 0.051961 0.241205 0.040729 0.230040 0.038488 0.228196 0.036525 0.227089 0.035139 0.226888 0.034543 0.227626 0.000000 0.278467
0 0.471031 0.906314 0.471089 0.910984 0.471218 0.914949 0.471396 0.917601 0.471597 0.918539 0.480576 0.947720 0.481036 0.949136 0.482564 0.950768 0.484929 0.952365 0.487770 0.953684 0.490651 0.954523 0.493131 0.954752 0.494832 0.954339 0.560798 0.926067 0.560959 0.921368 0.560991 0.917464 0.560987 0.909516 0.560928 0.901353 0.560780 0.890982 0.560605 0.884941 0.540795 0.884438 0.527329 0.884247 0.523823 0.884265 0.480178 0.886260 0.471497 0.894240 0.471303 0.895123 0.471147 0.897726 0.471051 0.901656
0 0.033665 0.224093 0.063554 0.239900 0.066718 0.241449 0.106879 0.259149 0.117670 0.255984 0.118667 0.254909 0.120292 0.252353 0.122296 0.248707 0.124378 0.244522 0.126222 0.240430 0.127551 0.237047 0.128162 0.234890 0.135166 0.203813 0.134903 0.202420 0.133868 0.200343 0.132219 0.197897 0.130207 0.195457 0.128140 0.193396 0.126335 0.192031 0.125067 0.191568 0.051163 0.187717 0.050265 0.188128 0.047622 0.191516 0.044285 0.196956 0.039230 0.206472 0.035334 0.215093 0.033911 0.220063
0 0.748797 0.860538 0.752248 0.871126 0.752746 0.871970 0.765252 0.879932 0.789063 0.894987 0.792092 0.896781 0.821507 0.913284 0.824129 0.911506 0.827141 0.907959 0.832084 0.900079 0.837390 0.890469 0.840334 0.884435 0.842056 0.879994 0.842151 0.878757 0.798901 0.818493 0.797693 0.817821 0.795471 0.817159 0.792575 0.816608 0.789448 0.816252 0.786569 0.816146 0.784377 0.816307 0.783207 0.816708 0.760719 0.840079 0.759451 0.841567 0.757503 0.844385 0.755171 0.848103 0.752806 0.852162 0.750765 0.855948 0.749357 0.858889
0 0.828889 0.213754 0.838821 0.246558 0.846376 0.269821 0.853155 0.290600 0.856761 0.289530 0.864477 0.287048 0.877026 0.282953 0.885354 0.280199 0.890807 0.278313 0.892103 0.277746 0.888385 0.262299 0.867136 0.201273 0.856828 0.195558 0.856445 0.195500 0.854368 0.196022 0.850911 0.197046 0.846601 0.198415 0.842100 0.199921 0.838101 0.201330 0.835215 0.202428 0.833879 0.203047
0 0.396890 0.601852 0.422302 0.633107 0.453557 0.607695 0.453770 0.607201 0.428474 0.576090 0.397362 0.601385
0 0.814782 0.462808 0.829608 0.475278 0.847479 0.486427 0.855482 0.476831 0.868619 0.454730 0.836093 0.431233 0.828218 0.440892
0 0.322868 0.457556 0.347717 0.489261 0.348415 0.489310 0.379974 0.464576 0.355240 0.433016 0.354573 0.432708
0 0.249866 0.594283 0.290132 0.595436 0.291093 0.594999 0.292241 0.554918 0.252160 0.553770 0.251019 0.554018
0 0.372212 0.252194 0.372797 0.253330 0.401149 0.281684 0.429504 0.253333 0.429179 0.252197 0.400697 0.223712
0 0.243593 0.475532 0.243768 0.476468 0.249311 0.485823 0.297093 0.494450 0.299412 0.494514 0.306519 0.455150 0.304282 0.454631 0.256499 0.446005 0.248056 0.452714 0.247560 0.453557 0.246811 0.456086 0.245923 0.459918 0.245033 0.464469 0.244277 0.469038 0.243771 0.472923
0 0.095332 0.680987 0.096003 0.683560 0.097383 0.687246 0.099263 0.691483 0.101355 0.695619 0.103335 0.699018 0.104903 0.701163 0.105818 0.701727 0.114776 0.706520 0.158646 0.685711 0.162547 0.683588 0.145404 0.647448 0.141305 0.649152 0.097435 0.669962 0.095473 0.679918
0 0.757011 0.481478 0.757080 0.482332 0.761385 0.492577 0.807265 0.506684 0.810817 0.506761 0.822709 0.468086 0.776298 0.453816 0.773140 0.454344 0.764174 0.459260 0.763556 0.460190 0.762495 0.462729 0.761152 0.466488 0.759731 0.470896 0.758446 0.475289 0.757491 0.479004
0 0.630412 0.701923 0.632574 0.712074 0.634106 0.714525 0.675142 0.740481 0.696771 0.706285 0.694522 0.703927 0.653956 0.678268 0.643315 0.681523 0.642636 0.682059 0.641081 0.684062 0.638890 0.687223 0.636393 0.691064 0.633968 0.695005 0.631980 0.698451 0.630730 0.700881
0 0.064149 0.454601 0.081401 0.491305 0.087141 0.491424 0.123342 0.474410 0.106328 0.438209 0.100854 0.437350
0 0.169304 0.290147 0.170675 0.297862 0.174894 0.304466 0.181319 0.308952 0.181867 0.309280 0.189506 0.310964 0.197208 0.309595 0.203801 0.305384 0.208279 0.298970 0.209962 0.291330 0.208594 0.283628 0.204382 0.277036 0.203873 0.276652 0.197448 0.272166 0.189796 0.270479 0.182080 0.271851 0.175477 0.276069 0.170991 0.282494
0 0.399513 0.347041 0.401302 0.354671 0.401471 0.354920 0.406035 0.361274 0.412682 0.365397 0.420402 0.366664 0.428018 0.364878 0.434372 0.360315 0.438495 0.353667 0.439761 0.345948 0.437976 0.338331 0.437869 0.338053 0.433298 0.331688 0.426639 0.327558 0.418906 0.326290 0.411277 0.328078 0.404912 0.332649 0.400782 0.339308
0 0.166003 0.196663 0.166381 0.204490 0.169724 0.211577 0.175526 0.216845 0.176083 0.217332 0.183446 0.219975 0.191260 0.219598 0.198335 0.216260 0.203593 0.210469 0.206236 0.203106 0.205859 0.195292 0.202522 0.188217 0.202010 0.187681 0.196208 0.182413 0.188832 0.179765 0.181006 0.180143 0.173918 0.183486 0.168651 0.189288
0 0.033810 0.498393 0.034134 0.509189 0.035203 0.511226 0.039497 0.515166 0.049301 0.518710 0.051804 0.518517 0.055554 0.516515 0.059981 0.513004 0.064403 0.508523 0.068138 0.503762 0.070615 0.499454 0.071457 0.496258 0.067226 0.487066 0.066091 0.485081 0.061823 0.481130 0.050446 0.481536 0.048570 0.481723 0.045770 0.483252 0.042471 0.485888 0.039170 0.489233 0.036367 0.492781 0.034484 0.495998
0 0.462069 0.167641 0.510451 0.168563 0.519332 0.152312 0.519375 0.150930 0.519447 0.147909 0.519536 0.143707 0.519630 0.138968 0.520721 0.081752 0.520804 0.077218 0.520863 0.073602 0.520890 0.071455 0.520879 0.071102 0.512625 0.054524 0.464242 0.053602 0.463401 0.078679 0.462305 0.136167
0 0.314773 0.362435 0.314832 0.363519 0.319918 0.381326 0.367316 0.391077 0.374088 0.364253 0.385487 0.308845 0.390300 0.279358 0.342902 0.269607 0.331200 0.283960 0.330791 0.284577 0.330071 0.286910 0.329150 0.290606 0.328168 0.295101 0.316636 0.351155 0.315749 0.355743 0.315094 0.359705
0 0.891639 0.180232 0.907139 0.191446 0.909277 0.192140 0.912848 0.192892 0.917312 0.193588 0.973637 0.201172 0.978335 0.201709 0.982573 0.202009 0.985709 0.202024 0.987264 0.201753 1.000000 0.195451 1.000000 0.147493 0.999830 0.145971 0.986841 0.140761 0.929857 0.133089 0.898095 0.132274
