0 0.710275 0.935667 0.711243 0.937673 0.736642 0.968938 0.767907 0.943539 0.766680 0.941506 0.741396 0.910384
0 0.592115 0.146168 0.621585 0.173215 0.648631 0.143745 0.649314 0.142109 0.619708 0.114938 0.592538 0.144543
0 0.905429 0.181611 0.931224 0.212183 0.933205 0.210861 0.963917 0.184948 0.938003 0.154236 0.936001 0.155816
0 0.152062 0.676681 0.191292 0.685828 0.192706 0.684976 0.201811 0.645926 0.162761 0.636822 0.161209 0.637451
0 0.911547 0.251410 0.930050 0.286873 0.932025 0.285894 0.967651 0.267306 0.949063 0.231680 0.913437 0.250268
0 0.319750 0.336738 0.364386 0.403348 0.365012 0.403094 0.366554 0.402199 0.368776 0.400803 0.371342 0.399116 0.457737 0.341220 0.460274 0.339488 0.462411 0.337963 0.463826 0.336876 0.464302 0.336393 0.419665 0.269783 0.419087 0.269921 0.417580 0.270719 0.415374 0.272056 0.402678 0.280187 0.335838 0.324978 0.323488 0.333631 0.321411 0.335164 0.320099 0.336255
0 0.163993 0.571955 0.217175 0.630342 0.217735 0.630582 0.219128 0.629985 0.221143 0.628642 0.223472 0.626760 0.235251 0.616157 0.290344 0.560956 0.299400 0.550677 0.300685 0.548936 0.301117 0.547822 0.247396 0.489445 0.246861 0.489079 0.245485 0.489563 0.243475 0.490824 0.241138 0.492672 0.238831 0.494823 0.167392 0.567060 0.165504 0.569149 0.164311 0.570868
0 0.183427 0.934230 0.224078 0.934903 0.227871 0.928924 0.229199 0.848740 0.189107 0.848076 0.184773 0.852928
0 0.071103 0.480637 0.079197 0.490085 0.116988 0.517177 0.128191 0.509903 0.131128 0.507412 0.134129 0.503952 0.158545 0.471890 0.161144 0.467998 0.162934 0.464281 0.165972 0.452855 0.157008 0.443850 0.119834 0.416648
0 0.261022 0.854478 0.270068 0.902182 0.281501 0.907137 0.283833 0.907105 0.287530 0.906679 0.292028 0.905923 0.331690 0.898402 0.336287 0.897434 0.340266 0.896405 0.343019 0.895473 0.344128 0.894780 0.349576 0.887106 0.351295 0.882682 0.342353 0.835523 0.263754 0.850426
0 0.244029 0.791046 0.280730 0.822836 0.293720 0.820496 0.294050 0.820224 0.295536 0.818601 0.297954 0.815871 0.300935 0.812451 0.327366 0.781937 0.330445 0.778361 0.333142 0.775186 0.335044 0.772897 0.335863 0.771843 0.335614 0.758677 0.299333 0.727250 0.297013 0.729877
0 0.080096 0.868688 0.093540 0.894978 0.127326 0.941503 0.147117 0.960978 0.186273 0.932543 0.183438 0.912933 0.182254 0.910354 0.180193 0.906882 0.177566 0.903042 0.144170 0.857056 0.141365 0.853415 0.138796 0.850512 0.136853 0.848785 0.119251 0.840253
0 0.094987 0.398720 0.107519 0.412355 0.107866 0.412552 0.109898 0.413346 0.113308 0.414618 0.117576 0.416173 0.171403 0.435604 0.175858 0.437198 0.179803 0.438581 0.182632 0.439542 0.183918 0.439935 0.202269 0.437449 0.218700 0.391933 0.189349 0.381283 0.174163 0.375801 0.135267 0.361760 0.111418 0.353204
0 0.189519 0.668674 0.400179 0.786948 0.440311 0.720349 0.440961 0.715784 0.230518 0.597033 0.191297 0.664333
0 0.765204 0.520767 0.838550 0.552712 0.840104 0.552953 0.936378 0.331907 0.862695 0.299816 0.861037 0.300731
0 0.211085 0.455589 0.211139 0.458026 0.212289 0.461488 0.214357 0.465451 0.217030 0.469315 0.219906 0.472498 0.222550 0.474518 0.224561 0.475065 0.235475 0.477384 0.240255 0.474207 0.242069 0.472520 0.247609 0.464153 0.247593 0.460912 0.246099 0.456282 0.243349 0.450970 0.239768 0.445793 0.235905 0.441549 0.232355 0.438888 0.229662 0.438214 0.219607 0.440055 0.214805 0.443217 0.213046 0.444966
0 0.279099 0.535495 0.280240 0.543247 0.284263 0.549972 0.290552 0.554647 0.298152 0.556557 0.305904 0.555416 0.306238 0.555320 0.312951 0.551305 0.317618 0.545026 0.319525 0.537440 0.318385 0.529701 0.314369 0.522987 0.308091 0.518321 0.300504 0.516413 0.300161 0.516442 0.292409 0.517583 0.285684 0.521606 0.281009 0.527895
0 0.812875 0.929505 0.813225 0.937324 0.816542 0.944412 0.817087 0.945177 0.822873 0.950467 0.830244 0.953138 0.838075 0.952787 0.845176 0.949464 0.850465 0.943679 0.853137 0.936308 0.852786 0.928476 0.849463 0.921376 0.848863 0.920651 0.843087 0.915371 0.835729 0.912704 0.827910 0.913055 0.820822 0.916371 0.815542 0.922147
0 0.094207 0.562854 0.094702 0.570358 0.097499 0.576573 0.102163 0.580551 0.106003 0.581708 0.111813 0.582852 0.118602 0.580837 0.123462 0.579352 0.127796 0.575697 0.130952 0.570429 0.132457 0.564344 0.132081 0.558361 0.129881 0.553383 0.125888 0.548614 0.121270 0.544596 0.117418 0.543484 0.111624 0.542276 0.105532 0.544076 0.100076 0.548618 0.096096 0.555215
