0 0.034143 0.374421 0.036287 0.415021 0.079031 0.453477 0.084819 0.454111 0.124860 0.451997 0.122745 0.411955 0.080589 0.374028 0.074743 0.372277
0 0.047244 0.125318 0.050521 0.165842 0.056705 0.170435 0.096672 0.167203 0.133406 0.124003 0.130173 0.084036 0.125013 0.078238 0.084490 0.081516
0 0.277829 0.925722 0.310121 0.950423 0.367115 0.942832 0.391817 0.910540 0.393300 0.904893 0.361452 0.880532 0.305242 0.888018 0.280880 0.919866
0 0.727162 0.457398 0.730064 0.462680 0.738409 0.469579 0.738838 0.469523 0.741347 0.468312 0.745560 0.466125 0.750836 0.463296 0.756363 0.460259 0.761289 0.457482 0.764856 0.455393 0.766524 0.454309 0.765197 0.443574 0.762288 0.438280 0.751130 0.434614 0.750792 0.434702 0.748904 0.435650 0.745758 0.437310 0.741832 0.439430 0.737719 0.441690 0.734040 0.443749 0.731351 0.445296 0.730060 0.446095
0 0.680194 0.710215 0.680616 0.720380 0.681433 0.722521 0.683886 0.727763 0.694381 0.731488 0.696456 0.731912 0.699811 0.731425 0.703936 0.730101 0.708208 0.728143 0.711982 0.725845 0.714687 0.723554 0.715910 0.721618 0.719721 0.711334 0.718983 0.709168 0.716503 0.703927 0.708867 0.697069 0.706118 0.696449 0.701640 0.697059 0.696115 0.698811 0.690392 0.701434 0.685354 0.704526 0.681772 0.707611
0 0.586820 0.069121 0.587269 0.073334 0.588911 0.078724 0.591497 0.084464 0.594627 0.089669 0.597820 0.093540 0.600586 0.095488 0.610614 0.094848 0.612993 0.094519 0.618181 0.091958 0.621829 0.081190 0.622397 0.079382 0.622030 0.076225 0.620788 0.072200 0.618858 0.067916 0.616532 0.064019 0.614160 0.061097 0.612102 0.059597 0.601990 0.056016 0.599587 0.056265 0.594400 0.058854 0.587631 0.066729
0 0.520371 0.468957 0.522767 0.476403 0.527832 0.482365 0.534792 0.485937 0.542588 0.486571 0.542662 0.486548 0.550121 0.484148 0.556094 0.479075 0.559671 0.472103 0.560307 0.464293 0.557907 0.456833 0.552833 0.450861 0.545861 0.447283 0.538051 0.446648 0.530592 0.449048 0.524619 0.454121 0.524577 0.454200 0.521006 0.461160
0 0.288279 0.646514 0.288757 0.649912 0.290080 0.654058 0.292048 0.658325 0.294365 0.662069 0.296680 0.664724 0.298643 0.665886 0.308909 0.669738 0.311116 0.668889 0.316338 0.666428 0.323153 0.658840 0.323798 0.656013 0.323201 0.651476 0.321450 0.645923 0.318813 0.640207 0.315696 0.635207 0.312579 0.631694 0.309939 0.630198 0.299800 0.630580 0.297619 0.631508 0.292396 0.633942 0.288722 0.644380
0 0.734239 0.150116 0.739673 0.197807 0.750013 0.203653 0.750594 0.203940 0.752908 0.203975 0.756597 0.203754 0.761104 0.203310 0.765746 0.202711 0.769825 0.202047 0.772723 0.201419 0.773995 0.200921 0.782646 0.189733 0.777149 0.141490 0.736947 0.146071
0 0.679836 0.489577 0.719501 0.495446 0.722561 0.495382 0.728512 0.455164 0.688294 0.449213 0.685705 0.449911
0 0.424903 0.442642 0.425762 0.443298 0.467617 0.466794 0.478825 0.463772 0.479301 0.463020 0.480602 0.460785 0.482527 0.457411 0.484785 0.453409 0.487035 0.449382 0.488937 0.445938 0.490204 0.443599 0.490640 0.442724 0.487050 0.431127 0.444710 0.407359
0 0.678757 0.516450 0.693407 0.562160 0.695643 0.562879 0.734175 0.550530 0.719356 0.504291 0.707824 0.498581 0.706676 0.498863 0.703960 0.499661 0.700092 0.500852 0.695656 0.502257 0.691323 0.503663 0.687746 0.504858 0.685467 0.505661 0.684838 0.505948
0 0.395999 0.578367 0.400967 0.589231 0.416307 0.594392 0.417263 0.593313 0.430017 0.555401 0.414853 0.550299 0.403695 0.555489 0.403275 0.556434 0.402330 0.558983 0.401004 0.562750 0.399500 0.567159 0.398049 0.571533 0.396874 0.575200 0.396154 0.577599
0 0.340570 0.531151 0.348596 0.570626 0.388071 0.562599 0.388584 0.562312 0.380594 0.523019 0.380044 0.523125
0 0.484281 0.203815 0.484353 0.205172 0.523951 0.211483 0.530262 0.171885 0.530401 0.170375 0.490621 0.164035
0 0.341860 0.622168 0.384247 0.691324 0.418825 0.670130 0.419938 0.667797 0.378132 0.599590 0.344028 0.620493
0 0.071414 0.590505 0.147204 0.619960 0.152054 0.618311 0.166579 0.580937 0.091831 0.551887 0.086141 0.552610
