0 0.208345 0.448291 0.208542 0.450838 0.209176 0.452521 0.250874 0.510836 0.254985 0.510492 0.258638 0.509883 0.266242 0.508416 0.274180 0.506736 0.284435 0.504367 0.290615 0.502706 0.287121 0.483171 0.284704 0.469831 0.283968 0.466406 0.273076 0.424134 0.263642 0.417131 0.262947 0.416939 0.260554 0.417153 0.256823 0.417739 0.252324 0.418609 0.247748 0.419630 0.243797 0.420645 0.241078 0.421497 0.240002 0.422058 0.211511 0.437914 0.210330 0.439651 0.209313 0.442234 0.208616 0.445269
0 0.508653 0.894437 0.508851 0.896422 0.509704 0.899007 0.511083 0.901798 0.512776 0.904367 0.514525 0.906321 0.516061 0.907362 0.550623 0.913356 0.553740 0.913451 0.557956 0.913161 0.562626 0.912531 0.567031 0.911656 0.570496 0.910673 0.572492 0.909731 0.579028 0.900417 0.577418 0.884860 0.574255 0.855566 0.573747 0.852109 0.568036 0.820026 0.567406 0.818978 0.560524 0.819118 0.549867 0.820302 0.541919 0.821592 0.534586 0.823179 0.531253 0.824176 0.528174 0.826135
0 0.120391 0.960862 0.121046 0.963235 0.122694 0.966626 0.125085 0.970516 0.127852 0.974309 0.130570 0.977422 0.132822 0.979377 0.161137 0.999305 0.162928 0.999857 0.165535 0.999873 0.168559 0.999352 0.171539 0.998372 0.174016 0.997085 0.175614 0.995686 0.211484 0.935337 0.210890 0.930982 0.209350 0.927619 0.205480 0.920953 0.200941 0.914244 0.194421 0.905906 0.189713 0.901272 0.172987 0.912175 0.161311 0.919790 0.158459 0.921798 0.123955 0.948251 0.122604 0.949868
0 0.312121 0.634673 0.373498 0.673357 0.375072 0.673806 0.377524 0.673794 0.380481 0.673322 0.383491 0.672462 0.386092 0.671345 0.387887 0.670143 0.388603 0.669040 0.401507 0.640447 0.401759 0.639194 0.402256 0.636312 0.402923 0.632240 0.403657 0.627600 0.404346 0.623107 0.404883 0.619449 0.405187 0.617186 0.405213 0.616656 0.397852 0.607751 0.354941 0.599287 0.351473 0.598747 0.318427 0.594757 0.317634 0.598699 0.316718 0.603878 0.315209 0.613266 0.313586 0.623844 0.312684 0.630018 0.312154 0.634024
0 0.011105 0.458227 0.045942 0.479184 0.052192 0.479489 0.107221 0.465798 0.127891 0.431438 0.093532 0.410770 0.087859 0.409507 0.032064 0.423389
0 0.688412 0.731127 0.692454 0.745763 0.692554 0.745965 0.694050 0.747297 0.696718 0.749561 0.734669 0.781379 0.738158 0.784276 0.741869 0.787308 0.745232 0.790008 0.747730 0.791963 0.748985 0.792875 0.764307 0.794532 0.795289 0.756541 0.787158 0.749731 0.749058 0.718511 0.718800 0.693863
0 0.177580 0.875654 0.189555 0.891025 0.191610 0.892529 0.194978 0.894417 0.199146 0.896402 0.251475 0.919566 0.255788 0.921336 0.259569 0.922612 0.262240 0.923200 0.281877 0.921822 0.301465 0.877573 0.277206 0.863073 0.225479 0.840175 0.197168 0.831404
0 0.496178 0.758626 0.543164 0.824513 0.582697 0.796321 0.584510 0.783103 0.583866 0.781984 0.582257 0.779544 0.579930 0.776158 0.577236 0.772338 0.553958 0.739696 0.551299 0.736011 0.549070 0.733007 0.547607 0.731139 0.547137 0.730697 0.535302 0.727800 0.496222 0.755670
0 0.475787 0.180636 0.476119 0.185015 0.515950 0.188687 0.523293 0.109025 0.523617 0.103588 0.483232 0.099866
0 0.556790 0.726724 0.557446 0.729345 0.581740 0.771386 0.651807 0.730896 0.627514 0.688856 0.626056 0.686698 0.615537 0.684394 0.614591 0.684610 0.612203 0.685710 0.608740 0.687525 0.604726 0.689778 0.570014 0.709838 0.566046 0.712196 0.562713 0.714309 0.560521 0.715855 0.559805 0.716600
0 0.494395 0.385655 0.509299 0.399613 0.540645 0.424807 0.557296 0.436212 0.581062 0.406710 0.596802 0.387061 0.533886 0.336492 0.517590 0.355694
0 0.748133 0.819768 0.749274 0.821240 0.825420 0.847553 0.904361 0.619117 0.828214 0.592803 0.826711 0.592378
0 0.666035 0.781921 0.671079 1.000000 0.752414 1.000000 0.747346 0.781529 0.746212 0.780239
0 0.178987 0.168504 0.180454 0.170020 0.404437 0.256225 0.433173 0.181564 0.432866 0.180102 0.207854 0.093500
0 0.086181 0.497938 0.094775 0.554511 0.101292 0.559309 0.105848 0.558632 0.153280 0.494209 0.114626 0.465750 0.110171 0.465354 0.100757 0.466964 0.099684 0.467661 0.097680 0.469737 0.095049 0.472877 0.092195 0.476602 0.089555 0.480340 0.087536 0.483515 0.086444 0.485643
0 0.548904 0.149449 0.561862 0.165852 0.575858 0.179451 0.596174 0.163249 0.638246 0.125473 0.642705 0.121063 0.615930 0.091260 0.575225 0.122790
0 0.702357 0.628516 0.718496 0.649280 0.754227 0.693106 0.758236 0.697831 0.789286 0.672511 0.757861 0.630961 0.733613 0.603028 0.716992 0.615062
0 0.281070 0.583562 0.289113 0.584456 0.291523 0.583491 0.335698 0.548155 0.344139 0.541379 0.344446 0.540413 0.344908 0.537774 0.345454 0.533867 0.346003 0.529283 0.346472 0.524715 0.346789 0.520852 0.346906 0.518278 0.346806 0.517389 0.340117 0.508400 0.292411 0.503097 0.290011 0.503133
0 0.641449 0.637878 0.663395 0.671321 0.664145 0.672107 0.697741 0.650062 0.675695 0.616465 0.674892 0.615933
0 0.881140 0.155771 0.905751 0.187427 0.907619 0.185988 0.939421 0.161264 0.914697 0.129462 0.882895 0.154186
0 0.536107 0.618652 0.536273 0.619198 0.566011 0.646370 0.593183 0.616632 0.592755 0.616097 0.563154 0.589050
0 0.918108 0.859678 0.931713 0.897397 0.933700 0.899226 0.971593 0.885559 0.957925 0.847666 0.955827 0.846073
