0 0.828433 0.592702 0.833008 0.593992 0.873099 0.600111 0.885337 0.519927 0.845246 0.513808 0.840503 0.513618
0 0.079734 0.192420 0.090273 0.273047 0.095906 0.276167 0.135665 0.270970 0.125271 0.191452 0.120048 0.187151
0 0.870081 0.736334 0.891803 0.779138 0.896332 0.782365 0.968497 0.745744 0.946525 0.702446 0.941422 0.700132 0.932915 0.697300 0.931526 0.697455 0.928717 0.698416 0.924917 0.700034 0.920702 0.702065 0.884950 0.720207 0.880945 0.722348 0.877746 0.724282 0.875838 0.725715
0 0.711271 0.587635 0.717278 0.635258 0.719790 0.636822 0.800079 0.626693 0.794002 0.578520 0.783259 0.570594 0.781976 0.570616 0.779072 0.570864 0.774992 0.571299 0.770353 0.571857 0.730577 0.576875 0.726069 0.577471 0.722363 0.578018 0.720018 0.578432 0.719398 0.578650
0 0.696531 0.547655 0.697436 0.547875 0.737717 0.548106 0.737949 0.507825 0.736858 0.507789 0.696761 0.507558
0 0.823744 0.662247 0.825234 0.662994 0.865516 0.663217 0.865738 0.622935 0.864062 0.622372 0.823965 0.622151
0 0.635171 0.079735 0.641230 0.094544 0.653373 0.097263 0.655617 0.096724 0.659114 0.095546 0.663332 0.093909 0.667636 0.092059 0.671376 0.090276 0.673986 0.088829 0.675066 0.087939 0.680311 0.074534 0.674183 0.059555 0.636733 0.074877
0 0.609967 0.851267 0.616079 0.890895 0.616614 0.892695 0.656425 0.886555 0.650285 0.846744 0.649596 0.845155
0 0.138503 0.514755 0.138979 0.554936 0.179160 0.554460 0.180627 0.554211 0.180152 0.514214 0.140155 0.514688
0 0.775846 0.475944 0.814674 0.485555 0.818312 0.485388 0.829978 0.438256 0.822325 0.428379 0.821859 0.428063 0.819673 0.427352 0.816101 0.426354 0.811685 0.425221 0.807105 0.424127 0.803065 0.423241 0.800182 0.422698 0.798895 0.422579 0.787379 0.429350
0 0.099132 0.670728 0.104423 0.710843 0.152561 0.704494 0.156532 0.702157 0.161981 0.694224 0.162307 0.693059 0.162342 0.690255 0.162084 0.686244 0.161570 0.681632 0.160880 0.677115 0.160116 0.673375 0.159395 0.670978 0.158825 0.670293 0.151302 0.662500 0.103714 0.668776
0 0.851142 0.177374 0.898493 0.185239 0.910535 0.176893 0.911228 0.175559 0.912119 0.172608 0.913072 0.168488 0.913940 0.163828 0.914590 0.159346 0.914922 0.155730 0.914887 0.153531 0.909730 0.141685 0.861831 0.133729 0.857696 0.137915
0 0.654327 0.584354 0.669829 0.621228 0.672191 0.622914 0.709577 0.607196 0.693860 0.569809 0.691201 0.568852
0 0.219798 0.154835 0.223001 0.158780 0.270790 0.163275 0.278737 0.154130 0.279115 0.153672 0.279606 0.151460 0.280135 0.147834 0.280624 0.143344 0.280998 0.138666 0.281200 0.134508 0.281200 0.131499 0.280998 0.130098 0.271929 0.119098 0.223587 0.114551
0 0.109165 0.350836 0.110955 0.351520 0.340985 0.421998 0.364478 0.345321 0.363854 0.344608 0.132766 0.273807
0 0.269273 0.521936 0.492348 0.607912 0.495746 0.607787 0.523317 0.532556 0.300205 0.445435 0.297656 0.446296
0 0.163322 0.529580 0.308045 0.722871 0.371873 0.676001 0.374186 0.673197 0.229413 0.480523 0.164713 0.526123
0 0.323881 0.187818 0.369754 0.252929 0.370589 0.252997 0.372296 0.252349 0.374615 0.251081 0.377192 0.249387 0.462427 0.188994 0.464853 0.187143 0.466742 0.185430 0.467806 0.184115 0.467884 0.183399 0.422581 0.117885 0.421697 0.117931 0.419949 0.118679 0.417603 0.120013 0.404687 0.128296 0.339106 0.174763 0.327213 0.184059 0.325253 0.185775 0.324082 0.187096
0 0.309259 0.491977 0.309376 0.493693 0.309668 0.496267 0.310091 0.499308 0.325597 0.602629 0.326084 0.605652 0.326557 0.608176 0.326944 0.609816 0.327187 0.610323 0.406482 0.598423 0.406473 0.597734 0.406285 0.595945 0.405946 0.593330 0.405508 0.590286 0.390073 0.487438 0.389600 0.484408 0.389160 0.481832 0.388819 0.480101 0.388631 0.479480 0.309336 0.491380
0 0.239383 0.721708 0.239477 0.722109 0.317674 0.739844 0.317969 0.739040 0.318487 0.737170 0.319151 0.734521 0.319860 0.731494 0.342864 0.630070 0.343514 0.627107 0.344011 0.624637 0.344279 0.623036 0.344278 0.622549 0.266080 0.604813 0.265740 0.605501 0.265181 0.607277 0.264488 0.609873 0.260825 0.624791 0.243029 0.703258 0.240022 0.717743 0.239575 0.720175
0 0.484972 0.627125 0.527003 0.651106 0.542582 0.641093 0.543095 0.640480 0.544446 0.638354 0.546431 0.635038 0.548745 0.631038 0.577105 0.581332 0.579386 0.577277 0.581276 0.573802 0.582486 0.571438 0.582833 0.570544 0.583526 0.552038 0.541495 0.528057 0.527143 0.552397 0.499110 0.601531
0 0.838685 0.290370 0.855547 0.299217 0.857765 0.299443 0.861410 0.299596 0.865929 0.299652 0.922762 0.299690 0.927488 0.299641 0.931723 0.299494 0.934826 0.299271 0.936321 0.299006 0.952744 0.290448 0.952777 0.242057 0.927747 0.239918 0.870249 0.239879 0.838718 0.241979
0 0.555503 0.331119 0.590494 0.364545 0.608030 0.358594 0.608523 0.358116 0.610209 0.356382 0.612829 0.353661 0.615986 0.350363 0.655244 0.309268 0.658473 0.305881 0.661295 0.302905 0.663285 0.300790 0.664137 0.299861 0.669281 0.282071 0.634290 0.248644 0.615535 0.267368 0.604382 0.279042 0.586970 0.297269 0.575818 0.308943
0 0.052554 0.142116 0.082520 0.155290 0.135218 0.175854 0.158810 0.183579 0.176401 0.138499 0.164223 0.124548 0.162919 0.123715 0.160091 0.122337 0.156167 0.120621 0.151749 0.118832 0.098437 0.098029 0.094216 0.096446 0.090856 0.095319 0.088869 0.094819 0.070146 0.097035
