0 0.230598 0.305131 0.272096 0.330022 0.288487 0.307140 0.309414 0.272251 0.317584 0.258629 0.330766 0.232210 0.289267 0.207318 0.272700 0.217405 0.271092 0.219342 0.268895 0.222507 0.266444 0.226418 0.237007 0.275494 0.234688 0.279536 0.232863 0.283076 0.231812 0.285571 0.231694 0.286644
0 0.305314 0.788896 0.312752 0.805856 0.313222 0.806838 0.315063 0.808829 0.317994 0.811526 0.321569 0.814516 0.366195 0.850342 0.369852 0.853157 0.373018 0.855354 0.375208 0.856599 0.394258 0.860299 0.424552 0.822563 0.403105 0.802250 0.358993 0.766837 0.335608 0.751160
0 0.523970 0.548002 0.536959 0.594617 0.555074 0.598465 0.556035 0.598348 0.558630 0.597753 0.562467 0.596770 0.566959 0.595548 0.622086 0.580187 0.626528 0.578919 0.630223 0.577804 0.632606 0.577011 0.633318 0.576662 0.646832 0.564001 0.633843 0.517386 0.605515 0.524837 0.551023 0.540022
0 0.602556 0.784301 0.603028 0.785610 0.643239 0.788004 0.645633 0.747793 0.644966 0.746657 0.604939 0.744275
0 0.142200 0.078342 0.143840 0.080274 0.182754 0.089943 0.192423 0.051029 0.191006 0.048962 0.151913 0.039249
0 0.086952 0.677961 0.126435 0.685941 0.128147 0.685089 0.136091 0.645786 0.096788 0.637843 0.094932 0.638477
0 0.439947 0.341174 0.440223 0.341901 0.666141 0.424616 0.666905 0.424270 0.694604 0.348617 0.467646 0.265521
0 0.069555 0.389346 0.070039 0.391119 0.101841 0.455008 0.106461 0.455352 0.110334 0.455323 0.118243 0.455046 0.126385 0.454592 0.136754 0.453790 0.142824 0.453049 0.142289 0.433205 0.141791 0.419638 0.141588 0.416142 0.137286 0.372714 0.128882 0.364346 0.128023 0.364028 0.125444 0.363854 0.121535 0.363853 0.116893 0.364024 0.112230 0.364342 0.108263 0.364757 0.105600 0.365206 0.074515 0.377029 0.072983 0.378555 0.071522 0.380946 0.070357 0.383839 0.069666 0.386789
0 0.158842 0.725450 0.159375 0.736867 0.160479 0.738652 0.162817 0.741286 0.166033 0.744365 0.169634 0.747419 0.173066 0.749976 0.175803 0.751645 0.208400 0.765497 0.210215 0.765401 0.212716 0.764667 0.215520 0.763406 0.218198 0.761813 0.220340 0.760131 0.221620 0.758618 0.241729 0.690286 0.240387 0.687210 0.238182 0.684653 0.232925 0.679445 0.226938 0.674097 0.218546 0.667302 0.212710 0.663343 0.211465 0.663711 0.189458 0.687766 0.187170 0.690407 0.168636 0.713277
0 0.434035 0.590290 0.434147 0.591876 0.434679 0.594993 0.435552 0.599169 0.436632 0.603764 0.437752 0.608072 0.438741 0.611431 0.439447 0.613329 0.449547 0.619011 0.464560 0.616013 0.492917 0.610239 0.496325 0.609424 0.528250 0.600878 0.528373 0.600144 0.526960 0.593293 0.524541 0.582780 0.522640 0.574980 0.520792 0.567824 0.519886 0.564598 0.518803 0.561723 0.447715 0.548362 0.446011 0.548740 0.443693 0.549823 0.441115 0.551446 0.438672 0.553361 0.436737 0.555276 0.435606 0.556896 0.435451 0.557975
0 0.841544 0.507761 0.841586 0.508853 0.856275 0.538126 0.857331 0.539599 0.859408 0.542203 0.862189 0.545543 0.865256 0.549115 0.868145 0.552379 0.870419 0.554842 0.871733 0.556129 0.883725 0.556461 0.895364 0.547041 0.917410 0.529128 0.920089 0.526851 0.945173 0.504630 0.944159 0.502213 0.941674 0.498586 0.935791 0.491471 0.928466 0.483183 0.923786 0.478188 0.920249 0.474751 0.919184 0.474000 0.848341 0.494679 0.847275 0.495735 0.845901 0.497714 0.844429 0.500315 0.843083 0.503139 0.842070 0.505755
0 0.458235 0.963289 0.465325 0.975223 0.513364 0.982277 0.525122 0.902211 0.524835 0.897614 0.477344 0.890640 0.467587 0.899604 0.467496 0.899985 0.467153 0.902121 0.466611 0.905683 0.465951 0.910131 0.460126 0.949797 0.459446 0.954470 0.458849 0.958673 0.458423 0.961771
0 0.381594 0.411512 0.393812 0.491901 0.395272 0.492013 0.434914 0.485987 0.422863 0.406703 0.421788 0.405403
0 0.621547 0.480374 0.657202 0.512511 0.660879 0.512803 0.671818 0.512473 0.672670 0.511798 0.674643 0.509841 0.677435 0.506897 0.680622 0.503415 0.683712 0.499933 0.686231 0.496983 0.687795 0.495018 0.688166 0.494334 0.688286 0.482396 0.651797 0.449508 0.648328 0.450662
0 0.111001 0.746683 0.121577 0.754491 0.123800 0.754855 0.127487 0.755161 0.132075 0.755362 0.136858 0.755427 0.141103 0.755346 0.144159 0.755132 0.145562 0.754817 0.149637 0.751888 0.159877 0.742180 0.161239 0.694199 0.121255 0.693064 0.112395 0.697580
0 0.921252 0.250340 0.924599 0.262603 0.970076 0.277960 0.975510 0.275393 0.988456 0.237057 0.942453 0.221523 0.929236 0.228011 0.928377 0.229239 0.927064 0.232014 0.925497 0.235911 0.923913 0.240341 0.922551 0.244636 0.921617 0.248145
0 0.139321 0.840052 0.170535 0.877244 0.184087 0.876451 0.184374 0.876357 0.186030 0.875093 0.188803 0.872850 0.192271 0.869968 0.195901 0.866892 0.199135 0.864094 0.201479 0.862002 0.202576 0.860934 0.204939 0.847218 0.174082 0.810451 0.143443 0.836165
0 0.410815 0.725507 0.443788 0.748958 0.471929 0.709390 0.472250 0.706997 0.470489 0.696556 0.469780 0.695766 0.467687 0.694034 0.464530 0.691628 0.460789 0.688910 0.457026 0.686291 0.453812 0.684166 0.451631 0.682858 0.450818 0.682567 0.439654 0.683814 0.411834 0.722930
0 0.112365 0.512285 0.113024 0.552742 0.161572 0.551952 0.165440 0.551358 0.171934 0.543469 0.172352 0.542495 0.172675 0.539837 0.172855 0.535906 0.172866 0.531294 0.172705 0.526698 0.172397 0.522813 0.171989 0.520226 0.171541 0.519334 0.164789 0.511363 0.116795 0.512145
