0 0.229696 0.121093 0.229761 0.122386 0.265656 0.188651 0.266767 0.189304 0.268783 0.189268 0.271396 0.188550 0.285523 0.182708 0.356029 0.144123 0.368575 0.135368 0.370592 0.133552 0.371714 0.131871 0.371770 0.130580 0.335262 0.064650 0.334215 0.063894 0.332253 0.063840 0.329675 0.064496 0.326875 0.065763 0.235237 0.115912 0.232659 0.117589 0.230713 0.119408
0 0.547011 0.753835 0.547165 0.755644 0.547451 0.758305 0.547825 0.761413 0.548231 0.764491 0.561360 0.859621 0.561725 0.862130 0.561999 0.863728 0.562141 0.864173 0.641844 0.854270 0.641762 0.853506 0.641537 0.851643 0.641204 0.848965 0.640814 0.845880 0.640425 0.842854 0.628131 0.747901 0.627794 0.745323 0.627565 0.743627 0.627480 0.743071 0.547012 0.753154
0 0.656253 0.755597 0.689652 0.823716 0.690703 0.824415 0.692692 0.824468 0.695317 0.823866 0.698176 0.822700 0.791876 0.776518 0.794516 0.774974 0.796517 0.773296 0.797574 0.771742 0.797527 0.770548 0.764755 0.702120 0.763635 0.701522 0.761588 0.701557 0.758926 0.702220 0.744505 0.707604 0.672412 0.743136 0.659559 0.751194 0.657488 0.752865 0.656326 0.754411
0 0.558410 0.955526 0.559223 0.961860 0.637260 0.983982 0.648321 0.944963 0.646287 0.938861 0.569320 0.917042
0 0.777851 0.118969 0.777912 0.120283 0.778818 0.123016 0.780429 0.126750 0.782500 0.130920 0.801182 0.166394 0.803406 0.170380 0.805452 0.173590 0.807011 0.175537 0.817334 0.180891 0.859804 0.158525 0.863964 0.154577 0.826255 0.082975 0.783294 0.105600 0.780056 0.110107
0 0.250110 0.711052 0.251226 0.723951 0.291818 0.751615 0.296577 0.745864 0.319104 0.712811 0.279440 0.685778 0.266577 0.688680 0.263862 0.690874 0.263023 0.691898 0.261259 0.694309 0.258841 0.697739 0.256136 0.701667 0.253561 0.705487 0.251511 0.708612 0.250300 0.710566
0 0.772299 0.880410 0.776094 0.885713 0.854640 0.906743 0.865155 0.867470 0.860135 0.862418 0.782669 0.841677
0 0.626453 0.522042 0.636643 0.568948 0.647106 0.575990 0.648817 0.576873 0.649925 0.576779 0.652688 0.576302 0.656687 0.575517 0.661310 0.574541 0.665848 0.573526 0.669602 0.572628 0.672000 0.571983 0.672679 0.571689 0.679842 0.561870 0.669413 0.513867 0.665541 0.513550
0 0.541801 0.169390 0.549271 0.208687 0.596426 0.199723 0.603876 0.188496 0.603842 0.187181 0.603468 0.184253 0.602813 0.180158 0.601974 0.175520 0.601082 0.171054 0.600273 0.167445 0.599672 0.165243 0.599369 0.164783 0.589985 0.156501 0.542284 0.165568
0 0.379509 0.467060 0.386163 0.477363 0.386910 0.477536 0.389341 0.478090 0.393089 0.478940 0.397581 0.479957 0.402128 0.480985 0.406029 0.481865 0.408690 0.482464 0.409706 0.482690 0.419900 0.476263 0.430492 0.429447 0.429689 0.428631 0.390224 0.419702
0 0.807913 0.796140 0.809852 0.844101 0.813434 0.848079 0.853864 0.846444 0.851902 0.797929 0.841494 0.788000 0.840128 0.787657 0.837140 0.787442 0.832990 0.787385 0.828303 0.787496 0.823789 0.787757 0.820128 0.788130 0.817874 0.788557
0 0.050682 0.852446 0.089682 0.881371 0.103699 0.877809 0.104768 0.876574 0.106764 0.874057 0.109382 0.870644 0.112226 0.866850 0.114867 0.863248 0.116907 0.860382 0.118035 0.858686 0.118078 0.858421 0.118199 0.844884 0.079646 0.816290 0.074786 0.819947
0 0.067710 0.307086 0.070239 0.314503 0.075414 0.320387 0.082447 0.323844 0.083164 0.324147 0.090971 0.324647 0.098375 0.322123 0.104249 0.316957 0.107700 0.309936 0.108200 0.302129 0.105676 0.294725 0.100510 0.288851 0.099822 0.288488 0.092789 0.285031 0.084969 0.284530 0.077553 0.287058 0.071668 0.292233 0.068211 0.299266
0 0.451086 0.506051 0.452049 0.511590 0.452657 0.514385 0.461671 0.520279 0.463769 0.521501 0.467288 0.522089 0.471693 0.521958 0.476318 0.521127 0.480466 0.519722 0.483508 0.517955 0.484982 0.516092 0.491458 0.507415 0.490472 0.501890 0.489943 0.499071 0.484472 0.490843 0.481706 0.489166 0.477017 0.488340 0.471122 0.488495 0.464926 0.489608 0.459383 0.491508 0.455345 0.493901 0.453426 0.496420
0 0.853100 0.190503 0.855530 0.197939 0.860621 0.203879 0.867597 0.207419 0.875396 0.208019 0.882832 0.205589 0.883491 0.205083 0.889441 0.199983 0.892987 0.192995 0.893588 0.185182 0.891154 0.177733 0.886055 0.171784 0.879067 0.168237 0.871254 0.167636 0.863805 0.170070 0.857855 0.175170 0.857240 0.175728 0.853700 0.182704
0 0.595022 0.767711 0.595460 0.768944 0.628959 0.791315 0.651330 0.757816 0.650636 0.756634 0.617291 0.734366
0 0.451451 0.211043 0.451673 0.212364 0.480614 0.239975 0.508225 0.211034 0.508263 0.209707 0.479189 0.181968
0 0.447746 0.814302 0.476602 0.841720 0.483618 0.837772 0.505538 0.809766 0.476785 0.782373 0.469830 0.786513
0 0.000000 0.502191 0.209821 0.490878 0.206054 0.410772 0.204700 0.410362 0.000000 0.421716
0 0.591681 0.403372 0.824811 0.462794 0.826307 0.462622 0.846205 0.384554 0.612001 0.324859 0.611488 0.325662
