0 0.654715 0.821574 0.655081 0.823664 0.656093 0.826511 0.658650 0.833093 0.661658 0.840450 0.665990 0.850598 0.669129 0.857476 0.669998 0.858659 0.700665 0.846450 0.703898 0.845098 0.730447 0.833521 0.744489 0.827386 0.749230 0.816671 0.748846 0.815033 0.747791 0.811963 0.746223 0.807930 0.744383 0.803551 0.742554 0.799499 0.741018 0.796398 0.740007 0.794716 0.719377 0.768426 0.718728 0.767861 0.716951 0.767391 0.714318 0.767089 0.711229 0.767002 0.708159 0.767143 0.705576 0.767491 0.703876 0.767991 0.703315 0.768567
0 0.515156 0.643722 0.515160 0.644301 0.515838 0.646501 0.517089 0.649992 0.518721 0.654239 0.520484 0.658592 0.522107 0.662381 0.523341 0.665026 0.524000 0.666126 0.543354 0.690920 0.544213 0.691877 0.546161 0.692682 0.548902 0.693211 0.552017 0.693382 0.555029 0.693170 0.557476 0.692606 0.558987 0.691778 0.609765 0.640551 0.608548 0.636901 0.607274 0.633518 0.604496 0.626381 0.601501 0.618863 0.597506 0.609058 0.594950 0.603041 0.594757 0.603026 0.563584 0.614229 0.560328 0.615528 0.520436 0.633350
0 0.667335 0.541556 0.684689 0.550341 0.701249 0.558408 0.739652 0.574918 0.751413 0.571485 0.752596 0.570115 0.754364 0.567317 0.756450 0.563517 0.758537 0.559289 0.760311 0.555271 0.761504 0.552071 0.767655 0.525492 0.767789 0.523370 0.767084 0.520745 0.765647 0.518018 0.763698 0.515607 0.761536 0.513880 0.759491 0.513102 0.685614 0.503617 0.683904 0.504647 0.681160 0.508216 0.676355 0.516121 0.671994 0.524741 0.669477 0.531462 0.667433 0.538845
0 0.474378 0.468550 0.474652 0.469100 0.480436 0.472801 0.489628 0.478339 0.496581 0.482389 0.503092 0.486045 0.506118 0.487653 0.509164 0.488931 0.567861 0.446948 0.568821 0.445474 0.569685 0.443063 0.570321 0.440085 0.570630 0.436994 0.570566 0.434265 0.570140 0.432314 0.569415 0.431438 0.547380 0.408061 0.546246 0.407065 0.543700 0.405305 0.540128 0.403046 0.536077 0.400636 0.532170 0.398446 0.529007 0.396810 0.527070 0.395979 0.526650 0.396077 0.516016 0.399321 0.507690 0.412192 0.492063 0.436586 0.490287 0.439607
0 0.870488 0.597846 0.874771 0.598977 0.922409 0.608369 0.929925 0.601506 0.930671 0.600738 0.931661 0.598277 0.932745 0.594498 0.933755 0.589975 0.934537 0.585405 0.934971 0.581491 0.934990 0.578829 0.934594 0.577824 0.930236 0.568671 0.882598 0.559279 0.878225 0.558602
0 0.947235 0.579732 0.958933 0.617983 0.965315 0.619624 1.000000 0.607763 1.000000 0.599091 0.999228 0.594166 0.992237 0.568980 0.985486 0.568034
0 0.267224 0.608829 0.274022 0.648716 0.321887 0.640559 0.323922 0.638953 0.329986 0.630384 0.330056 0.629308 0.329807 0.626590 0.329278 0.622649 0.328550 0.618079 0.327731 0.613571 0.326947 0.609806 0.326314 0.607352 0.325931 0.606589 0.317202 0.599521 0.269885 0.607585
0 0.883168 0.133498 0.917056 0.167492 0.931187 0.165955 0.932408 0.164864 0.934750 0.162637 0.937858 0.159611 0.941256 0.156249 0.944421 0.153068 0.946868 0.150557 0.948223 0.149099 0.948281 0.148914 0.950534 0.135081 0.916254 0.100694 0.911497 0.105258
0 0.911861 0.676897 0.947252 0.709323 0.952423 0.711742 0.979757 0.681908 0.943956 0.649108 0.938882 0.647404 0.929666 0.648408 0.928480 0.648889 0.926238 0.650647 0.923284 0.653413 0.920064 0.656767 0.917064 0.660202 0.914737 0.663202 0.913435 0.665311
0 0.482669 0.149673 0.488986 0.161553 0.535448 0.173607 0.555538 0.096171 0.556180 0.091502 0.509181 0.079309 0.498833 0.087368 0.498600 0.087713 0.497940 0.089789 0.496952 0.093284 0.495788 0.097663 0.485650 0.136738 0.484490 0.141319 0.483516 0.145387 0.482877 0.148320
0 0.557058 0.904798 0.557718 0.909478 0.570810 0.956235 0.648737 0.934414 0.635645 0.887658 0.634095 0.883228 0.624813 0.879367 0.623765 0.879115 0.621113 0.879395 0.617265 0.880165 0.612802 0.881307 0.574195 0.892117 0.569781 0.893461 0.566072 0.894807 0.563629 0.895953 0.562829 0.896723
0 0.477008 0.862014 0.501384 0.904007 0.571372 0.863381 0.570556 0.859228 0.546459 0.817715 0.535476 0.816186 0.534636 0.816230 0.532340 0.817188 0.528940 0.818911 0.524952 0.821138 0.490279 0.841265 0.486294 0.843666 0.482906 0.845883 0.480627 0.847581 0.479807 0.848501 0.477271 0.857877
0 0.549151 0.132234 0.608006 0.186420 0.635099 0.156993 0.636978 0.152223 0.577305 0.097283 0.549835 0.127120
0 0.704130 0.622057 0.713324 0.631330 0.714526 0.631507 0.717389 0.631662 0.721480 0.631772 0.726173 0.631820 0.766542 0.631938 0.771105 0.631917 0.774827 0.631829 0.777139 0.631689 0.777692 0.631518 0.787414 0.623704 0.787556 0.575149 0.784270 0.574290 0.704270 0.574057
0 0.882767 0.489637 0.882906 0.494918 0.886029 0.500088 0.891668 0.504358 0.894755 0.506489 0.899121 0.508109 0.903807 0.508543 0.908093 0.507724 0.913966 0.506423 0.919361 0.503176 0.922164 0.498554 0.923068 0.494136 0.922862 0.488850 0.920458 0.481629 0.917917 0.477513 0.913390 0.474130 0.907566 0.471989 0.901325 0.471410 0.895609 0.472483 0.891280 0.475046 0.886474 0.480630 0.883623 0.485216
0 0.316911 0.585846 0.318805 0.593453 0.323467 0.599756 0.330185 0.603796 0.337938 0.604957 0.345546 0.603063 0.345811 0.602886 0.352103 0.598232 0.356136 0.591525 0.357295 0.583786 0.355404 0.576192 0.350750 0.569899 0.344043 0.565866 0.336304 0.564708 0.328710 0.566598 0.328415 0.566713 0.322112 0.571374 0.318072 0.578093
0 0.300246 0.473130 0.300477 0.476044 0.307620 0.483892 0.309537 0.485611 0.312944 0.487049 0.317324 0.487990 0.322014 0.488292 0.326305 0.487909 0.329551 0.486899 0.336966 0.481061 0.339817 0.478576 0.340277 0.472992 0.340130 0.470073 0.336978 0.460807 0.334462 0.458475 0.329933 0.456519 0.324076 0.455239 0.317793 0.454835 0.312053 0.455368 0.307735 0.456755 0.305499 0.458781 0.300732 0.467538
0 0.338323 0.774438 0.339308 0.779233 0.341865 0.786229 0.345452 0.790383 0.348831 0.793109 0.354236 0.794789 0.360637 0.793725 0.367054 0.790073 0.369245 0.788625 0.372500 0.785227 0.374672 0.781136 0.376128 0.777553 0.377392 0.770613 0.376104 0.764636 0.372470 0.760530 0.369125 0.757770 0.363708 0.756149 0.356828 0.755119 0.351721 0.756005 0.346614 0.758933 0.342279 0.763459 0.339368 0.768901
0 0.215513 0.074293 0.219756 0.084118 0.220385 0.085048 0.224639 0.089318 0.236130 0.089621 0.237732 0.088860 0.240334 0.086906 0.243539 0.084057 0.246864 0.080746 0.249807 0.077469 0.251923 0.074723 0.252889 0.072926 0.252558 0.061505 0.252001 0.060522 0.247738 0.056242 0.237894 0.051997 0.235750 0.052955 0.232256 0.055532 0.227943 0.059338 0.223475 0.063789 0.219541 0.068198 0.216745 0.071888
0 0.821516 0.362741 0.836471 0.399841 0.888524 0.421985 0.893927 0.420901 0.931542 0.405738 0.916380 0.368123 0.863602 0.345670 0.825987 0.360833
0 0.363668 0.388657 0.388560 0.420676 0.390088 0.421764 0.421668 0.397213 0.423642 0.381452 0.426724 0.356844 0.428697 0.341083 0.427706 0.338874 0.402814 0.306855 0.370795 0.331746
0 0.104680 0.220369 0.137821 0.257076 0.165168 0.284253 0.181075 0.271357 0.194261 0.256322 0.177257 0.238003 0.138108 0.197219 0.133581 0.192623
0 0.129321 0.743587 0.194474 0.791586 0.197966 0.788253 0.202711 0.781813 0.194232 0.725883 0.191067 0.715526 0.190736 0.714698 0.188980 0.712910 0.186069 0.710437 0.182445 0.707652 0.178656 0.704975 0.175271 0.702812 0.172805 0.701488 0.171634 0.701209 0.162027 0.702158 0.158120 0.704495
0 0.712093 0.736246 0.723612 0.774619 0.782188 0.762689 0.812390 0.750244 0.800795 0.711616 0.771400 0.717987 0.717198 0.734232
0 0.568998 0.863161 0.570320 0.871051 0.571133 0.875340 0.650945 0.861969 0.642923 0.814082 0.641289 0.810492 0.632753 0.805175 0.631674 0.804924 0.628952 0.805015 0.625007 0.805432 0.620435 0.806113 0.615926 0.806954 0.612160 0.807828 0.609708 0.808604 0.608947 0.809163 0.601839 0.817101
