0 0.265063 0.567500 0.265363 0.567902 0.266630 0.568928 0.268673 0.570423 0.280913 0.579005 0.347550 0.624096 0.360281 0.632410 0.362509 0.633804 0.364052 0.634680 0.364676 0.634904 0.409612 0.568495 0.409186 0.568093 0.407816 0.567070 0.405712 0.565582 0.403193 0.563855 0.317058 0.505572 0.314490 0.503857 0.312248 0.502404 0.310670 0.501432 0.309999 0.501091
0 0.174574 0.140953 0.174612 0.141825 0.247915 0.174322 0.248383 0.174049 0.249273 0.172705 0.250449 0.170494 0.251733 0.167752 0.293882 0.072676 0.295087 0.069802 0.296038 0.067215 0.296590 0.065306 0.296660 0.064367 0.223356 0.031870 0.222866 0.032018 0.221954 0.033261 0.220759 0.035412 0.214251 0.048645 0.181642 0.122201 0.175932 0.136531 0.175037 0.139093
0 0.563929 0.498616 0.564149 0.500457 0.564718 0.501219 0.641302 0.518033 0.642073 0.517586 0.642989 0.516011 0.643912 0.513548 0.648126 0.499005 0.665436 0.420517 0.667770 0.405368 0.667983 0.402677 0.667838 0.400759 0.667353 0.399907 0.590619 0.383775 0.589809 0.384106 0.588857 0.385581 0.587910 0.387977 0.587112 0.390928 0.564615 0.492939 0.564092 0.495976
0 0.629470 0.357264 0.664488 0.390092 0.677173 0.389437 0.679233 0.388152 0.680109 0.387323 0.682128 0.385260 0.684984 0.382274 0.688240 0.378822 0.691396 0.375434 0.693967 0.372632 0.695559 0.370842 0.695934 0.370337 0.696333 0.357656 0.660495 0.324060 0.632498 0.353925
0 0.843251 0.524715 0.857905 0.570423 0.870234 0.576512 0.874539 0.577402 0.875925 0.577221 0.878879 0.576499 0.882950 0.575344 0.887517 0.573932 0.891878 0.572482 0.895362 0.571214 0.897438 0.570325 0.897792 0.569947 0.905259 0.559573 0.890262 0.512796 0.881341 0.512503
0 0.717268 0.918614 0.719780 0.923453 0.774257 0.983295 0.810162 0.950609 0.809285 0.936315 0.808260 0.935062 0.806159 0.932646 0.803304 0.929438 0.800126 0.925922 0.773137 0.896275 0.770109 0.892974 0.767681 0.890378 0.766221 0.888882 0.765954 0.888716 0.752764 0.886301
0 0.476386 0.174975 0.476710 0.179432 0.503213 0.209392 0.563133 0.156386 0.564011 0.151609 0.537139 0.121232
0 0.655027 0.636158 0.680442 0.667173 0.682953 0.669506 0.714400 0.643737 0.718484 0.602588 0.720078 0.586522 0.694309 0.555075 0.691642 0.554315 0.660627 0.579730
0 0.047568 0.302818 0.059067 0.325591 0.089499 0.374376 0.107935 0.399593 0.148993 0.373981 0.147553 0.354927 0.146563 0.352870 0.144756 0.349660 0.142408 0.345785 0.112328 0.297565 0.109784 0.293596 0.107420 0.290120 0.105594 0.287663 0.104585 0.286601 0.088626 0.277207
0 0.908466 0.075700 0.913323 0.115502 0.953126 0.110644 0.959437 0.105218 0.994869 0.059935 0.989944 0.019578 0.949586 0.024504 0.943411 0.031040
0 0.235806 0.000000 0.396713 0.171350 0.456431 0.118120 0.456239 0.116359 0.356304 0.015538 0.352540 0.012697 0.332923 0.000000
0 0.525017 0.930409 0.525306 0.935385 0.532460 0.942077 0.533420 0.942738 0.536071 0.943455 0.540012 0.944117 0.544641 0.944623 0.549246 0.944895 0.553120 0.944892 0.555671 0.944613 0.565625 0.938782 0.609342 0.901860 0.610021 0.893796 0.608764 0.889295 0.529046 0.882579
0 0.518394 0.675010 0.518607 0.677034 0.533432 0.723270 0.610492 0.698562 0.608021 0.690856 0.606787 0.688675 0.556484 0.662798 0.546537 0.658049 0.545602 0.658121 0.543065 0.658741 0.539317 0.659815 0.534924 0.661178 0.530548 0.662626 0.526852 0.663940 0.524394 0.664921 0.523551 0.665419
0 0.693961 0.706102 0.696204 0.708484 0.761182 0.756719 0.790123 0.717732 0.787091 0.704821 0.786732 0.704543 0.784947 0.703209 0.782007 0.701020 0.778360 0.698311 0.774566 0.695497 0.771209 0.693011 0.768802 0.691233 0.767709 0.690433 0.754690 0.691402 0.698730 0.699678
0 0.479793 0.656304 0.484438 0.662930 0.550703 0.616477 0.550123 0.615146 0.522570 0.575842 0.511204 0.573896 0.510438 0.574325 0.508289 0.575741 0.505087 0.577925 0.501317 0.580546 0.497547 0.583210 0.494347 0.585514 0.492201 0.587110 0.491439 0.587752 0.480024 0.654518
0 0.802177 0.182809 0.832606 0.208922 0.834137 0.207582 0.860371 0.177013 0.829802 0.150780 0.828291 0.152380
0 0.620568 0.289173 0.633545 0.327010 0.671381 0.314034 0.672168 0.313180 0.659132 0.275169 0.621122 0.288205
0 0.184028 0.383694 0.214434 0.409965 0.215740 0.410376 0.241891 0.380109 0.211623 0.353958 0.210299 0.353287
0 0.892727 0.179360 0.922779 0.205906 0.924726 0.204552 0.951393 0.174362 0.921203 0.147694 0.919273 0.149308
0 0.896951 0.881475 0.911185 0.918857 0.913073 0.920781 0.950627 0.906481 0.936327 0.868928 0.934333 0.867241
