0 0.886308 0.507595 0.886942 0.510338 0.888443 0.513067 0.890584 0.515369 0.893041 0.516896 0.916639 0.522325 0.919274 0.522382 0.923220 0.522257 0.927877 0.521970 0.932527 0.521564 0.936458 0.521102 0.939067 0.520654 0.939958 0.520289 0.946786 0.511465 0.946414 0.468711 0.945948 0.462044 0.943444 0.430676 0.939343 0.430682 0.929879 0.431050 0.921900 0.431513 0.912622 0.432333 0.904714 0.433254 0.901552 0.433794 0.901320 0.434146 0.886639 0.505254
0 0.419515 0.915764 0.419525 0.917775 0.419870 0.921254 0.420499 0.925674 0.421315 0.930356 0.422192 0.934581 0.422997 0.937701 0.423606 0.939240 0.433360 0.945718 0.448528 0.943250 0.477181 0.938576 0.480630 0.937967 0.512977 0.931711 0.513164 0.930150 0.512160 0.922593 0.510350 0.911682 0.508892 0.903877 0.507443 0.897001 0.506712 0.894102 0.505763 0.892274 0.436399 0.873776 0.435583 0.873626 0.433854 0.874153 0.431474 0.875277 0.428805 0.876828 0.426258 0.878567 0.424222 0.880228 0.423007 0.881558 0.422798 0.882353
0 0.217652 0.928260 0.245511 0.946043 0.248490 0.947889 0.286236 0.970890 0.297776 0.968478 0.298781 0.967314 0.300591 0.964745 0.302929 0.961163 0.305438 0.957116 0.307731 0.953227 0.309457 0.950092 0.310354 0.948188 0.320134 0.915830 0.320144 0.915040 0.319436 0.913376 0.318116 0.911091 0.316386 0.908533 0.314511 0.906095 0.312777 0.904149 0.311450 0.902993 0.310731 0.902801 0.238942 0.894347 0.237750 0.895583 0.236119 0.897966 0.232342 0.903774 0.228119 0.910469 0.222290 0.919954 0.218337 0.926658
0 0.755685 0.307998 0.755726 0.311806 0.756638 0.315229 0.759110 0.322382 0.762122 0.329867 0.766582 0.339563 0.769943 0.345436 0.771069 0.345313 0.801544 0.333695 0.804767 0.332347 0.844226 0.313920 0.845538 0.313141 0.850163 0.302766 0.849892 0.300513 0.848911 0.296996 0.847368 0.292753 0.845499 0.288434 0.843592 0.284703 0.841941 0.282132 0.819112 0.255835 0.817401 0.255025 0.814809 0.254517 0.811730 0.254389 0.808637 0.254661 0.806004 0.255292 0.804231 0.256183
0 0.631916 0.649539 0.635807 0.661712 0.636801 0.662354 0.639275 0.663759 0.642854 0.665713 0.646992 0.667917 0.651053 0.670032 0.654412 0.671734 0.656557 0.672763 0.657163 0.672963 0.669239 0.670128 0.691871 0.627170 0.689678 0.625717 0.654289 0.607072
0 0.809132 0.676323 0.843288 0.710048 0.847257 0.712476 0.875686 0.683684 0.841135 0.649569 0.837237 0.647860 0.827438 0.648428 0.826362 0.648885 0.824164 0.650577 0.821181 0.653241 0.817863 0.656477 0.814711 0.659794 0.812201 0.662692 0.810714 0.664733 0.810479 0.665604
0 0.410929 0.099769 0.411005 0.101215 0.419638 0.111874 0.467588 0.114073 0.469420 0.074115 0.469066 0.069191 0.420562 0.066967 0.412110 0.077102 0.411952 0.077462 0.411733 0.079608 0.411487 0.083217 0.411251 0.087737 0.411063 0.092474 0.410949 0.096700
0 0.329733 0.097784 0.331769 0.111788 0.332712 0.112866 0.334953 0.114908 0.338147 0.117603 0.341812 0.120543 0.345394 0.123284 0.348352 0.125413 0.350239 0.126607 0.350764 0.126681 0.363157 0.127061 0.392773 0.089286 0.391533 0.084538 0.359690 0.059573
0 0.262964 0.785952 0.277303 0.832342 0.315961 0.820393 0.318064 0.816731 0.303889 0.770872 0.292550 0.766637 0.291947 0.766556 0.289686 0.767030 0.286114 0.767983 0.281772 0.769273 0.277316 0.770703 0.273419 0.772058 0.270669 0.773134 0.269489 0.773765
0 0.380854 0.218304 0.380889 0.298678 0.381911 0.313571 0.382296 0.316093 0.382870 0.317707 0.383548 0.318164 0.461809 0.319180 0.462551 0.318416 0.463180 0.316544 0.463600 0.313849 0.463746 0.310742 0.463701 0.206280 0.463551 0.203255 0.463129 0.200793 0.462498 0.199269 0.461757 0.198914 0.383495 0.197200 0.382818 0.198072 0.382245 0.200036 0.381863 0.202791
0 0.490307 0.547671 0.490429 0.550548 0.491457 0.553507 0.539094 0.647801 0.540877 0.650406 0.543152 0.652275 0.545574 0.653123 0.547776 0.652820 0.599437 0.623964 0.601090 0.622557 0.601942 0.620273 0.601862 0.617459 0.597952 0.602652 0.589125 0.585045 0.570952 0.549072 0.561727 0.530947 0.552045 0.518849 0.549796 0.517053 0.547405 0.516290 0.545236 0.516676 0.492717 0.543834 0.491110 0.545314
0 0.388135 0.640720 0.389198 0.648281 0.393142 0.654917 0.399366 0.659620 0.406923 0.661678 0.414668 0.660779 0.421424 0.657058 0.426163 0.651078 0.428164 0.643746 0.428558 0.642300 0.427513 0.634743 0.423581 0.628101 0.417359 0.623391 0.409797 0.621330 0.402050 0.622236 0.395300 0.625968 0.390577 0.631954 0.390118 0.633382
0 0.591157 0.638607 0.592197 0.646363 0.596127 0.653131 0.596293 0.653395 0.602525 0.658152 0.610102 0.660161 0.617872 0.659119 0.624651 0.655182 0.629408 0.648950 0.631418 0.641373 0.630376 0.633603 0.626438 0.626824 0.626221 0.626606 0.620000 0.621857 0.612436 0.619851 0.604679 0.620891 0.597912 0.624822 0.593163 0.631043
0 0.389497 0.597972 0.389554 0.605808 0.392605 0.613025 0.398185 0.618526 0.405447 0.621472 0.413283 0.621416 0.420500 0.618365 0.426002 0.612784 0.426129 0.612590 0.429070 0.605341 0.429014 0.597519 0.425967 0.590314 0.420397 0.584822 0.413148 0.581881 0.405325 0.581937 0.398120 0.584984 0.397945 0.585130 0.392443 0.590710
0 0.876671 0.275994 0.879449 0.283307 0.884812 0.289001 0.891948 0.292208 0.899767 0.292442 0.907080 0.289664 0.907780 0.289302 0.913484 0.283929 0.916697 0.276782 0.916931 0.268949 0.914148 0.261623 0.908776 0.255919 0.901628 0.252707 0.893795 0.252473 0.886470 0.255255 0.885806 0.255676 0.880112 0.261040 0.876904 0.268175
0 0.565082 0.075121 0.582492 0.086207 0.600843 0.093771 0.613035 0.072121 0.639183 0.022000 0.642041 0.016180 0.606517 0.000000 0.603716 0.003504 0.581785 0.040147
0 0.453151 0.546883 0.457986 0.553373 0.522882 0.505028 0.493875 0.466090 0.482351 0.464236 0.481590 0.464738 0.479466 0.466265 0.476301 0.468586 0.472578 0.471347 0.468869 0.474123 0.465745 0.476487 0.463682 0.478078 0.462994 0.478656
0 0.869734 0.350978 0.870913 0.358891 0.950040 0.347106 0.955243 0.345338 0.948090 0.297313 0.936297 0.291208 0.935964 0.291067 0.933859 0.291219 0.930299 0.291641 0.925829 0.292269 0.921133 0.293007 0.916936 0.293740 0.913877 0.294357 0.912423 0.294763 0.903406 0.305522
0 0.019407 0.549924 0.020113 0.552289 0.021617 0.555785 0.023691 0.559879 0.026016 0.563942 0.028233 0.567349 0.030005 0.569579 0.031062 0.570296 0.039760 0.573744 0.094579 0.590155 0.099212 0.589125 0.106254 0.585328 0.068284 0.514912 0.063293 0.515085 0.020556 0.538130
0 0.399197 0.150755 0.400356 0.154769 0.404742 0.167773 0.447260 0.190048 0.465823 0.154616 0.465024 0.146537 0.421511 0.123740 0.410529 0.129125 0.409978 0.129453 0.408644 0.131383 0.406731 0.134623 0.404530 0.138679 0.402380 0.142928 0.400612 0.146715 0.399494 0.149464
0 0.507295 0.745324 0.507379 0.748161 0.555763 0.752229 0.564636 0.743478 0.564798 0.742883 0.565091 0.740542 0.565469 0.736808 0.565874 0.732252 0.569257 0.692025 0.569627 0.687357 0.569903 0.683306 0.570045 0.680490 0.570029 0.679336 0.561829 0.669628 0.513998 0.665606
0 0.433678 0.583462 0.455589 0.626792 0.527805 0.590272 0.527488 0.589240 0.505826 0.546406 0.494822 0.542675 0.494010 0.543033 0.491687 0.544162 0.488211 0.545891 0.484106 0.547956 0.448329 0.566048 0.444207 0.568143 0.440680 0.569957 0.438282 0.571214 0.437381 0.571723
