0 0.519507 0.087257 0.520092 0.087718 0.521789 0.088308 0.524339 0.088936 0.527355 0.089508 0.629956 0.106509 0.633000 0.106941 0.635628 0.107170 0.637442 0.107163 0.638164 0.106918 0.651272 0.027813 0.650802 0.027299 0.649196 0.026663 0.646699 0.026001 0.631949 0.022897 0.552571 0.009745 0.537577 0.007920 0.534988 0.007739 0.533246 0.007821 0.532615 0.008152
0 0.174193 0.236673 0.174214 0.238595 0.174422 0.239430 0.253954 0.249627 0.254247 0.249242 0.254650 0.247706 0.255102 0.245257 0.255534 0.242264 0.268761 0.139109 0.269110 0.136009 0.269325 0.133252 0.269375 0.131257 0.269250 0.130329 0.189718 0.120131 0.189368 0.120404 0.188916 0.121848 0.188429 0.124246 0.187984 0.127231 0.174696 0.230860 0.174362 0.233957
0 0.165132 0.546844 0.211368 0.561670 0.214666 0.560965 0.223624 0.556264 0.224268 0.555316 0.225373 0.552769 0.226769 0.549013 0.228246 0.544618 0.240488 0.506441 0.241826 0.502058 0.242826 0.498340 0.243337 0.495850 0.243279 0.494970 0.239094 0.484786 0.193387 0.470129 0.189842 0.469784
0 0.946715 0.190420 0.946914 0.194092 0.947323 0.196362 0.953540 0.206900 1.000000 0.208559 1.000000 0.124313 0.961580 0.122635 0.956305 0.126948 0.950106 0.132550 0.949481 0.133951 0.948889 0.136968 0.948420 0.141139 0.948143 0.145833 0.946758 0.185901
0 0.438564 0.284249 0.439175 0.297226 0.439937 0.298107 0.441944 0.300079 0.444887 0.302839 0.448322 0.305971 0.478116 0.332798 0.481531 0.335835 0.484420 0.338326 0.486344 0.339894 0.487009 0.340297 0.498716 0.340247 0.530835 0.304577 0.531192 0.302317 0.471054 0.248166
0 0.490580 0.750899 0.520229 0.789350 0.584314 0.739935 0.583351 0.737193 0.554040 0.699181 0.542759 0.698469 0.541976 0.698767 0.539862 0.700139 0.536742 0.702373 0.533087 0.705131 0.501338 0.729612 0.497693 0.732484 0.494598 0.735042 0.492523 0.736901 0.491785 0.737774 0.490687 0.748032
0 0.500837 0.438353 0.541775 0.464155 0.557778 0.454835 0.558346 0.453996 0.559814 0.451720 0.561958 0.448352 0.564452 0.444409 0.594965 0.395995 0.597416 0.392093 0.599441 0.388846 0.600730 0.386749 0.601087 0.386120 0.602591 0.367662 0.561653 0.341860 0.546830 0.364882 0.524781 0.399866 0.516173 0.413525
0 0.549581 0.318890 0.585806 0.350975 0.603106 0.344367 0.603579 0.343884 0.605198 0.342100 0.607714 0.339290 0.610744 0.335878 0.648427 0.293333 0.651525 0.289825 0.654235 0.286737 0.656144 0.284537 0.656961 0.283563 0.661431 0.265592 0.625206 0.233507 0.607173 0.252839 0.596468 0.264925 0.569050 0.295881
0 0.339041 0.482510 0.364916 0.513869 0.366777 0.513675 0.397705 0.488155 0.403112 0.431707 0.377592 0.400779 0.375882 0.399399 0.344523 0.425275
0 0.537232 0.478044 0.538719 0.485724 0.543031 0.492250 0.549514 0.496629 0.557178 0.498195 0.557277 0.498192 0.564970 0.496702 0.571508 0.492383 0.575894 0.485889 0.577463 0.478211 0.575973 0.470518 0.571653 0.463980 0.565160 0.459594 0.557482 0.458025 0.549789 0.459515 0.543251 0.463835 0.543177 0.463897 0.538798 0.470379
0 0.140966 0.184926 0.142971 0.192501 0.147721 0.198733 0.148327 0.199251 0.155089 0.203184 0.162842 0.204230 0.170404 0.202228 0.176625 0.197486 0.180558 0.190723 0.181604 0.182971 0.179602 0.175409 0.174860 0.169187 0.174301 0.168618 0.167526 0.164679 0.159760 0.163631 0.152185 0.165636 0.145953 0.170386 0.142014 0.177160
0 0.644758 0.077984 0.647078 0.085458 0.652080 0.091477 0.659005 0.095122 0.666799 0.095840 0.674273 0.093521 0.680291 0.088518 0.683937 0.081593 0.684253 0.080873 0.684973 0.073066 0.682649 0.065579 0.677639 0.059550 0.670701 0.055898 0.662895 0.055179 0.655408 0.057502 0.649379 0.062513 0.645727 0.069451 0.645477 0.070190
0 0.336651 0.308670 0.336827 0.314935 0.338536 0.320587 0.341520 0.324772 0.347851 0.328363 0.352615 0.330962 0.357209 0.331034 0.362291 0.330607 0.366916 0.327206 0.370374 0.321340 0.372386 0.317373 0.373436 0.312924 0.373303 0.308220 0.372008 0.303983 0.369742 0.298955 0.365972 0.293743 0.361179 0.291196 0.356582 0.291077 0.351504 0.291570 0.344440 0.295271 0.340765 0.298032 0.338032 0.302737
0 0.810001 0.768488 0.812612 0.775866 0.817847 0.781684 0.818395 0.782169 0.825470 0.785545 0.833298 0.785958 0.840689 0.783343 0.846516 0.778099 0.849893 0.771024 0.850306 0.763196 0.847691 0.755805 0.842447 0.749977 0.841858 0.749548 0.834795 0.746177 0.826980 0.745765 0.819602 0.748376 0.813784 0.753610 0.810414 0.760673
0 0.034792 0.654178 0.113688 0.669487 0.115453 0.668712 0.161169 0.433106 0.159613 0.432799 0.080717 0.417491
0 0.891701 0.651698 0.893504 0.652396 0.931421 0.665997 0.945021 0.628080 0.907104 0.614480 0.905239 0.613955
0 0.090039 0.160051 0.091913 0.161605 0.131604 0.166568 0.136567 0.126877 0.134898 0.125164 0.095025 0.120178
0 0.372578 0.313425 0.373161 0.314277 0.408238 0.333502 0.427463 0.298424 0.427129 0.297498 0.391891 0.278186
0 0.124956 0.925447 0.164420 0.933525 0.165958 0.931538 0.173999 0.892255 0.134716 0.884215 0.133034 0.885984
0 0.456212 0.885046 0.482023 0.915973 0.512949 0.890163 0.512890 0.888375 0.487198 0.857590 0.456413 0.883282
