0 0.000000 0.203067 0.023132 0.219550 0.029672 0.223396 0.045053 0.219432 0.084450 0.209278 0.104780 0.174829 0.099284 0.170308 0.064357 0.149695 0.008817 0.164010 0.000470 0.196777 0.000000 0.198938
0 0.303564 0.475960 0.320819 0.492862 0.358229 0.492667 0.400708 0.454667 0.405458 0.417149 0.389249 0.399311 0.351403 0.399862 0.308722 0.438041
0 0.158275 0.881637 0.198993 0.907786 0.215075 0.898602 0.215948 0.897302 0.217680 0.894656 0.220004 0.891069 0.222571 0.887085 0.253281 0.839263 0.255710 0.835469 0.257643 0.832425 0.258787 0.830594 0.258965 0.830256 0.260626 0.811812 0.219907 0.785664 0.202072 0.812201 0.179727 0.846996 0.171003 0.860582
0 0.843127 0.523066 0.843854 0.534293 0.883915 0.560734 0.888353 0.561436 0.932931 0.493896 0.926177 0.489438 0.921306 0.489559 0.865888 0.500909 0.856424 0.502920 0.855449 0.503682 0.853614 0.505856 0.851201 0.509109 0.848574 0.512948 0.846129 0.516794 0.844235 0.520066 0.843180 0.522270
0 0.811826 0.133518 0.853700 0.156982 0.867124 0.152170 0.868059 0.150909 0.869754 0.148229 0.871951 0.144539 0.874315 0.140402 0.876481 0.136454 0.878118 0.133303 0.878975 0.131428 0.877569 0.117718 0.862050 0.062640 0.854990 0.058684 0.850933 0.063728
0 0.530935 0.166137 0.536845 0.174463 0.537686 0.175115 0.540177 0.176111 0.543933 0.177298 0.548387 0.178499 0.552866 0.179532 0.556695 0.180240 0.559293 0.180517 0.560262 0.180318 0.569741 0.175839 0.581383 0.129272 0.583286 0.120600 0.543573 0.110671 0.541587 0.118614 0.531293 0.162277
0 0.543446 0.261307 0.591037 0.267560 0.601084 0.259361 0.601337 0.258131 0.601793 0.255259 0.602381 0.251181 0.603011 0.246521 0.603588 0.241993 0.604022 0.238295 0.604246 0.235991 0.604229 0.235429 0.597360 0.224756 0.562514 0.179367 0.554490 0.178312 0.553868 0.181989
0 0.639635 0.235568 0.716470 0.258538 0.717465 0.257427 0.786694 0.025862 0.709506 0.002786 0.708547 0.005065
0 0.902224 0.079711 0.938739 0.096039 0.949002 0.086590 0.969054 0.041746 0.962195 0.032189 0.960297 0.030575 0.957019 0.028597 0.952860 0.026557 0.948460 0.024770 0.944496 0.023509 0.941572 0.022967 0.940135 0.023225 0.931684 0.025036 0.921817 0.035892
0 0.729061 0.915885 0.737622 0.963116 0.740369 0.968470 0.819996 0.954037 0.811336 0.906260 0.807778 0.901617 0.800105 0.896948 0.798807 0.896589 0.795905 0.896612 0.791845 0.897012 0.787239 0.897730 0.747791 0.904880 0.743325 0.905807 0.739663 0.906806 0.737360 0.907727
0 0.438917 0.575567 0.441586 0.586641 0.442290 0.587242 0.444452 0.588725 0.447746 0.590866 0.451668 0.593337 0.485948 0.614657 0.489886 0.617074 0.493226 0.619059 0.495459 0.620310 0.496245 0.620636 0.507636 0.618306 0.533279 0.577075 0.532899 0.576194 0.464966 0.533944 0.464561 0.534336
0 0.063013 0.351862 0.079486 0.388819 0.084292 0.390090 0.128134 0.370548 0.130529 0.358974 0.130643 0.358323 0.129992 0.356097 0.128679 0.352639 0.126902 0.348473 0.124930 0.344229 0.123061 0.340545 0.121576 0.337980 0.120702 0.336927 0.107362 0.332094
0 0.888425 0.643011 0.889379 0.645062 0.891164 0.648260 0.893508 0.652120 0.896058 0.656060 0.898429 0.659484 0.900263 0.661876 0.901280 0.662867 0.915184 0.666093 0.956312 0.640285 0.934804 0.606011 0.929835 0.604800 0.889178 0.630313 0.888450 0.642422
0 0.518049 0.450601 0.526331 0.497881 0.535883 0.504901 0.536836 0.504749 0.539461 0.504301 0.543359 0.503627 0.547936 0.502828 0.552487 0.502028 0.556314 0.501349 0.558831 0.500896 0.559658 0.500736 0.566491 0.490874 0.558113 0.443048 0.518257 0.450029
0 0.406306 0.886317 0.409557 0.887839 0.414336 0.889161 0.423606 0.890750 0.434358 0.892129 0.440811 0.892696 0.445219 0.892770 0.446150 0.892494 0.485184 0.830084 0.485481 0.828661 0.485353 0.826318 0.484819 0.823411 0.483960 0.820385 0.482908 0.817704 0.481824 0.815777 0.480873 0.814897 0.451187 0.802636 0.449131 0.802097 0.445641 0.801404 0.441249 0.800662 0.436617 0.799982 0.432444 0.799467 0.429361 0.799195 0.427838 0.799208 0.419155 0.806434 0.416194 0.821657 0.410882 0.849478 0.410358 0.852957
0 0.363927 0.804071 0.366840 0.806323 0.371173 0.808885 0.379635 0.813055 0.389475 0.817511 0.395396 0.819972 0.399458 0.821396 0.400333 0.821457 0.455461 0.773112 0.456204 0.771807 0.456793 0.769506 0.457135 0.766559 0.457179 0.763418 0.456917 0.760564 0.456391 0.758432 0.455680 0.757348 0.430949 0.736951 0.429058 0.735888 0.425860 0.734252 0.421842 0.732290 0.417609 0.730298 0.413801 0.728578 0.410994 0.727389 0.409615 0.726913 0.399156 0.731363 0.378842 0.770175 0.377339 0.773353
0 0.351269 0.640108 0.354219 0.641471 0.358668 0.643290 0.367422 0.646622 0.377633 0.650393 0.383794 0.652604 0.388041 0.654050 0.388975 0.654298 0.440030 0.602198 0.440633 0.600705 0.441007 0.598271 0.441094 0.595266 0.440880 0.592150 0.440397 0.589402 0.439721 0.587440 0.438955 0.586563 0.412786 0.567948 0.411346 0.567376 0.408415 0.566250 0.404435 0.564741 0.400018 0.563081 0.395843 0.561525 0.392549 0.560311 0.390640 0.559625 0.390401 0.559570 0.380243 0.564936 0.374373 0.578882 0.363362 0.605338 0.362128 0.608624
0 0.744568 0.429448 0.744888 0.432167 0.745509 0.435215 0.746337 0.438127 0.747244 0.440455 0.748093 0.441846 0.811581 0.478315 0.812663 0.477623 0.816732 0.474823 0.822343 0.470881 0.831362 0.464460 0.838837 0.459059 0.842308 0.456447 0.844199 0.454883 0.825290 0.427511 0.823237 0.424663 0.805980 0.401761 0.796845 0.389683 0.785309 0.387361 0.783842 0.388349 0.781122 0.390254 0.777565 0.392783 0.773716 0.395550 0.770166 0.398129 0.767461 0.400124 0.766010 0.401232 0.744974 0.426545 0.744599 0.427474
