0 0.718478 0.517919 0.725245 0.581339 0.727518 0.591057 0.965637 0.554654 0.962161 0.490629 0.958982 0.481152
0 0.553351 0.234580 0.606162 0.469296 0.684401 0.451692 0.685249 0.451470 0.632195 0.215673 0.553596 0.233358
0 0.125969 0.216105 0.130243 0.219350 0.176817 0.230963 0.185838 0.223152 0.186820 0.220929 0.187998 0.217350 0.189193 0.212958 0.198893 0.174057 0.199928 0.169504 0.200649 0.165468 0.200947 0.162559 0.200775 0.161223 0.196173 0.153340 0.192660 0.149332 0.145548 0.137584
0 0.330243 0.874310 0.377106 0.887018 0.388169 0.879266 0.388556 0.877881 0.389363 0.874940 0.390467 0.870894 0.391701 0.866354 0.402194 0.827660 0.403373 0.823302 0.404323 0.819774 0.404900 0.817609 0.405015 0.817142 0.399448 0.805384 0.353121 0.792821 0.351423 0.796206
0 0.835682 0.074950 0.839153 0.114799 0.886972 0.110633 0.896024 0.101525 0.901631 0.094983 0.902087 0.093514 0.902313 0.090410 0.902273 0.086141 0.901974 0.081359 0.901460 0.076801 0.900811 0.073166 0.900127 0.071009 0.892472 0.060744 0.843534 0.065007
0 0.301268 0.368926 0.301371 0.371410 0.301711 0.375255 0.302237 0.379875 0.302869 0.384559 0.303509 0.388587 0.304059 0.391343 0.304435 0.392410 0.312935 0.398831 0.317211 0.401143 0.364843 0.395213 0.359902 0.355520 0.356625 0.352140 0.307878 0.358209 0.301419 0.368178
0 0.228493 0.499008 0.228574 0.502925 0.228839 0.507548 0.229247 0.512167 0.229734 0.516073 0.230227 0.518668 0.230649 0.519559 0.238255 0.527120 0.286682 0.523599 0.289120 0.523329 0.286219 0.483434 0.283748 0.483243 0.235321 0.486764 0.228899 0.495485 0.228607 0.496396
0 0.035838 0.542527 0.076284 0.543668 0.081127 0.543169 0.082480 0.495188 0.072279 0.486388 0.070795 0.486344 0.067692 0.486255 0.063441 0.486134 0.058693 0.486000 0.054178 0.485873 0.050589 0.485773 0.048473 0.485715 0.048151 0.485708 0.037207 0.493992
0 0.207803 0.870266 0.231737 0.912513 0.244955 0.913708 0.246952 0.912879 0.250179 0.911253 0.254146 0.909076 0.258242 0.906685 0.261838 0.904445 0.264385 0.902701 0.265495 0.901717 0.269606 0.888082 0.245946 0.846318 0.211143 0.866035
0 0.832070 0.618897 0.847443 0.655825 0.851459 0.657627 0.896285 0.638967 0.898982 0.626774 0.898421 0.624495 0.897210 0.620962 0.895534 0.616715 0.893649 0.612406 0.891846 0.608699 0.890400 0.606158 0.889532 0.605170 0.880735 0.601612 0.876384 0.600450
0 0.687467 0.519254 0.705503 0.526657 0.725215 0.533457 0.739659 0.501273 0.755608 0.448498 0.718110 0.434390 0.715756 0.439817 0.695853 0.492761
0 0.192200 0.259103 0.198358 0.259999 0.254678 0.265043 0.280925 0.265658 0.283872 0.246463 0.284535 0.225489 0.247820 0.219683 0.195786 0.219199
0 0.855840 0.287888 0.863621 0.306587 0.874586 0.323597 0.909022 0.305719 0.952272 0.282682 0.933650 0.247208 0.890092 0.269658
0 0.253849 0.306955 0.270195 0.320377 0.285513 0.331935 0.304684 0.311208 0.339737 0.266813 0.343006 0.261966 0.311552 0.237151 0.272947 0.277787
0 0.348556 0.205541 0.379323 0.217155 0.388282 0.219702 0.401339 0.181518 0.370521 0.170149 0.361537 0.167422
0 0.821391 0.157084 0.854943 0.179039 0.856577 0.177561 0.878634 0.143855 0.844927 0.121798 0.843347 0.123531
0 0.811161 0.829165 0.812593 0.830680 0.843208 0.856861 0.869388 0.826246 0.867695 0.824751 0.837221 0.798691
0 0.222583 0.263607 0.228019 0.303702 0.231127 0.305946 0.246982 0.303796 0.252918 0.293547 0.253121 0.292910 0.253046 0.290555 0.252705 0.286844 0.252152 0.282338 0.251468 0.277719 0.250758 0.273683 0.250129 0.270840 0.249676 0.269628 0.238621 0.261432
0 0.558686 0.707783 0.558956 0.708737 0.595238 0.726009 0.612510 0.689726 0.611995 0.688859 0.575879 0.671666
0 0.592811 0.541821 0.593437 0.544833 0.594573 0.547977 0.597316 0.554829 0.600464 0.562211 0.604908 0.572052 0.608031 0.578341 0.608749 0.578805 0.639303 0.566478 0.642515 0.565081 0.668761 0.552626 0.682633 0.545982 0.687241 0.535385 0.686750 0.533420 0.685584 0.530124 0.683920 0.526000 0.682015 0.521681 0.680160 0.517829 0.678640 0.515037 0.677687 0.513727 0.656873 0.488818 0.656159 0.488034 0.654329 0.487406 0.651663 0.487030 0.648566 0.486966 0.645513 0.487221 0.642973 0.487759 0.641331 0.488495
0 0.392389 0.207760 0.393144 0.209347 0.394659 0.212292 0.396702 0.216144 0.398960 0.220313 0.401086 0.224159 0.402754 0.227091 0.403711 0.228664 0.426264 0.252728 0.427110 0.253223 0.429042 0.253507 0.431766 0.253538 0.434866 0.253310 0.437867 0.252858 0.440309 0.252252 0.441820 0.251583 0.485941 0.193266 0.485343 0.192113 0.483016 0.187731 0.479773 0.181672 0.474523 0.171914 0.470137 0.163810 0.468057 0.160023 0.466864 0.157930 0.437355 0.173199 0.434271 0.174873 0.409310 0.189087 0.396136 0.196617
