0 0.391946 0.575851 0.392236 0.581677 0.393476 0.586179 0.395474 0.588670 0.403922 0.593725 0.409450 0.594417 0.412484 0.594543 0.420599 0.587653 0.422471 0.585941 0.424120 0.582699 0.425297 0.578419 0.425825 0.573750 0.425625 0.569395 0.424726 0.566013 0.419365 0.558539 0.416918 0.555372 0.411397 0.554707 0.408361 0.554497 0.399021 0.557327 0.396488 0.559566 0.394251 0.563874 0.392654 0.569595
0 0.119973 0.959526 0.124635 0.970328 0.130205 0.972666 0.141097 0.972814 0.141740 0.971968 0.143259 0.968981 0.145421 0.964311 0.147898 0.958670 0.150317 0.952907 0.152315 0.947888 0.153589 0.944370 0.153946 0.942890 0.146286 0.935270 0.140729 0.932937 0.129639 0.937096 0.129141 0.937683 0.127981 0.939891 0.126334 0.943389 0.124452 0.947642 0.122623 0.951999 0.121129 0.955789 0.120199 0.958432
0 0.459414 0.823558 0.460305 0.828469 0.462198 0.835469 0.465781 0.839905 0.468851 0.842740 0.474364 0.844795 0.480972 0.844143 0.487660 0.840877 0.489476 0.839355 0.492908 0.836136 0.493399 0.835493 0.497305 0.828823 0.498780 0.821893 0.497608 0.815767 0.493976 0.811377 0.490941 0.808509 0.485414 0.806513 0.478925 0.805257 0.473652 0.805814 0.468328 0.808435 0.463757 0.812723 0.460627 0.818030
0 0.612481 0.790703 0.614069 0.798362 0.614265 0.798876 0.618673 0.805355 0.625224 0.809656 0.632921 0.811121 0.640594 0.809530 0.647074 0.805122 0.651374 0.798571 0.652839 0.790873 0.651248 0.783201 0.650988 0.782714 0.646588 0.776246 0.640049 0.771953 0.632364 0.770490 0.624704 0.772079 0.618236 0.776478 0.613943 0.783018
0 0.780707 0.380031 0.783377 0.390478 0.785286 0.390969 0.789312 0.391680 0.794840 0.392501 0.801037 0.393311 0.806972 0.393986 0.811750 0.394425 0.814646 0.394561 0.815210 0.394371 0.820501 0.384876 0.821283 0.378886 0.814417 0.369437 0.813018 0.369040 0.810005 0.368483 0.805837 0.367850 0.801152 0.367238 0.796670 0.366742 0.793081 0.366437 0.790928 0.366370 0.790538 0.366549 0.781487 0.374055
0 0.199812 0.285905 0.203799 0.296714 0.227454 0.341863 0.246868 0.375674 0.289643 0.352119 0.291034 0.336027 0.290899 0.335496 0.289896 0.333430 0.288178 0.330145 0.264384 0.285551 0.262233 0.281585 0.259944 0.277481 0.257863 0.273857 0.256305 0.271263 0.255506 0.270095 0.242037 0.262653
0 0.607464 0.843475 0.634512 0.883602 0.653881 0.881522 0.656234 0.880481 0.659617 0.878566 0.663511 0.876070 0.710965 0.844083 0.714760 0.841396 0.717861 0.838941 0.719794 0.837092 0.729090 0.819850 0.702043 0.779724 0.676957 0.793272 0.630049 0.824891
0 0.197248 0.394341 0.198380 0.451827 0.201400 0.480729 0.249781 0.479776 0.258025 0.463193 0.258327 0.462322 0.258546 0.459749 0.258649 0.455867 0.258621 0.451266 0.257502 0.394444 0.257347 0.389802 0.257089 0.385806 0.256765 0.383059 0.256425 0.381984 0.247534 0.365739 0.199153 0.366692
0 0.867858 0.020188 0.878239 0.058918 0.916969 0.048537 0.918889 0.046458 0.908460 0.007550 0.869551 0.017979
0 0.183119 0.522127 0.221531 0.534257 0.222807 0.534100 0.234882 0.495864 0.196646 0.483789 0.195249 0.483715
0 0.493147 0.057218 0.493179 0.059247 0.533207 0.061591 0.533360 0.059573 0.535715 0.019360 0.495502 0.017005
0 0.078203 0.495232 0.105731 0.535229 0.119472 0.537507 0.120729 0.536937 0.123302 0.535416 0.126798 0.533177 0.130687 0.530559 0.134383 0.527956 0.137328 0.525763 0.139075 0.524310 0.139355 0.523822 0.143187 0.512148 0.115973 0.472608 0.111534 0.472291
0 0.564845 0.663071 0.565595 0.664956 0.605984 0.667395 0.608911 0.618929 0.600769 0.609227 0.599721 0.609028 0.597004 0.608749 0.593036 0.608432 0.588417 0.608126 0.583845 0.607877 0.580009 0.607722 0.577490 0.607685 0.576675 0.607772 0.567739 0.615158
0 0.554430 0.051404 0.561659 0.062879 0.609351 0.068312 0.610615 0.063322 0.615195 0.023119 0.566952 0.017623 0.557163 0.027422 0.556984 0.028956 0.556625 0.032075 0.556141 0.036301 0.555605 0.040996 0.555098 0.045450 0.554697 0.048992 0.554462 0.051084
0 0.084042 0.786482 0.087105 0.834940 0.127487 0.832387 0.131744 0.828589 0.128716 0.780684 0.117601 0.773969 0.115423 0.773828 0.111814 0.773871 0.107322 0.774089 0.102624 0.774451 0.098430 0.774903 0.095373 0.775374 0.093923 0.775796
0 0.276100 0.421788 0.277123 0.422145 0.357070 0.425055 0.365799 0.185214 0.365184 0.183768 0.284869 0.180845
0 0.465604 0.852268 0.478205 0.887966 0.499554 0.933961 0.536735 0.919038 0.534558 0.913087 0.513489 0.860620 0.503032 0.837245 0.484215 0.843216
0 0.799341 0.287681 0.848118 0.351091 0.852959 0.349020 0.885105 0.324293 0.860377 0.292147 0.831805 0.262750 0.831046 0.263292
