0 0.329876 0.973216 0.407640 0.993508 0.468513 0.760216 0.468657 0.759027 0.391249 0.738829 0.390749 0.739925
0 0.383530 0.684666 0.391920 0.697278 0.407874 0.721112 0.409907 0.723974 0.429807 0.750638 0.432206 0.749133 0.435980 0.746564 0.443565 0.741198 0.452486 0.734793 0.457911 0.730848 0.461701 0.728030 0.462581 0.727321 0.448292 0.655681 0.447313 0.654383 0.445448 0.652739 0.442980 0.650999 0.440288 0.649431 0.437783 0.648275 0.435848 0.647707 0.434778 0.647812 0.404334 0.659300 0.402923 0.660236 0.400246 0.662089 0.396708 0.664576 0.392853 0.667317 0.389273 0.669890 0.386518 0.671901 0.385007 0.673042 0.384966 0.673143
0 0.721110 0.602809 0.727157 0.604666 0.737243 0.607567 0.745069 0.609741 0.752587 0.611758 0.756211 0.612683 0.760336 0.613566 0.805384 0.557498 0.806126 0.555921 0.806481 0.553438 0.806394 0.550425 0.805877 0.547344 0.805011 0.544668 0.803927 0.542805 0.802792 0.542037 0.776467 0.525535 0.775442 0.525023 0.772791 0.524100 0.768915 0.522906 0.764409 0.521623 0.759965 0.520449 0.756264 0.519564 0.753873 0.519103 0.753151 0.519135 0.743306 0.525482 0.729921 0.567066 0.728983 0.570444 0.725765 0.583541
0 0.768134 0.423575 0.771283 0.429441 0.777051 0.438367 0.781729 0.444957 0.786412 0.450973 0.788795 0.453663 0.791955 0.455978 0.861796 0.442764 0.863497 0.441802 0.865443 0.439960 0.867339 0.437518 0.868892 0.434849 0.869864 0.432363 0.870110 0.430439 0.860237 0.397318 0.858955 0.394610 0.856836 0.391034 0.854205 0.387139 0.851466 0.383523 0.849039 0.380740 0.847297 0.379216 0.836060 0.377566 0.834719 0.378049 0.797924 0.401376 0.795050 0.403366 0.768825 0.422864
0 0.397841 0.300168 0.401007 0.318414 0.401696 0.319384 0.403396 0.321665 0.405844 0.324906 0.408672 0.328616 0.443196 0.373761 0.445984 0.377394 0.448322 0.380412 0.449856 0.382359 0.450349 0.382935 0.467128 0.390770 0.505567 0.361374 0.488149 0.337398 0.453221 0.291725 0.436280 0.270772
0 0.060197 0.281886 0.072519 0.328682 0.090577 0.332788 0.092006 0.332775 0.094993 0.332296 0.099079 0.331425 0.103646 0.330294 0.158605 0.315822 0.162978 0.314599 0.166513 0.313463 0.168672 0.312588 0.182818 0.299638 0.170496 0.252842 0.139988 0.258133 0.084385 0.272774
0 0.565354 0.300274 0.567806 0.315968 0.574087 0.356165 0.606398 0.379744 0.607878 0.378071 0.631785 0.345311 0.622931 0.288643 0.590170 0.264736 0.566263 0.297497
0 0.414828 0.130409 0.415219 0.132102 0.427912 0.170137 0.465947 0.157444 0.465791 0.155867 0.453038 0.117657
0 0.877842 0.332117 0.915955 0.344573 0.917870 0.343858 0.930384 0.305569 0.892095 0.293055 0.890298 0.294003
0 0.647340 0.092572 0.655671 0.131794 0.694894 0.123463 0.695791 0.121729 0.687422 0.082327 0.648019 0.090696
0 0.857153 0.183044 0.867287 0.221840 0.906083 0.211706 0.907952 0.210378 0.897771 0.171404 0.858797 0.181585
0 0.638273 0.628954 0.638706 0.630649 0.639870 0.632930 0.647924 0.645509 0.696590 0.709475 0.706946 0.721094 0.708978 0.723013 0.710711 0.724166 0.711881 0.724375 0.772407 0.676100 0.772885 0.675295 0.772550 0.673638 0.771452 0.671381 0.769759 0.668870 0.706508 0.585733 0.704489 0.583365 0.702464 0.581517 0.700742 0.580471 0.699587 0.580386 0.638638 0.628105
0 0.381109 0.575344 0.382107 0.576911 0.383973 0.578761 0.386425 0.580611 0.473286 0.638641 0.475932 0.640198 0.478354 0.641213 0.480180 0.641532 0.481134 0.641108 0.524377 0.577037 0.524278 0.575985 0.523175 0.574413 0.521237 0.572561 0.509276 0.563091 0.442444 0.518442 0.429123 0.511020 0.426673 0.509941 0.424801 0.509525 0.423794 0.509839 0.381132 0.574298
0 0.867870 0.779629 0.868384 0.780838 0.925646 0.829146 0.926993 0.829456 0.928923 0.828784 0.931143 0.827230 0.933313 0.825030 0.998356 0.747285 1.000000 0.745072 1.000000 0.736860 0.946228 0.688248 0.944858 0.688057 0.942909 0.688833 0.940679 0.690458 0.929484 0.701045 0.877761 0.762566 0.869390 0.775252 0.868224 0.777667
0 0.829284 0.775648 0.829499 0.783471 0.832693 0.790616 0.838377 0.795996 0.838959 0.796505 0.846282 0.799303 0.854119 0.799088 0.861276 0.795888 0.866665 0.790194 0.869463 0.782871 0.869247 0.775035 0.866048 0.767878 0.860354 0.762489 0.859735 0.762038 0.852424 0.759244 0.844601 0.759460 0.837456 0.762653 0.832077 0.768338
0 0.436765 0.893129 0.437940 0.896138 0.440158 0.899755 0.443084 0.903433 0.446275 0.906616 0.449250 0.908824 0.451558 0.909718 0.462303 0.910758 0.464472 0.909831 0.468892 0.906074 0.473574 0.896831 0.473696 0.894242 0.472168 0.890216 0.469218 0.885367 0.465299 0.880440 0.461014 0.876195 0.457023 0.873283 0.453937 0.872146 0.444315 0.875179 0.442190 0.876178 0.437762 0.879908 0.436814 0.891184
0 0.265219 0.041843 0.265746 0.042869 0.273299 0.051410 0.275380 0.052014 0.278913 0.052526 0.283361 0.052869 0.288052 0.052992 0.292279 0.052876 0.295402 0.052538 0.296946 0.052030 0.305141 0.043901 0.305299 0.037876 0.301578 0.027626 0.301220 0.026778 0.298480 0.025928 0.293767 0.025208 0.287800 0.024728 0.281495 0.024563 0.275827 0.024738 0.271664 0.025226 0.269641 0.025950 0.265377 0.035805
0 0.318752 0.505281 0.322955 0.515145 0.324212 0.517286 0.326969 0.519671 0.330807 0.521939 0.335143 0.523748 0.339326 0.524825 0.342721 0.525006 0.344813 0.524262 0.355134 0.520455 0.357385 0.515266 0.358190 0.512651 0.358222 0.502747 0.356597 0.499868 0.352946 0.496655 0.347821 0.493602 0.342011 0.491179 0.336410 0.489759 0.331879 0.489558 0.329109 0.490604 0.321754 0.497454 0.319476 0.502643
0 0.117713 0.427482 0.119978 0.434984 0.124941 0.441049 0.131847 0.444752 0.132479 0.444847 0.140263 0.445625 0.147752 0.443364 0.153806 0.438411 0.157503 0.431516 0.158281 0.423733 0.156020 0.416244 0.151066 0.410189 0.144172 0.406493 0.143560 0.406332 0.135763 0.405552 0.128261 0.407817 0.122196 0.412779 0.118493 0.419685
