0 0.098613 0.640151 0.099994 0.656276 0.140309 0.652823 0.144419 0.651076 0.143054 0.635135 0.132256 0.628080 0.131827 0.627990 0.129637 0.628070 0.126025 0.628308 0.121536 0.628667 0.116850 0.629094 0.112673 0.629523 0.109637 0.629891 0.108206 0.630141
0 0.800902 0.507912 0.809025 0.515204 0.833133 0.532695 0.858465 0.501307 0.850431 0.493910 0.826103 0.476687
0 0.240419 0.381645 0.246439 0.421475 0.247601 0.421834 0.287248 0.415841 0.281255 0.376194 0.280248 0.375624
0 0.206197 0.787871 0.253925 0.796793 0.265221 0.788749 0.265699 0.787467 0.266441 0.784581 0.267332 0.780532 0.268238 0.775934 0.269024 0.771481 0.269569 0.767844 0.269792 0.765575 0.269657 0.765022 0.264088 0.754082 0.216905 0.745262 0.213632 0.748098
0 0.095312 0.785497 0.110307 0.831679 0.148792 0.819183 0.152805 0.815535 0.137982 0.769881 0.125609 0.765786 0.125230 0.765719 0.123165 0.766229 0.119734 0.767236 0.115456 0.768587 0.110976 0.770079 0.106971 0.771487 0.104047 0.772597 0.102651 0.773241
0 0.877848 0.318980 0.916604 0.328876 0.922397 0.326496 0.932430 0.287201 0.893135 0.277167 0.887743 0.280223
0 0.417207 0.515457 0.450535 0.550768 0.462538 0.551170 0.463158 0.550607 0.465024 0.548863 0.467854 0.546204 0.471216 0.543034 0.474593 0.539843 0.477466 0.537119 0.479397 0.535279 0.480092 0.534602 0.480189 0.522732 0.447242 0.487825 0.446632 0.487684
0 0.454627 0.643422 0.454981 0.646813 0.455861 0.652897 0.456645 0.657714 0.458804 0.669809 0.459701 0.674406 0.460884 0.679885 0.461609 0.682538 0.476897 0.680377 0.540925 0.668535 0.548001 0.659106 0.547835 0.657982 0.547372 0.655228 0.546684 0.651264 0.545874 0.646690 0.545065 0.642198 0.544380 0.638464 0.543921 0.636055 0.543759 0.635341 0.533855 0.628929 0.500405 0.634711 0.483466 0.637696 0.476331 0.638988 0.454911 0.642941
0 0.311299 0.502302 0.317739 0.516195 0.329992 0.542418 0.331569 0.545547 0.347160 0.574676 0.348057 0.574565 0.354515 0.571563 0.364238 0.566765 0.371373 0.563124 0.377841 0.559702 0.380702 0.558105 0.383046 0.556469 0.379891 0.484122 0.379085 0.482569 0.377464 0.480577 0.375276 0.478448 0.372855 0.476509 0.370572 0.475058 0.368777 0.474315 0.367741 0.474392 0.335743 0.480556 0.334148 0.481061 0.331176 0.482323 0.327276 0.484150 0.323047 0.486262 0.319140 0.488335 0.316153 0.490051 0.314542 0.491147
0 0.051390 0.192368 0.059043 0.232196 0.065091 0.235869 0.104372 0.228320 0.136105 0.181491 0.128557 0.142210 0.123392 0.137235 0.083564 0.144888
0 0.108260 0.448965 0.179477 0.678686 0.256550 0.655921 0.257065 0.653225 0.186869 0.424326 0.109458 0.447191
0 0.065004 0.264537 0.166756 0.483766 0.168284 0.483840 0.241025 0.450078 0.139739 0.231853 0.138079 0.230619
0 0.446482 0.345001 0.451781 0.364960 0.457560 0.383781 0.484961 0.376996 0.539354 0.361469 0.544894 0.359681 0.533889 0.321158 0.479357 0.333937
0 0.753943 0.042985 0.754382 0.050973 0.834261 0.046578 0.838126 0.041336 0.835458 0.000000 0.795056 0.000000 0.791684 0.000848 0.756878 0.037702
0 0.687673 0.422692 0.703319 0.434751 0.720808 0.445685 0.742781 0.416612 0.770964 0.371661 0.738048 0.348821 0.734423 0.353735 0.702191 0.400201
