0 0.168781 0.395051 0.203740 0.634201 0.283457 0.622548 0.284448 0.621987 0.249649 0.383932 0.248498 0.383398
0 0.622332 0.620166 0.636909 0.633387 0.757662 0.741469 0.787851 0.768490 0.804076 0.782839 0.812657 0.775339 0.846173 0.727938 0.666726 0.567321 0.658761 0.575386
0 0.297663 0.054602 0.313197 0.134213 0.315759 0.139230 0.355019 0.131569 0.339697 0.053050 0.337468 0.046835
0 0.665051 0.143542 0.719889 0.201790 0.749013 0.174371 0.752475 0.169843 0.696875 0.110785 0.667346 0.138586
0 0.632667 0.418841 0.648202 0.464257 0.651669 0.463421 0.690401 0.450171 0.674502 0.403693 0.662987 0.398704 0.662325 0.398870 0.659998 0.399614 0.656360 0.400824 0.651965 0.402315 0.647489 0.403859 0.643621 0.405217 0.640950 0.406182 0.639883 0.406608 0.638275 0.407681
0 0.086228 0.603246 0.119334 0.638764 0.133237 0.638734 0.134391 0.637926 0.136708 0.635992 0.139834 0.633230 0.143295 0.630057 0.172623 0.602721 0.175905 0.599608 0.178520 0.597020 0.180073 0.595346 0.180322 0.594846 0.182205 0.582632 0.149477 0.547519 0.145425 0.548069
0 0.626807 0.682264 0.628273 0.684371 0.656492 0.713370 0.691290 0.679507 0.690706 0.666747 0.690316 0.666308 0.688700 0.664615 0.686103 0.661923 0.682919 0.658644 0.679640 0.655282 0.676768 0.652353 0.674743 0.650304 0.673872 0.649448 0.661207 0.648788
0 0.356547 0.389731 0.356789 0.392199 0.357286 0.395999 0.357961 0.400551 0.358711 0.405156 0.359420 0.409105 0.359981 0.411796 0.360307 0.412820 0.369240 0.418990 0.370734 0.419915 0.418163 0.412534 0.412012 0.373010 0.410995 0.371542 0.363017 0.379009 0.356595 0.388969
0 0.336594 0.803586 0.343080 0.812188 0.343761 0.812840 0.346118 0.813872 0.349795 0.815129 0.354231 0.816416 0.358744 0.817538 0.362640 0.818320 0.365323 0.818644 0.366388 0.818463 0.375665 0.814104 0.377086 0.810515 0.389564 0.764165 0.350939 0.753767 0.349215 0.756701
0 0.236716 0.282408 0.256566 0.317667 0.259348 0.319751 0.301175 0.296203 0.303535 0.283826 0.303344 0.283312 0.302283 0.281279 0.300516 0.278041 0.298310 0.274089 0.295998 0.270017 0.293930 0.266443 0.292418 0.263905 0.291693 0.262793 0.279027 0.258588
0 0.118365 0.659259 0.150149 0.684449 0.154947 0.681919 0.179792 0.650570 0.148443 0.625726 0.143555 0.627474
0 0.660242 0.180949 0.660349 0.186927 0.662362 0.192121 0.666325 0.196728 0.671638 0.200054 0.677498 0.201596 0.683023 0.201121 0.688517 0.198648 0.693953 0.195617 0.697099 0.190599 0.699219 0.187207 0.699586 0.180962 0.697108 0.174442 0.692154 0.168647 0.685484 0.164472 0.678126 0.162560 0.671212 0.163201 0.665800 0.166288 0.663640 0.169656 0.660549 0.174708
0 0.350063 0.345051 0.351833 0.352688 0.356392 0.359066 0.356639 0.359307 0.363280 0.363449 0.371000 0.364732 0.378624 0.362965 0.384990 0.358413 0.389131 0.351773 0.390415 0.344053 0.388647 0.336429 0.388456 0.336147 0.383896 0.329770 0.377245 0.325622 0.369511 0.324336 0.361874 0.326107 0.355497 0.330666 0.351348 0.337318
0 0.645688 0.487142 0.647987 0.494623 0.652975 0.500654 0.659890 0.504317 0.667682 0.505055 0.667971 0.505063 0.675464 0.502759 0.681505 0.497763 0.685175 0.490836 0.685914 0.483031 0.683610 0.475537 0.678614 0.469497 0.671686 0.465827 0.663882 0.465088 0.663600 0.465148 0.656119 0.467448 0.650089 0.472436 0.646425 0.479351
0 0.287132 0.855548 0.290934 0.866026 0.292148 0.867798 0.294844 0.869967 0.298611 0.872202 0.302880 0.874167 0.307006 0.875566 0.310365 0.876185 0.312448 0.875930 0.322941 0.872034 0.325398 0.866705 0.326231 0.864865 0.326661 0.854519 0.325096 0.852134 0.321527 0.849213 0.316497 0.846205 0.310778 0.843572 0.305252 0.841721 0.300768 0.840934 0.298009 0.841328 0.290371 0.848355 0.287886 0.853683
0 0.719884 0.446301 0.719988 0.451880 0.722543 0.454632 0.729651 0.460900 0.732764 0.462170 0.736990 0.462872 0.741689 0.462902 0.746152 0.462254 0.749706 0.461026 0.751808 0.459402 0.759408 0.452127 0.759970 0.449157 0.759841 0.443568 0.755627 0.434545 0.753631 0.432309 0.749494 0.430576 0.743843 0.429615 0.737548 0.429575 0.731578 0.430464 0.726849 0.432141 0.724085 0.434348 0.720363 0.443321
0 0.435477 0.805799 0.491006 0.819787 0.525073 0.822037 0.528533 0.801171 0.531359 0.782199 0.503309 0.775521 0.447432 0.766682 0.441721 0.766224
0 0.105757 0.528287 0.110881 0.534550 0.115328 0.534155 0.177245 0.483497 0.146850 0.446347 0.142767 0.445726 0.133180 0.444517 0.131983 0.445026 0.129540 0.446625 0.126223 0.449072 0.122537 0.451994 0.119050 0.454940 0.116298 0.457460 0.114700 0.459166 0.114498 0.459802 0.111451 0.471348
0 0.747150 0.072504 0.751109 0.076846 0.794475 0.113165 0.818623 0.128228 0.830790 0.114342 0.844541 0.097327 0.821310 0.071049 0.772896 0.041808
0 0.038306 0.058810 0.040521 0.073077 0.040560 0.073168 0.041886 0.074557 0.044300 0.077034 0.047434 0.080223 0.050807 0.083633 0.053899 0.086740 0.056238 0.089068 0.057469 0.090264 0.071667 0.092334 0.128234 0.092731 0.133931 0.087114 0.129699 0.082341 0.072879 0.024718
0 0.613987 0.532189 0.638047 0.562282 0.697719 0.566540 0.715989 0.535114 0.711874 0.530150 0.661926 0.502991 0.631938 0.500403 0.624726 0.511576
0 0.904843 0.288910 0.904972 0.290880 0.905859 0.293397 0.912766 0.306897 0.957370 0.373759 0.967336 0.385553 0.969377 0.387427 0.971234 0.388433 0.972624 0.388416 0.973334 0.387378 0.995616 0.353740 1.000000 0.346055 1.000000 0.332600 0.977231 0.256166 0.976380 0.253637 0.974882 0.250952 0.972967 0.248522 0.970929 0.246719 0.969078 0.245818 0.967699 0.245955 0.905495 0.287788
0 0.646864 0.388726 0.715443 0.431549 0.715967 0.431018 0.717064 0.429523 0.724204 0.419097 0.765361 0.356248 0.773783 0.342914 0.775386 0.340289 0.776688 0.338034 0.777493 0.336490 0.777677 0.335894 0.709553 0.293646 0.709028 0.294054 0.707935 0.295442 0.706439 0.297600 0.652167 0.379128 0.650476 0.381758 0.648887 0.384401 0.647642 0.386654 0.646932 0.388173
0 0.744597 0.549264 0.750883 0.626185 0.751781 0.627002 0.753760 0.627574 0.756519 0.627814 0.759638 0.627684 0.863584 0.617319 0.866567 0.616841 0.868939 0.616089 0.870340 0.615180 0.870556 0.614252 0.864965 0.537262 0.863966 0.536517 0.861901 0.536009 0.859085 0.535813 0.843452 0.536107 0.763475 0.544082 0.748852 0.546805 0.746417 0.547524 0.744922 0.548388
0 0.312425 0.651266 0.312699 0.652285 0.383667 0.685110 0.384531 0.685053 0.385795 0.683903 0.387268 0.681835 0.388723 0.679163 0.434101 0.585071 0.435308 0.582220 0.436076 0.579644 0.436287 0.577734 0.435909 0.576783 0.365245 0.543329 0.364393 0.543507 0.363140 0.544762 0.361676 0.546901 0.354229 0.559964 0.319315 0.632359 0.313554 0.646683 0.312726 0.649298
