0 0.690716 0.272550 0.741226 0.334816 0.741766 0.334494 0.743178 0.333449 0.745248 0.331838 0.822420 0.270841 0.824884 0.268869 0.827293 0.266893 0.829277 0.265217 0.830534 0.264097 0.830874 0.263702 0.779698 0.200519 0.779115 0.200965 0.777658 0.202128 0.767744 0.210103 0.709129 0.257515 0.696894 0.267456 0.694514 0.269397 0.692504 0.271046 0.691170 0.272154
0 0.690476 0.686655 0.691284 0.791114 0.691429 0.794138 0.691796 0.796598 0.692328 0.798119 0.692943 0.798470 0.772100 0.799600 0.772641 0.798726 0.773089 0.796759 0.773376 0.794002 0.774076 0.778485 0.773455 0.698113 0.772520 0.683225 0.772191 0.680705 0.771715 0.679094 0.771165 0.678639 0.692013 0.678208 0.691406 0.678976 0.690901 0.680851 0.690574 0.683547
0 0.342578 0.538405 0.342949 0.540045 0.387801 0.593762 0.389158 0.594666 0.391268 0.594674 0.393807 0.593783 0.406993 0.586306 0.469946 0.536301 0.480366 0.525027 0.481867 0.522709 0.482423 0.520584 0.481951 0.518976 0.438199 0.464384 0.436790 0.463569 0.434631 0.463646 0.432052 0.464601 0.429444 0.466290 0.347058 0.531731 0.344803 0.533907 0.343230 0.536249
0 0.218875 0.843764 0.218949 0.845198 0.239549 0.915714 0.240064 0.916258 0.243897 0.917384 0.249971 0.918551 0.260529 0.920042 0.270034 0.920911 0.275441 0.920831 0.279747 0.920126 0.284830 0.886832 0.285238 0.883336 0.288557 0.839615 0.281863 0.830396 0.280664 0.829957 0.277830 0.829392 0.273794 0.828788 0.269165 0.828234 0.264644 0.827816 0.260911 0.827595 0.258534 0.827606 0.227180 0.831648 0.225859 0.832269 0.224168 0.833862 0.222363 0.836186 0.220723 0.838885 0.219498 0.841547
0 0.481282 0.160174 0.481658 0.161434 0.488204 0.164032 0.498545 0.167126 0.506342 0.169042 0.513619 0.170427 0.516985 0.170792 0.520312 0.170129 0.565302 0.114973 0.565835 0.113055 0.566018 0.110332 0.565821 0.107220 0.565276 0.104195 0.564465 0.101721 0.563513 0.100175 0.533707 0.081063 0.530793 0.079738 0.526750 0.078345 0.522197 0.077097 0.517835 0.076187 0.514333 0.075754 0.512226 0.075863 0.502510 0.081866 0.497989 0.096833 0.489573 0.125061 0.488687 0.128440
0 0.585963 0.784846 0.588747 0.815631 0.589098 0.817006 0.590432 0.818807 0.592546 0.820758 0.595117 0.822561 0.597753 0.823940 0.600048 0.824683 0.601654 0.824679 0.672410 0.808470 0.672647 0.808023 0.673526 0.804314 0.674731 0.798354 0.676661 0.787926 0.678255 0.778476 0.678988 0.773024 0.679377 0.768598 0.679144 0.768381 0.659811 0.764233 0.646770 0.761479 0.643313 0.760860 0.599963 0.754894 0.590146 0.761039 0.589924 0.762180 0.589419 0.764951 0.588708 0.768930 0.587898 0.773514 0.587112 0.778012 0.586468 0.781744 0.586065 0.784145
0 0.773609 0.222490 0.775205 0.224517 0.781920 0.229135 0.791440 0.234832 0.798172 0.238471 0.804023 0.241229 0.806427 0.242066 0.807684 0.241263 0.867922 0.201149 0.868382 0.200304 0.868950 0.198372 0.869540 0.195647 0.870061 0.192544 0.870434 0.189538 0.870601 0.187092 0.870538 0.185576 0.870254 0.185221 0.846350 0.160655 0.844550 0.158959 0.841482 0.156707 0.837613 0.154244 0.833538 0.151948 0.829884 0.150171 0.827208 0.149186 0.825919 0.149139 0.814565 0.152389 0.806842 0.165348 0.790481 0.193253
0 0.499587 0.549700 0.508955 0.597342 0.518448 0.603619 0.519374 0.603578 0.521970 0.603188 0.525840 0.602508 0.530395 0.601641 0.534933 0.600720 0.538758 0.599887 0.541285 0.599270 0.542132 0.598962 0.548657 0.589535 0.539289 0.541893 0.538840 0.541414 0.499591 0.549132
0 0.273644 0.527813 0.273683 0.531756 0.273871 0.536392 0.274178 0.541010 0.274556 0.544898 0.274948 0.547464 0.275294 0.548319 0.283013 0.556220 0.331499 0.553631 0.333425 0.553018 0.331292 0.513075 0.283360 0.515635 0.280855 0.515816 0.274007 0.524215 0.273758 0.525165
0 0.870078 0.458141 0.904445 0.491651 0.918507 0.491811 0.919702 0.491141 0.922004 0.489254 0.925063 0.486433 0.928410 0.483112 0.931532 0.479798 0.933949 0.477004 0.935292 0.475154 0.937369 0.462585 0.902605 0.428687 0.898003 0.429502
0 0.189193 0.610363 0.194501 0.650570 0.234708 0.645262 0.238346 0.643270 0.233111 0.603614 0.193455 0.608849
0 0.746025 0.446936 0.754151 0.486102 0.757089 0.485941 0.804632 0.476077 0.809617 0.466599 0.809839 0.465654 0.809654 0.463048 0.809088 0.459174 0.808228 0.454625 0.807205 0.450100 0.806177 0.446295 0.805302 0.443790 0.804713 0.442965 0.796411 0.436458 0.748869 0.446323
0 0.426902 0.158393 0.428283 0.199305 0.429922 0.206178 0.477895 0.204559 0.486040 0.194531 0.486028 0.194017 0.485955 0.191750 0.485834 0.188079 0.485683 0.183560 0.485523 0.178876 0.485381 0.174733 0.485276 0.171758 0.485226 0.170407 0.476274 0.160704 0.435084 0.158116
0 0.637257 0.932227 0.638844 0.937224 0.646935 0.937402 0.688276 0.897837 0.695917 0.887694 0.696196 0.887287 0.696473 0.885099 0.696707 0.881461 0.696861 0.876928 0.696910 0.872196 0.696849 0.867993 0.696686 0.864962 0.696447 0.863562 0.687002 0.853300 0.639013 0.852246
0 0.827449 0.072131 0.865396 0.084779 0.866234 0.083828 0.883301 0.040530 0.896124 0.002055 0.857649 0.000000 0.852744 0.000000
0 0.197523 0.506045 0.205022 0.509087 0.208393 0.508983 0.260497 0.486955 0.270067 0.482638 0.270715 0.481811 0.271952 0.479413 0.273589 0.475812 0.275379 0.471553 0.277051 0.467279 0.278353 0.463636 0.279088 0.461174 0.279142 0.460271 0.275535 0.449890 0.231056 0.431844 0.227947 0.431056
0 0.129634 0.428237 0.151877 0.441642 0.217265 0.462766 0.232118 0.425634 0.228279 0.423438 0.177096 0.401842 0.144448 0.390960
0 0.541515 0.536214 0.544448 0.543466 0.549932 0.549044 0.550018 0.549128 0.557233 0.552187 0.565069 0.552254 0.572333 0.549315 0.577921 0.543822 0.580980 0.536607 0.581046 0.528771 0.578108 0.521507 0.572614 0.515919 0.565399 0.512860 0.565287 0.512838 0.557464 0.512772 0.550213 0.515705 0.544635 0.521189 0.541581 0.528392
0 0.690860 0.179316 0.692179 0.187027 0.696348 0.193647 0.702733 0.198166 0.710361 0.199899 0.718072 0.198580 0.724691 0.194412 0.725078 0.193886 0.729605 0.187490 0.731342 0.179848 0.730020 0.172124 0.725845 0.165493 0.719449 0.160966 0.711807 0.159230 0.704083 0.160551 0.697452 0.164727 0.692925 0.171123 0.692594 0.171688
0 0.675162 0.064476 0.675687 0.067000 0.677963 0.070750 0.681644 0.075154 0.686167 0.079532 0.690835 0.083213 0.694930 0.085630 0.697825 0.086416 0.707228 0.082117 0.708785 0.080932 0.712821 0.076636 0.712567 0.065282 0.712130 0.063391 0.710398 0.060592 0.707634 0.057310 0.704258 0.054042 0.700779 0.051279 0.697721 0.049441 0.695551 0.048809 0.684497 0.049216 0.682888 0.050336 0.678863 0.054658
0 0.293649 0.256719 0.295134 0.264413 0.299449 0.270954 0.299794 0.271348 0.306273 0.275731 0.313936 0.277302 0.321617 0.275820 0.328147 0.271512 0.332530 0.265033 0.334101 0.257370 0.332619 0.249689 0.328312 0.243159 0.328016 0.242717 0.321526 0.238326 0.313849 0.236752 0.306155 0.238237 0.299614 0.242552 0.295223 0.249042
0 0.548922 0.587059 0.549061 0.594880 0.552184 0.602052 0.552274 0.602228 0.557913 0.607670 0.565205 0.610538 0.573040 0.610398 0.580225 0.607270 0.585666 0.601632 0.588535 0.594339 0.588395 0.586504 0.585267 0.579320 0.579628 0.573878 0.579491 0.573751 0.572212 0.570888 0.564390 0.571027 0.557218 0.574150 0.551786 0.579779
0 0.806424 0.964902 0.807832 0.967037 0.887573 0.977049 0.917607 0.737825 0.915698 0.736737 0.836321 0.726772
0 0.205413 0.396273 0.396207 0.543677 0.396682 0.543477 0.445592 0.480169 0.255670 0.333439 0.254547 0.332675
