0 0.302792 0.186890 0.303425 0.188459 0.304837 0.191396 0.306812 0.195255 0.309049 0.199443 0.311202 0.203316 0.312943 0.206281 0.314005 0.207887 0.336723 0.232192 0.337490 0.232677 0.339357 0.232962 0.342041 0.233005 0.345133 0.232798 0.348158 0.232372 0.350654 0.231794 0.352239 0.231152 0.396434 0.173085 0.395603 0.171111 0.394236 0.168396 0.390978 0.162110 0.387267 0.155076 0.382065 0.145363 0.378446 0.138771 0.377674 0.137621 0.348182 0.152700 0.345089 0.154352 0.319878 0.168348 0.306557 0.175761
0 0.466851 0.335557 0.467024 0.337409 0.501006 0.400591 0.504174 0.401276 0.507557 0.401345 0.514973 0.401136 0.522992 0.400653 0.533721 0.399678 0.540623 0.398675 0.541211 0.397949 0.539809 0.365166 0.539563 0.361678 0.536502 0.332679 0.534821 0.317322 0.526390 0.309507 0.524333 0.309218 0.520807 0.309146 0.516351 0.309303 0.511648 0.309665 0.507421 0.310177 0.504319 0.310760 0.502812 0.311324 0.471520 0.323265 0.470294 0.324724 0.469037 0.327076 0.467940 0.329963 0.467172 0.332942
0 0.502022 0.257889 0.504712 0.260585 0.507668 0.262582 0.514191 0.266481 0.521279 0.270355 0.530803 0.275102 0.536976 0.277658 0.537582 0.277024 0.553944 0.248654 0.555591 0.245569 0.574530 0.206312 0.574832 0.205081 0.571905 0.194072 0.570181 0.192581 0.567130 0.190537 0.563220 0.188255 0.559048 0.186084 0.555257 0.184359 0.552428 0.183343 0.518425 0.177126 0.516536 0.177627 0.514175 0.178902 0.511702 0.180758 0.509496 0.182909 0.507894 0.185027 0.507141 0.186788
0 0.393081 0.493513 0.582489 0.642170 0.618963 0.599834 0.625784 0.590330 0.609747 0.577093 0.450326 0.451971 0.433831 0.439675 0.426387 0.448690
0 0.843848 0.873859 0.845427 0.875577 1.000000 0.884544 1.000000 0.802841 0.846824 0.793915
0 0.252768 0.943083 0.493596 0.963499 0.500402 0.883223 0.500400 0.881467 0.260676 0.861145 0.259574 0.862807
0 0.145435 0.546802 0.147562 0.554343 0.152412 0.560498 0.159249 0.564327 0.167031 0.565250 0.167603 0.565138 0.175132 0.563014 0.181276 0.558173 0.185099 0.551348 0.186019 0.543579 0.183896 0.536050 0.179054 0.529906 0.172229 0.526083 0.164461 0.525163 0.163883 0.525206 0.156341 0.527333 0.150187 0.532183 0.146357 0.539020
0 0.591959 0.426928 0.593122 0.431308 0.595129 0.435585 0.598756 0.441234 0.603504 0.444352 0.608645 0.444472 0.613200 0.444431 0.620324 0.440401 0.624124 0.438094 0.627041 0.433734 0.628635 0.427986 0.628669 0.421719 0.627138 0.415877 0.624269 0.411344 0.620496 0.408809 0.613414 0.405024 0.608275 0.404839 0.603718 0.404926 0.598937 0.407759 0.595251 0.413192 0.593195 0.417913 0.591985 0.422222
0 0.584054 0.806718 0.584522 0.814526 0.584668 0.815068 0.588093 0.822115 0.593956 0.827315 0.601362 0.829876 0.609184 0.829407 0.616232 0.825981 0.621431 0.820119 0.623992 0.812713 0.623523 0.804891 0.623311 0.804367 0.619891 0.797331 0.614039 0.792141 0.606646 0.789584 0.598837 0.790052 0.591802 0.793472 0.586611 0.799324
0 0.837321 0.509297 0.837847 0.514907 0.840334 0.517348 0.848069 0.523322 0.851148 0.524329 0.855351 0.524731 0.860043 0.524470 0.864515 0.523583 0.868093 0.522205 0.870231 0.520542 0.877206 0.512710 0.877836 0.509870 0.877284 0.504252 0.872367 0.495412 0.870423 0.493421 0.866330 0.492038 0.860709 0.491478 0.854423 0.491829 0.848442 0.493037 0.843683 0.494913 0.840873 0.497169 0.837867 0.506452
0 0.234975 0.463614 0.235649 0.471421 0.239258 0.478376 0.245256 0.483420 0.252726 0.485786 0.253151 0.485810 0.260945 0.485137 0.267888 0.481534 0.272923 0.475547 0.275285 0.468089 0.274612 0.460295 0.271009 0.453352 0.265022 0.448317 0.257564 0.445955 0.257146 0.445862 0.249340 0.446536 0.242384 0.450146 0.237340 0.456143
0 0.117117 0.434912 0.153977 0.451828 0.158723 0.452488 0.175406 0.416134 0.139052 0.399450 0.134033 0.398052
0 0.039613 0.321500 0.056158 0.358425 0.061231 0.360043 0.105034 0.340416 0.107418 0.328049 0.106789 0.325859 0.105486 0.322427 0.103707 0.318273 0.101721 0.314024 0.099827 0.310321 0.098311 0.307725 0.097406 0.306633 0.083923 0.301646
0 0.271147 0.569542 0.309279 0.583076 0.311459 0.582126 0.327514 0.536891 0.321800 0.526355 0.321170 0.526014 0.318910 0.525112 0.315367 0.523788 0.311077 0.522242 0.306689 0.520708 0.302864 0.519417 0.300181 0.518564 0.299052 0.518282 0.287388 0.523783
0 0.358877 0.386468 0.360490 0.387766 0.395852 0.406462 0.418287 0.364028 0.414700 0.351928 0.413774 0.351302 0.411359 0.349910 0.407820 0.347961 0.403699 0.345755 0.399628 0.343630 0.396233 0.341913 0.394033 0.340865 0.393361 0.340646 0.381572 0.343543
0 0.509873 0.461356 0.525263 0.465261 0.529882 0.465794 0.570150 0.466780 0.574767 0.466473 0.590666 0.463333 0.592312 0.419916 0.591831 0.401993 0.511340 0.400023 0.510229 0.443128
0 0.611074 0.110329 0.665789 0.168692 0.700807 0.135863 0.703128 0.131654 0.702695 0.122054 0.702334 0.120883 0.700767 0.118545 0.698231 0.115393 0.695113 0.111911 0.667503 0.082460 0.664290 0.079189 0.661483 0.076642 0.659510 0.075204 0.647781 0.072616 0.612358 0.105824
0 0.877604 0.144361 0.937601 0.197281 0.942659 0.193781 0.974778 0.157367 0.971604 0.146529 0.970166 0.144397 0.967573 0.141533 0.964220 0.138372 0.933945 0.111669 0.930356 0.108706 0.927090 0.106403 0.924647 0.105111 0.914088 0.103836 0.909356 0.108364
0 0.808596 0.580739 0.836336 0.619912 0.840225 0.621298 0.849776 0.622927 0.850989 0.622558 0.853523 0.621180 0.856994 0.619001 0.860870 0.616354 0.893815 0.593023 0.897493 0.590321 0.900398 0.587985 0.902087 0.586372 0.906267 0.574529 0.878206 0.534904 0.873883 0.534505
0 0.692464 0.416594 0.712348 0.460282 0.724432 0.464501 0.725566 0.464074 0.728206 0.462947 0.731952 0.461292 0.736232 0.459362 0.772974 0.442639 0.777120 0.440735 0.780484 0.439153 0.782555 0.438136 0.783018 0.437837 0.788457 0.426300 0.768344 0.382107 0.765277 0.383454
0 0.545011 0.513257 0.574326 0.551266 0.575185 0.551858 0.586345 0.553416 0.587187 0.552925 0.589362 0.551382 0.592539 0.549022 0.596234 0.546204 0.599877 0.543362 0.602910 0.540933 0.604870 0.539287 0.605459 0.538674 0.607225 0.527147 0.583479 0.495050 0.578479 0.488567 0.576685 0.488828
0 0.223818 0.395704 0.236486 0.433713 0.242304 0.432022 0.295953 0.414129 0.321196 0.404456 0.315835 0.385577 0.308444 0.366194 0.273607 0.375863
0 0.364959 0.625768 0.372443 0.628846 0.425256 0.606819 0.436652 0.602016 0.437084 0.601033 0.438148 0.598506 0.439678 0.594824 0.441445 0.590542 0.443181 0.586308 0.444625 0.582760 0.445557 0.580436 0.445834 0.579693 0.441326 0.568605 0.396935 0.550345 0.395744 0.550927
0 0.777101 0.505253 0.786494 0.514057 0.787792 0.514101 0.790736 0.514192 0.794880 0.514314 0.799591 0.514449 0.804144 0.514576 0.807839 0.514677 0.810113 0.514734 0.810622 0.514741 0.820750 0.506461 0.862344 0.467161 0.862573 0.459072 0.781681 0.456778 0.778461 0.457272
