0 0.183100 0.776886 0.185500 0.778393 0.189718 0.780016 0.198641 0.782531 0.209338 0.785147 0.215955 0.786549 0.220712 0.787302 0.221938 0.787272 0.268186 0.729817 0.268499 0.728362 0.268528 0.725968 0.268269 0.722997 0.267761 0.719906 0.267082 0.717169 0.266336 0.715202 0.265637 0.714305 0.237012 0.698678 0.235244 0.698037 0.232008 0.697056 0.227798 0.695884 0.223248 0.694698 0.219045 0.693677 0.215826 0.692975 0.214078 0.692700 0.204138 0.699314 0.199886 0.713659 0.191889 0.740897 0.190986 0.744296
0 0.467650 0.911386 0.473151 0.953910 0.476554 0.971938 0.480351 0.991675 0.484090 0.991788 0.492867 0.990754 0.500660 0.989471 0.509021 0.987795 0.513621 0.986695 0.520845 0.984419 0.521879 0.983745 0.532191 0.913712 0.531974 0.911125 0.530867 0.908321 0.529039 0.905725 0.526767 0.903731 0.524395 0.902639 0.497433 0.897002 0.495920 0.896993 0.492855 0.897341 0.488708 0.897990 0.484106 0.898842 0.479741 0.899770 0.476274 0.900633 0.474231 0.901300 0.473928 0.901670
0 0.515848 0.933736 0.516163 0.936004 0.516747 0.937265 0.565897 0.992315 0.566779 0.992596 0.570988 0.991993 0.577161 0.990470 0.587456 0.987327 0.596343 0.984062 0.600935 0.981676 0.604074 0.979185 0.594319 0.946889 0.593195 0.943552 0.577529 0.902578 0.567662 0.897092 0.566232 0.897199 0.563301 0.897890 0.559316 0.899059 0.554881 0.900528 0.550663 0.902077 0.547300 0.903472 0.545304 0.904500 0.518359 0.921498 0.517531 0.922626 0.516763 0.924792 0.516173 0.927665 0.515852 0.930806
0 0.879149 0.579693 0.883322 0.651676 0.884920 0.652749 0.887613 0.653972 0.894057 0.656699 0.901409 0.659678 0.911734 0.663702 0.918934 0.666335 0.920503 0.666635 0.933134 0.636113 0.934425 0.632855 0.944766 0.605833 0.950234 0.591538 0.945850 0.580633 0.944465 0.579808 0.941571 0.578451 0.937609 0.576770 0.933186 0.575022 0.928983 0.573477 0.925644 0.572370 0.923677 0.571870 0.890287 0.568117 0.889466 0.568217 0.887919 0.569186 0.885882 0.570875 0.883667 0.573027 0.881611 0.575314 0.880031 0.577384 0.879167 0.578922
0 0.756831 0.362787 0.772629 0.365321 0.775781 0.363764 0.783912 0.357957 0.784433 0.356861 0.785167 0.354111 0.786003 0.350123 0.786812 0.345508 0.787471 0.340973 0.787877 0.337217 0.787970 0.334813 0.787735 0.334124 0.782191 0.323813 0.766210 0.321249 0.763168 0.323292
0 0.624613 0.164516 0.650563 0.195084 0.681131 0.169134 0.681964 0.167610 0.655895 0.136902 0.625186 0.162971
0 0.831830 0.659361 0.860538 0.687354 0.862198 0.688217 0.890320 0.659376 0.861479 0.631254 0.859823 0.630652
0 0.637341 0.504744 0.674551 0.519684 0.675355 0.519774 0.690364 0.482393 0.652982 0.467384 0.652281 0.467534
0 0.683871 0.109409 0.683938 0.114592 0.684996 0.118090 0.692801 0.123992 0.695141 0.125593 0.700642 0.126964 0.703643 0.125564 0.712036 0.120191 0.713963 0.117687 0.715732 0.113897 0.717076 0.109395 0.717793 0.104858 0.717774 0.100973 0.717018 0.098331 0.711920 0.089189 0.709614 0.087511 0.704096 0.086162 0.694021 0.087864 0.691600 0.088928 0.688997 0.092241 0.686611 0.097302 0.684810 0.103334
0 0.580990 0.421227 0.582597 0.428883 0.587012 0.435340 0.593561 0.439618 0.601250 0.441062 0.608906 0.439456 0.609093 0.439351 0.615562 0.434929 0.619847 0.428368 0.621294 0.420667 0.619684 0.412997 0.615262 0.406529 0.608701 0.402244 0.601000 0.400797 0.593330 0.402406 0.586862 0.406829 0.586712 0.406989 0.582435 0.413538
0 0.903759 0.402695 0.906337 0.410081 0.911547 0.415917 0.918592 0.419316 0.926402 0.419758 0.927137 0.419620 0.934535 0.417038 0.940381 0.411819 0.943785 0.404761 0.944229 0.396938 0.941646 0.389540 0.936428 0.383694 0.929370 0.380289 0.921546 0.379845 0.920822 0.380052 0.913437 0.382630 0.907601 0.387840 0.904202 0.394885
0 0.363950 0.063750 0.367018 0.068775 0.368266 0.070302 0.376593 0.076427 0.379569 0.076289 0.384059 0.074797 0.389378 0.072176 0.394710 0.068828 0.399232 0.065269 0.402250 0.062047 0.403307 0.059654 0.401700 0.049309 0.398648 0.044261 0.397335 0.042788 0.386587 0.040129 0.384348 0.040275 0.380988 0.041422 0.377019 0.043394 0.373039 0.045893 0.369650 0.048541 0.367364 0.050940 0.366530 0.052723
0 0.322342 0.127841 0.323654 0.135570 0.323957 0.136196 0.328118 0.142824 0.334500 0.147354 0.342130 0.149098 0.349845 0.147788 0.356473 0.143626 0.361003 0.137244 0.362747 0.129615 0.361437 0.121899 0.361199 0.121248 0.357030 0.114609 0.350637 0.110071 0.342994 0.108325 0.335266 0.109637 0.328626 0.113805 0.324089 0.120198
0 0.844624 0.231581 0.869765 0.272470 0.883222 0.274230 0.884511 0.273450 0.887177 0.271822 0.890813 0.269594 0.894864 0.267106 0.898707 0.264740 0.901752 0.262861 0.903534 0.261754 0.903784 0.261588 0.908508 0.248646 0.883076 0.207284 0.848608 0.228477
0 0.595026 0.815814 0.597158 0.863766 0.598282 0.867972 0.606135 0.874040 0.607194 0.874493 0.609934 0.874797 0.613941 0.874903 0.618601 0.874796 0.623199 0.874491 0.627027 0.874036 0.629502 0.873501 0.630249 0.872967 0.638704 0.866174 0.636547 0.817667 0.634986 0.814036
0 0.762036 0.105293 0.790275 0.144108 0.803479 0.144242 0.803821 0.144171 0.805592 0.143032 0.808521 0.141002 0.812162 0.138388 0.815967 0.135585 0.819361 0.133015 0.821830 0.131068 0.822998 0.130041 0.826350 0.116189 0.797785 0.076926 0.765065 0.100730
0 0.716586 0.305847 0.719060 0.316407 0.719501 0.317204 0.721334 0.318988 0.724275 0.321485 0.727880 0.324319 0.731604 0.327060 0.734886 0.329295 0.737228 0.330686 0.738272 0.331019 0.748424 0.330062 0.751296 0.328097 0.780689 0.289450 0.748483 0.264956 0.745644 0.267642
0 0.360945 0.706662 0.363059 0.719298 0.404045 0.745333 0.425740 0.711179 0.426589 0.708765 0.386072 0.683028 0.373887 0.686288 0.373227 0.687310 0.371679 0.689734 0.369477 0.693192 0.366957 0.697155 0.364508 0.701014 0.362505 0.704176 0.361254 0.706159
0 0.320469 0.172469 0.321292 0.173969 0.477811 0.356678 0.538714 0.304504 0.538892 0.303605 0.381652 0.120055
0 0.490893 0.876492 0.495214 0.889636 0.539222 0.910152 0.573415 0.836806 0.572576 0.832957 0.529071 0.812675 0.518091 0.818153 0.517679 0.818565 0.516557 0.820575 0.514895 0.823873 0.512946 0.827960 0.496007 0.864297 0.494060 0.868566 0.492405 0.872380 0.491293 0.875165
0 0.462934 0.564927 0.486691 0.607273 0.557268 0.567678 0.533511 0.525332 0.533128 0.525042 0.522119 0.521667 0.521290 0.522088 0.518990 0.523340 0.515572 0.525232 0.511553 0.527478 0.476588 0.547094 0.472567 0.549359 0.469140 0.551306 0.466827 0.552642 0.465982 0.553161
