0 0.234520 0.642997 0.234910 0.645538 0.235863 0.648426 0.237231 0.651220 0.238806 0.653492 0.240345 0.654895 0.271715 0.663944 0.272900 0.664282 0.275749 0.664523 0.279831 0.664631 0.284521 0.664588 0.289097 0.664400 0.292857 0.664098 0.295227 0.663727 0.295851 0.663344 0.302763 0.655165 0.303440 0.654353 0.304439 0.610722 0.304378 0.607221 0.303693 0.593656 0.302653 0.573830 0.296243 0.573561 0.285711 0.573561 0.277602 0.573737 0.269871 0.574071 0.266183 0.574340 0.262126 0.575038 0.234749 0.641193
0 0.678709 0.824781 0.679053 0.825589 0.680523 0.827703 0.682898 0.830805 0.685816 0.834420 0.688828 0.837993 0.691471 0.840976 0.693341 0.842911 0.694155 0.843507 0.720999 0.861174 0.723182 0.861468 0.726003 0.861204 0.729031 0.860423 0.731801 0.859243 0.733890 0.857847 0.734981 0.856447 0.767867 0.792762 0.765177 0.789021 0.762782 0.785980 0.757795 0.779834 0.752586 0.773560 0.745853 0.765636 0.741792 0.761080 0.726142 0.773254 0.715567 0.781647 0.712868 0.783884 0.680407 0.813104
0 0.035598 0.869876 0.042583 0.888193 0.047336 0.900377 0.048693 0.903614 0.067277 0.943304 0.077868 0.947928 0.078966 0.947803 0.081602 0.946953 0.085373 0.945509 0.089707 0.943691 0.093949 0.941773 0.097460 0.940044 0.099708 0.938766 0.124857 0.919870 0.125819 0.918620 0.126603 0.916355 0.127089 0.913422 0.127203 0.910268 0.126926 0.907376 0.126302 0.905189 0.125427 0.904039 0.073216 0.853014 0.072703 0.852693 0.069080 0.853449 0.063379 0.855311 0.053496 0.859131 0.044618 0.863085 0.039600 0.865957 0.035645 0.868937
0 0.786503 0.143013 0.793306 0.152450 0.835893 0.162631 0.839341 0.163309 0.852396 0.165622 0.871883 0.168844 0.872452 0.168353 0.874098 0.163551 0.875633 0.157893 0.877664 0.148413 0.879573 0.138125 0.880467 0.132348 0.880773 0.128883 0.880556 0.128599 0.820154 0.088290 0.818741 0.087591 0.816390 0.087368 0.813458 0.087658 0.810394 0.088416 0.807669 0.089525 0.805698 0.090816 0.804780 0.092090 0.791372 0.119196 0.791068 0.120082 0.790440 0.122641 0.789585 0.126480 0.788634 0.131016 0.787728 0.135566 0.787005 0.139441 0.786575 0.142057
0 0.711742 0.743512 0.712257 0.745356 0.713447 0.747766 0.715131 0.750374 0.717051 0.752780 0.718913 0.754616 0.720432 0.755602 0.756106 0.757552 0.759386 0.757188 0.763654 0.756395 0.768255 0.755294 0.772483 0.754054 0.775690 0.752866 0.777385 0.751912 0.783092 0.741897 0.779798 0.726720 0.773513 0.698113 0.772673 0.694718 0.764073 0.663141 0.762924 0.662537 0.755770 0.663641 0.745141 0.665991 0.737404 0.668014 0.730449 0.670144 0.727416 0.671296 0.725098 0.673049
0 0.593521 0.690122 0.618853 0.706620 0.654187 0.728105 0.667982 0.736493 0.690978 0.749381 0.716119 0.708033 0.706543 0.692182 0.705485 0.691451 0.703020 0.689877 0.699525 0.687703 0.695531 0.685256 0.646970 0.655729 0.643066 0.653372 0.639827 0.651453 0.637746 0.650262 0.637142 0.649982 0.618662 0.648775
0 0.199142 0.503064 0.209058 0.542492 0.258403 0.572005 0.297832 0.562089 0.300610 0.561230 0.290830 0.522344 0.242163 0.493237 0.238571 0.493148
0 0.296153 0.536693 0.300807 0.565038 0.313464 0.621125 0.321261 0.647954 0.368465 0.637302 0.373210 0.619401 0.373175 0.618346 0.372741 0.615662 0.371975 0.611759 0.370993 0.607229 0.358483 0.551790 0.357430 0.547302 0.356461 0.543518 0.355724 0.541012 0.355330 0.540168 0.343358 0.526040
0 0.233242 0.410884 0.233366 0.411562 0.234433 0.413734 0.236283 0.417072 0.238633 0.421066 0.241123 0.425101 0.243369 0.428559 0.245028 0.430910 0.245848 0.431798 0.248769 0.432582 0.261614 0.435431 0.302724 0.410652 0.282075 0.376394 0.276978 0.373502 0.234906 0.398861
0 0.038652 0.423493 0.065698 0.499765 0.070661 0.499767 0.115901 0.483725 0.119062 0.473191 0.119258 0.472362 0.118810 0.469933 0.117790 0.466277 0.116351 0.461948 0.102953 0.424161 0.101310 0.419802 0.099707 0.416061 0.098387 0.413505 0.097550 0.412525 0.089165 0.408325 0.084415 0.407266
0 0.831242 0.890012 0.835071 0.894521 0.878169 0.916886 0.888225 0.911013 0.889868 0.909146 0.891970 0.905967 0.894208 0.901960 0.912802 0.866128 0.914828 0.861919 0.916325 0.858164 0.917065 0.855438 0.916938 0.854153 0.915444 0.845057 0.910696 0.841114 0.868091 0.819004
0 0.027995 0.921139 0.028267 0.926301 0.030126 0.932045 0.033290 0.937488 0.037270 0.941791 0.041453 0.944294 0.045197 0.944620 0.054459 0.944032 0.059041 0.941486 0.062437 0.939124 0.064057 0.934363 0.065256 0.926312 0.065019 0.922450 0.063614 0.918164 0.061253 0.914101 0.058292 0.910874 0.055178 0.908973 0.047296 0.905525 0.042628 0.905042 0.038066 0.907605 0.034622 0.909899 0.029347 0.917349
0 0.234406 0.925617 0.236268 0.933229 0.240902 0.939548 0.247600 0.943613 0.255346 0.944805 0.262957 0.942943 0.269276 0.938310 0.273342 0.931611 0.273732 0.930869 0.274922 0.923137 0.273063 0.915539 0.268437 0.909230 0.261750 0.905171 0.254018 0.903982 0.246419 0.905840 0.240111 0.910466 0.239664 0.911173 0.235598 0.917871
0 0.452524 0.855532 0.453981 0.863232 0.458274 0.869787 0.464749 0.874201 0.472420 0.875800 0.480119 0.874344 0.486675 0.870050 0.491089 0.863575 0.492688 0.855904 0.492701 0.855293 0.491246 0.847606 0.486960 0.841062 0.480497 0.836656 0.472839 0.835059 0.465153 0.836514 0.458608 0.840800 0.454202 0.847263 0.452605 0.854921
0 0.421538 0.832142 0.423710 0.839671 0.428599 0.845795 0.435458 0.849584 0.443245 0.850458 0.450775 0.848286 0.456899 0.843398 0.460687 0.836539 0.460755 0.835960 0.461628 0.828186 0.459460 0.820670 0.454580 0.814556 0.447732 0.810774 0.439958 0.809902 0.432442 0.812069 0.426328 0.816950 0.422546 0.823797 0.422413 0.824355
0 0.004687 0.051168 0.006566 0.058776 0.011213 0.065086 0.012053 0.065833 0.018750 0.069876 0.026484 0.071051 0.034078 0.069174 0.040377 0.064536 0.044421 0.057839 0.045595 0.050105 0.043719 0.042511 0.039080 0.036211 0.038286 0.035413 0.031578 0.031363 0.023831 0.030187 0.016223 0.032066 0.009913 0.036713 0.005863 0.043421
0 0.653066 0.371419 0.653407 0.371912 0.654649 0.373092 0.656599 0.374777 0.658962 0.376711 0.740162 0.441692 0.742594 0.443596 0.744742 0.445190 0.746280 0.446235 0.746973 0.446569 0.797072 0.383964 0.796856 0.383480 0.795718 0.382306 0.793830 0.380618 0.791480 0.378676 0.709907 0.313396 0.707469 0.311508 0.705332 0.309974 0.703820 0.309028 0.703165 0.308814
0 0.583444 0.949333 0.583837 0.949821 0.655790 0.983781 0.656615 0.983119 0.657806 0.981436 0.659182 0.978990 0.666125 0.964988 0.698410 0.891383 0.703680 0.877540 0.704425 0.875153 0.704671 0.873560 0.704380 0.873004 0.632145 0.839684 0.631304 0.840221 0.630098 0.841797 0.628711 0.844172 0.627357 0.846984 0.585396 0.942648 0.584287 0.945451 0.583602 0.947799
0 0.455732 0.835321 0.527280 0.872157 0.527662 0.872041 0.528552 0.870852 0.529814 0.868775 0.536954 0.855991 0.573917 0.785035 0.580762 0.770979 0.581927 0.768398 0.582682 0.766431 0.582913 0.765377 0.511662 0.729146 0.511271 0.729135 0.510373 0.730198 0.509106 0.732175 0.507662 0.734765 0.459078 0.826982 0.457671 0.829805 0.456540 0.832383 0.455859 0.834320
0 0.460272 0.965120 0.466683 0.977571 0.514085 0.988089 0.522850 0.948587 0.522589 0.943461 0.475728 0.933063 0.465500 0.941555 0.465347 0.941869 0.464820 0.943924 0.464001 0.947403 0.463013 0.951780 0.462006 0.956393 0.461132 0.960546 0.460523 0.963611
0 0.574353 0.559351 0.597155 0.592215 0.598278 0.593281 0.638171 0.565601 0.639814 0.553740 0.639474 0.553056 0.638136 0.550960 0.636000 0.547772 0.633394 0.543976 0.630717 0.540158 0.628382 0.536903 0.626745 0.534709 0.626054 0.533909 0.613789 0.531988
0 0.559752 0.477290 0.607435 0.482797 0.608677 0.482598 0.617468 0.475686 0.617728 0.474740 0.618161 0.472107 0.618701 0.468184 0.619264 0.463571 0.619764 0.458978 0.620124 0.455110 0.620290 0.452557 0.620237 0.451708 0.613319 0.442403 0.565085 0.436832 0.564341 0.437554
0 0.922779 0.524393 0.924417 0.536869 0.925709 0.538750 0.928032 0.541596 0.931034 0.544975 0.934261 0.548377 0.937227 0.551289 0.939483 0.553271 0.940684 0.554018 0.955038 0.554473 0.990797 0.521627 0.963425 0.491828 0.958128 0.491921
0 0.694658 0.204231 0.694688 0.244231 0.742688 0.244195 0.752626 0.234672 0.752959 0.233402 0.753241 0.230480 0.753428 0.226350 0.753491 0.221644 0.753421 0.217083 0.753228 0.213371 0.752942 0.211072 0.752608 0.210535 0.745464 0.200775 0.696909 0.200811
