0 0.430304 0.688312 0.438059 0.745006 0.439653 0.755272 0.440306 0.756166 0.442328 0.758039 0.445413 0.760608 0.449089 0.763480 0.452793 0.766212 0.455954 0.768386 0.458090 0.769670 0.458877 0.769870 0.470284 0.769476 0.499648 0.730806 0.499652 0.728168 0.435939 0.679788 0.431101 0.686159
0 0.316654 0.185265 0.318750 0.188861 0.345483 0.228728 0.356039 0.229788 0.356990 0.229633 0.359318 0.228481 0.362664 0.226510 0.366523 0.224018 0.370312 0.221382 0.373459 0.218999 0.375488 0.217230 0.376086 0.216345 0.378705 0.206451 0.389650 0.150951 0.388374 0.146916 0.383867 0.140194
0 0.849064 0.586419 0.850742 0.634390 0.854797 0.635943 0.935673 0.633114 0.935390 0.625027 0.893538 0.586004 0.882936 0.577247 0.881515 0.577177 0.878480 0.577182 0.874298 0.577261 0.869600 0.577402 0.865095 0.577583 0.861464 0.577778 0.859257 0.577956 0.858813 0.578091
0 0.195082 0.596253 0.220415 0.646426 0.241371 0.674169 0.259499 0.663284 0.275568 0.652787 0.262473 0.627687 0.232503 0.579713 0.229053 0.575012
0 0.000000 0.728336 0.002033 0.808262 0.004431 0.822882 0.004977 0.825310 0.005546 0.826796 0.006049 0.827116 0.085701 0.817895 0.085994 0.817011 0.086101 0.815052 0.086008 0.812317 0.085728 0.809222 0.073769 0.705912 0.073343 0.702906 0.072833 0.700427 0.072316 0.698850 0.071871 0.698418 0.000000 0.707639
0 0.277725 0.749651 0.278413 0.751487 0.279942 0.753684 0.282079 0.755908 0.359446 0.826098 0.361850 0.827994 0.364141 0.829262 0.365968 0.829708 0.367054 0.829265 0.418718 0.773380 0.418855 0.772159 0.418063 0.770302 0.416465 0.768092 0.406148 0.756717 0.346621 0.702712 0.334418 0.693657 0.332108 0.692321 0.330250 0.691774 0.329128 0.692101 0.277982 0.748456
0 0.210292 0.474614 0.210491 0.477265 0.211331 0.480214 0.248529 0.577811 0.249874 0.580592 0.251511 0.582761 0.253190 0.583990 0.254656 0.584091 0.322918 0.558010 0.323899 0.556984 0.324292 0.554968 0.324038 0.552268 0.320436 0.537421 0.291735 0.462117 0.284482 0.448481 0.282851 0.446238 0.281182 0.444906 0.279728 0.444689 0.211826 0.471719 0.210761 0.472667
0 0.507569 0.501124 0.507870 0.502072 0.571787 0.545977 0.572832 0.545951 0.574411 0.544920 0.576284 0.543042 0.578165 0.540601 0.637293 0.454484 0.638884 0.451870 0.639929 0.449497 0.640273 0.447728 0.639861 0.446831 0.576339 0.402350 0.575286 0.402499 0.573701 0.403636 0.571825 0.405586 0.562206 0.417520 0.516712 0.483780 0.509121 0.496911 0.508009 0.499312
0 0.905071 0.177157 0.905201 0.177808 0.906283 0.179096 0.908150 0.180825 0.910517 0.182731 0.993356 0.245610 0.995881 0.247417 0.998195 0.248862 1.000000 0.249875 1.000000 0.163846 0.986605 0.145345 0.971136 0.124117 0.958463 0.115467 0.956160 0.114083 0.954434 0.113318 0.953550 0.113288
0 0.589763 0.231919 0.594912 0.243658 0.640634 0.258269 0.642260 0.255475 0.666893 0.178390 0.620642 0.163610 0.609357 0.170605 0.608933 0.171913 0.608017 0.174766 0.606749 0.178725 0.605320 0.183194 0.593116 0.221383 0.591739 0.225696 0.590618 0.229212 0.589924 0.231398
0 0.763364 0.929675 0.763545 0.931145 0.766609 0.936159 0.775233 0.948342 0.823537 0.957277 0.830982 0.917024 0.823417 0.907492 0.776218 0.898761 0.767415 0.907775 0.766642 0.909887 0.765734 0.913419 0.764827 0.917837 0.764059 0.922474 0.763545 0.926629
0 0.634775 0.441853 0.713775 0.454464 0.716246 0.453938 0.723901 0.405990 0.716016 0.396820 0.715393 0.396539 0.713045 0.396009 0.709326 0.395312 0.704804 0.394554 0.664940 0.388190 0.660321 0.387489 0.656325 0.386954 0.653563 0.386668 0.652453 0.386673 0.642342 0.394453
0 0.570865 0.801493 0.571684 0.804979 0.574075 0.814626 0.574973 0.815494 0.577341 0.817137 0.580819 0.819307 0.584877 0.821670 0.620028 0.841519 0.624032 0.843708 0.627356 0.845380 0.629495 0.846281 0.630124 0.846276 0.642150 0.844769 0.666025 0.802490 0.664127 0.799032 0.594466 0.759696
0 0.490684 0.211383 0.490790 0.214681 0.516086 0.290577 0.561623 0.275400 0.567543 0.263772 0.567342 0.262588 0.566588 0.259833 0.565396 0.255927 0.563948 0.251466 0.551183 0.213168 0.549705 0.208847 0.548426 0.205342 0.547544 0.203187 0.547191 0.202707 0.536748 0.196030
0 0.660899 0.546709 0.661335 0.579869 0.661337 0.579976 0.667806 0.580217 0.678362 0.580513 0.686462 0.580700 0.694155 0.580841 0.697807 0.580884 0.701758 0.580840 0.731898 0.515262 0.732170 0.513578 0.731860 0.511102 0.731014 0.508211 0.729762 0.505349 0.728296 0.502955 0.726840 0.501392 0.725616 0.500899 0.695742 0.491526 0.694522 0.491328 0.691645 0.491123 0.687547 0.490942 0.682855 0.490813 0.678292 0.490756 0.674557 0.490780 0.672221 0.490881 0.671634 0.491042 0.663730 0.499588 0.660978 0.543203
0 0.624006 0.746030 0.624804 0.747981 0.630387 0.760128 0.632909 0.764759 0.666822 0.802624 0.680141 0.814822 0.685083 0.817891 0.692014 0.816720 0.698976 0.811253 0.707922 0.801491 0.712367 0.794511 0.711770 0.788780 0.683662 0.758805 0.660240 0.735131 0.654001 0.734540 0.631801 0.735206 0.629364 0.736247 0.627054 0.738186 0.625223 0.740727 0.624153 0.743482
0 0.311891 0.509406 0.313677 0.520822 0.325547 0.530663 0.348013 0.549180 0.350774 0.551327 0.377184 0.570847 0.378220 0.570528 0.382966 0.565169 0.389769 0.556714 0.394612 0.550341 0.398855 0.544397 0.400628 0.541651 0.401676 0.538947 0.368186 0.475218 0.366711 0.474114 0.364337 0.472977 0.361426 0.471981 0.358422 0.471279 0.355787 0.470978 0.353922 0.471124 0.353112 0.471693 0.326508 0.490769 0.325149 0.491827 0.322901 0.494176 0.320104 0.497462 0.317188 0.501179 0.314603 0.504757 0.312742 0.507646
0 0.493923 0.957381 0.494043 0.958047 0.495669 0.962924 0.497632 0.968501 0.500982 0.977619 0.504652 0.987390 0.506733 0.992801 0.508009 0.995952 0.508140 0.996108 0.580187 0.998697 0.581859 0.998533 0.584048 0.997475 0.586420 0.995682 0.588613 0.993428 0.590289 0.991060 0.591194 0.988939 0.591191 0.987388 0.588846 0.957208 0.588588 0.956358 0.587720 0.953895 0.586372 0.950192 0.584753 0.945816 0.583109 0.941439 0.581694 0.937734 0.580724 0.935266 0.580345 0.934408 0.569469 0.929979 0.527949 0.943713 0.524664 0.944949 0.512227 0.949866
0 0.226924 0.367255 0.228497 0.369280 0.231239 0.372734 0.237023 0.379944 0.243949 0.388546 0.248229 0.393845 0.251301 0.397628 0.252088 0.398580 0.322853 0.380469 0.324078 0.379359 0.325602 0.377361 0.327191 0.374779 0.328603 0.372008 0.329620 0.369473 0.330089 0.367561 0.329937 0.366563 0.316637 0.336547 0.315596 0.335093 0.313573 0.332449 0.310873 0.329014 0.307912 0.325316 0.305144 0.321924 0.302994 0.319357 0.301790 0.318008 0.290087 0.317152 0.278001 0.326334 0.255158 0.343762 0.252419 0.345954
0 0.775691 0.818871 0.775930 0.820202 0.781690 0.827451 0.784947 0.831237 0.833053 0.837821 0.838540 0.797733 0.834671 0.794330 0.787115 0.787821 0.778711 0.796805 0.778046 0.799060 0.777310 0.802704 0.776613 0.807185 0.776061 0.811827 0.775737 0.815929
0 0.034380 0.914401 0.074229 0.921418 0.079095 0.916602 0.087419 0.869329 0.078259 0.861002 0.076159 0.860146 0.072631 0.859201 0.068209 0.858309 0.063562 0.857604 0.059390 0.857193 0.056324 0.857139 0.054834 0.857451 0.048025 0.862393 0.042800 0.866582
0 0.579196 0.538493 0.604568 0.569416 0.605777 0.570219 0.643314 0.539420 0.643996 0.527551 0.643603 0.526876 0.642100 0.524879 0.639715 0.521861 0.636812 0.518284 0.633837 0.514697 0.631248 0.511652 0.629439 0.509613 0.628685 0.508890 0.616304 0.508046
0 0.691040 0.935163 0.701021 0.982113 0.703345 0.987687 0.742923 0.979273 0.732827 0.931780 0.730166 0.926845 0.721841 0.922609 0.720651 0.922243 0.717852 0.922315 0.713872 0.922812 0.709314 0.923658 0.704865 0.924726 0.701198 0.925855 0.698866 0.926874
0 0.437719 0.484251 0.473071 0.503562 0.473194 0.503546 0.492417 0.468356 0.492382 0.468211 0.457030 0.448900
0 0.903651 0.596883 0.932571 0.624325 0.938324 0.622134 0.962811 0.593211 0.933879 0.565717 0.928160 0.568149
0 0.394494 0.409822 0.407238 0.448035 0.407663 0.448273 0.445701 0.435587 0.433016 0.397550 0.432707 0.397078
0 0.651058 0.687425 0.652804 0.689591 0.664301 0.700984 0.675092 0.700131 0.675971 0.699742 0.678015 0.698103 0.680913 0.695461 0.684223 0.692221 0.687436 0.688879 0.690058 0.685949 0.691689 0.683880 0.692083 0.682985 0.692781 0.672242 0.681285 0.660850 0.679213 0.659012
0 0.632630 0.905911 0.633240 0.907780 0.668420 0.927402 0.688042 0.892221 0.687180 0.890424 0.652161 0.870893
