0 0.381109 0.547210 0.381649 0.547547 0.387830 0.550732 0.397425 0.555622 0.404592 0.559252 0.411215 0.562583 0.414232 0.564087 0.417044 0.565431 0.473366 0.519577 0.474164 0.518103 0.474828 0.515685 0.475256 0.512690 0.475382 0.509578 0.475187 0.506826 0.474701 0.504852 0.474000 0.503959 0.450211 0.482288 0.448900 0.481463 0.446156 0.479943 0.442395 0.477958 0.438192 0.475813 0.434195 0.473837 0.431016 0.472334 0.429141 0.471533 0.428851 0.471553 0.418253 0.475610 0.410835 0.488898 0.396902 0.514097 0.395314 0.517224
0 0.263780 0.403081 0.264004 0.418414 0.264498 0.447390 0.264648 0.450890 0.266803 0.483823 0.267827 0.484145 0.275070 0.484103 0.285959 0.483743 0.293943 0.483349 0.301174 0.482863 0.304367 0.482559 0.306964 0.481958 0.334061 0.414788 0.333917 0.413026 0.333225 0.410532 0.332091 0.407687 0.330687 0.404927 0.329229 0.402675 0.327940 0.401274 0.327017 0.400937 0.295077 0.393327 0.293334 0.393105 0.290041 0.393011 0.285697 0.393061 0.280967 0.393247 0.276580 0.393541 0.273207 0.393896 0.271364 0.394260
0 0.308968 0.139799 0.311151 0.143915 0.352040 0.169057 0.362687 0.164779 0.363348 0.164439 0.364868 0.162590 0.367013 0.159517 0.369458 0.155685 0.390458 0.121533 0.392840 0.117512 0.394806 0.113899 0.396057 0.111242 0.396401 0.109947 0.392717 0.096295 0.351355 0.070863
0 0.237557 0.127874 0.240949 0.136462 0.243909 0.140617 0.288360 0.158732 0.318551 0.084647 0.316453 0.079845 0.271488 0.061521 0.261187 0.068547 0.259929 0.070493 0.258267 0.073808 0.256454 0.077988 0.241220 0.115372 0.239539 0.119764 0.238253 0.123683 0.237558 0.126531
0 0.185678 0.382698 0.185685 0.386530 0.185889 0.391126 0.188389 0.431418 0.188758 0.436060 0.189234 0.440025 0.189745 0.442708 0.190211 0.443700 0.197503 0.450919 0.200960 0.451480 0.248868 0.448508 0.243914 0.368661 0.240954 0.367143 0.192492 0.370149 0.186225 0.379456 0.185868 0.380214
0 0.873038 0.354643 0.874410 0.402623 0.884849 0.410379 0.885259 0.410470 0.887438 0.410496 0.891051 0.410451 0.895549 0.410343 0.935625 0.409196 0.940341 0.409040 0.944573 0.408861 0.947682 0.408684 0.949191 0.408538 0.959631 0.399183 0.958242 0.350648 0.877350 0.352962
0 0.723029 0.891124 0.728246 0.900273 0.773419 0.919571 0.783724 0.912741 0.785088 0.910769 0.786866 0.907427 0.788784 0.903224 0.790549 0.898805 0.791889 0.894852 0.792599 0.891967 0.792574 0.890589 0.789502 0.881927 0.782884 0.873197 0.738744 0.854340
0 0.203849 0.701882 0.261722 0.754248 0.262502 0.754556 0.264007 0.753932 0.266009 0.752471 0.268203 0.750394 0.340276 0.674778 0.342313 0.672416 0.343869 0.670145 0.344706 0.668310 0.344699 0.667192 0.287308 0.614320 0.286503 0.614130 0.284977 0.614857 0.282961 0.616388 0.271954 0.626387 0.216500 0.684567 0.206529 0.696578 0.204903 0.698867 0.203962 0.700729
0 0.456407 0.619907 0.456414 0.619934 0.525812 0.660176 0.526478 0.659196 0.527638 0.657320 0.573202 0.582044 0.574720 0.579494 0.576315 0.576737 0.577744 0.574195 0.578787 0.572258 0.579287 0.571219 0.508784 0.530336 0.508728 0.530390 0.508068 0.531490 0.506905 0.533468 0.462564 0.609219 0.461112 0.611709 0.459546 0.614411 0.458102 0.616917 0.457000 0.618847
0 0.662119 0.783624 0.662243 0.784335 0.663477 0.785415 0.665631 0.786700 0.678897 0.793309 0.752897 0.824674 0.767626 0.829931 0.770331 0.830706 0.772391 0.831022 0.773491 0.830830 0.802203 0.757473 0.802199 0.756743 0.801069 0.755646 0.798985 0.754349 0.796264 0.753051 0.700084 0.712284 0.697159 0.711189 0.694495 0.710474 0.692498 0.710245 0.691472 0.710539
0 0.199532 0.204952 0.218562 0.278462 0.219600 0.279236 0.221660 0.279566 0.224428 0.279401 0.239677 0.276780 0.317151 0.255385 0.331211 0.249911 0.333530 0.248671 0.334918 0.247389 0.335161 0.246261 0.315459 0.172937 0.314507 0.172075 0.312521 0.171670 0.309802 0.171782 0.306764 0.172397 0.206071 0.200205 0.203198 0.201223 0.200947 0.202483 0.199660 0.203793
0 0.097049 0.339378 0.097288 0.340043 0.174304 0.361972 0.174938 0.361476 0.175807 0.359878 0.176779 0.357421 0.177706 0.354478 0.205987 0.253917 0.206721 0.250957 0.207145 0.248451 0.207195 0.246779 0.206864 0.246197 0.130037 0.223596 0.129438 0.224211 0.128599 0.225912 0.127648 0.228439 0.122905 0.243037 0.101145 0.320410 0.097657 0.335082 0.097179 0.337636
0 0.512544 0.461443 0.543189 0.487303 0.543387 0.487244 0.569366 0.456459 0.538580 0.430480 0.512602 0.461266
0 0.757078 0.833877 0.762870 0.839173 0.793091 0.858064 0.815615 0.824803 0.809989 0.819424 0.779584 0.800743
0 0.858967 0.890062 0.860619 0.891857 0.897113 0.908911 0.914167 0.872416 0.912269 0.870710 0.875942 0.853735
0 0.157356 0.558834 0.190130 0.582254 0.191550 0.581878 0.214863 0.549254 0.182239 0.525941 0.180776 0.526060
0 0.311932 0.343814 0.327156 0.354358 0.328296 0.354664 0.331084 0.355152 0.335092 0.355747 0.339713 0.356358 0.396105 0.363425 0.400657 0.363963 0.404468 0.364348 0.406960 0.364522 0.407750 0.364457 0.425105 0.357996 0.431122 0.309981 0.402031 0.304845 0.344979 0.297695 0.317949 0.295798
0 0.577976 0.595336 0.579067 0.596662 0.605371 0.627662 0.636371 0.601358 0.641067 0.544053 0.614763 0.513053 0.613181 0.512877 0.582607 0.538820
0 0.321561 0.548394 0.324221 0.566720 0.324528 0.567556 0.325869 0.569764 0.328043 0.573009 0.330717 0.576795 0.364212 0.623196 0.366966 0.626929 0.369369 0.630024 0.371052 0.632007 0.371762 0.632579 0.388319 0.640875 0.427555 0.612552 0.411586 0.588709 0.378477 0.542842 0.360797 0.520071
0 0.728067 0.686989 0.750057 0.720519 0.753545 0.723597 0.809839 0.735297 0.843835 0.713000 0.821539 0.679003 0.817116 0.676538 0.761597 0.664999
0 0.545269 0.120704 0.568042 0.153708 0.601045 0.130935 0.602454 0.125790 0.579364 0.092327 0.545900 0.115417
0 0.549072 0.336813 0.582139 0.371606 0.594332 0.371522 0.594873 0.371060 0.596659 0.369405 0.599416 0.366814 0.602726 0.363678 0.606091 0.360471 0.609001 0.357676 0.611017 0.355717 0.611829 0.354894 0.612418 0.342247 0.578969 0.307052 0.549639 0.334927
0 0.448112 0.245087 0.448127 0.247992 0.448180 0.249243 0.456845 0.258813 0.504839 0.259596 0.504894 0.256816 0.505554 0.216359 0.457006 0.215568 0.448574 0.225108 0.448491 0.225664 0.448390 0.227979 0.448288 0.231702 0.448199 0.236266 0.448137 0.240968
0 0.522342 0.518076 0.526698 0.557838 0.527007 0.558506 0.575273 0.553219 0.582462 0.543984 0.582471 0.543128 0.582278 0.540569 0.581912 0.536695 0.581429 0.532098 0.580903 0.527483 0.580414 0.523561 0.580039 0.520930 0.579834 0.519990 0.570867 0.512997 0.570057 0.512849
0 0.280694 0.513732 0.280973 0.514473 0.282349 0.516550 0.284615 0.519649 0.287425 0.523296 0.290347 0.526931 0.292932 0.529995 0.294784 0.532020 0.295623 0.532699 0.306203 0.533929 0.308418 0.533542 0.346136 0.503854 0.321396 0.472422 0.319331 0.472103 0.281177 0.502134
