0 0.335032 0.963190 0.367301 0.970651 0.370729 0.971392 0.413892 0.980313 0.423985 0.974196 0.424490 0.972721 0.425297 0.969663 0.426281 0.965489 0.427291 0.960839 0.428174 0.956427 0.428792 0.952931 0.429053 0.950881 0.427574 0.917247 0.427284 0.916471 0.426030 0.915117 0.424002 0.913392 0.421510 0.911558 0.418935 0.909898 0.416672 0.908665 0.415066 0.908047 0.414361 0.908137 0.343693 0.924081 0.343127 0.925762 0.342437 0.928594 0.340876 0.935372 0.339153 0.943105 0.336806 0.953966 0.335248 0.961540
0 0.888103 0.816498 0.888318 0.819187 0.888806 0.822264 0.889492 0.825257 0.890271 0.827707 0.891024 0.829242 0.891636 0.829627 0.921800 0.845287 0.923758 0.846162 0.927190 0.847228 0.931574 0.848323 0.936239 0.849279 0.940466 0.849949 0.943609 0.850229 0.945187 0.850079 0.954815 0.843435 0.963944 0.799712 0.964634 0.796282 0.970668 0.764045 0.969120 0.763000 0.961593 0.760955 0.950716 0.758570 0.942934 0.757120 0.936074 0.756104 0.933180 0.755864 0.931346 0.756483 0.888575 0.813799 0.888193 0.814606
0 0.507626 0.841735 0.509264 0.852718 0.511834 0.859430 0.515502 0.864157 0.518064 0.865286 0.582631 0.892681 0.583567 0.892217 0.585436 0.891247 0.587954 0.889920 0.590739 0.888436 0.593369 0.887021 0.595447 0.885888 0.596655 0.885210 0.596810 0.885090 0.602395 0.843225 0.602139 0.838459 0.601052 0.834095 0.599298 0.830794 0.591013 0.822048 0.586041 0.821550 0.574539 0.821827 0.552382 0.822432 0.549302 0.822605 0.518452 0.825022 0.512225 0.827872 0.508637 0.832445
0 0.811015 0.934373 0.811975 0.935967 0.842911 0.945733 0.846260 0.946718 0.874812 0.954531 0.889987 0.958662 0.900133 0.953291 0.901356 0.951839 0.902827 0.948834 0.904322 0.944735 0.905611 0.940170 0.906495 0.935841 0.906841 0.932413 0.905809 0.895998 0.905001 0.894548 0.903318 0.892676 0.901017 0.890668 0.898450 0.888832 0.896010 0.887448 0.894070 0.886727 0.892925 0.886779 0.823703 0.897568 0.821308 0.899252 0.819841 0.902044 0.817221 0.908709 0.814810 0.916304 0.812125 0.926957
0 0.094331 0.059253 0.123201 0.098997 0.131813 0.108163 0.164176 0.084655 0.135966 0.045819 0.127451 0.035195 0.116685 0.035610 0.114104 0.036643 0.110596 0.038626 0.106699 0.041259 0.103011 0.044136 0.100099 0.046815 0.098408 0.048887
0 0.028427 0.282195 0.028489 0.286769 0.030107 0.327105 0.030416 0.331781 0.030925 0.335828 0.031556 0.338630 0.032211 0.339761 0.038422 0.346576 0.043698 0.348329 0.091659 0.346406 0.088453 0.266470 0.083695 0.263770 0.035179 0.265716 0.029047 0.276067 0.028624 0.278437
0 0.005683 0.627260 0.044700 0.657105 0.059161 0.654981 0.064228 0.653200 0.065360 0.652269 0.067431 0.650026 0.070124 0.646815 0.073033 0.643120 0.075719 0.639501 0.077776 0.636503 0.078892 0.634580 0.079410 0.621744 0.041285 0.592580 0.030555 0.594746
0 0.708499 0.808537 0.710910 0.812104 0.776625 0.859331 0.804961 0.819902 0.801664 0.806426 0.800521 0.805487 0.798066 0.803622 0.794675 0.801119 0.790860 0.798354 0.758304 0.774957 0.754632 0.772342 0.751651 0.770265 0.749810 0.769042 0.749394 0.768861 0.736512 0.769559
0 0.066867 0.472282 0.073172 0.520426 0.084713 0.527740 0.086170 0.527584 0.089220 0.527214 0.093396 0.526687 0.098066 0.526083 0.102526 0.525492 0.106102 0.525004 0.108253 0.524692 0.108647 0.524606 0.117712 0.514998 0.111479 0.467404 0.106987 0.467028
0 0.592742 0.826005 0.593814 0.829774 0.632953 0.858510 0.643842 0.855023 0.644576 0.854751 0.646290 0.853034 0.648725 0.850133 0.651507 0.846489 0.654209 0.842663 0.656416 0.839243 0.657792 0.836751 0.658127 0.835566 0.656900 0.825894 0.655106 0.822170 0.616415 0.793762
0 0.555298 0.090452 0.555701 0.138450 0.595699 0.138115 0.596806 0.133931 0.596399 0.085378 0.587727 0.079280 0.586924 0.078732 0.584398 0.078281 0.580534 0.077998 0.575921 0.077926 0.571267 0.078076 0.567289 0.078425 0.564594 0.078919 0.563590 0.079482 0.555938 0.085717
0 0.221111 0.830621 0.237615 0.867776 0.274771 0.851272 0.277867 0.846443 0.261590 0.809798 0.224945 0.826075
0 0.550530 0.771593 0.551112 0.772714 0.552638 0.775193 0.554877 0.778654 0.557487 0.782567 0.560066 0.786332 0.562219 0.789369 0.563616 0.791215 0.564047 0.791592 0.576072 0.795168 0.616301 0.767979 0.614972 0.764916 0.592573 0.731775 0.552804 0.758654
0 0.267349 0.807005 0.267408 0.814841 0.270459 0.822058 0.276041 0.827558 0.283303 0.830504 0.291138 0.830445 0.298356 0.827394 0.303856 0.821812 0.304193 0.821259 0.307134 0.814010 0.307075 0.806188 0.304029 0.798982 0.298456 0.793492 0.291207 0.790551 0.283385 0.790610 0.276180 0.793656 0.270690 0.799228 0.270295 0.799744
0 0.696248 0.864864 0.696687 0.872678 0.700082 0.879729 0.700427 0.880383 0.706272 0.885606 0.713672 0.888196 0.721499 0.887756 0.728563 0.884355 0.733786 0.878510 0.736376 0.871110 0.735936 0.863283 0.732535 0.856220 0.732135 0.855607 0.726300 0.850393 0.718913 0.847807 0.711099 0.848246 0.704048 0.851642 0.698833 0.857477
0 0.792079 0.363962 0.792806 0.371751 0.796460 0.378668 0.802481 0.383661 0.809956 0.385969 0.817745 0.385242 0.818292 0.385044 0.825220 0.381385 0.830222 0.375353 0.832535 0.367866 0.831806 0.360063 0.828147 0.353134 0.822115 0.348132 0.814627 0.345820 0.806825 0.346548 0.806298 0.346812 0.799381 0.350466 0.794387 0.356487
0 0.467738 0.449945 0.468354 0.451563 0.469539 0.454626 0.471111 0.458668 0.472831 0.463068 0.474433 0.467151 0.475671 0.470291 0.476358 0.472009 0.476391 0.472048 0.487223 0.476294 0.492836 0.474101 0.500759 0.466767 0.500759 0.466706 0.499883 0.464405 0.498261 0.460208 0.496139 0.454752 0.493844 0.448878 0.491730 0.443491 0.490121 0.439419 0.489263 0.437282 0.478446 0.437252 0.472820 0.439451
0 0.657318 0.182663 0.659832 0.190075 0.664989 0.195961 0.672008 0.199424 0.679817 0.199939 0.687228 0.197425 0.693114 0.192268 0.693446 0.191738 0.696916 0.184708 0.697432 0.176885 0.694914 0.169461 0.689747 0.163565 0.682717 0.160096 0.674894 0.159580 0.667470 0.162098 0.661574 0.167264 0.658105 0.174295 0.657833 0.174854
0 0.080047 0.399400 0.138237 0.455638 0.142372 0.456145 0.147931 0.450393 0.146967 0.393832 0.145093 0.381483 0.144901 0.381002 0.143421 0.379321 0.140880 0.376699 0.137664 0.373532 0.134259 0.370300 0.131178 0.367489 0.128887 0.365525 0.127737 0.364709 0.113790 0.364486
0 0.276268 0.860952 0.284943 0.900958 0.292944 0.899223 0.334882 0.886033 0.342480 0.874140 0.342493 0.872750 0.342116 0.869783 0.341407 0.865694 0.340473 0.861100 0.339455 0.856694 0.338508 0.853144 0.337774 0.850984 0.337365 0.850550 0.328292 0.842530 0.281382 0.852702
0 0.217159 0.264719 0.217752 0.266916 0.218902 0.270425 0.220435 0.274712 0.222116 0.279117 0.223685 0.282964 0.224903 0.285664 0.225585 0.286808 0.237900 0.292583 0.289289 0.316230 0.296792 0.313455 0.269050 0.238420 0.266380 0.235395 0.220838 0.252233 0.217214 0.264168
0 0.510503 0.921945 0.510625 0.926823 0.589907 0.943047 0.599641 0.895478 0.598503 0.890958 0.592900 0.883217 0.591879 0.882528 0.589219 0.881578 0.585329 0.880511 0.580797 0.879489 0.576308 0.878665 0.572538 0.878164 0.570059 0.878063 0.569252 0.878378 0.559315 0.882939 0.512107 0.914107
0 0.302019 0.384095 0.334118 0.454024 0.335146 0.454505 0.337124 0.454390 0.339752 0.453697 0.354145 0.448365 0.426859 0.414121 0.439974 0.406498 0.442121 0.404942 0.443379 0.403533 0.443554 0.402486 0.410823 0.332855 0.409865 0.332273 0.407945 0.332300 0.405356 0.332932 0.402492 0.334075 0.307986 0.378582 0.305302 0.380052 0.303226 0.381616 0.302073 0.383036
0 0.306459 0.765767 0.306822 0.766299 0.308197 0.767349 0.310375 0.768757 0.323337 0.776521 0.393516 0.815873 0.406852 0.822855 0.409171 0.823969 0.410756 0.824579 0.411367 0.824593 0.450584 0.754654 0.450095 0.754133 0.448618 0.753095 0.446380 0.751701 0.443718 0.750159 0.353006 0.699294 0.350310 0.697831 0.347971 0.696659 0.346343 0.695955 0.345676 0.695829
0 0.630271 0.768458 0.630586 0.769657 0.689412 0.817802 0.690558 0.818099 0.692315 0.817411 0.694414 0.815844 0.696535 0.813635 0.763452 0.733420 0.765259 0.730921 0.766463 0.728528 0.766882 0.726607 0.766452 0.725451 0.708074 0.676770 0.706907 0.676592 0.705134 0.677383 0.703025 0.679020 0.692176 0.689663 0.640689 0.751382 0.632061 0.764087 0.630789 0.766502
0 0.722000 0.158271 0.777686 0.212243 0.778431 0.212618 0.779941 0.212081 0.781984 0.210715 0.793287 0.201374 0.850917 0.145350 0.861416 0.133496 0.863157 0.131183 0.864212 0.129226 0.864421 0.127925 0.808234 0.074440 0.807518 0.073949 0.806034 0.074385 0.804006 0.075682 0.801745 0.077643 0.726843 0.150458 0.724708 0.152771 0.723037 0.155069 0.722087 0.157000
0 0.636048 0.362062 0.636080 0.363822 0.636563 0.366366 0.637423 0.369307 0.670819 0.468287 0.671919 0.471156 0.673085 0.473498 0.674138 0.474956 0.674918 0.475308 0.749878 0.450216 0.750205 0.449429 0.750090 0.447601 0.749552 0.445012 0.745501 0.430371 0.719806 0.354215 0.714136 0.340046 0.712988 0.337634 0.711959 0.336072 0.711207 0.335600 0.636470 0.361353
