0 0.388624 0.667278 0.421420 0.691306 0.469477 0.625714 0.469896 0.623985 0.437551 0.600288 0.390155 0.664978
0 0.334616 0.164113 0.336506 0.167952 0.364322 0.207071 0.375054 0.207692 0.375966 0.207545 0.378232 0.206359 0.381503 0.204316 0.385285 0.201726 0.417959 0.178493 0.421690 0.175741 0.424814 0.173236 0.426860 0.171357 0.427512 0.170391 0.429520 0.160711 0.428705 0.156788 0.400568 0.117217
0 0.830699 0.672624 0.831405 0.674810 0.832765 0.678236 0.834574 0.682384 0.851084 0.718919 0.853072 0.723172 0.854943 0.726897 0.856416 0.729532 0.857265 0.730672 0.870498 0.735839 0.914744 0.715843 0.881419 0.642099 0.877060 0.640475 0.833319 0.660242 0.830758 0.672015
0 0.259303 0.876527 0.259583 0.877221 0.260803 0.878537 0.262779 0.880277 0.274640 0.889793 0.339309 0.937666 0.351680 0.946088 0.353848 0.947416 0.355355 0.948119 0.355972 0.948089 0.403680 0.883643 0.403275 0.882944 0.401951 0.881627 0.399914 0.879894 0.397470 0.878006 0.313882 0.816127 0.311389 0.814361 0.309208 0.812971 0.307670 0.812170 0.307011 0.812081
0 0.761388 0.506731 0.762287 0.509720 0.764262 0.512137 0.767012 0.513615 0.770117 0.513927 0.776436 0.514253 0.779495 0.513333 0.781969 0.511311 0.849670 0.429186 0.851182 0.426373 0.851502 0.423194 0.850581 0.420135 0.848560 0.417661 0.845746 0.416149 0.842568 0.415829 0.834738 0.417753 0.831749 0.418652 0.808729 0.427696 0.807738 0.428499 0.805734 0.430592 0.803024 0.433656 0.800017 0.437225 0.774515 0.468160 0.771658 0.471704 0.769376 0.474697 0.768015 0.476685 0.767785 0.477363 0.761700 0.503625
0 0.200404 0.627786 0.208217 0.637088 0.208731 0.637461 0.210970 0.638161 0.214595 0.639082 0.219053 0.640083 0.223659 0.641010 0.227705 0.641722 0.230572 0.642108 0.231826 0.642112 0.242952 0.634651 0.252942 0.587702 0.213818 0.579377 0.210509 0.580295
0 0.850617 0.352974 0.851457 0.355440 0.853036 0.358989 0.855115 0.363085 0.857379 0.367109 0.859487 0.370454 0.861121 0.372613 0.862031 0.373255 0.871231 0.377025 0.875522 0.375603 0.918338 0.352704 0.899255 0.317024 0.894692 0.319115 0.852366 0.341753 0.850647 0.351970
0 0.864314 0.825743 0.869392 0.830284 0.907835 0.843514 0.921066 0.805071 0.915277 0.800877 0.877362 0.787828
0 0.183636 0.853536 0.196812 0.891498 0.234774 0.878322 0.235987 0.876592 0.222871 0.838804 0.185082 0.851920
0 0.000000 0.248908 0.023897 0.280903 0.026079 0.281907 0.057927 0.257544 0.033564 0.225696 0.031417 0.224434
0 0.002051 0.790903 0.020872 0.826406 0.056376 0.807585 0.058404 0.806178 0.039668 0.770837 0.004327 0.789573
0 0.610278 0.308461 0.646929 0.324483 0.647604 0.323677 0.663699 0.286857 0.626879 0.270762 0.626299 0.271810
0 0.173364 0.180791 0.194344 0.215178 0.195744 0.216483 0.229974 0.195600 0.209090 0.161370 0.207751 0.159811
0 0.685907 0.044921 0.686142 0.052571 0.687181 0.063589 0.688240 0.071457 0.689495 0.078376 0.690258 0.081284 0.691689 0.083079 0.759064 0.105609 0.760019 0.105783 0.761906 0.105337 0.764440 0.104337 0.767232 0.102935 0.769856 0.101346 0.771909 0.099814 0.773078 0.098572 0.779018 0.064547 0.779346 0.062508 0.779379 0.058989 0.779109 0.054525 0.778578 0.049802 0.777868 0.045545 0.777088 0.042406 0.776357 0.040865 0.767110 0.033825 0.751652 0.035451 0.722503 0.038528 0.719031 0.038939 0.686628 0.043310
0 0.000000 0.563539 0.000285 0.566188 0.035871 0.619727 0.042187 0.628407 0.044217 0.628060 0.050601 0.626023 0.058874 0.622927 0.066715 0.619609 0.076549 0.615187 0.081271 0.612856 0.073668 0.593167 0.069938 0.583814 0.069853 0.583614 0.049297 0.538746 0.038279 0.533816 0.036297 0.534236 0.032950 0.535293 0.028746 0.536829 0.024331 0.538607 0.020384 0.540354 0.017509 0.541802 0.016145 0.542730 0.002223 0.554921 0.000501 0.557443 0.000000 0.560469
0 0.558029 0.666706 0.558517 0.698076 0.558758 0.699371 0.559949 0.701183 0.561908 0.703235 0.564336 0.705213 0.566862 0.706814 0.569099 0.707793 0.570705 0.708003 0.642454 0.696673 0.642714 0.696062 0.643855 0.692168 0.645495 0.686137 0.648198 0.675776 0.650501 0.666555 0.651655 0.661439 0.652398 0.657510 0.620427 0.648137 0.617027 0.647264 0.574250 0.638109 0.563993 0.643385 0.563838 0.643879 0.563251 0.646077 0.562322 0.649649 0.561191 0.654048 0.560032 0.658601 0.559024 0.662608 0.558321 0.665453
0 0.097789 0.439083 0.097881 0.441148 0.112622 0.471534 0.114264 0.473818 0.116888 0.476904 0.120092 0.480320 0.123384 0.483541 0.126258 0.486073 0.128275 0.487529 0.129131 0.487691 0.139598 0.487268 0.140988 0.487134 0.173655 0.458256 0.176180 0.455834 0.185771 0.446099 0.199651 0.431867 0.195714 0.426927 0.188659 0.419172 0.182993 0.413345 0.177372 0.407926 0.174543 0.405432 0.170899 0.403016 0.104175 0.427728 0.102610 0.428805 0.100951 0.430831 0.099451 0.433497 0.098340 0.436396
