0 0.784802 0.075664 0.785371 0.081933 0.786590 0.087910 0.788270 0.092677 0.790152 0.095505 0.799917 0.098106 0.802144 0.098686 0.807923 0.097926 0.814970 0.088868 0.816025 0.087407 0.816654 0.084352 0.816765 0.080168 0.816340 0.075488 0.815444 0.071019 0.814212 0.067435 0.812829 0.065282 0.804359 0.058667 0.802136 0.058002 0.796348 0.058789 0.787300 0.064091 0.785849 0.066005 0.784970 0.070067
0 0.294566 0.705077 0.296908 0.712555 0.301933 0.718568 0.308876 0.722200 0.316681 0.722899 0.324159 0.720558 0.330173 0.715533 0.330464 0.715163 0.334090 0.708231 0.334788 0.700440 0.332450 0.692974 0.327434 0.686971 0.320503 0.683346 0.312711 0.682648 0.305246 0.684985 0.299243 0.690001 0.298897 0.690328 0.295266 0.697272
0 0.655717 0.150868 0.655989 0.153007 0.659571 0.162583 0.662183 0.164226 0.666792 0.165534 0.672698 0.166306 0.678993 0.166420 0.684706 0.165860 0.688961 0.164712 0.691109 0.163155 0.695461 0.153724 0.695686 0.147882 0.695332 0.145752 0.687828 0.137759 0.685839 0.136557 0.682374 0.135604 0.677958 0.135042 0.673259 0.134957 0.668988 0.135361 0.665788 0.136193 0.664148 0.137329 0.655917 0.145037
0 0.645326 0.825488 0.646579 0.830729 0.647570 0.834204 0.653386 0.841646 0.656463 0.843656 0.661356 0.844575 0.667316 0.844257 0.673429 0.842750 0.678751 0.840285 0.682467 0.837243 0.684012 0.834093 0.685901 0.824751 0.684670 0.819495 0.683601 0.816049 0.679711 0.813594 0.672078 0.809710 0.668408 0.809053 0.663955 0.809307 0.659393 0.810432 0.655409 0.812259 0.652606 0.814512 0.647325 0.821581
0 0.440738 0.058060 0.441124 0.065887 0.441225 0.066633 0.444573 0.073703 0.450370 0.078955 0.457737 0.081588 0.465550 0.081202 0.472620 0.077854 0.477872 0.072057 0.480505 0.064690 0.480471 0.063941 0.480085 0.056114 0.476731 0.049032 0.470924 0.043771 0.463545 0.041134 0.455718 0.041520 0.448636 0.044874 0.443375 0.050681
0 0.814224 0.605855 0.814247 0.645952 0.815693 0.646624 0.855975 0.646601 0.855952 0.606319 0.854321 0.605832
0 0.110846 0.353985 0.121314 0.392883 0.123049 0.393374 0.161769 0.382955 0.151350 0.344235 0.149745 0.343518
0 0.862573 0.259304 0.902558 0.262304 0.904412 0.261210 0.907425 0.221040 0.867256 0.218027 0.865573 0.219319
0 0.252319 0.456296 0.280966 0.484616 0.281970 0.484686 0.310159 0.456170 0.281643 0.427981 0.280638 0.427649
0 0.283868 0.216130 0.301272 0.252085 0.334962 0.238975 0.340384 0.233884 0.323074 0.197850 0.289484 0.211142
0 0.473232 0.445947 0.473844 0.447182 0.509853 0.464600 0.530754 0.421390 0.531474 0.419551 0.527729 0.408689 0.526929 0.408162 0.524571 0.406902 0.521012 0.405101 0.516797 0.403034 0.512572 0.401019 0.508989 0.399365 0.506592 0.398325 0.505747 0.398056 0.494623 0.401726
0 0.045861 0.225685 0.076142 0.300730 0.080987 0.303008 0.125499 0.285047 0.128411 0.272599 0.127849 0.270432 0.126666 0.266984 0.125041 0.262777 0.110039 0.225598 0.108214 0.221256 0.106460 0.217426 0.105043 0.214688 0.104178 0.213459 0.090888 0.207516
0 0.252602 0.378054 0.288190 0.398283 0.293032 0.400607 0.316752 0.358878 0.312928 0.346659 0.310753 0.344875 0.309691 0.344208 0.307168 0.342720 0.303567 0.340637 0.299439 0.338278 0.295417 0.336005 0.292120 0.334167 0.290051 0.333045 0.289524 0.332809 0.276877 0.335348
0 0.706455 0.632250 0.708842 0.633779 0.787472 0.652915 0.798954 0.605738 0.791440 0.594921 0.790164 0.594579 0.787304 0.593856 0.783298 0.592863 0.778752 0.591750 0.739797 0.582270 0.735386 0.581202 0.731767 0.580339 0.729487 0.579811 0.728897 0.579699 0.717806 0.585611
0 0.003519 0.668439 0.031363 0.687055 0.034317 0.688960 0.058421 0.704016 0.071132 0.711945 0.082858 0.709910 0.083092 0.709838 0.084299 0.708256 0.086289 0.705410 0.088762 0.701734 0.091343 0.697783 0.093642 0.694153 0.095314 0.691392 0.096102 0.689921 0.106987 0.658731 0.106840 0.657731 0.106019 0.655882 0.104651 0.653466 0.102943 0.650852 0.101157 0.648441 0.099566 0.646601 0.098414 0.645614 0.025265 0.634747 0.024224 0.635787 0.021048 0.639878 0.016979 0.645593 0.010747 0.654857 0.005879 0.662606 0.004006 0.666299
0 0.760364 0.716411 0.760391 0.717351 0.772723 0.748209 0.773823 0.749805 0.775827 0.752615 0.778432 0.756211 0.781238 0.760043 0.783814 0.763521 0.785764 0.766112 0.786791 0.767420 0.798514 0.768843 0.810895 0.760123 0.834327 0.743592 0.837163 0.741525 0.863704 0.721471 0.862577 0.719661 0.860195 0.716255 0.854798 0.708849 0.848173 0.699885 0.843989 0.694292 0.840883 0.690217 0.839995 0.689117 0.768129 0.703810 0.766929 0.704923 0.765371 0.706893 0.763692 0.709421 0.762150 0.712119 0.760981 0.714574
0 0.632275 0.908448 0.633693 0.920292 0.634074 0.921186 0.635910 0.923010 0.638927 0.925488 0.642662 0.928242 0.646544 0.930847 0.649975 0.932906 0.652430 0.934100 0.684536 0.943515 0.686631 0.943311 0.689220 0.942358 0.691909 0.940801 0.694284 0.938878 0.695983 0.936884 0.696747 0.935123 0.710621 0.865507 0.707442 0.862111 0.704455 0.859657 0.698130 0.854919 0.691449 0.850251 0.682711 0.844585 0.677320 0.841604 0.665529 0.857612 0.657520 0.868695 0.655534 0.871576
0 0.315345 0.516211 0.315576 0.517671 0.321763 0.550294 0.323021 0.551822 0.325141 0.553512 0.327801 0.555106 0.330592 0.556359 0.333087 0.557081 0.334905 0.557161 0.403256 0.535103 0.404318 0.531779 0.404919 0.528352 0.405949 0.520904 0.406855 0.512897 0.407803 0.502243 0.408112 0.495458 0.407623 0.494997 0.375012 0.490512 0.371530 0.490141 0.327987 0.487283 0.327115 0.487305 0.317910 0.494175 0.317326 0.496268 0.316686 0.499814 0.316086 0.504272 0.315621 0.508958 0.315361 0.513152
0 0.013997 0.256992 0.032764 0.301774 0.046174 0.307688 0.047618 0.307586 0.050530 0.306792 0.054464 0.305428 0.058826 0.303700 0.062957 0.301869 0.066233 0.300212 0.068159 0.298978 0.074995 0.288579 0.056443 0.244309 0.051315 0.241353
0 0.643089 0.675644 0.664393 0.718657 0.666294 0.721185 0.702552 0.703226 0.681001 0.659715 0.678933 0.657890 0.668957 0.654708 0.667912 0.654911 0.665386 0.655897 0.661765 0.657513 0.657598 0.659515 0.653514 0.661600 0.650128 0.663454 0.647954 0.664796 0.647327 0.665421
0 0.108914 0.616010 0.109031 0.620613 0.109335 0.624448 0.109781 0.626928 0.110298 0.627679 0.116668 0.636484 0.165223 0.636340 0.169049 0.634782 0.168930 0.594782 0.120930 0.594924 0.116548 0.596022 0.110227 0.603541 0.109715 0.604598 0.109285 0.607338 0.109003 0.611346
0 0.261078 0.605357 0.301172 0.611463 0.303899 0.609934 0.309921 0.570390 0.270377 0.564368 0.267184 0.565263
0 0.656191 0.239711 0.656428 0.240857 0.657513 0.243432 0.659280 0.247041 0.661461 0.251138 0.663726 0.255105 0.665734 0.258343 0.667180 0.260361 0.667844 0.260849 0.678191 0.265118 0.720227 0.241943 0.722772 0.238960 0.703237 0.203526 0.660716 0.226968 0.658879 0.230088
0 0.654858 0.577796 0.655570 0.578156 0.897203 0.583514 0.898989 0.502970 0.657357 0.497611 0.656636 0.497621
0 0.216797 0.249752 0.387456 0.425226 0.419511 0.397646 0.429135 0.387855 0.419972 0.374522 0.417113 0.370906 0.276887 0.226725 0.273274 0.223686 0.261407 0.215395 0.226120 0.239406
0 0.702107 0.110570 0.830218 0.313892 0.831021 0.314912 0.899677 0.271646 0.899187 0.270426 0.770329 0.066816
