0 0.257401 0.183423 0.271724 0.217475 0.295686 0.227877 0.327810 0.207657 0.345588 0.153506 0.331109 0.119982 0.307584 0.108246 0.275264 0.129015 0.262417 0.168145
0 0.745965 0.142390 0.746014 0.146563 0.746225 0.151261 0.749607 0.207993 0.749947 0.212523 0.750367 0.216217 0.750803 0.218514 0.760720 0.234938 0.809026 0.232058 0.809853 0.201160 0.806432 0.143764 0.802238 0.118202 0.753933 0.121081 0.746356 0.137979 0.746085 0.139375
0 0.606778 0.767832 0.607270 0.769066 0.659784 0.830163 0.843075 0.672621 0.790561 0.611525 0.789229 0.611013
0 0.429512 0.933949 0.443101 0.980564 0.520792 0.957916 0.520554 0.952683 0.507121 0.906601 0.497044 0.902982 0.496168 0.902708 0.493666 0.902989 0.489924 0.903781 0.485508 0.904963 0.447018 0.916184 0.442584 0.917581 0.438792 0.918985 0.436215 0.920185 0.435249 0.920996 0.430317 0.928990
0 0.240857 0.068209 0.243819 0.073144 0.289390 0.088219 0.299376 0.080580 0.300420 0.078570 0.301794 0.075178 0.303292 0.070919 0.315883 0.032856 0.317280 0.028363 0.318371 0.024303 0.318989 0.021291 0.319038 0.019787 0.312370 0.006628 0.268943 0.000000 0.266272 0.000000 0.264276 0.000218
0 0.213104 0.472435 0.213155 0.484224 0.213354 0.484919 0.214680 0.486943 0.216933 0.489989 0.219770 0.493592 0.245129 0.525002 0.248107 0.528601 0.250761 0.531633 0.252686 0.533636 0.253590 0.534307 0.263939 0.535400 0.266637 0.534996 0.303984 0.504843 0.253730 0.442598 0.250883 0.441934
0 0.538778 0.663264 0.539319 0.665540 0.561741 0.699454 0.629569 0.654610 0.607147 0.620696 0.605674 0.619036
0 0.320836 0.933801 0.371796 0.996321 0.389357 0.985671 0.420460 0.957064 0.412146 0.942472 0.409632 0.938640 0.384210 0.907450 0.380893 0.904129 0.369447 0.894479 0.352212 0.905880
0 0.213553 0.911741 0.214043 0.919562 0.217488 0.926600 0.223365 0.931784 0.230777 0.934325 0.238598 0.933834 0.245637 0.930389 0.250820 0.924513 0.251248 0.923783 0.253785 0.916383 0.253295 0.908576 0.249856 0.901549 0.243990 0.896375 0.236590 0.893838 0.228782 0.894328 0.221756 0.897767 0.216582 0.903634 0.216094 0.904328
0 0.165157 0.260972 0.166579 0.268678 0.170842 0.275253 0.177297 0.279696 0.177852 0.280075 0.185502 0.281706 0.193195 0.280286 0.199759 0.276030 0.204194 0.269586 0.205826 0.261936 0.204406 0.254243 0.200150 0.247680 0.199634 0.247245 0.193179 0.242802 0.185515 0.241168 0.177809 0.242590 0.171234 0.246853 0.166791 0.253308
0 0.289907 0.597459 0.290881 0.605234 0.294755 0.612045 0.300942 0.616854 0.308499 0.618931 0.316274 0.617956 0.323085 0.614082 0.323389 0.613886 0.328190 0.607710 0.330263 0.600166 0.329290 0.592405 0.325422 0.585605 0.319246 0.580804 0.311703 0.578731 0.303941 0.579704 0.303603 0.579841 0.296792 0.583716 0.291983 0.589903
0 0.119080 0.092910 0.119222 0.104236 0.123428 0.108450 0.124672 0.109659 0.134345 0.113773 0.136981 0.112974 0.140846 0.110518 0.145350 0.106777 0.149801 0.102324 0.153512 0.097846 0.155914 0.094032 0.156645 0.091463 0.152581 0.081737 0.148384 0.077497 0.147091 0.076354 0.135823 0.076160 0.133847 0.076801 0.130962 0.078669 0.127604 0.081476 0.124282 0.084800 0.121497 0.088138 0.119670 0.090985
0 0.324786 0.868023 0.356846 0.943041 0.357867 0.942925 0.359865 0.942316 0.362534 0.941306 0.365467 0.940050 0.368215 0.938740 0.449869 0.897428 0.451923 0.896310 0.453044 0.895520 0.453065 0.895175 0.421571 0.821480 0.420516 0.821694 0.418520 0.822366 0.415887 0.823395 0.413017 0.824624 0.399044 0.830978 0.335995 0.861676 0.326168 0.866918 0.324923 0.867697
0 0.258000 0.829938 0.305102 0.894828 0.305425 0.894815 0.306690 0.894086 0.308703 0.892751 0.311159 0.891013 0.395709 0.829640 0.398216 0.827776 0.400375 0.826082 0.401857 0.824818 0.402437 0.824174 0.355335 0.759284 0.354968 0.759415 0.353671 0.760242 0.351643 0.761638 0.349191 0.763391 0.265027 0.824484 0.262508 0.826339 0.260288 0.828026 0.258705 0.829290
0 0.236368 0.560376 0.236695 0.563000 0.246093 0.586996 0.248201 0.591179 0.250614 0.595079 0.252968 0.598104 0.254908 0.599798 0.266343 0.603117 0.305323 0.584811 0.310750 0.582022 0.337856 0.567044 0.337404 0.562249 0.334586 0.552501 0.331436 0.544856 0.326389 0.537161 0.321045 0.531607 0.318120 0.530163 0.308092 0.532681 0.241869 0.550702 0.239827 0.552155 0.238063 0.554504 0.236849 0.557391
0 0.844248 0.782347 0.847871 0.793588 0.849189 0.794315 0.851975 0.795717 0.855807 0.797581 0.860100 0.799623 0.864192 0.801528 0.867457 0.803004 0.869394 0.803826 0.869713 0.803870 0.880649 0.799482 0.909484 0.741439 0.914958 0.726680 0.913078 0.725757 0.908501 0.723571 0.904444 0.721649 0.893328 0.716416 0.888733 0.714266 0.882683 0.711449 0.879007 0.709758 0.877741 0.709219 0.868458 0.728974 0.858072 0.751115
0 0.698474 0.412058 0.698823 0.413116 0.700097 0.414742 0.702101 0.416685 0.704530 0.418651 0.707012 0.420337 0.709165 0.421485 0.710663 0.421921 0.783043 0.410009 0.783519 0.408972 0.784988 0.404484 0.786877 0.398050 0.789779 0.387461 0.792054 0.378450 0.792941 0.373957 0.793192 0.371086 0.761090 0.361884 0.757692 0.360996 0.729883 0.354558 0.715201 0.351204 0.704763 0.356576 0.704273 0.358219 0.703403 0.361356 0.702284 0.365510 0.701086 0.370052 0.699989 0.374298 0.699159 0.377607 0.698722 0.379474
0 0.749844 0.331252 0.802804 0.382328 0.803925 0.383236 0.806087 0.383859 0.808962 0.384102 0.812114 0.383929 0.815065 0.383366 0.817369 0.382498 0.818675 0.381456 0.836370 0.356365 0.837735 0.353968 0.839464 0.350342 0.841293 0.346041 0.842941 0.341727 0.844155 0.338060 0.844748 0.335604 0.844634 0.334729 0.839867 0.324167 0.799916 0.306295 0.796656 0.304991 0.784423 0.300199 0.765916 0.293363 0.764982 0.294050 0.762148 0.298853 0.759470 0.304282 0.755823 0.313139 0.752297 0.322682 0.750564 0.328038
