0 0.828429 0.482219 0.828661 0.487987 0.829155 0.494217 0.829838 0.499973 0.830605 0.504389 0.831342 0.506789 0.841593 0.509922 0.842360 0.509946 0.848382 0.509468 0.856128 0.500915 0.856429 0.499117 0.856505 0.495789 0.856344 0.491435 0.855970 0.486725 0.855441 0.482383 0.854839 0.479074 0.854255 0.477302 0.845258 0.470094 0.839237 0.470572 0.838477 0.470636 0.828848 0.475354 0.828494 0.477783
0 0.017395 0.299286 0.019816 0.304820 0.027577 0.312502 0.028422 0.312839 0.031397 0.312188 0.036039 0.310653 0.041646 0.308467 0.047372 0.305962 0.052356 0.303513 0.055848 0.301488 0.057312 0.300197 0.056995 0.289460 0.054578 0.283938 0.053580 0.283452 0.043117 0.278879 0.040895 0.279327 0.037398 0.280455 0.033160 0.282091 0.028832 0.283985 0.025078 0.285846 0.022474 0.287387 0.021416 0.288375
0 0.218418 0.734998 0.221419 0.742240 0.226962 0.747784 0.234205 0.750783 0.242045 0.750783 0.249287 0.747783 0.249718 0.747357 0.255252 0.741823 0.258246 0.734592 0.258247 0.726766 0.255251 0.719536 0.249717 0.714002 0.242487 0.711008 0.234660 0.711008 0.227431 0.714003 0.226962 0.714372 0.221418 0.719915 0.218418 0.727158
0 0.231539 0.625220 0.232037 0.629893 0.233021 0.634205 0.234345 0.637505 0.235808 0.639291 0.244325 0.646167 0.246644 0.646171 0.252393 0.645484 0.261306 0.640420 0.262791 0.638023 0.263655 0.633592 0.263764 0.627802 0.263098 0.621542 0.261761 0.615776 0.259959 0.611391 0.257970 0.609054 0.248217 0.606227 0.245897 0.606306 0.240156 0.606967 0.233304 0.615740 0.232224 0.617563 0.231605 0.620892
0 0.020538 0.070559 0.055561 0.104189 0.060641 0.108712 0.071057 0.106438 0.073343 0.104994 0.076364 0.102474 0.079663 0.099258 0.107431 0.070339 0.110517 0.066906 0.112932 0.063766 0.114310 0.061393 0.116050 0.051008 0.111611 0.045817 0.076588 0.012187
0 0.099139 0.588983 0.119538 0.596143 0.198364 0.615954 0.316599 0.645669 0.336397 0.648612 0.350419 0.602219 0.353273 0.589611 0.119904 0.530958 0.101389 0.576097
0 0.505284 0.652098 0.505308 0.652799 0.545662 0.722528 0.754849 0.601467 0.714495 0.531738 0.713512 0.531592
0 0.729248 0.648878 0.729437 0.649986 0.735577 0.658114 0.738300 0.659942 0.786486 0.665919 0.791467 0.625765 0.788136 0.624327 0.740501 0.618418 0.732409 0.626031 0.731989 0.626775 0.731409 0.629224 0.730756 0.633001 0.730129 0.637534 0.729623 0.642139 0.729313 0.646121
0 0.064347 0.476672 0.068735 0.516896 0.073663 0.516703 0.121380 0.511498 0.126830 0.502639 0.127223 0.501723 0.127356 0.499127 0.127210 0.495248 0.126809 0.490673 0.126212 0.486094 0.125510 0.482201 0.124808 0.479583 0.124213 0.478643 0.117043 0.471734 0.112616 0.471407
0 0.591123 0.861421 0.595910 0.874522 0.639704 0.895491 0.657177 0.858996 0.655381 0.854894 0.612088 0.834164 0.601547 0.839650 0.601017 0.840030 0.599777 0.842005 0.598017 0.845270 0.596004 0.849331 0.594041 0.853575 0.592424 0.857361 0.591399 0.860117
0 0.657386 0.199838 0.657771 0.200934 0.659278 0.203263 0.661677 0.206466 0.664603 0.210060 0.667616 0.213503 0.670260 0.216274 0.672136 0.217954 0.672956 0.218284 0.683623 0.220524 0.720303 0.189564 0.722850 0.185975 0.696752 0.155055 0.659647 0.186373 0.657823 0.189957
0 0.882737 0.169501 0.902068 0.204520 0.916076 0.196787 0.920886 0.193282 0.922063 0.183869 0.922176 0.182646 0.921382 0.179994 0.919800 0.176316 0.917670 0.172173 0.915321 0.168203 0.913113 0.165015 0.911384 0.163097 0.901331 0.157858 0.887162 0.165680
0 0.205978 0.348007 0.207326 0.348704 0.247422 0.349006 0.247724 0.308909 0.246562 0.308030 0.206282 0.307726
0 0.535353 0.544789 0.535515 0.544995 0.573355 0.558810 0.587169 0.520971 0.549330 0.507156 0.549104 0.507123
0 0.911247 0.757866 0.938220 0.787535 0.940238 0.788859 0.970044 0.761762 0.942947 0.731956 0.940917 0.730893
0 0.131587 0.617052 0.168503 0.633173 0.170022 0.632563 0.186069 0.595817 0.149323 0.579769 0.147709 0.580137
0 0.418119 0.305257 0.463048 0.323231 0.477102 0.311171 0.477474 0.310567 0.478471 0.308350 0.479940 0.304861 0.481659 0.300628 0.502769 0.247861 0.504484 0.243510 0.505941 0.239683 0.506921 0.236960 0.507272 0.235757 0.505414 0.217332 0.460485 0.199358 0.449482 0.223581 0.428125 0.276965
0 0.851193 0.627235 0.851880 0.629475 0.853232 0.632942 0.855044 0.637110 0.878502 0.688875 0.880506 0.693128 0.882407 0.696839 0.883916 0.699445 0.884804 0.700547 0.899385 0.711963 0.943462 0.691989 0.935238 0.667381 0.928574 0.652675 0.911505 0.615010 0.896383 0.588100 0.852306 0.608074
