0 0.637991 0.995638 0.638874 1.000000 0.707307 1.000000 0.728857 0.977085 0.726242 0.971633 0.688677 0.941751 0.677257 0.945395 0.675434 0.946941 0.672874 0.949662 0.669963 0.953147 0.645005 0.984522 0.642176 0.988252 0.639851 0.991672 0.638380 0.994267
0 0.192292 0.244329 0.212329 0.279705 0.216288 0.282731 0.251177 0.262969 0.266305 0.208317 0.246543 0.173428 0.243005 0.168878 0.207630 0.188916
0 0.395003 0.275422 0.400476 0.323503 0.417757 0.330160 0.418779 0.330281 0.421470 0.330175 0.425416 0.329859 0.430019 0.329382 0.486488 0.322953 0.491069 0.322385 0.494953 0.321809 0.497550 0.321314 0.498461 0.320973 0.513803 0.310602 0.508330 0.262521 0.479834 0.263822 0.422705 0.270326
0 0.288614 0.437069 0.291525 0.437935 0.331338 0.442698 0.375914 0.407647 0.380677 0.367834 0.379009 0.365991 0.338641 0.361162 0.293443 0.396701
0 0.208159 0.617652 0.233941 0.649088 0.291159 0.654742 0.294027 0.652611 0.325031 0.627183 0.299603 0.596179 0.243171 0.590603 0.239595 0.591870
0 0.683423 0.208472 0.703250 0.252185 0.715277 0.255223 0.715828 0.255167 0.717965 0.254362 0.721356 0.252933 0.725490 0.251096 0.729742 0.249129 0.733470 0.247329 0.736111 0.245967 0.737259 0.245252 0.742449 0.232607 0.762584 0.179044 0.759241 0.171674 0.685543 0.205101
0 0.371104 0.770449 0.374285 0.810654 0.407680 0.810966 0.465370 0.801461 0.462211 0.761521 0.456603 0.761549 0.400203 0.766032
0 0.698735 0.297363 0.712064 0.376245 0.751505 0.369581 0.752081 0.369282 0.748245 0.327778 0.741488 0.287788 0.701499 0.294545
0 0.768452 0.957300 0.801896 0.979360 0.838438 0.939461 0.854087 0.906471 0.836354 0.893696 0.820421 0.884264 0.802324 0.904632 0.771151 0.951818
0 0.236828 0.486745 0.266961 0.513477 0.268029 0.513415 0.294639 0.483420 0.264644 0.456810 0.263560 0.456611
0 0.414229 0.516554 0.448619 0.537530 0.448854 0.537358 0.469734 0.503126 0.435502 0.482246 0.435205 0.482164
0 0.878747 0.106688 0.881320 0.146703 0.921335 0.144129 0.923275 0.142491 0.920689 0.102292 0.880490 0.104878
0 0.868038 0.928580 0.878742 0.966594 0.879968 0.970340 0.918890 0.959727 0.917828 0.955932 0.906940 0.917932
0 0.899867 0.297824 0.915380 0.301741 0.920182 0.299449 0.928026 0.294894 0.928816 0.293732 0.929940 0.290957 0.931224 0.286992 0.932472 0.282443 0.933493 0.278007 0.934129 0.274368 0.934284 0.272081 0.930090 0.260219 0.914397 0.256256 0.909661 0.259041
0 0.523778 0.692134 0.523810 0.692391 0.524626 0.694254 0.526105 0.697444 0.528021 0.701473 0.530081 0.705725 0.531967 0.709546 0.533392 0.712349 0.534137 0.713710 0.545298 0.717184 0.550734 0.714550 0.558060 0.706560 0.557956 0.706191 0.556817 0.703696 0.554817 0.699459 0.552263 0.694127 0.549538 0.688503 0.547052 0.683430 0.545180 0.679676 0.544208 0.677811 0.533440 0.678605 0.528015 0.681232
0 0.856933 0.231463 0.858539 0.236423 0.862002 0.242225 0.866110 0.246359 0.869829 0.248195 0.875422 0.249639 0.881655 0.248158 0.887574 0.243970 0.892268 0.237707 0.892387 0.237424 0.894029 0.233014 0.895012 0.230332 0.895383 0.222981 0.893329 0.216783 0.889172 0.212685 0.885469 0.210804 0.879852 0.209423 0.872845 0.210120 0.867868 0.211351 0.863160 0.214725 0.859434 0.219728 0.857248 0.225602
0 0.143938 0.446236 0.145418 0.451519 0.148678 0.456708 0.153227 0.461020 0.158376 0.463806 0.163350 0.464641 0.170612 0.462771 0.175669 0.461214 0.179090 0.458049 0.182222 0.454120 0.182945 0.448410 0.181151 0.441595 0.180067 0.437629 0.177632 0.433728 0.174217 0.430490 0.170347 0.428412 0.164885 0.426379 0.158653 0.425378 0.153612 0.426992 0.150155 0.430126 0.147072 0.434099 0.144469 0.441658
0 0.509287 0.838867 0.509303 0.839450 0.510574 0.847182 0.514705 0.853840 0.521072 0.858410 0.528702 0.860196 0.536434 0.858925 0.543092 0.854793 0.547661 0.848427 0.549448 0.840797 0.549363 0.840211 0.548094 0.832492 0.543969 0.825845 0.537614 0.821284 0.529997 0.819501 0.522278 0.820770 0.515631 0.824894 0.511070 0.831250
0 0.476639 0.429827 0.477974 0.433966 0.479643 0.439135 0.485465 0.444326 0.488977 0.447399 0.494130 0.448949 0.500144 0.448745 0.506109 0.446821 0.511125 0.443466 0.514435 0.439186 0.515531 0.434625 0.517147 0.427035 0.515540 0.421846 0.514161 0.417721 0.509810 0.413834 0.503372 0.411851 0.498579 0.411835 0.494065 0.411974 0.489587 0.413418 0.485831 0.415948 0.482060 0.418727 0.477952 0.424112
0 0.088722 0.543574 0.102351 0.590177 0.114758 0.595606 0.116146 0.595222 0.119080 0.594383 0.123110 0.593217 0.127626 0.591901 0.131948 0.590633 0.135422 0.589604 0.137523 0.588971 0.137926 0.588830 0.145287 0.577919 0.131814 0.531848 0.127557 0.532217
0 0.188972 0.354795 0.227505 0.384337 0.230620 0.385659 0.240751 0.383817 0.241651 0.383243 0.243527 0.381301 0.246093 0.378293 0.248960 0.374671 0.251696 0.370985 0.253887 0.367789 0.255202 0.365568 0.255437 0.364661 0.254957 0.353914 0.216863 0.324710 0.213590 0.322683
0 0.643701 0.385306 0.657060 0.423009 0.694764 0.409649 0.697472 0.408393 0.683926 0.370166 0.645699 0.383711
0 0.848789 0.286576 0.849707 0.334567 0.859925 0.342010 0.860368 0.342201 0.862575 0.342327 0.866207 0.342370 0.870714 0.342323 0.875414 0.342194 0.879599 0.342001 0.882635 0.341775 0.884059 0.341549 0.894205 0.331881 0.893277 0.283335 0.852822 0.284109
0 0.243054 0.379294 0.274094 0.405249 0.276676 0.406332 0.307467 0.369510 0.305672 0.357040 0.305224 0.356640 0.303439 0.355126 0.300592 0.352730 0.297113 0.349816 0.293528 0.346823 0.290378 0.344204 0.288139 0.342353 0.287155 0.341556 0.274201 0.342045
