0 0.543314 0.095331 0.583262 0.098786 0.626667 0.062294 0.628427 0.056192 0.631932 0.015687 0.591426 0.012183 0.547417 0.049185 0.546770 0.055383
0 0.104145 0.033901 0.126362 0.077074 0.130633 0.081908 0.166199 0.063605 0.144236 0.020924 0.140123 0.015386 0.129820 0.014030 0.127073 0.014686 0.123301 0.016119 0.119080 0.018112 0.115060 0.020359 0.111859 0.022515 0.109964 0.024248
0 0.900377 0.540256 0.900468 0.541118 0.901853 0.551962 0.944078 0.574788 0.949212 0.575653 0.968454 0.540058 0.925740 0.516968 0.920874 0.516774 0.911947 0.519883 0.910968 0.520664 0.909268 0.522937 0.907107 0.526353 0.904812 0.530396 0.902728 0.534454 0.901171 0.537915
0 0.742811 0.346174 0.763431 0.389520 0.775883 0.393148 0.777078 0.392612 0.779757 0.391365 0.783514 0.389596 0.787774 0.387576 0.791882 0.385615 0.795208 0.384015 0.797243 0.383019 0.797680 0.382779 0.803015 0.370861 0.782157 0.327014 0.745618 0.344396
0 0.337106 0.191911 0.338865 0.240434 0.340707 0.243400 0.380681 0.241951 0.378941 0.193982 0.377541 0.190445 0.369895 0.183972 0.368804 0.183588 0.366035 0.183328 0.362010 0.183233 0.357342 0.183317 0.352749 0.183569 0.348937 0.183948 0.346488 0.184397 0.345773 0.184847
0 0.761555 0.525162 0.770413 0.534457 0.773557 0.534858 0.774850 0.534977 0.777807 0.535224 0.781980 0.535561 0.786729 0.535936 0.791326 0.536292 0.795064 0.536574 0.797372 0.536740 0.797901 0.536763 0.808484 0.528945 0.812317 0.479972 0.771506 0.476778 0.765300 0.477308
0 0.545225 0.520461 0.579059 0.592953 0.579973 0.594028 0.623972 0.573492 0.627603 0.562164 0.627383 0.561412 0.626416 0.559104 0.624850 0.555590 0.622923 0.551404 0.605849 0.514824 0.603862 0.510621 0.602124 0.507056 0.600901 0.504674 0.600380 0.503836 0.589746 0.500162 0.588720 0.500160
0 0.213037 0.911766 0.213341 0.914775 0.214063 0.918900 0.215094 0.923512 0.224725 0.962715 0.225902 0.967093 0.227044 0.970554 0.227975 0.972572 0.237265 0.981381 0.284418 0.969797 0.286881 0.964428 0.267795 0.886738 0.221181 0.898189 0.217958 0.902793 0.213197 0.910331
0 0.515343 0.758019 0.523629 0.768009 0.562089 0.810380 0.570172 0.810771 0.574083 0.729941 0.573236 0.727313 0.525292 0.724993 0.516510 0.733910 0.516444 0.734517 0.516299 0.736863 0.516098 0.740585 0.515872 0.745119 0.515653 0.749782 0.515476 0.753869 0.515367 0.756763
0 0.624047 0.580191 0.625481 0.581118 0.706334 0.584519 0.708375 0.536007 0.699498 0.526920 0.698318 0.526846 0.695489 0.526707 0.691444 0.526523 0.686795 0.526322 0.682244 0.526136 0.678478 0.525991 0.676066 0.525910 0.675381 0.525906 0.666029 0.533914 0.624383 0.572198
0 0.341241 0.738164 0.341812 0.743870 0.343305 0.748127 0.345490 0.750286 0.354077 0.755179 0.359595 0.755736 0.362744 0.755402 0.370489 0.748382 0.372349 0.746408 0.373906 0.742959 0.374926 0.738558 0.375257 0.733870 0.374847 0.729604 0.373758 0.726403 0.368196 0.718833 0.365513 0.716079 0.360003 0.715548 0.356850 0.715799 0.347706 0.718822 0.345187 0.721412 0.343070 0.725998 0.341684 0.731884
0 0.375612 0.874801 0.377291 0.882455 0.381769 0.888884 0.388369 0.893110 0.396083 0.894489 0.403737 0.892811 0.410167 0.888332 0.414392 0.881733 0.414539 0.881076 0.415917 0.873376 0.414241 0.865735 0.409770 0.859316 0.403181 0.855098 0.395481 0.853721 0.387840 0.855397 0.381421 0.859868 0.377203 0.866456 0.376991 0.867087
0 0.429000 0.673085 0.430022 0.677776 0.432270 0.685016 0.435943 0.689068 0.439169 0.691961 0.444688 0.693579 0.451214 0.692506 0.457747 0.688896 0.459653 0.687804 0.462962 0.684459 0.465164 0.680440 0.466961 0.676585 0.468228 0.669779 0.466893 0.663930 0.463174 0.659924 0.459981 0.656998 0.454450 0.655439 0.447811 0.654066 0.442604 0.654958 0.437405 0.657853 0.432998 0.662309 0.430047 0.667655
0 0.727709 0.134902 0.729920 0.142410 0.734835 0.148500 0.741707 0.152244 0.749489 0.153075 0.756996 0.150864 0.763086 0.145949 0.763539 0.145339 0.767290 0.138456 0.768123 0.130660 0.765908 0.123140 0.760984 0.117040 0.754100 0.113289 0.746305 0.112456 0.738785 0.114671 0.732684 0.119595 0.732285 0.120249 0.728540 0.127120
