0 0.778624 0.636088 0.778775 0.637822 0.779631 0.640211 0.786194 0.653539 0.828235 0.722041 0.837577 0.734628 0.839481 0.736737 0.841201 0.738052 0.842476 0.738371 0.906627 0.696411 0.907313 0.695652 0.907255 0.693966 0.906462 0.691609 0.905054 0.688939 0.850413 0.599907 0.848614 0.597350 0.846710 0.595313 0.844991 0.594105 0.843720 0.593909 0.779204 0.635274
0 0.014129 0.441286 0.014164 0.441806 0.075735 0.493171 0.076497 0.492709 0.077923 0.491382 0.079795 0.489393 0.081829 0.487044 0.148452 0.407185 0.150353 0.404818 0.151843 0.402777 0.152697 0.401371 0.152784 0.400816 0.091213 0.349450 0.090463 0.349787 0.089043 0.351012 0.087168 0.352940 0.076918 0.364377 0.025375 0.426160 0.016311 0.437873 0.014883 0.439905
0 0.587031 0.052138 0.587637 0.054203 0.589001 0.056661 0.598074 0.069309 0.651497 0.129359 0.662636 0.139427 0.664779 0.140912 0.666551 0.141519 0.667682 0.141155 0.724682 0.091655 0.725046 0.090337 0.724541 0.088305 0.723245 0.085868 0.721354 0.083398 0.651919 0.005352 0.649735 0.003241 0.647603 0.001825 0.645850 0.001320 0.644743 0.001801 0.587279 0.050780
0 0.081632 0.726682 0.130175 0.727749 0.134402 0.725146 0.141024 0.718583 0.141518 0.717378 0.141975 0.714526 0.142327 0.710464 0.142522 0.705808 0.143402 0.665726 0.143410 0.661166 0.143230 0.657381 0.142889 0.654945 0.142438 0.654231 0.136159 0.645165 0.088170 0.644111 0.083409 0.645777
0 0.706047 0.602678 0.708429 0.603865 0.751961 0.625371 0.761742 0.621223 0.762495 0.620558 0.763951 0.618342 0.765888 0.614909 0.768011 0.610784 0.785891 0.574590 0.787868 0.570416 0.789390 0.566845 0.790227 0.564421 0.790251 0.563513 0.787804 0.552816 0.744271 0.531311 0.741479 0.530953
0 0.122009 0.174649 0.125076 0.215190 0.130230 0.219105 0.210196 0.213057 0.207172 0.173074 0.203090 0.168516
0 0.757432 0.127321 0.891267 0.326540 0.893064 0.325743 0.959775 0.280927 0.825325 0.080793 0.758614 0.125610
0 0.429940 0.832207 0.600883 1.000000 0.609524 0.999783 0.647830 0.952226 0.479137 0.780432 0.471054 0.787538
0 0.568991 0.413530 0.612957 0.480365 0.613476 0.480275 0.814902 0.347769 0.770733 0.280627 0.569307 0.413133
0 0.588271 0.239581 0.588599 0.245341 0.588982 0.247671 0.593424 0.256766 0.596114 0.258342 0.600778 0.259373 0.606705 0.259699 0.612986 0.259268 0.618652 0.258146 0.622833 0.256508 0.624894 0.254607 0.628368 0.244968 0.628064 0.239196 0.627600 0.236882 0.619386 0.229708 0.617342 0.228559 0.613838 0.227815 0.609407 0.227587 0.604719 0.227909 0.600481 0.228732 0.597334 0.229932 0.595758 0.231330
0 0.484941 0.749515 0.486346 0.757224 0.490595 0.763808 0.497040 0.768265 0.504700 0.769916 0.512409 0.768510 0.518994 0.764261 0.523451 0.757816 0.525102 0.750156 0.525058 0.749726 0.523656 0.742030 0.519414 0.735457 0.512980 0.731008 0.505333 0.729360 0.497637 0.730763 0.491064 0.735005 0.486614 0.741439 0.484967 0.749086
0 0.766294 0.468773 0.768449 0.476297 0.773318 0.482423 0.780162 0.486219 0.787938 0.487108 0.788434 0.487086 0.795970 0.484927 0.802107 0.480050 0.805910 0.473194 0.806800 0.465405 0.804641 0.457869 0.799764 0.451732 0.792908 0.447929 0.785119 0.447039 0.784629 0.447129 0.777106 0.449285 0.770979 0.454154 0.767183 0.460998
0 0.289962 0.890909 0.328947 0.901240 0.337545 0.870780 0.352049 0.816069 0.353270 0.811072 0.314542 0.800809 0.296797 0.861170
0 0.209878 0.509369 0.217081 0.513058 0.220314 0.512909 0.274151 0.495542 0.284130 0.492252 0.284833 0.491446 0.286263 0.489133 0.288201 0.485667 0.290355 0.481574 0.292399 0.477471 0.294024 0.473978 0.294986 0.471623 0.295134 0.470769 0.292386 0.459940 0.249664 0.438058 0.246770 0.437342
0 0.533600 1.000000 0.573837 1.000000 0.578623 0.990155 0.580159 0.951064 0.559865 0.947794 0.539918 0.948368
0 0.394901 0.742506 0.406259 0.764176 0.444559 0.768120 0.457869 0.759096 0.478648 0.745008 0.491957 0.735984 0.501414 0.699660 0.488895 0.678778 0.451086 0.674531 0.403912 0.706515
0 0.050354 0.504103 0.053815 0.523045 0.054946 0.525131 0.057057 0.528236 0.059825 0.531885 0.095364 0.576739 0.098355 0.580359 0.101100 0.583383 0.103179 0.585347 0.104276 0.585956 0.121188 0.593502 0.159116 0.563450 0.144306 0.540768 0.119040 0.508880 0.109175 0.496430 0.088283 0.474051
