0 0.552046 0.018327 0.552225 0.026147 0.555382 0.033305 0.561039 0.038708 0.568332 0.041537 0.576153 0.041358 0.583310 0.038201 0.588714 0.032544 0.591542 0.025251 0.591700 0.024433 0.591521 0.016599 0.588358 0.009430 0.582692 0.004017 0.575386 0.001183 0.567552 0.001363 0.560382 0.004525 0.554969 0.010192 0.552136 0.017498
0 0.252768 0.399595 0.253670 0.407379 0.257481 0.414226 0.263623 0.419093 0.264029 0.419232 0.271552 0.421375 0.279323 0.420475 0.286159 0.416670 0.291017 0.410539 0.293160 0.403016 0.292260 0.395245 0.288455 0.388409 0.282324 0.383552 0.281949 0.383351 0.274413 0.381204 0.266628 0.382106 0.259781 0.385917 0.254915 0.392059
0 0.330289 0.775621 0.330492 0.777701 0.331942 0.780747 0.334413 0.784294 0.337533 0.787808 0.340831 0.790758 0.343809 0.792697 0.346014 0.793330 0.356967 0.793941 0.358815 0.792652 0.363106 0.788735 0.367442 0.779400 0.367227 0.776628 0.365331 0.772551 0.362041 0.767793 0.357861 0.763086 0.353435 0.759154 0.349443 0.756602 0.346497 0.755814 0.336893 0.759215 0.335092 0.760574 0.330792 0.764465
0 0.320426 0.425243 0.322450 0.432817 0.327220 0.439039 0.334007 0.442963 0.334292 0.443061 0.342051 0.444086 0.349611 0.442065 0.355822 0.437304 0.359740 0.430529 0.360765 0.422770 0.358744 0.415210 0.353983 0.408998 0.353731 0.408841 0.346944 0.404917 0.339172 0.403891 0.331599 0.405915 0.325377 0.410684 0.321453 0.417471
0 0.831661 0.874097 0.833184 0.875815 0.859918 0.905816 0.889918 0.879081 0.863184 0.849081 0.861524 0.847485
0 0.397852 0.035374 0.398077 0.075058 0.404957 0.077952 0.441365 0.074424 0.441100 0.034725 0.434346 0.031637
0 0.492982 0.709220 0.514735 0.743123 0.548638 0.721369 0.548416 0.720355 0.526762 0.686607 0.493014 0.708261
0 0.075906 0.292717 0.086740 0.331515 0.088634 0.332287 0.127254 0.321503 0.116470 0.282883 0.114704 0.281883
0 0.227853 0.506759 0.228056 0.507656 0.233586 0.517133 0.281438 0.525366 0.283935 0.525076 0.297500 0.446235 0.295159 0.445613 0.287184 0.444241 0.240447 0.477256 0.232149 0.483867 0.231639 0.484752 0.230893 0.487320 0.230026 0.491181 0.229169 0.495747 0.228454 0.500314 0.227992 0.504182
0 0.124634 0.384567 0.132136 0.395768 0.133548 0.396202 0.136511 0.397103 0.140575 0.398333 0.145117 0.399703 0.149439 0.401004 0.152877 0.402035 0.154908 0.402639 0.155227 0.402726 0.167880 0.397601 0.184791 0.359948 0.187156 0.352114 0.148076 0.340177 0.138539 0.338495
0 0.033559 0.375520 0.037476 0.415660 0.069240 0.413612 0.125576 0.408124 0.130642 0.407423 0.126750 0.367548 0.063551 0.370923
0 0.054310 0.228348 0.057476 0.235898 0.078242 0.276264 0.083063 0.278821 0.091393 0.282321 0.092777 0.282253 0.095638 0.281487 0.099539 0.280140 0.103888 0.278417 0.108030 0.276579 0.111340 0.274901 0.113315 0.273639 0.119949 0.263350 0.101384 0.219086 0.092059 0.212514
0 0.210679 0.882195 0.211351 0.883726 0.212628 0.885931 0.220728 0.898497 0.266868 0.964308 0.276225 0.976638 0.277976 0.978754 0.279358 0.980152 0.280159 0.980618 0.344958 0.933301 0.345110 0.932725 0.344536 0.931234 0.343325 0.929056 0.341659 0.926522 0.281690 0.840988 0.279836 0.838501 0.278087 0.836457 0.276711 0.835167 0.275917 0.834827 0.210716 0.881572
0 0.439939 0.114403 0.439948 0.116430 0.439988 0.117376 0.520155 0.119009 0.520185 0.118065 0.520236 0.116039 0.520299 0.113242 0.520365 0.110099 0.522612 0.000000 0.442297 0.000000 0.442215 0.001019 0.441830 0.015503 0.440192 0.095946 0.439962 0.111605
0 0.661116 0.640035 0.661271 0.642629 0.661780 0.645655 0.662563 0.648648 0.663501 0.651150 0.664451 0.652780 0.665268 0.653289 0.694926 0.667587 0.696603 0.668200 0.699819 0.669011 0.704086 0.669897 0.708748 0.670723 0.713090 0.671360 0.716446 0.671712 0.718303 0.671725 0.727602 0.664731 0.730624 0.649680 0.736271 0.621230 0.736870 0.617779 0.741787 0.585169 0.740811 0.584586 0.733691 0.583049 0.722959 0.581070 0.715079 0.579764 0.707930 0.578724 0.704764 0.578365 0.702157 0.578467 0.661337 0.638267
0 0.495535 0.924686 0.502190 0.934467 0.516898 0.938009 0.544757 0.944703 0.548181 0.945477 0.580762 0.952288 0.581410 0.950368 0.582422 0.946402 0.584445 0.937486 0.586821 0.926568 0.588263 0.919690 0.589267 0.914600 0.589499 0.913158 0.531082 0.868629 0.529460 0.868483 0.526955 0.868625 0.523950 0.869034 0.520903 0.869647 0.518282 0.870371 0.516488 0.871094 0.515792 0.871706 0.500799 0.901271 0.500722 0.901431 0.500255 0.903351 0.499469 0.906743 0.498483 0.911092 0.497449 0.915731 0.496524 0.919946 0.495852 0.923091
0 0.162317 0.325606 0.193628 0.362717 0.197129 0.364286 0.207051 0.364851 0.208138 0.364438 0.210459 0.362906 0.213657 0.360491 0.217250 0.357560 0.247893 0.331706 0.251346 0.328693 0.254145 0.326047 0.255868 0.324168 0.256248 0.323343 0.258274 0.312697 0.227321 0.276011 0.224169 0.273421
0 0.191492 0.768185 0.217930 0.808911 0.285807 0.764847 0.288255 0.761820 0.262119 0.721560 0.249348 0.720044 0.248909 0.720253 0.247000 0.721429 0.243915 0.723389 0.240121 0.725837 0.206494 0.747667 0.202556 0.750239 0.199058 0.752552 0.196530 0.754257 0.195359 0.755092
0 0.722307 0.053077 0.722494 0.054448 0.723613 0.057168 0.725491 0.060823 0.727843 0.064859 0.730314 0.068667 0.732531 0.071672 0.734160 0.073420 0.745038 0.078438 0.785927 0.053296 0.792615 0.042847 0.771174 0.007976 0.729329 0.033706 0.724087 0.044364
