0 0.398163 0.313201 0.399327 0.315336 0.439274 0.317403 0.441754 0.269467 0.441080 0.266802 0.433826 0.259189 0.432820 0.258823 0.430125 0.258417 0.426150 0.258033 0.421502 0.257730 0.416895 0.257554 0.413038 0.257533 0.410519 0.257670 0.409720 0.257942 0.400672 0.264711
0 0.610991 0.910100 0.617953 0.922445 0.664987 0.934500 0.675033 0.895304 0.673033 0.890786 0.626536 0.878869 0.616984 0.886718 0.616602 0.887097 0.615824 0.889194 0.614769 0.892684 0.613596 0.897040 0.612483 0.901604 0.611597 0.905687 0.611073 0.908671
0 0.378111 0.547490 0.378349 0.558947 0.378833 0.559681 0.380535 0.561620 0.383197 0.564468 0.386414 0.567792 0.389690 0.571080 0.392523 0.573827 0.394479 0.575614 0.395262 0.576169 0.406461 0.576359 0.407530 0.575486 0.441778 0.541854 0.413751 0.513315 0.412754 0.513469
0 0.441384 0.561176 0.481846 0.561495 0.482053 0.560792 0.482431 0.512793 0.474351 0.504255 0.473468 0.504242 0.470887 0.504217 0.467007 0.504183 0.462412 0.504146 0.457799 0.504111 0.453862 0.504083 0.451197 0.504067 0.450214 0.504065 0.441766 0.512623
0 0.416064 0.489967 0.509211 0.716035 0.584567 0.684986 0.491420 0.458918
0 0.048324 0.761936 0.088034 0.789879 0.092730 0.786583 0.115752 0.753868 0.134609 0.723694 0.094900 0.695752 0.080793 0.698561 0.079699 0.699585 0.077696 0.701980 0.075090 0.705382 0.072278 0.709271 0.069694 0.713050 0.067734 0.716137 0.049492 0.746646 0.048488 0.748514
0 0.198747 0.529514 0.234344 0.549156 0.237992 0.548477 0.292471 0.532742 0.311843 0.497634 0.276735 0.478263 0.273628 0.477962 0.258117 0.482442 0.218389 0.493917
0 0.418320 0.418970 0.444107 0.450402 0.444879 0.451088 0.501311 0.456655 0.532311 0.431223 0.532758 0.430260 0.506971 0.398828 0.449752 0.393183
0 0.548577 0.799112 0.568805 0.843073 0.588254 0.844065 0.590742 0.843353 0.594387 0.841965 0.598632 0.840114 0.650620 0.816192 0.654799 0.814167 0.658257 0.812287 0.660465 0.810838 0.661089 0.810042 0.672421 0.795395 0.652193 0.751435 0.625268 0.761226 0.573879 0.784872
0 0.769093 0.159416 0.771623 0.166818 0.776791 0.172690 0.783814 0.176136 0.791621 0.176633 0.799024 0.174103 0.804895 0.168935 0.805420 0.168365 0.808872 0.161330 0.809370 0.153509 0.806836 0.146094 0.801659 0.140212 0.794624 0.136760 0.786803 0.136262 0.779388 0.138796 0.773506 0.143974 0.773036 0.144586 0.769590 0.151609
0 0.098074 0.706079 0.099774 0.711421 0.102294 0.714947 0.106526 0.718527 0.113237 0.721402 0.118132 0.722424 0.123790 0.721456 0.129355 0.718649 0.133990 0.714429 0.136993 0.709432 0.137911 0.704411 0.137304 0.697344 0.135664 0.691991 0.133109 0.688498 0.128925 0.684873 0.122825 0.683538 0.115735 0.684707 0.112433 0.685864 0.108250 0.687959 0.104771 0.691127 0.102925 0.693506 0.099178 0.699786
0 0.342113 0.610194 0.343127 0.613132 0.349166 0.620965 0.354061 0.623635 0.356906 0.624700 0.366915 0.621266 0.369309 0.620261 0.372035 0.617766 0.374682 0.614161 0.376849 0.609991 0.378211 0.605887 0.378560 0.602467 0.376293 0.593427 0.375091 0.589723 0.370193 0.587080 0.367377 0.585937 0.357678 0.585144 0.354467 0.586431 0.350801 0.589730 0.347242 0.594542 0.344338 0.600128 0.342537 0.605626
0 0.893204 0.321598 0.894007 0.329379 0.897725 0.336262 0.903794 0.341197 0.911290 0.343435 0.919072 0.342632 0.919793 0.342361 0.926687 0.338637 0.931631 0.332557 0.933873 0.325048 0.933069 0.317253 0.929344 0.310359 0.923264 0.305415 0.915755 0.303174 0.907961 0.303978 0.907260 0.304315 0.900377 0.308032 0.895442 0.314102
0 0.320376 0.122745 0.335509 0.160076 0.336263 0.161634 0.373423 0.146569 0.372840 0.144942 0.357707 0.107611
0 0.506532 0.497503 0.528477 0.531062 0.528608 0.531205 0.562322 0.509159 0.540276 0.475446 0.540092 0.475558
0 0.095037 0.806743 0.134111 0.816534 0.135788 0.815084 0.145534 0.776189 0.106640 0.766443 0.104829 0.767669
0 0.740193 0.615402 0.754233 0.623076 0.757172 0.624499 0.767055 0.620823 0.767848 0.620175 0.769407 0.618009 0.771492 0.614651 0.773787 0.610614 0.775937 0.606519 0.777612 0.602995 0.778558 0.600581 0.778631 0.599642 0.776578 0.588993 0.762375 0.581231 0.759377 0.580303
0 0.172060 0.050209 0.179556 0.060490 0.213921 0.094001 0.225019 0.091757 0.227148 0.090344 0.230076 0.087855 0.233360 0.084667 0.236505 0.081262 0.239035 0.078154 0.240568 0.075812 0.240867 0.074594 0.241847 0.065363 0.235809 0.055196 0.200639 0.020901
0 0.885711 0.172207 0.908325 0.248944 0.954368 0.235375 0.959620 0.232316 0.962905 0.223720 0.963256 0.222472 0.963034 0.219645 0.962271 0.215668 0.961083 0.211147 0.949671 0.172424 0.948243 0.168066 0.946798 0.164550 0.945557 0.162413 0.936744 0.154691 0.890170 0.168417
0 0.055129 0.617137 0.095786 0.617256 0.101343 0.615644 0.101576 0.535449 0.061479 0.535333 0.055366 0.535825
0 0.826430 0.818543 0.834610 0.830278 0.835955 0.830886 0.838908 0.831748 0.843021 0.832732 0.847664 0.833688 0.887319 0.841246 0.891769 0.842024 0.895331 0.842502 0.897461 0.842609 0.909698 0.837376 0.918789 0.789680 0.914003 0.786369 0.835417 0.771391
0 0.450109 0.687400 0.455597 0.698781 0.501919 0.713338 0.526181 0.636136 0.525881 0.634580 0.480090 0.620189 0.469407 0.625993 0.469173 0.626702 0.468424 0.629050 0.467278 0.632678 0.465906 0.637034 0.453887 0.675281 0.452494 0.679720 0.451288 0.683580 0.450450 0.686278
