0 0.904128 0.172017 0.934043 0.198717 0.936041 0.197330 0.962865 0.167278 0.932812 0.140455 0.930829 0.142102
0 0.826258 0.224721 0.864683 0.235835 0.868899 0.232781 0.873396 0.217233 0.865496 0.207769 0.863386 0.206713 0.859886 0.205402 0.855528 0.204036 0.850983 0.202827 0.846950 0.201959 0.844045 0.201565 0.842708 0.201704 0.834526 0.205991 0.830703 0.209351
0 0.272488 0.153436 0.283750 0.192111 0.284741 0.193522 0.323240 0.182311 0.312029 0.143813 0.311164 0.142173
0 0.477169 0.119164 0.477273 0.120909 0.513765 0.137526 0.530383 0.101034 0.530522 0.099198 0.493862 0.082504
0 0.701011 0.378224 0.738436 0.392344 0.739531 0.391849 0.753716 0.354252 0.716119 0.340068 0.715131 0.340799
0 0.579758 0.437141 0.579829 0.439816 0.580008 0.443757 0.580269 0.448366 0.580572 0.452948 0.580872 0.456811 0.581122 0.459371 0.581285 0.460234 0.589795 0.467926 0.637705 0.464986 0.639297 0.464581 0.636819 0.424195 0.588355 0.427168 0.587345 0.428001 0.579807 0.436141
0 0.938898 1.000000 0.984610 1.000000 0.985123 0.995546 0.987664 0.969930 0.977420 0.958150 0.975876 0.957483 0.972741 0.956794 0.968495 0.956186 0.963780 0.955751 0.959308 0.955555 0.955754 0.955628 0.953656 0.955958 0.942185 0.961820
0 0.701935 0.441554 0.708866 0.480949 0.711280 0.480728 0.759101 0.472316 0.764637 0.463069 0.764827 0.462115 0.764670 0.459489 0.764188 0.455590 0.763454 0.451014 0.762582 0.446463 0.761706 0.442638 0.760958 0.440122 0.760455 0.439296 0.752090 0.432465 0.704270 0.440878
0 0.455564 0.471659 0.456071 0.471983 0.502945 0.482319 0.513043 0.476202 0.513258 0.475272 0.513838 0.472683 0.514694 0.468827 0.515696 0.464293 0.516690 0.459777 0.517523 0.455975 0.518067 0.453466 0.518241 0.452630 0.511693 0.442602 0.464277 0.432146
0 0.411098 0.183883 0.437766 0.259501 0.438396 0.259509 0.440078 0.259110 0.442556 0.258366 0.445453 0.257390 0.543532 0.222801 0.546428 0.221734 0.548900 0.220732 0.550574 0.219947 0.551194 0.219499 0.524526 0.143880 0.523971 0.143771 0.522347 0.144085 0.519900 0.144775 0.505641 0.149343 0.429761 0.176103 0.415587 0.181563 0.413172 0.182587 0.411596 0.183402
0 0.099387 0.234569 0.100743 0.339022 0.101005 0.342122 0.101669 0.344797 0.102635 0.346639 0.103753 0.347370 0.179485 0.345470 0.180527 0.344979 0.181393 0.343337 0.181953 0.340796 0.183331 0.325854 0.182287 0.245487 0.180515 0.230025 0.179887 0.227289 0.178974 0.225354 0.177914 0.224516 0.102192 0.227114 0.101088 0.227503 0.100167 0.229056 0.099569 0.231537
0 0.787622 0.340645 0.788381 0.342356 0.790024 0.344389 0.800836 0.354849 0.864064 0.404469 0.877172 0.412781 0.879680 0.414006 0.881736 0.414504 0.883024 0.414198 0.928714 0.353656 0.929075 0.352546 0.928420 0.350848 0.926847 0.348822 0.924595 0.346777 0.842417 0.282285 0.839845 0.280545 0.837362 0.279388 0.835345 0.278988 0.834103 0.279408 0.787865 0.339518
0 0.508777 0.236659 0.584261 0.249467 0.589450 0.248888 0.623287 0.010433 0.547797 0.000000 0.542760 0.000000
0 0.630045 0.113388 0.631991 0.125087 0.664952 0.153699 0.667688 0.155886 0.678449 0.164139 0.694325 0.176048 0.698388 0.171533 0.705014 0.163541 0.710098 0.157158 0.714926 0.150858 0.717218 0.147708 0.719696 0.143722 0.685844 0.080861 0.684697 0.079437 0.682561 0.078047 0.679759 0.076904 0.676723 0.076183 0.673916 0.075994 0.671768 0.076366 0.644261 0.094875 0.642382 0.096783 0.639766 0.099777 0.636814 0.103398 0.633980 0.107089 0.631698 0.110284 0.630318 0.112495
0 0.683210 0.886879 0.683232 0.888642 0.683634 0.889321 0.703810 0.916310 0.705156 0.917853 0.707750 0.920233 0.711198 0.923089 0.714971 0.925982 0.718490 0.928467 0.721214 0.930165 0.722728 0.930815 0.734276 0.929000 0.743767 0.916843 0.761684 0.893886 0.763805 0.891102 0.783305 0.864646 0.782432 0.863229 0.776606 0.858248 0.767892 0.851410 0.761522 0.846678 0.755772 0.842672 0.753247 0.841101 0.751246 0.840590 0.687817 0.873775 0.687100 0.874267 0.686172 0.875869 0.685176 0.878339 0.684262 0.881301 0.683571 0.884301
0 0.772894 0.415224 0.781097 0.446638 0.781942 0.448407 0.783526 0.451460 0.785608 0.455333 0.787875 0.459440 0.789984 0.463163 0.791615 0.465938 0.792522 0.467343 0.804011 0.469899 0.817425 0.463124 0.842825 0.450191 0.845912 0.448499 0.874901 0.431672 0.874061 0.428750 0.872169 0.424491 0.867796 0.416267 0.862391 0.406746 0.858960 0.401042 0.856390 0.397158 0.855637 0.396348 0.782352 0.402654 0.781024 0.403402 0.779225 0.405013 0.777231 0.407241 0.775347 0.409746 0.773861 0.412144 0.773000 0.414067
0 0.825438 0.727157 0.826940 0.734837 0.831266 0.741359 0.831836 0.741775 0.838340 0.746151 0.846023 0.747707 0.853718 0.746203 0.860251 0.741869 0.864627 0.735365 0.866183 0.727682 0.864678 0.719988 0.860345 0.713455 0.853841 0.709078 0.853233 0.708719 0.845563 0.707166 0.837882 0.708667 0.831360 0.712993 0.826991 0.719486
0 0.527582 0.691337 0.527629 0.691666 0.530164 0.699084 0.535347 0.704967 0.542385 0.708419 0.550209 0.708914 0.557627 0.706379 0.563510 0.701196 0.566962 0.694158 0.567457 0.686334 0.564921 0.678916 0.564810 0.678609 0.559637 0.672736 0.552610 0.669290 0.544800 0.668796 0.537395 0.671327 0.531522 0.676500 0.528076 0.683527
0 0.493347 0.588277 0.493944 0.592671 0.495111 0.596096 0.496672 0.598031 0.503950 0.605882 0.506829 0.606142 0.512445 0.606148 0.521549 0.602190 0.523734 0.599971 0.525446 0.595663 0.526418 0.589920 0.526500 0.583625 0.525679 0.577748 0.524084 0.573191 0.521960 0.570649 0.512960 0.566673 0.510070 0.566495 0.504464 0.566464 0.501776 0.569296 0.495373 0.576043 0.494119 0.579283 0.493408 0.583578
