0 0.370716 0.162497 0.370996 0.165593 0.371592 0.168235 0.372414 0.170019 0.425244 0.217857 0.428649 0.217870 0.431925 0.216952 0.438913 0.214431 0.446330 0.211341 0.456076 0.206746 0.462142 0.203263 0.462312 0.202064 0.450177 0.171765 0.448788 0.168559 0.436173 0.142002 0.429426 0.127936 0.418915 0.123451 0.416810 0.123712 0.413410 0.124708 0.409235 0.126287 0.404925 0.128208 0.401143 0.130175 0.398469 0.131886 0.371932 0.155134 0.371223 0.156835 0.370795 0.159420
0 0.023646 0.150317 0.024009 0.161352 0.024729 0.169354 0.025833 0.176514 0.026639 0.179614 0.028531 0.181895 0.094209 0.208599 0.095290 0.208934 0.097315 0.208702 0.099976 0.207936 0.102866 0.206754 0.105543 0.205337 0.107596 0.203901 0.108715 0.202667 0.117396 0.167605 0.117763 0.164214 0.117811 0.159813 0.117532 0.155077 0.116968 0.150733 0.116206 0.147447 0.115363 0.145722 0.106612 0.138104 0.090953 0.138484 0.061380 0.139244 0.057882 0.139405 0.025315 0.141568 0.024100 0.142844
0 0.771752 0.478834 0.772013 0.480516 0.772815 0.482939 0.774036 0.485735 0.775488 0.488474 0.776951 0.490738 0.778199 0.492180 0.779043 0.492582 0.811532 0.499106 0.813412 0.499158 0.816813 0.499074 0.821219 0.498866 0.825954 0.498566 0.830290 0.498220 0.833562 0.497881 0.835271 0.497602 0.842734 0.488544 0.842070 0.473322 0.840776 0.444526 0.840553 0.441027 0.837824 0.408004 0.836529 0.407967 0.829087 0.408366 0.818119 0.409052 0.810175 0.409592 0.803075 0.410119 0.800007 0.410377 0.797774 0.410688
0 0.474477 0.710627 0.478254 0.722980 0.521392 0.745267 0.540433 0.711765 0.559223 0.675396 0.558537 0.673370 0.515399 0.651083 0.504070 0.655223 0.503639 0.655840 0.502422 0.658010 0.483973 0.691855 0.482193 0.695180 0.480085 0.699218 0.477966 0.703361 0.476157 0.706982 0.474931 0.709535
0 0.168389 0.941932 0.168479 0.945017 0.168922 0.949228 0.169652 0.953920 0.178532 1.000000 0.241909 1.000000 0.229073 0.938760 0.221852 0.914264 0.174215 0.922773 0.168666 0.940442
0 0.631137 0.564570 0.678901 0.572336 0.689994 0.557507 0.690394 0.556673 0.691030 0.554142 0.691805 0.550296 0.692601 0.545724 0.701785 0.489238 0.702477 0.484657 0.702956 0.480785 0.703150 0.478214 0.703029 0.477335 0.697205 0.459755 0.649442 0.451989 0.643695 0.480295 0.634617 0.536130
0 0.698645 0.529768 0.746499 0.536952 0.757411 0.521990 0.757889 0.521107 0.758569 0.518531 0.759348 0.514651 0.760106 0.510061 0.768603 0.453468 0.769222 0.448887 0.769604 0.445035 0.769691 0.442499 0.769471 0.441665 0.763434 0.424158 0.715579 0.416973 0.709638 0.445615 0.707279 0.461323 0.703597 0.485848 0.701239 0.501556
0 0.336398 0.535485 0.371311 0.556123 0.426861 0.541850 0.427864 0.541276 0.448220 0.506842 0.413786 0.486487 0.412588 0.486299 0.357037 0.500573
0 0.440225 0.144687 0.441044 0.149560 0.502691 0.200547 0.528184 0.169724 0.528576 0.165132 0.466073 0.113435
0 0.320432 0.076852 0.324823 0.125208 0.326825 0.129491 0.406497 0.122256 0.402156 0.074453 0.401025 0.069533 0.392808 0.064221 0.391750 0.063728 0.389016 0.063476 0.385022 0.063504 0.380376 0.063808 0.340172 0.067459 0.335599 0.067992 0.331814 0.068671 0.329393 0.069391
0 0.159927 0.820506 0.205171 0.887602 0.245428 0.860455 0.248338 0.856336 0.249481 0.846933 0.249298 0.845715 0.248119 0.843165 0.246124 0.839674 0.243617 0.835769 0.221202 0.802528 0.218555 0.798790 0.216162 0.795775 0.214384 0.793939 0.213493 0.793565 0.203610 0.790007 0.163813 0.816843
0 0.000000 0.149270 0.036306 0.165807 0.041006 0.166931 0.052698 0.128610 0.000000 0.099543
0 0.333754 0.272581 0.337436 0.282123 0.339293 0.284613 0.383284 0.303818 0.415292 0.230501 0.414313 0.227385 0.406897 0.224147 0.353625 0.245040 0.343412 0.250459 0.342837 0.250972 0.341612 0.253097 0.339921 0.256511 0.338025 0.260695 0.336213 0.265004 0.334766 0.268777 0.333903 0.271438
0 0.226986 0.045153 0.236713 0.084526 0.249344 0.128206 0.249917 0.129056 0.288750 0.119463 0.269563 0.041798 0.266358 0.035426
0 0.893477 0.591373 0.915518 0.603076 0.966218 0.628084 0.972077 0.630809 0.989796 0.594875 0.946509 0.571106 0.911313 0.555201 0.900674 0.572857
0 0.589392 0.102900 0.590011 0.107430 0.591406 0.111918 0.593367 0.115685 0.595598 0.118163 0.603403 0.123450 0.607020 0.124807 0.612309 0.123377 0.615282 0.121740 0.622627 0.115756 0.624127 0.112239 0.624504 0.107051 0.623698 0.100984 0.621828 0.094973 0.619185 0.089942 0.616175 0.086664 0.613261 0.085634 0.603560 0.084041 0.598255 0.085449 0.595316 0.087162 0.590730 0.096355 0.589643 0.099011
0 0.090400 0.871316 0.090433 0.879153 0.093463 0.886379 0.099027 0.891896 0.106280 0.894864 0.114116 0.894831 0.121343 0.891800 0.126860 0.886236 0.127501 0.885572 0.130464 0.878332 0.130430 0.870509 0.127405 0.863295 0.121851 0.857787 0.114610 0.854825 0.106788 0.854858 0.099574 0.857883 0.098884 0.858499 0.093367 0.864064
0 0.813341 0.384453 0.813891 0.392256 0.817384 0.399256 0.823290 0.404385 0.830710 0.406864 0.838513 0.406314 0.839096 0.406153 0.846107 0.402654 0.851245 0.396737 0.853729 0.389305 0.853178 0.381489 0.849679 0.374477 0.843762 0.369339 0.836330 0.366855 0.828513 0.367406 0.827949 0.367634 0.820949 0.371127 0.815820 0.377034
0 0.517775 0.635577 0.517913 0.637746 0.518198 0.641985 0.518587 0.647649 0.519022 0.653884 0.519437 0.659753 0.519770 0.664371 0.519969 0.667035 0.520005 0.667334 0.530328 0.670611 0.536354 0.670190 0.544321 0.661642 0.544250 0.660041 0.544060 0.656861 0.543779 0.652587 0.543450 0.647874 0.543124 0.643446 0.542851 0.639983 0.542673 0.638012 0.542615 0.637827 0.533530 0.630497 0.527518 0.630917
