0 0.536304 0.577614 0.550839 0.614985 0.551073 0.615514 0.588615 0.600912 0.574013 0.563370 0.573674 0.563079
0 0.730788 0.516822 0.766414 0.535222 0.767641 0.535384 0.786125 0.499593 0.750335 0.481109 0.749187 0.481196
0 0.638614 0.345603 0.678185 0.352078 0.679006 0.351397 0.685510 0.311643 0.645757 0.305139 0.645089 0.306032
0 0.363963 0.088628 0.373980 0.127645 0.374557 0.129352 0.413395 0.119381 0.412996 0.117629 0.402980 0.078612
0 0.204446 0.668633 0.235186 0.694513 0.236397 0.693624 0.262159 0.663025 0.231560 0.637263 0.230327 0.637893
0 0.669465 0.062266 0.669499 0.062587 0.675191 0.074672 0.722152 0.084604 0.724720 0.079802 0.733092 0.040215 0.685588 0.030169 0.674493 0.038972 0.674073 0.040477 0.673339 0.043543 0.672402 0.047702 0.671405 0.052323 0.670497 0.056711 0.669816 0.060201
0 0.512777 0.015625 0.513100 0.017115 0.514051 0.020079 0.515485 0.024062 0.517185 0.028463 0.518893 0.032616 0.520353 0.035896 0.521343 0.037805 0.521711 0.038049 0.532444 0.044974 0.577035 0.027209 0.577926 0.021743 0.574758 0.015346 0.565793 0.000000 0.538092 0.000000 0.517843 0.002125
0 0.893244 0.904134 0.897790 0.908807 0.937186 0.918034 0.948259 0.870759 0.939798 0.858469 0.938326 0.857788 0.935295 0.856793 0.931171 0.855637 0.926577 0.854495 0.922205 0.853537 0.918717 0.852910 0.916641 0.852709 0.904190 0.857399
0 0.668653 0.538070 0.669005 0.538736 0.670449 0.540728 0.672765 0.543742 0.675600 0.547321 0.678527 0.550925 0.681104 0.554009 0.682941 0.556108 0.683757 0.556898 0.696590 0.558159 0.734464 0.527775 0.709144 0.496214 0.706754 0.496257 0.669313 0.526294
0 0.808385 0.349719 0.808488 0.352158 0.815820 0.370020 0.864003 0.374508 0.869659 0.344852 0.874991 0.287602 0.874580 0.260941 0.826398 0.256453 0.816343 0.272005 0.815840 0.273221 0.815244 0.276080 0.814646 0.280143 0.814135 0.284794 0.808865 0.341382 0.808518 0.345936
0 0.304606 0.353016 0.324666 0.388264 0.327071 0.389796 0.361835 0.370011 0.366041 0.354694 0.376813 0.315461 0.357028 0.280697 0.355040 0.277648 0.319793 0.297708
0 0.035470 0.364319 0.073646 0.378303 0.079503 0.379974 0.130945 0.356115 0.144737 0.318464 0.139789 0.315935 0.101613 0.301951 0.049453 0.326143
0 0.666229 0.642258 0.666263 0.660777 0.666470 0.661379 0.667498 0.663515 0.669190 0.666858 0.671288 0.670901 0.697677 0.721236 0.699872 0.725381 0.701839 0.729017 0.703281 0.731593 0.703977 0.732715 0.719190 0.743276 0.762048 0.720807 0.750852 0.697158 0.724154 0.646235 0.709087 0.619789
0 0.592500 0.899983 0.593784 0.905557 0.632505 0.917953 0.669268 0.899021 0.683621 0.891629 0.696017 0.852908 0.693327 0.848058 0.655139 0.835832 0.604725 0.861795
0 0.210282 0.378110 0.213413 0.388177 0.214590 0.390553 0.217209 0.393281 0.220871 0.395947 0.225021 0.398150 0.229035 0.399557 0.232304 0.399955 0.241708 0.397719 0.245103 0.396591 0.247892 0.391702 0.248712 0.388942 0.249796 0.379223 0.248281 0.376035 0.244816 0.372368 0.239928 0.368782 0.234367 0.365830 0.228990 0.363968 0.224624 0.363479 0.221934 0.364434 0.213840 0.370434 0.211023 0.375320
0 0.420081 0.618834 0.420323 0.626667 0.423544 0.633811 0.429253 0.639178 0.436582 0.641952 0.444414 0.641710 0.451558 0.638489 0.456925 0.632780 0.459699 0.625451 0.459769 0.625236 0.459527 0.617417 0.456312 0.610285 0.450612 0.604927 0.443296 0.602158 0.435477 0.602400 0.428345 0.605614 0.422988 0.611314 0.422855 0.611506
0 0.509203 0.541796 0.509357 0.549617 0.509373 0.549703 0.512516 0.556881 0.518165 0.562312 0.525463 0.565165 0.533298 0.565010 0.540476 0.561868 0.545907 0.556218 0.548760 0.548920 0.548606 0.541086 0.545463 0.533907 0.539814 0.528477 0.539745 0.528428 0.532460 0.525579 0.524639 0.525734 0.517472 0.528871 0.512051 0.534511
0 0.604943 0.119374 0.606984 0.126925 0.611759 0.133122 0.618542 0.137018 0.626300 0.138023 0.633852 0.135982 0.640048 0.131207 0.643945 0.124424 0.644192 0.123778 0.645199 0.116007 0.643155 0.108442 0.638372 0.102235 0.631577 0.098332 0.623806 0.097325 0.616241 0.099369 0.610034 0.104153 0.606131 0.110947 0.605948 0.111616
0 0.079421 0.388352 0.101969 0.431354 0.106518 0.432138 0.177368 0.394987 0.173653 0.387901 0.169880 0.386606 0.106371 0.366477 0.105036 0.366727 0.102270 0.367796 0.098493 0.369521 0.094283 0.371639 0.090286 0.373825 0.087117 0.375742 0.085259 0.377098
0 0.000000 0.340394 0.011589 0.336522 0.021039 0.327321 0.053474 0.280975 0.052083 0.273097 0.046904 0.270473 0.005809 0.278854 0.003482 0.279419 0.002133 0.279887 0.000000 0.283638
0 0.390328 0.156532 0.404976 0.171830 0.419561 0.184317 0.439600 0.166485 0.478577 0.125511 0.482466 0.120780 0.453426 0.093178 0.413182 0.127979
0 0.716083 0.123993 0.791937 0.149412 0.792606 0.148609 0.805344 0.110595 0.770428 0.093197 0.731973 0.080311 0.728792 0.086066
0 0.072545 0.694539 0.074953 0.730554 0.092591 0.782137 0.131924 0.774516 0.131434 0.768493 0.120642 0.712975 0.112139 0.686868 0.093628 0.689656
0 0.874015 0.390666 0.876230 0.402007 0.910520 0.429256 0.913359 0.431330 0.924247 0.438860 0.940560 0.449983 0.941191 0.450016 0.944577 0.446701 0.948279 0.442419 0.954100 0.434746 0.960206 0.426146 0.963508 0.421153 0.965326 0.417944 0.965302 0.417457 0.927713 0.355050 0.926700 0.353890 0.924643 0.352745 0.921855 0.351792 0.918762 0.351175 0.915838 0.350990 0.913531 0.351264 0.912191 0.351954 0.888455 0.371212 0.887854 0.371761 0.886248 0.373704 0.883884 0.376742 0.881121 0.380413 0.878375 0.384163 0.876062 0.387428 0.874530 0.389711
0 0.373473 0.506869 0.379337 0.539415 0.380049 0.542847 0.386837 0.570953 0.390481 0.585806 0.399933 0.592541 0.401923 0.592361 0.405364 0.591819 0.409729 0.590998 0.414350 0.590023 0.418516 0.589045 0.421587 0.588213 0.423099 0.587655 0.451835 0.572680 0.452727 0.572071 0.453697 0.570352 0.454598 0.567783 0.455291 0.564755 0.455670 0.561734 0.455677 0.559182 0.455313 0.557487 0.412918 0.498775 0.409932 0.499052 0.406653 0.499616 0.399416 0.500996 0.391554 0.502593 0.380990 0.504862 0.374144 0.506474
0 0.768555 0.863251 0.772666 0.873584 0.773208 0.874451 0.786191 0.881594 0.810903 0.895097 0.814039 0.896699 0.844427 0.911352 0.846924 0.909482 0.849703 0.905794 0.854140 0.897633 0.858835 0.887692 0.861399 0.881458 0.862844 0.876878 0.862864 0.875608 0.815930 0.818102 0.814680 0.817521 0.812420 0.817009 0.809494 0.816645 0.806351 0.816485 0.803472 0.816552 0.801296 0.816836 0.800155 0.817294 0.779172 0.842075 0.778003 0.843617 0.776237 0.846534 0.774144 0.850384 0.772038 0.854585 0.770237 0.858503 0.769014 0.861546
