0 0.195554 0.395354 0.256382 0.448179 0.257499 0.448417 0.415248 0.266768 0.414857 0.265694 0.354029 0.212869
0 0.468768 0.464366 0.499216 0.704133 0.579138 0.693983 0.548690 0.454217
0 0.531670 0.060589 0.545447 0.106569 0.583764 0.095089 0.585723 0.085617 0.571625 0.038561 0.560119 0.034941 0.557646 0.035176 0.553883 0.035963 0.549406 0.037185 0.544902 0.038654 0.541065 0.040143 0.538479 0.041425 0.537538 0.042304 0.532411 0.050310
0 0.135684 0.993830 0.173794 1.000000 0.181750 1.000000 0.195610 0.995646 0.195722 0.995601 0.196577 0.994600 0.198047 0.992794 0.223939 0.960399 0.227091 0.955140 0.189417 0.925397 0.175938 0.928859 0.175796 0.929014 0.174540 0.930584 0.172364 0.933327 0.169598 0.936826 0.144755 0.968294 0.141809 0.972030 0.139122 0.975448 0.137100 0.978029 0.136052 0.979381
0 0.110301 0.332627 0.121964 0.379760 0.134000 0.386817 0.135373 0.386746 0.138313 0.386246 0.142371 0.385393 0.146933 0.384317 0.185851 0.374688 0.190238 0.373549 0.193799 0.372517 0.195993 0.371747 0.196484 0.371357 0.203942 0.361919 0.192413 0.315324 0.188857 0.313189
0 0.652441 0.900154 0.655360 0.908907 0.657156 0.913634 0.700112 0.936271 0.718975 0.900474 0.716473 0.895897 0.674008 0.873520 0.663051 0.879111 0.661652 0.880998 0.659712 0.884166 0.657524 0.888138 0.655419 0.892313 0.653714 0.896060 0.652668 0.898815
0 0.012947 0.668208 0.061462 0.670182 0.066474 0.668237 0.072851 0.661513 0.073451 0.660383 0.074033 0.657596 0.074510 0.653579 0.074808 0.648940 0.074884 0.644379 0.074726 0.640584 0.074357 0.638130 0.068100 0.628270 0.020140 0.626318 0.014593 0.627779
0 0.568451 0.462852 0.569984 0.474323 0.570617 0.474917 0.572604 0.476541 0.575638 0.478945 0.579260 0.481765 0.582924 0.484576 0.586076 0.486953 0.588240 0.488536 0.589083 0.489082 0.601259 0.487164 0.630949 0.448745 0.598933 0.424003 0.597802 0.424871
0 0.390800 0.953628 0.420481 0.992054 0.452503 0.967320 0.453046 0.961979 0.423704 0.923992 0.411062 0.924582 0.409096 0.925704 0.406075 0.927773 0.402457 0.930474 0.398787 0.933402 0.395621 0.936112 0.393436 0.938197 0.392569 0.939337
0 0.283568 0.678982 0.284917 0.686701 0.289118 0.693315 0.295531 0.697819 0.303179 0.699525 0.310898 0.698176 0.317513 0.693975 0.317826 0.693641 0.322323 0.687240 0.324026 0.679605 0.322679 0.671899 0.318484 0.665296 0.312083 0.660800 0.304448 0.659096 0.296742 0.660443 0.290139 0.664638 0.289778 0.664921 0.285274 0.671334
0 0.272584 0.184562 0.273319 0.191623 0.276407 0.197154 0.281368 0.200317 0.284941 0.202192 0.291014 0.202517 0.297264 0.201858 0.302281 0.199811 0.306696 0.195771 0.309844 0.190351 0.311250 0.184369 0.310699 0.178726 0.308270 0.174278 0.304734 0.168115 0.299805 0.164896 0.296209 0.163060 0.290132 0.162675 0.283832 0.165197 0.278277 0.170247 0.274325 0.177051
0 0.356383 0.937386 0.357783 0.943441 0.360543 0.948371 0.364246 0.951427 0.371273 0.954595 0.376386 0.955486 0.380958 0.955072 0.385779 0.952892 0.389565 0.947963 0.391760 0.942176 0.393057 0.938030 0.393182 0.933326 0.392118 0.928786 0.390027 0.925104 0.386671 0.919430 0.382010 0.915660 0.376893 0.914835 0.372324 0.915202 0.367533 0.917434 0.361256 0.921630 0.358260 0.925590 0.356550 0.931120
0 0.523974 0.876131 0.524085 0.877862 0.542586 0.913644 0.578368 0.895144 0.578009 0.893333 0.559593 0.857715
0 0.486170 0.171906 0.486233 0.173409 0.526202 0.176619 0.526322 0.175130 0.529547 0.134978 0.489394 0.131753
0 0.378580 0.421867 0.379137 0.422225 0.417195 0.434851 0.429820 0.396793 0.429497 0.396318 0.391265 0.383634
0 0.828582 0.302371 0.828717 0.303918 0.829304 0.306300 0.830253 0.309156 0.831421 0.312048 0.832627 0.314533 0.833687 0.316231 0.834441 0.316884 0.866196 0.325932 0.867878 0.326070 0.871116 0.326237 0.875417 0.326410 0.880132 0.326560 0.884550 0.326667 0.888001 0.326713 0.889963 0.326691 0.890129 0.326605 0.898495 0.318190 0.899292 0.303181 0.900779 0.274722 0.900908 0.271211 0.901556 0.237793 0.899446 0.237144 0.895302 0.236669 0.886147 0.236257 0.875002 0.236021 0.868016 0.236015 0.862887 0.236176 0.861469 0.236362
0 0.040103 0.524589 0.041910 0.527941 0.056793 0.554688 0.069905 0.576155 0.079809 0.591771 0.083588 0.593653 0.090931 0.591388 0.102647 0.585816 0.110243 0.580975 0.114751 0.575146 0.115175 0.570066 0.107981 0.553691 0.070855 0.497296 0.068865 0.495809 0.066104 0.495062 0.062993 0.495170 0.060008 0.496118 0.057605 0.497761 0.046514 0.508976 0.043981 0.511817 0.042906 0.514255
0 0.376031 0.519764 0.380367 0.530487 0.393971 0.537551 0.419734 0.550797 0.422905 0.552288 0.453169 0.565505 0.453738 0.565087 0.456922 0.558914 0.461602 0.549218 0.464987 0.541930 0.468005 0.535151 0.469307 0.532031 0.470237 0.529005 0.423077 0.474298 0.421506 0.473506 0.419017 0.472888 0.415988 0.472539 0.412884 0.472513 0.410180 0.472813 0.408289 0.473393 0.407498 0.474164 0.386192 0.498405 0.385283 0.499674 0.383747 0.502409 0.381817 0.506198 0.379790 0.510458 0.377978 0.514535 0.376658 0.517803
0 0.721488 0.123642 0.721562 0.127521 0.721724 0.132128 0.721950 0.136767 0.722206 0.140739 0.722453 0.143441 0.722655 0.144463 0.731511 0.151916 0.775309 0.151506 0.778820 0.151330 0.792020 0.150362 0.811698 0.148753 0.812211 0.148292 0.812759 0.143455 0.812944 0.137722 0.812641 0.128073 0.811975 0.117577 0.811398 0.111669 0.810791 0.108106 0.810464 0.107794 0.741979 0.083078 0.740462 0.082787 0.738144 0.083172 0.735376 0.084177 0.732584 0.085648 0.730196 0.087358 0.728574 0.089047 0.727967 0.090456 0.721638 0.120227 0.721515 0.121080
0 0.313461 0.848512 0.322673 0.883269 0.324028 0.886333 0.326104 0.890178 0.328583 0.894214 0.331085 0.897819 0.333224 0.900442 0.334675 0.901683 0.345961 0.904026 0.359367 0.896106 0.384610 0.881124 0.387574 0.879270 0.414879 0.861342 0.415127 0.859908 0.411874 0.853338 0.406339 0.843920 0.402001 0.837215 0.397795 0.831340 0.395741 0.828886 0.393310 0.827433 0.323277 0.836331 0.322244 0.836469 0.320642 0.837578 0.318717 0.839492 0.316761 0.841919 0.315074 0.844487 0.313916 0.846802
