0 0.043363 0.865696 0.072999 0.893245 0.077879 0.888751 0.110559 0.853594 0.108092 0.842809 0.106618 0.840649 0.104053 0.837738 0.100785 0.834516 0.097308 0.831469 0.094147 0.829057 0.091780 0.827645 0.090568 0.827452 0.081261 0.826360 0.076420 0.830133
0 0.288667 0.550812 0.288782 0.555457 0.289008 0.560073 0.289311 0.563950 0.289644 0.566496 0.289955 0.567326 0.297632 0.575485 0.346154 0.573694 0.347912 0.572852 0.346437 0.532879 0.298469 0.534650 0.296140 0.535050 0.289065 0.543205 0.288820 0.544181 0.288680 0.546852
0 0.321502 0.833199 0.363265 0.857966 0.375508 0.853349 0.375813 0.853025 0.377012 0.851165 0.378923 0.848050 0.381255 0.844155 0.383650 0.840079 0.385739 0.836448 0.387204 0.833818 0.387821 0.832588 0.385232 0.819470 0.343946 0.794986 0.323542 0.829391
0 0.286200 0.507557 0.290374 0.518878 0.290903 0.519345 0.292969 0.520628 0.296257 0.522531 0.300268 0.524766 0.304383 0.526987 0.307971 0.528853 0.310484 0.530081 0.311539 0.530483 0.323717 0.526702 0.346795 0.484613 0.311721 0.465382 0.309544 0.464982
0 0.169934 0.286018 0.174461 0.288953 0.208166 0.310492 0.229705 0.276787 0.225947 0.273683 0.191773 0.251844
0 0.460030 0.926484 0.497216 0.942671 0.513403 0.905485 0.529251 0.864081 0.529184 0.863249 0.492509 0.847284 0.460579 0.920635
0 0.763007 0.521216 0.770377 0.577303 0.773107 0.589428 0.773475 0.589868 0.775240 0.591357 0.778131 0.593666 0.781709 0.596444 0.785435 0.599273 0.788746 0.601726 0.791141 0.603431 0.792254 0.604126 0.805598 0.602836 0.835165 0.564322 0.770975 0.515043 0.767878 0.514871
0 0.400683 0.760573 0.402742 0.773589 0.435601 0.799592 0.442400 0.804153 0.465203 0.770156 0.465998 0.763981 0.426135 0.737243 0.414129 0.740526 0.413731 0.740971 0.412374 0.742870 0.410265 0.745930 0.407724 0.749689 0.405135 0.753578 0.402889 0.757010 0.401325 0.759467
0 0.842698 0.959932 0.842845 0.962802 0.843438 0.964970 0.844389 0.966105 0.918854 0.976805 0.920075 0.976742 0.921322 0.975483 0.922406 0.973220 0.923158 0.970297 0.941170 0.867398 0.941474 0.864281 0.941280 0.861464 0.940619 0.859378 0.939591 0.858339 0.865246 0.846953 0.864066 0.847128 0.862856 0.848484 0.861799 0.850811 0.857581 0.865067 0.843723 0.944237
0 0.444850 0.619559 0.445407 0.619716 0.447097 0.619960 0.449665 0.620256 0.452718 0.620559 0.556757 0.630146 0.559810 0.630407 0.562376 0.630584 0.564065 0.630651 0.564620 0.630597 0.571973 0.550747 0.571306 0.550652 0.569527 0.550459 0.566910 0.550198 0.563850 0.549910 0.460290 0.540369 0.457233 0.540094 0.454625 0.539873 0.452859 0.539739 0.452207 0.539713
0 0.523363 0.164556 0.523447 0.165827 0.524555 0.167556 0.526516 0.169481 0.538658 0.178966 0.606635 0.221850 0.620210 0.228589 0.622712 0.229480 0.624629 0.229659 0.625670 0.229098 0.666342 0.165041 0.666380 0.163776 0.665378 0.162049 0.663488 0.160125 0.660997 0.158296 0.572646 0.102559 0.569952 0.101116 0.567480 0.100289 0.565610 0.100204 0.564626 0.100871
0 0.781457 0.685487 0.838944 0.741068 0.839640 0.740966 0.841085 0.740003 0.843058 0.738326 0.854023 0.728005 0.910157 0.670482 0.920428 0.659040 0.922140 0.656940 0.923194 0.655343 0.923427 0.654493 0.865451 0.599413 0.864781 0.599394 0.863358 0.600253 0.861399 0.601860 0.859202 0.603970 0.786245 0.678734 0.784159 0.681012 0.782517 0.683096 0.781568 0.684667
0 0.191029 0.570546 0.193444 0.571390 0.197651 0.572700 0.206515 0.575315 0.217127 0.578381 0.223683 0.580241 0.228386 0.581535 0.229591 0.581831 0.277268 0.526370 0.277630 0.524776 0.277730 0.522278 0.277553 0.519256 0.277124 0.516174 0.276510 0.513504 0.275806 0.511652 0.275118 0.510902 0.246992 0.493996 0.245294 0.493430 0.242112 0.492444 0.237926 0.491188 0.233380 0.489855 0.229173 0.488649 0.225948 0.487756 0.224199 0.487311 0.214108 0.493328 0.209467 0.507754 0.200735 0.535085 0.199744 0.538452
0 0.080461 0.397586 0.080736 0.402276 0.081276 0.406789 0.081997 0.410432 0.082789 0.412649 0.091578 0.419781 0.093148 0.420091 0.136671 0.418749 0.140156 0.418499 0.172575 0.415053 0.173676 0.414830 0.174063 0.408207 0.173692 0.397599 0.173007 0.389541 0.171976 0.381963 0.171231 0.378418 0.169499 0.374768 0.102884 0.350628 0.100888 0.350579 0.098244 0.351165 0.095356 0.352299 0.092666 0.353807 0.090587 0.355457 0.089435 0.356998 0.080827 0.390469 0.080493 0.393438
0 0.650533 0.306143 0.652386 0.311510 0.658472 0.317551 0.668996 0.325733 0.676329 0.330124 0.681919 0.330545 0.695025 0.314151 0.699549 0.308477 0.730656 0.268799 0.730592 0.264290 0.729547 0.255479 0.727611 0.248500 0.726354 0.245890 0.724208 0.243649 0.721504 0.242120 0.718653 0.241535 0.711781 0.241667 0.702907 0.242766 0.698603 0.243880 0.669312 0.281560 0.667665 0.283688 0.663262 0.289457
0 0.170007 0.236188 0.182301 0.244372 0.240169 0.276312 0.251550 0.273613 0.252566 0.272628 0.254316 0.270202 0.256533 0.266707 0.258881 0.262670 0.261008 0.258702 0.262591 0.255401 0.263390 0.253267 0.263281 0.252630 0.259710 0.241335 0.230930 0.224264 0.209668 0.212081 0.190797 0.201347 0.189220 0.201575 0.186645 0.204444 0.182909 0.209723 0.180269 0.213947 0.174329 0.224649 0.172346 0.228755 0.170401 0.233708
0 0.139487 0.148063 0.139490 0.152249 0.140312 0.161379 0.141652 0.172444 0.142673 0.179353 0.143633 0.184395 0.144079 0.185763 0.214161 0.209221 0.215641 0.208880 0.217896 0.207975 0.220583 0.206643 0.223292 0.205088 0.225606 0.203548 0.227172 0.202259 0.227753 0.201417 0.232235 0.168737 0.232194 0.167043 0.231954 0.163805 0.231551 0.159518 0.231047 0.154828 0.230517 0.150443 0.230042 0.147025 0.229693 0.145095 0.229525 0.144953 0.220007 0.137829 0.205075 0.139099 0.176754 0.141531 0.173257 0.141888 0.140004 0.145857
0 0.839940 0.150587 0.843322 0.163435 0.888339 0.180091 0.892829 0.176393 0.920911 0.100497 0.875373 0.083648 0.862406 0.090620 0.861610 0.092020 0.860301 0.094923 0.858678 0.098885 0.856987 0.103307 0.843075 0.140907 0.841567 0.145131 0.840466 0.148529
0 0.199963 0.724013 0.262959 0.775108 0.266210 0.771335 0.291407 0.740269 0.229275 0.689875 0.225511 0.692515
0 0.642922 0.487954 0.643340 0.499618 0.643797 0.500270 0.645474 0.502123 0.648114 0.504892 0.651317 0.508159 0.654598 0.511430 0.657464 0.514212 0.659480 0.516083 0.660337 0.516757 0.662201 0.516951 0.675091 0.516738 0.709970 0.482147 0.681144 0.453082 0.677004 0.454154
