0 0.840164 0.219599 0.859975 0.288937 0.860272 0.289650 0.861619 0.290807 0.863812 0.292230 0.866516 0.293702 0.869317 0.294999 0.871787 0.295921 0.873548 0.296328 0.874332 0.296159 0.904692 0.281502 0.906419 0.280365 0.909231 0.278203 0.912701 0.275344 0.916297 0.272227 0.919464 0.269331 0.921719 0.267100 0.922717 0.265874 0.923255 0.254125 0.894558 0.220420 0.892261 0.217774 0.870259 0.193158 0.868806 0.193987 0.862831 0.198880 0.854402 0.206110 0.848462 0.211357 0.843321 0.216055 0.841219 0.218091
0 0.843351 0.598209 0.843382 0.599485 0.843821 0.602346 0.844601 0.606357 0.845604 0.610909 0.846678 0.615318 0.847661 0.618916 0.848405 0.621158 0.862626 0.649439 0.863612 0.650484 0.865646 0.651558 0.868416 0.652499 0.871501 0.653160 0.874427 0.653442 0.876747 0.653302 0.878107 0.652760 0.937777 0.610128 0.938061 0.609464 0.937779 0.605476 0.936827 0.599356 0.934730 0.588896 0.932453 0.579633 0.930686 0.574551 0.928754 0.570713 0.895696 0.576856 0.892262 0.577620 0.849895 0.588856
0 0.719727 0.630228 0.721788 0.641410 0.755281 0.669649 0.758059 0.671805 0.785165 0.691545 0.788061 0.689164 0.791539 0.685473 0.797455 0.678111 0.803922 0.669477 0.807583 0.664241 0.809815 0.660599 0.810038 0.659769 0.774721 0.595501 0.773621 0.594487 0.771512 0.593410 0.768714 0.592436 0.765655 0.591713 0.762804 0.591353 0.760597 0.591410 0.759370 0.591874 0.734141 0.611580 0.732672 0.613204 0.730366 0.615978 0.727572 0.619479 0.724712 0.623178 0.722219 0.626519 0.720468 0.628994
0 0.229273 0.335447 0.229575 0.338417 0.230298 0.341468 0.231329 0.344135 0.232512 0.346010 0.233664 0.346808 0.261204 0.360972 0.262312 0.361242 0.265059 0.361846 0.269031 0.362691 0.273619 0.363648 0.278117 0.364571 0.281835 0.365317 0.284205 0.365772 0.284871 0.365869 0.294222 0.358985 0.304741 0.316528 0.305446 0.313089 0.307725 0.299917 0.311038 0.280410 0.310906 0.280231 0.306629 0.279122 0.301281 0.277881 0.291908 0.275890 0.281512 0.273780 0.275539 0.272624 0.271782 0.271969 0.271288 0.271955 0.230039 0.331491 0.229436 0.333015
0 0.127430 0.808348 0.128597 0.812924 0.130759 0.819253 0.134792 0.829448 0.138663 0.837917 0.141156 0.841875 0.143467 0.844066 0.174747 0.831540 0.177982 0.830153 0.203566 0.818266 0.217014 0.811965 0.217568 0.811265 0.222375 0.801189 0.222012 0.799513 0.220980 0.796439 0.219437 0.792435 0.217615 0.788107 0.215790 0.784108 0.214237 0.781040 0.213192 0.779373 0.193877 0.753347 0.192782 0.752777 0.190640 0.752319 0.187778 0.752041 0.184633 0.751986 0.181686 0.752164 0.179389 0.752546 0.178092 0.753074 0.127472 0.807144
0 0.119478 0.080481 0.121863 0.087945 0.126923 0.093929 0.127564 0.094627 0.134517 0.098212 0.142312 0.098864 0.149764 0.096483 0.155737 0.091432 0.159322 0.084479 0.159974 0.076683 0.157593 0.069232 0.157003 0.068491 0.151944 0.062507 0.144979 0.058916 0.137170 0.058262 0.129706 0.060648 0.123722 0.065707 0.120131 0.072672
0 0.308248 0.646012 0.308519 0.653843 0.311769 0.660974 0.317499 0.666320 0.324838 0.669064 0.332670 0.668793 0.339801 0.665543 0.340076 0.665259 0.345412 0.659539 0.348152 0.652212 0.347881 0.644394 0.344637 0.637275 0.338917 0.631939 0.331590 0.629199 0.323772 0.629470 0.316653 0.632714 0.316338 0.632942 0.310992 0.638672
0 0.206742 0.150747 0.208320 0.158423 0.212715 0.164910 0.213209 0.165486 0.219741 0.169791 0.227423 0.171267 0.235086 0.169692 0.241561 0.165304 0.245866 0.158772 0.247343 0.151090 0.245768 0.143427 0.241379 0.136952 0.240934 0.136327 0.234391 0.132014 0.226696 0.130536 0.219020 0.132113 0.212533 0.136509 0.208221 0.143052
0 0.124592 0.915469 0.124613 0.923305 0.127631 0.930536 0.133186 0.936063 0.140434 0.939042 0.148270 0.939022 0.155502 0.936003 0.161028 0.930448 0.161611 0.929709 0.164585 0.922473 0.164565 0.914650 0.161551 0.907432 0.156006 0.901914 0.148770 0.898940 0.140948 0.898960 0.133729 0.901974 0.128212 0.907519 0.127572 0.908221
0 0.306953 0.891159 0.309080 0.904774 0.322982 0.913061 0.343699 0.878304 0.345485 0.873981 0.331742 0.865789 0.319312 0.870425 0.319080 0.870725 0.317946 0.872553 0.316083 0.875628 0.313775 0.879484 0.311369 0.883538 0.309228 0.887179 0.307677 0.889856
0 0.596554 0.702547 0.596998 0.703477 0.624104 0.733142 0.653768 0.706036 0.653065 0.705094 0.626083 0.675565
0 0.126216 0.161696 0.127924 0.163243 0.163270 0.181969 0.181996 0.146623 0.180536 0.145000 0.145028 0.126188
0 0.041552 0.447441 0.041865 0.487722 0.043964 0.487778 0.084060 0.487467 0.083749 0.447371 0.081832 0.447128
0 0.849186 0.430372 0.849280 0.435935 0.889209 0.439228 0.900356 0.381120 0.899289 0.347993 0.859095 0.344679 0.853865 0.373984
0 0.517021 0.137775 0.584810 0.180257 0.610299 0.139584 0.611574 0.135417 0.608654 0.125996 0.608019 0.125013 0.605917 0.123200 0.602669 0.120831 0.598768 0.118271 0.594816 0.115910 0.591419 0.114114 0.589097 0.113155 0.588201 0.113178 0.577288 0.113931 0.521515 0.126730 0.517218 0.133588
0 0.340308 0.159017 0.342133 0.162914 0.364805 0.205222 0.375158 0.207262 0.376131 0.207215 0.378570 0.206309 0.382100 0.204684 0.386188 0.202587 0.390217 0.200335 0.393577 0.198267 0.395762 0.196695 0.396434 0.195861 0.400062 0.186329 0.398907 0.182702 0.375973 0.139905
0 0.526667 0.511321 0.531147 0.522299 0.532043 0.522668 0.534517 0.523661 0.538193 0.525127 0.542512 0.526842 0.546808 0.528544 0.550421 0.529970 0.552800 0.530902 0.553584 0.531200 0.564586 0.526372 0.582490 0.481239 0.544879 0.466319 0.544366 0.466703
0 0.661317 0.456030 0.722488 0.507889 0.723512 0.507924 0.879805 0.323567 0.818352 0.271470 0.816894 0.272518
0 0.000000 0.698277 0.031931 0.738650 0.034071 0.737559 0.181154 0.547910 0.117938 0.498883 0.116183 0.498877 0.010520 0.647051 0.008413 0.651269 0.000000 0.673899
