0 0.374528 0.334082 0.374628 0.334744 0.375243 0.337070 0.376281 0.340709 0.377584 0.345105 0.378952 0.349583 0.380173 0.353454 0.381063 0.356127 0.381484 0.357196 0.392606 0.363224 0.438570 0.349391 0.415516 0.272785 0.414539 0.270158 0.406790 0.272490 0.379705 0.322896
0 0.719049 0.674351 0.721582 0.676367 0.761316 0.704272 0.771435 0.701427 0.772322 0.700941 0.774135 0.699020 0.776598 0.695955 0.779334 0.692213 0.781924 0.688371 0.783968 0.685018 0.785156 0.682667 0.785307 0.681674 0.784571 0.671160 0.774714 0.614793 0.768091 0.610142 0.765027 0.608883
0 0.393101 0.791956 0.397039 0.799026 0.452076 0.814690 0.463540 0.816435 0.464295 0.816406 0.466547 0.815484 0.469953 0.813810 0.473994 0.811638 0.478049 0.809301 0.481495 0.807160 0.483804 0.805541 0.484628 0.804691 0.487426 0.795003 0.487570 0.791632 0.464216 0.749696 0.394323 0.788619
0 0.545933 0.270109 0.571461 0.310758 0.639209 0.268212 0.640819 0.265532 0.636515 0.258679 0.580730 0.245932 0.568906 0.244432 0.568218 0.244583 0.566073 0.245692 0.562797 0.247590 0.558888 0.249988 0.554949 0.252518 0.551584 0.254791 0.549307 0.256459 0.548465 0.257269
0 0.561295 0.194399 0.592274 0.219857 0.617732 0.188877 0.618274 0.187445 0.587152 0.161870 0.561577 0.192993
0 0.652223 0.187079 0.675872 0.219460 0.708253 0.195810 0.709211 0.194410 0.685453 0.161880 0.652923 0.185638
0 0.615380 0.392523 0.652332 0.408090 0.653033 0.407667 0.668672 0.370544 0.631549 0.354906 0.630947 0.355570
0 0.797896 0.643502 0.831596 0.665230 0.833123 0.665991 0.854951 0.632136 0.821096 0.610308 0.819624 0.609802
0 0.060840 0.801763 0.079414 0.880527 0.126673 0.869382 0.130940 0.865161 0.135293 0.857466 0.135563 0.856102 0.135370 0.853164 0.134746 0.849103 0.133785 0.844531 0.124583 0.805510 0.123428 0.801109 0.122251 0.797532 0.121229 0.795321 0.112578 0.787297 0.065859 0.798314
0 0.123784 0.426554 0.137023 0.506070 0.179246 0.499451 0.198159 0.495784 0.198813 0.480150 0.198489 0.475503 0.191878 0.435797 0.190686 0.431337 0.184894 0.416111 0.142305 0.422151
0 0.178077 0.305700 0.181756 0.307921 0.255338 0.339317 0.274175 0.295168 0.268832 0.282970 0.267681 0.282322 0.265008 0.281049 0.261219 0.279343 0.256893 0.277466 0.219763 0.261623 0.215575 0.259867 0.212178 0.258507 0.210091 0.257749 0.209628 0.257708 0.197132 0.261040
0 0.806566 0.084727 0.822634 0.121358 0.866591 0.102076 0.875166 0.092768 0.877635 0.084208 0.877766 0.082800 0.877129 0.079897 0.875819 0.075939 0.874035 0.071532 0.872053 0.067353 0.870176 0.064045 0.868692 0.062112 0.858722 0.055280 0.813737 0.075013
0 0.498044 0.565720 0.530648 0.602462 0.561267 0.575292 0.559866 0.573571 0.528007 0.537669 0.516476 0.536831 0.515768 0.537391 0.513798 0.539082 0.510869 0.541643 0.507423 0.544688 0.503981 0.547755 0.501063 0.550383 0.499109 0.552174 0.498421 0.552852 0.498088 0.564218
0 0.790220 0.807290 0.790532 0.815110 0.793811 0.822216 0.794317 0.822771 0.800077 0.828090 0.807433 0.830800 0.815266 0.830488 0.822384 0.827203 0.827703 0.821443 0.830413 0.814087 0.830101 0.806254 0.826816 0.799136 0.821057 0.793818 0.820504 0.793312 0.813161 0.790606 0.805341 0.790918 0.798236 0.794197 0.792926 0.799947
0 0.138375 0.160000 0.139795 0.167709 0.144058 0.174288 0.144671 0.174849 0.151116 0.179288 0.158769 0.180923 0.166465 0.179505 0.173033 0.175249 0.177473 0.168804 0.179107 0.161150 0.177689 0.153454 0.173433 0.146886 0.172871 0.146278 0.166415 0.141831 0.158748 0.140194 0.151038 0.141614 0.144459 0.145877 0.140012 0.152333
0 0.284894 0.366392 0.285916 0.377925 0.290420 0.381949 0.290891 0.382212 0.300963 0.385941 0.302889 0.384342 0.306085 0.381189 0.310065 0.376965 0.314229 0.372304 0.317952 0.367908 0.320671 0.364439 0.321973 0.362425 0.317148 0.352825 0.312653 0.348809 0.312231 0.348471 0.300677 0.348728 0.299225 0.349886 0.296809 0.352233 0.293795 0.355412 0.290647 0.358935 0.287849 0.362261 0.285829 0.364879
0 0.108456 0.499633 0.109028 0.507452 0.112547 0.514457 0.118480 0.519581 0.125922 0.522046 0.126565 0.522008 0.134370 0.521437 0.141364 0.517924 0.146479 0.512001 0.148939 0.504572 0.148369 0.496767 0.144855 0.489773 0.138932 0.484658 0.131503 0.482198 0.130869 0.482167 0.123050 0.482739 0.116045 0.486258 0.110921 0.492191
0 0.475636 0.147665 0.475689 0.148453 0.477730 0.159739 0.479274 0.161128 0.482091 0.163235 0.485755 0.165740 0.489711 0.168264 0.493363 0.170428 0.496158 0.171903 0.497672 0.172464 0.508910 0.169653 0.512152 0.164572 0.514237 0.153907 0.514264 0.153286 0.512257 0.151415 0.508517 0.148574 0.503611 0.145198 0.498295 0.141805 0.493388 0.138920 0.489643 0.136984 0.487633 0.136292 0.478885 0.142573
0 0.699686 0.335517 0.707683 0.352220 0.708144 0.352967 0.710005 0.354700 0.712979 0.357155 0.716615 0.359960 0.762091 0.394046 0.765853 0.396786 0.769184 0.399057 0.771582 0.400515 0.772677 0.400935 0.790954 0.403925 0.819977 0.365203 0.799601 0.346854 0.786682 0.337170 0.753592 0.312369 0.728709 0.296795
0 0.815260 0.572055 0.815337 0.573006 0.817229 0.591428 0.862191 0.609319 0.875795 0.583506 0.881765 0.568505 0.891085 0.545083 0.897054 0.530082 0.904362 0.503343 0.859400 0.485451 0.845368 0.497537 0.844572 0.498394 0.843219 0.500827 0.841516 0.504461 0.839721 0.508747 0.818708 0.561553 0.817085 0.565857 0.815875 0.569544
0 0.005590 0.739265 0.020982 0.750422 0.023049 0.751058 0.026592 0.751776 0.031071 0.752468 0.087777 0.760173 0.092488 0.760730 0.096692 0.761063 0.099748 0.761124 0.101189 0.760902 0.118610 0.754621 0.125125 0.706671 0.100128 0.701193 0.084388 0.699054 0.059814 0.695715 0.044075 0.693577 0.012105 0.691315
0 0.121042 0.070269 0.121596 0.083988 0.131635 0.121723 0.180822 0.150180 0.219819 0.140815 0.220610 0.127874 0.210311 0.089673 0.160605 0.060916
0 0.421082 0.639016 0.424063 0.651116 0.466192 0.675256 0.486309 0.640149 0.486465 0.638547 0.444818 0.614683 0.433083 0.618073 0.432715 0.618713 0.431492 0.620845 0.427333 0.628103 0.425025 0.632131 0.423027 0.635618 0.421642 0.638037
0 0.305733 0.708991 0.313075 0.717742 0.313730 0.718209 0.316094 0.718965 0.319809 0.719894 0.324307 0.720855 0.328898 0.721700 0.332876 0.722298 0.335633 0.722560 0.336751 0.722445 0.345420 0.716874 0.347186 0.714395 0.356538 0.667315 0.317304 0.659522 0.315192 0.661366
