0 0.536917 0.223435 0.566291 0.297847 0.789527 0.209724 0.790857 0.208391 0.761348 0.133637 0.537087 0.222165
0 0.072280 0.851528 0.146541 0.882768 0.148160 0.881014 0.241453 0.659255 0.167533 0.628157 0.166003 0.628748
0 0.662912 0.837012 0.694968 0.873263 0.718106 0.857285 0.761178 0.819196 0.780411 0.797706 0.748355 0.761456 0.730380 0.765911 0.729387 0.766169 0.727171 0.767605 0.724070 0.769996 0.720555 0.772982 0.677981 0.810630 0.674570 0.813769 0.671768 0.816597 0.669998 0.818686 0.669533 0.819718
0 0.253900 0.735179 0.270120 0.759331 0.306604 0.803771 0.326272 0.823336 0.363674 0.792631 0.359880 0.774505 0.359482 0.773431 0.357979 0.771103 0.355603 0.767877 0.352713 0.764241 0.316652 0.720314 0.313675 0.716805 0.311052 0.713941 0.309178 0.712156 0.308342 0.711725 0.291302 0.704474
0 0.650805 0.459231 0.659609 0.475523 0.660160 0.476070 0.662149 0.477561 0.665269 0.479769 0.669049 0.482357 0.716139 0.514177 0.720019 0.516765 0.723428 0.518969 0.725848 0.520457 0.726910 0.520999 0.745310 0.523091 0.772404 0.482995 0.750821 0.466760 0.703180 0.434567 0.677898 0.419136
0 0.459602 0.479015 0.485507 0.510350 0.501579 0.511875 0.542746 0.515780 0.574081 0.489875 0.548176 0.458540 0.490936 0.453110
0 0.703598 0.319169 0.704074 0.321884 0.704974 0.325775 0.706162 0.330253 0.707457 0.334642 0.708665 0.338280 0.709602 0.340616 0.710127 0.341290 0.719268 0.347609 0.765491 0.334668 0.771701 0.330800 0.760664 0.291380 0.752780 0.293588 0.710894 0.306883 0.708484 0.309090 0.703619 0.318046
0 0.827839 0.823979 0.837551 0.834590 0.838916 0.835055 0.841918 0.835497 0.846101 0.835848 0.850825 0.836053 0.855365 0.836081 0.859022 0.835929 0.861239 0.835618 0.872078 0.828745 0.913549 0.789316 0.913753 0.781226 0.909024 0.778012 0.829050 0.775994
0 0.167733 0.941693 0.174652 0.946071 0.212607 0.962548 0.225784 0.957661 0.225914 0.957489 0.227009 0.955785 0.228904 0.952808 0.231311 0.949010 0.233859 0.944977 0.236157 0.941326 0.237853 0.938618 0.238690 0.937263 0.237278 0.923459 0.196715 0.897795 0.189620 0.907100
0 0.852401 0.893208 0.859665 0.905974 0.861020 0.906776 0.863937 0.907989 0.867970 0.909428 0.872505 0.910872 0.911158 0.922517 0.915486 0.923743 0.918933 0.924557 0.920972 0.924837 0.933960 0.921097 0.947966 0.874606 0.942847 0.870325 0.866247 0.847248
0 0.079405 0.298213 0.079942 0.309538 0.120899 0.335617 0.125232 0.337496 0.168200 0.270014 0.164364 0.267356 0.123407 0.241277 0.114039 0.244959 0.113035 0.245398 0.111192 0.247325 0.108791 0.250448 0.106198 0.254292 0.084516 0.288344 0.082137 0.292308 0.080342 0.295774
0 0.483620 0.779945 0.551799 0.823886 0.573769 0.789796 0.572758 0.785822 0.505513 0.742483 0.483844 0.776106
0 0.392014 0.297742 0.393499 0.300523 0.443865 0.362928 0.475068 0.337745 0.474720 0.335483 0.423652 0.272208
0 0.160090 0.422680 0.228414 0.466766 0.232148 0.467223 0.253888 0.433531 0.186503 0.390051 0.182133 0.388518
0 0.768591 0.744497 0.768823 0.745164 0.770225 0.745954 0.772581 0.746744 0.786896 0.750341 0.865916 0.765030 0.881495 0.766990 0.884328 0.767164 0.886443 0.767029 0.887519 0.766604 0.899461 0.688782 0.899341 0.688070 0.898037 0.687242 0.895747 0.686424 0.892819 0.685742 0.790116 0.666651 0.787016 0.666212 0.784236 0.666088 0.782201 0.666295 0.781221 0.666803
0 0.496275 0.532788 0.501108 0.612826 0.501719 0.612888 0.503458 0.612867 0.506061 0.612766 0.521190 0.612002 0.601504 0.607152 0.616470 0.606099 0.619013 0.605889 0.620661 0.605706 0.621164 0.605576 0.616331 0.525539 0.615621 0.525553 0.613803 0.525639 0.611155 0.525783 0.608080 0.525963 0.504269 0.532231 0.501213 0.532422 0.498622 0.532594 0.496887 0.532723
0 0.408091 0.168529 0.409131 0.184066 0.411211 0.213347 0.411585 0.216823 0.416019 0.249203 0.416681 0.250093 0.423617 0.250078 0.434336 0.249244 0.442320 0.248280 0.449676 0.247057 0.453014 0.246270 0.456071 0.244670 0.478309 0.176892 0.478167 0.174955 0.477399 0.172377 0.476122 0.169552 0.474531 0.166912 0.472871 0.164862 0.471395 0.163714 0.436970 0.156696 0.433831 0.156555 0.429589 0.156726 0.424896 0.157184 0.420473 0.157858 0.416997 0.158645 0.415001 0.159423
0 0.126462 0.577181 0.131477 0.611636 0.132359 0.614563 0.133943 0.618445 0.135986 0.622685 0.138175 0.626631 0.140174 0.629679 0.141675 0.631364 0.152559 0.634658 0.153948 0.634189 0.193718 0.616425 0.196849 0.614872 0.225611 0.599438 0.226390 0.598677 0.224113 0.592299 0.219687 0.582584 0.216007 0.575405 0.212242 0.568849 0.210274 0.565914 0.207489 0.563375 0.136463 0.566162 0.134643 0.566915 0.132453 0.568491 0.130227 0.570649 0.128305 0.573060 0.126984 0.575354
0 0.593506 0.705910 0.593652 0.713625 0.593848 0.717298 0.594519 0.721311 0.659780 0.750602 0.661597 0.750868 0.664161 0.750539 0.667081 0.749664 0.669910 0.748376 0.672214 0.746874 0.673642 0.745387 0.684046 0.713030 0.684394 0.710170 0.684632 0.706081 0.684723 0.701390 0.684653 0.696819 0.684433 0.693068 0.684096 0.690710 0.683696 0.690101 0.675768 0.682925 0.674897 0.682281 0.631322 0.680052 0.627821 0.680015 0.614220 0.680335 0.594366 0.680824 0.593867 0.687260 0.593550 0.697803
