0 0.502060 0.336570 0.545890 0.357080 0.560610 0.345842 0.560919 0.345213 0.561960 0.343017 0.563572 0.339590 0.565511 0.335454 0.589598 0.283977 0.591578 0.279741 0.593305 0.276030 0.594520 0.273407 0.595035 0.272273 0.594232 0.253772 0.550402 0.233262 0.538631 0.257111 0.514262 0.309189
0 0.216438 0.618215 0.217403 0.699322 0.257957 0.698839 0.261276 0.696112 0.260324 0.616118 0.220327 0.616594
0 0.546221 0.543263 0.548484 0.583297 0.549159 0.584443 0.630342 0.579854 0.628047 0.539262 0.626288 0.538737
0 0.458597 0.241678 0.459070 0.244630 0.538713 0.252182 0.539160 0.249317 0.543744 0.200979 0.536289 0.193427 0.535421 0.192935 0.532850 0.192343 0.528964 0.191742 0.524358 0.191223 0.484169 0.187412 0.479560 0.187057 0.475669 0.186921 0.473087 0.187025 0.472209 0.187351 0.463180 0.193340
0 0.452033 0.461270 0.452051 0.462947 0.452633 0.463591 0.523831 0.495305 0.524944 0.494845 0.526360 0.493325 0.527865 0.490975 0.529226 0.488155 0.569433 0.391900 0.570431 0.389070 0.570913 0.386668 0.570806 0.385059 0.570127 0.384487 0.499408 0.352170 0.498314 0.352751 0.496915 0.354368 0.495424 0.356775 0.494066 0.359608 0.453612 0.455958 0.452582 0.458816
0 0.511237 0.191936 0.590959 0.200523 0.591105 0.199653 0.591359 0.197699 0.591684 0.194957 0.592029 0.191845 0.603218 0.087968 0.603529 0.084983 0.603756 0.082599 0.603865 0.081180 0.603840 0.080940 0.524118 0.072353 0.524073 0.072585 0.523905 0.073998 0.523638 0.076378 0.522047 0.090878 0.513430 0.170875 0.511792 0.186351 0.511507 0.189097 0.511312 0.191059
0 0.908698 0.246182 0.908942 0.261317 0.909560 0.263955 0.910852 0.265761 0.912624 0.266459 0.975705 0.280823 0.977713 0.280321 0.979624 0.278689 0.981146 0.276177 0.982045 0.273167 0.999670 0.170255 0.999806 0.167223 0.999155 0.164648 0.997819 0.162924 0.996002 0.162312 0.933161 0.146544 0.931165 0.147154 0.929267 0.148886 0.927754 0.151474 0.922348 0.166477
0 0.379245 0.341232 0.430340 0.404354 0.430853 0.404048 0.432249 0.403012 0.434318 0.401400 0.436743 0.399460 0.439152 0.397488 0.513659 0.335785 0.515625 0.334133 0.516887 0.333021 0.517255 0.332616 0.466845 0.270092 0.466307 0.270511 0.464902 0.271634 0.462846 0.273290 0.460450 0.275226 0.448268 0.285096 0.390693 0.331876 0.381114 0.339687 0.379738 0.340816
0 0.880750 0.212706 0.882623 0.220301 0.887259 0.226602 0.893954 0.230648 0.901687 0.231826 0.909283 0.229953 0.909987 0.229488 0.916299 0.224844 0.920352 0.218137 0.921531 0.210390 0.919655 0.202782 0.915011 0.196470 0.908304 0.192417 0.900558 0.191238 0.892949 0.193114 0.886638 0.197758 0.885973 0.198278 0.881927 0.204973
0 0.401870 0.380669 0.404409 0.388082 0.404573 0.388275 0.409745 0.394143 0.416770 0.397585 0.424577 0.398077 0.431978 0.395544 0.437847 0.390372 0.441289 0.383347 0.441781 0.375539 0.439247 0.368138 0.439143 0.367911 0.433962 0.362033 0.426925 0.358585 0.419104 0.358092 0.411690 0.360630 0.405811 0.365811 0.402364 0.372848
0 0.624445 0.913282 0.625018 0.915184 0.640200 0.952496 0.677512 0.937314 0.676698 0.935310 0.661586 0.898169
0 0.210535 0.818358 0.214198 0.834123 0.226146 0.838948 0.228394 0.838735 0.232016 0.838100 0.236460 0.837140 0.241043 0.836002 0.245060 0.834862 0.247897 0.833894 0.249125 0.833245 0.256427 0.821251 0.252805 0.805666 0.213843 0.814720
0 0.596229 0.812168 0.597342 0.815776 0.637775 0.817298 0.638384 0.801125 0.636803 0.797683 0.629870 0.790549 0.628782 0.790131 0.626030 0.789709 0.622036 0.789347 0.617405 0.789098 0.612835 0.789000 0.609016 0.789069 0.606526 0.789294 0.605749 0.789641 0.596831 0.796179
0 0.789932 0.790164 0.830042 0.794426 0.832333 0.783640 0.832465 0.753923 0.792564 0.749683 0.790416 0.760486
0 0.437359 0.444307 0.437646 0.444562 0.476331 0.455110 0.486879 0.416425 0.486819 0.416041 0.447956 0.405443
0 0.161749 0.091953 0.163352 0.106033 0.164445 0.107200 0.166667 0.109482 0.169679 0.112529 0.173024 0.115881 0.176198 0.119032 0.178722 0.121506 0.180213 0.122929 0.180441 0.123080 0.193934 0.124866 0.227833 0.090883 0.224687 0.086153 0.196040 0.057577
0 0.629367 0.727999 0.629412 0.732074 0.629523 0.734946 0.629682 0.736175 0.638923 0.745744 0.687474 0.746379 0.688003 0.705920 0.685854 0.703566 0.637858 0.702939 0.629997 0.712039 0.629814 0.712676 0.629635 0.715049 0.629487 0.718791 0.629393 0.723337
0 0.297214 0.150405 0.299531 0.154401 0.328979 0.192306 0.360567 0.167766 0.358955 0.163925 0.329166 0.125581 0.318550 0.125919 0.317584 0.125988 0.315308 0.127178 0.312068 0.129308 0.308358 0.132054 0.304749 0.134994 0.301796 0.137675 0.299949 0.139688 0.299488 0.140727
0 0.200638 0.847993 0.204941 0.888320 0.245268 0.884017 0.248761 0.878751 0.244517 0.838977 0.204743 0.843221
