0 0.542440 0.660752 0.542526 0.661399 0.545507 0.662910 0.551103 0.665303 0.555621 0.667085 0.567156 0.671314 0.571616 0.672824 0.577049 0.674473 0.579832 0.675077 0.585517 0.660911 0.607737 0.599477 0.603155 0.588616 0.602178 0.588128 0.599630 0.587084 0.595903 0.585645 0.591559 0.584027 0.587256 0.582475 0.583642 0.581223 0.581265 0.580461 0.580489 0.580306 0.569963 0.585628 0.558223 0.617334 0.552249 0.633485 0.549790 0.640282
0 0.050833 0.686491 0.050985 0.691129 0.051764 0.697713 0.053586 0.708488 0.055640 0.717599 0.057307 0.722069 0.059194 0.724831 0.092416 0.719087 0.095868 0.718399 0.123322 0.711990 0.137759 0.708563 0.138509 0.708106 0.145273 0.699205 0.145291 0.697538 0.144938 0.694356 0.144267 0.690143 0.143380 0.685536 0.142411 0.681230 0.141506 0.677875 0.140803 0.675981 0.127328 0.646620 0.126357 0.645805 0.124342 0.644888 0.121590 0.644009 0.118521 0.643302 0.115606 0.642876 0.113291 0.642796 0.111928 0.643074 0.051154 0.685380
0 0.616188 0.484659 0.642256 0.524963 0.643900 0.525252 0.711852 0.481304 0.685483 0.440533 0.673018 0.438066 0.672020 0.438646 0.669636 0.440132 0.666232 0.442296 0.662324 0.444811 0.628660 0.466583 0.624827 0.469075 0.621641 0.471173 0.619583 0.472560 0.618969 0.473023
0 0.028171 0.433080 0.039986 0.471982 0.046311 0.472367 0.123044 0.449061 0.111391 0.410694 0.105974 0.409450
0 0.017861 0.217977 0.018234 0.231505 0.019215 0.233341 0.021133 0.236340 0.023696 0.240045 0.047116 0.272927 0.049923 0.276761 0.052537 0.280125 0.054558 0.282505 0.055679 0.283540 0.069782 0.286362 0.108879 0.258516 0.062468 0.193354 0.057410 0.189809
0 0.631281 0.303815 0.654678 0.333506 0.710534 0.344842 0.742574 0.326402 0.750058 0.302149 0.726101 0.272324 0.669980 0.260934 0.637390 0.279283
0 0.522781 0.373939 0.529527 0.391185 0.530181 0.391933 0.532120 0.393773 0.535045 0.396423 0.538514 0.399481 0.581358 0.436823 0.584859 0.439838 0.587874 0.442366 0.589947 0.444022 0.590760 0.444553 0.608766 0.448879 0.640561 0.412399 0.620042 0.392791 0.607871 0.382183 0.576697 0.355013 0.554576 0.337459
0 0.695421 0.132354 0.695591 0.132784 0.702533 0.149953 0.750698 0.154630 0.755535 0.123179 0.761093 0.065950 0.761722 0.041105 0.713557 0.036428 0.703441 0.051940 0.703084 0.053447 0.702604 0.056550 0.702074 0.060776 0.701575 0.065483 0.696082 0.122050 0.695688 0.126544 0.695455 0.130162
0 0.387645 0.601471 0.387997 0.602435 0.389495 0.603494 0.391912 0.604484 0.394880 0.605255 0.497322 0.625699 0.500367 0.626128 0.503008 0.626147 0.504840 0.625753 0.505586 0.625008 0.520891 0.549204 0.520424 0.548279 0.518826 0.547257 0.516343 0.546292 0.501711 0.542127 0.422891 0.526397 0.407705 0.524612 0.405013 0.524544 0.403103 0.524866 0.402266 0.525530
0 0.505337 0.973129 0.539114 1.000000 0.594121 1.000000 0.607192 0.999346 0.632803 0.993363 0.645682 0.985065 0.647857 0.983507 0.649249 0.982269 0.649645 0.981537 0.609123 0.912346 0.608501 0.912293 0.606923 0.912865 0.604630 0.913972 0.601970 0.915447 0.512228 0.968005 0.509588 0.969634 0.507352 0.971179 0.505858 0.972407
0 0.188242 0.056430 0.188789 0.057757 0.190391 0.059335 0.192802 0.060925 0.206815 0.068183 0.281457 0.097993 0.295681 0.102012 0.298171 0.102380 0.299891 0.102129 0.300579 0.101295 0.330508 0.031542 0.330084 0.030199 0.328588 0.028605 0.326248 0.027004 0.323420 0.025640 0.320537 0.024723 0.233711 0.000000 0.218820 0.000000
0 0.719490 0.422636 0.719790 0.423554 0.773208 0.479035 0.774419 0.479136 0.776315 0.478360 0.778606 0.476824 0.780943 0.474762 0.855046 0.401133 0.857058 0.398874 0.858425 0.396775 0.858939 0.395158 0.858522 0.394268 0.805600 0.338295 0.804356 0.338313 0.802434 0.339194 0.800126 0.340799 0.788185 0.350841 0.731170 0.407491 0.721542 0.418881 0.720106 0.420995
0 0.255124 0.472385 0.276604 0.550033 0.277628 0.549805 0.509503 0.485660 0.509547 0.485593 0.488067 0.407946
0 0.774530 0.846928 0.779799 0.894638 0.783034 0.899201 0.790343 0.904520 0.791641 0.904954 0.794575 0.905120 0.798700 0.904993 0.803385 0.904591 0.807911 0.903975 0.811581 0.903242 0.813837 0.902502 0.823252 0.894759 0.859028 0.850099 0.858140 0.842056 0.854047 0.838146
0 0.631444 0.596027 0.632334 0.652589 0.633864 0.654353 0.639675 0.659985 0.695991 0.601869 0.661122 0.568080 0.659280 0.567302 0.648457 0.567518 0.647623 0.568087 0.645642 0.569886 0.642818 0.572637 0.639577 0.575923 0.636410 0.579249 0.633793 0.582113 0.632124 0.584082 0.631660 0.584852
0 0.576185 0.074842 0.598650 0.094388 0.645047 0.126772 0.649953 0.129428 0.672864 0.096561 0.628721 0.057121 0.599250 0.041757
0 0.913571 0.106996 0.914311 0.109752 0.915799 0.113507 0.917810 0.117694 0.920039 0.121681 0.922150 0.124866 0.923825 0.126767 0.933608 0.132409 0.976218 0.110309 0.981724 0.105804 0.944465 0.033967 0.937281 0.037692 0.932284 0.042976 0.915192 0.096901 0.913694 0.105662
0 0.173155 0.439709 0.185746 0.486604 0.197539 0.492851 0.198824 0.492622 0.201681 0.491954 0.205672 0.490948 0.210195 0.489757 0.214566 0.488560 0.218125 0.487539 0.220334 0.486847 0.220852 0.486592 0.227969 0.476385 0.256229 0.427381 0.254154 0.419654 0.251312 0.418725
