0 0.508614 0.695893 0.508717 0.699481 0.509675 0.701742 0.512616 0.707913 0.515035 0.712352 0.558891 0.729344 0.567730 0.732260 0.587660 0.738466 0.592044 0.734169 0.598352 0.724615 0.602011 0.716721 0.603128 0.707966 0.601612 0.700912 0.599123 0.698410 0.590925 0.692877 0.586808 0.690609 0.528323 0.660348 0.526255 0.659780 0.523618 0.660098 0.520815 0.661257 0.518273 0.663077 0.516383 0.665282 0.515432 0.667534 0.509380 0.691523
0 0.465258 0.875430 0.496320 0.880435 0.502873 0.881313 0.545521 0.885298 0.554742 0.878969 0.555268 0.878321 0.555999 0.875941 0.556825 0.872191 0.557617 0.867643 0.558256 0.862997 0.558642 0.858967 0.558717 0.856167 0.556055 0.835927 0.555689 0.833407 0.554336 0.830781 0.552203 0.828448 0.549612 0.826760 0.546955 0.825974 0.544636 0.826210 0.471569 0.833882 0.470637 0.836648 0.468947 0.844089 0.467355 0.853134 0.466349 0.861206 0.465428 0.870999
0 0.072043 0.119913 0.072485 0.121892 0.102743 0.185522 0.107354 0.186849 0.111227 0.187207 0.119141 0.187415 0.127292 0.187228 0.137677 0.186455 0.143762 0.185358 0.143704 0.165436 0.143532 0.151638 0.143412 0.148146 0.140154 0.104732 0.138972 0.103207 0.131953 0.095923 0.131101 0.095236 0.128527 0.094688 0.124619 0.094364 0.119974 0.094314 0.115304 0.094546 0.111328 0.095024 0.108656 0.095675 0.077297 0.107836 0.075729 0.109147 0.074211 0.111392 0.072977 0.114229 0.072216 0.117222
0 0.777647 0.176912 0.777672 0.178297 0.790356 0.207585 0.791393 0.209543 0.793358 0.212580 0.795952 0.216235 0.798783 0.219955 0.801425 0.223181 0.803478 0.225423 0.804628 0.226340 0.815846 0.227375 0.851935 0.202429 0.854748 0.200311 0.881082 0.179201 0.879989 0.175431 0.877600 0.170901 0.872131 0.163196 0.865392 0.154772 0.861124 0.150004 0.857941 0.147095 0.857018 0.146804 0.785265 0.164386 0.784089 0.165109 0.782561 0.166811 0.780914 0.169233 0.779401 0.172005 0.778254 0.174702
0 0.602859 0.991236 0.603333 0.993497 0.643559 0.995610 0.645672 0.955383 0.645004 0.953296 0.604962 0.951194
0 0.396521 0.544540 0.415724 0.579950 0.451134 0.560748 0.451358 0.560469 0.432243 0.525221 0.431932 0.525337
0 0.819911 0.120630 0.820103 0.125324 0.820463 0.129821 0.820937 0.133444 0.821452 0.135643 0.829057 0.145634 0.845028 0.144673 0.849017 0.140566 0.846588 0.100176 0.830432 0.101148 0.820483 0.111984 0.820116 0.113411 0.819915 0.116448
0 0.829296 0.603402 0.832400 0.651302 0.836242 0.653051 0.916998 0.647818 0.913858 0.599365 0.902897 0.590783 0.901451 0.590723 0.898398 0.590790 0.894207 0.590975 0.889511 0.591249 0.849503 0.593841 0.845000 0.594164 0.841360 0.594486 0.839133 0.594761 0.838664 0.594945
0 0.683364 0.658112 0.687021 0.697944 0.691396 0.702574 0.740313 0.698082 0.746784 0.688034 0.747029 0.687359 0.747066 0.684929 0.746890 0.681113 0.746527 0.676492 0.746033 0.671777 0.745483 0.667693 0.744963 0.664863 0.744551 0.663718 0.736570 0.657318 0.731163 0.653722
0 0.624660 0.686100 0.624740 0.687260 0.633279 0.697191 0.681629 0.701652 0.689064 0.621069 0.686903 0.619686 0.639106 0.615276 0.630654 0.623165 0.630397 0.623916 0.630012 0.626377 0.629557 0.630169 0.629100 0.634718 0.625416 0.674640 0.625026 0.679271 0.624761 0.683293
0 0.390722 0.235832 0.390754 0.237107 0.392010 0.240128 0.400085 0.250592 0.447725 0.256459 0.452614 0.216759 0.451506 0.210133 0.402751 0.204129 0.393738 0.212871 0.393483 0.213410 0.393037 0.215719 0.392471 0.219447 0.391869 0.224026 0.391325 0.228752 0.390922 0.232898
0 0.258409 0.761473 0.386199 0.966619 0.454580 0.924022 0.454789 0.922079 0.327585 0.717873 0.259517 0.760275
0 0.628016 0.710737 0.630896 0.772260 0.632059 0.782749 0.872478 0.765527 0.872913 0.703680 0.870833 0.693343
0 0.756883 0.708671 0.836398 0.721681 0.836473 0.721679 0.836730 0.720490 0.837132 0.718292 0.852398 0.630854 0.852893 0.627911 0.853392 0.624762 0.853818 0.621887 0.854105 0.619728 0.854211 0.618611 0.773381 0.605587 0.773362 0.605693 0.773153 0.606990 0.772786 0.609277 0.758816 0.696538 0.757866 0.702483 0.757413 0.705328 0.757068 0.707501
0 0.206415 0.436582 0.220393 0.482910 0.249731 0.474878 0.264938 0.470290 0.303888 0.458538 0.329590 0.449963 0.315611 0.403635 0.297419 0.400173 0.296268 0.400307 0.293522 0.400955 0.289597 0.402018 0.285094 0.403334 0.230306 0.419864 0.225931 0.421227 0.222370 0.422423 0.220168 0.423268 0.219657 0.423636
0 0.301590 0.193422 0.304633 0.250839 0.307735 0.281344 0.356058 0.278782 0.363746 0.261934 0.363877 0.261331 0.363891 0.258985 0.363786 0.255258 0.363577 0.250715 0.360568 0.193962 0.360288 0.189273 0.359976 0.185131 0.359680 0.182163 0.359446 0.180823 0.350020 0.164883 0.301697 0.167445
