0 0.726772 0.138915 0.729729 0.146157 0.735233 0.151715 0.742445 0.154746 0.750268 0.154784 0.757510 0.151827 0.763068 0.146323 0.763521 0.145714 0.766557 0.138490 0.766596 0.130654 0.763633 0.123399 0.758120 0.117831 0.750896 0.114796 0.743059 0.114757 0.735805 0.117719 0.730237 0.123233 0.729841 0.123880 0.726811 0.131092
0 0.381031 0.434511 0.382470 0.438899 0.385420 0.443906 0.389428 0.448761 0.393876 0.452716 0.398081 0.455165 0.401398 0.455737 0.410791 0.452945 0.413183 0.451220 0.417457 0.447617 0.417743 0.443725 0.418193 0.434430 0.417084 0.431151 0.414866 0.427418 0.411875 0.423794 0.408561 0.420826 0.405425 0.418964 0.402944 0.418493 0.392360 0.417216 0.389924 0.418871 0.385658 0.422500 0.381316 0.431411
0 0.270129 0.129545 0.271122 0.137321 0.275016 0.144125 0.275403 0.144737 0.281593 0.149525 0.289145 0.151579 0.296908 0.150588 0.303700 0.146700 0.308488 0.140510 0.310542 0.132959 0.309551 0.125195 0.309223 0.124550 0.305329 0.117746 0.299128 0.112950 0.291563 0.110892 0.283787 0.111885 0.276983 0.115779 0.272186 0.121980
0 0.240332 0.404387 0.242724 0.411849 0.247791 0.417827 0.254759 0.421412 0.255180 0.421547 0.262976 0.422190 0.270426 0.419802 0.276393 0.414744 0.279972 0.407788 0.280616 0.399992 0.278227 0.392542 0.273170 0.386575 0.266214 0.382996 0.265811 0.382795 0.258001 0.382150 0.250539 0.384543 0.244562 0.389609 0.240977 0.396577
0 0.705127 0.069664 0.705408 0.075529 0.706044 0.077502 0.710381 0.086791 0.713257 0.088091 0.718064 0.088899 0.724068 0.089088 0.730347 0.088628 0.735933 0.087591 0.739969 0.086135 0.741841 0.084487 0.745419 0.074619 0.745162 0.068741 0.744443 0.066785 0.736349 0.059425 0.734166 0.058483 0.730555 0.057906 0.726068 0.057779 0.721381 0.058123 0.717202 0.058883 0.714164 0.059948 0.712728 0.061155
0 0.301607 0.838654 0.340468 0.850604 0.377011 0.831251 0.391278 0.823694 0.392778 0.819246 0.404563 0.780920 0.366237 0.769133 0.316126 0.795674 0.313558 0.799793
0 0.161513 0.733383 0.184448 0.748154 0.235878 0.773864 0.263535 0.784382 0.285172 0.741098 0.274319 0.726093 0.273795 0.725383 0.271708 0.723961 0.268379 0.722044 0.264313 0.719923 0.213478 0.694511 0.209275 0.692499 0.205555 0.690892 0.202883 0.689934 0.201666 0.689774 0.183150 0.690098
0 0.891196 0.850950 0.915690 0.882698 0.921481 0.888029 0.962494 0.893319 0.978506 0.895384 1.000000 0.870550 1.000000 0.865459 0.985860 0.838359 0.979184 0.833712 0.922943 0.826457
0 0.777463 0.260909 0.777982 0.276610 0.795760 0.355581 0.801962 0.369738 0.803616 0.372035 0.805615 0.373351 0.807655 0.373482 0.868855 0.360430 0.870649 0.359360 0.871904 0.357258 0.872427 0.354446 0.872136 0.351352 0.849208 0.249504 0.848152 0.246617 0.846495 0.244393 0.844493 0.243172 0.842450 0.243137 0.780910 0.254681 0.779161 0.255843 0.777951 0.258030
0 0.579877 0.345240 0.580176 0.345861 0.581165 0.347358 0.582692 0.349503 0.584528 0.351968 0.647358 0.434844 0.649233 0.437273 0.650876 0.439311 0.652037 0.440650 0.652539 0.441085 0.716436 0.392643 0.716257 0.392062 0.715366 0.390594 0.713899 0.388463 0.712078 0.385992 0.648960 0.302736 0.647076 0.300320 0.645428 0.298343 0.644269 0.297107 0.643774 0.296798
0 0.022843 0.000000 0.028215 0.085249 0.029789 0.100896 0.030186 0.103695 0.030645 0.105726 0.031095 0.106681 0.111120 0.101646 0.111422 0.101387 0.111602 0.099950 0.111631 0.097558 0.111506 0.094572 0.105099 0.000000
0 0.348168 0.079349 0.349903 0.084157 0.410617 0.136251 0.441874 0.099822 0.441000 0.085795 0.440224 0.084649 0.438167 0.082475 0.435139 0.079604 0.431605 0.076476 0.400968 0.050188 0.397477 0.047289 0.394575 0.045073 0.392705 0.043876 0.379786 0.042500
0 0.601055 0.890922 0.601613 0.892254 0.602939 0.895021 0.604831 0.898800 0.606999 0.903016 0.625648 0.938820 0.627755 0.942814 0.629473 0.945963 0.630538 0.947787 0.630790 0.948010 0.642910 0.953805 0.685974 0.931375 0.683848 0.926445 0.646892 0.855493 0.604321 0.877667
0 0.621514 0.653187 0.755075 0.853292 0.756248 0.854919 0.823258 0.810194 0.689081 0.609167 0.688216 0.608666
0 0.773439 0.483000 0.818006 0.549436 0.819466 0.549663 0.999748 0.419670 1.000000 0.416523 1.000000 0.402902 0.999711 0.399574 0.974919 0.348606 0.972749 0.349299
0 0.000000 0.181159 0.003775 0.259910 0.006049 0.261011 0.245608 0.238818 0.238210 0.158966 0.237005 0.157395 0.000000 0.179690
0 0.706609 0.344626 0.711121 0.355294 0.750008 0.375349 0.753192 0.376831 0.765458 0.382073 0.783664 0.389798 0.783936 0.389770 0.786101 0.385949 0.788601 0.381081 0.792721 0.372438 0.797154 0.362791 0.799620 0.357214 0.801071 0.353661 0.801159 0.353150 0.752666 0.299170 0.751342 0.298248 0.749028 0.297539 0.746075 0.297153 0.742936 0.297148 0.740092 0.297526 0.737977 0.298227 0.736912 0.299145 0.716865 0.322751 0.716569 0.323374 0.715539 0.325563 0.713933 0.328981 0.711997 0.333110 0.710021 0.337326 0.708304 0.340994 0.707106 0.343557
0 0.768952 0.711364 0.772304 0.716536 0.778387 0.724996 0.783301 0.731496 0.788202 0.737677 0.790684 0.740617 0.793939 0.743817 0.863243 0.726941 0.864911 0.726142 0.866792 0.724389 0.868598 0.721948 0.870054 0.719194 0.870935 0.716548 0.871108 0.714414 0.860063 0.682918 0.858687 0.680563 0.856443 0.677247 0.853673 0.673479 0.850804 0.669838 0.848276 0.666883 0.846475 0.665064 0.845673 0.664655 0.833855 0.663674 0.797926 0.688432 0.795126 0.690534 0.784446 0.698945
0 0.215027 0.576962 0.217748 0.588209 0.219183 0.589496 0.221991 0.591444 0.225743 0.593757 0.229864 0.596080 0.233722 0.598055 0.236723 0.599380 0.238412 0.599854 0.270403 0.607357 0.271353 0.607563 0.273120 0.606975 0.275434 0.605683 0.277943 0.603884 0.280263 0.601853 0.282037 0.599901 0.282995 0.598326 0.289573 0.526589 0.287642 0.524532 0.284978 0.522686 0.278808 0.518829 0.271901 0.514793 0.262361 0.509566 0.255883 0.506402 0.254748 0.506470 0.237785 0.534614 0.236049 0.537654 0.222284 0.563338
0 0.086408 0.688940 0.087189 0.691462 0.088705 0.695084 0.090727 0.699252 0.092943 0.703326 0.095014 0.706680 0.096621 0.708801 0.097521 0.709370 0.108886 0.712573 0.131181 0.701108 0.153895 0.689427 0.155107 0.688792 0.180154 0.675639 0.181045 0.675146 0.179554 0.670581 0.175923 0.662968 0.169886 0.651229 0.165799 0.643833 0.162933 0.639922 0.161984 0.640303 0.147174 0.647707 0.135500 0.653654 0.090488 0.676794 0.086481 0.687901
