0 0.889752 0.448329 0.889764 0.449030 0.890267 0.460670 0.903653 0.469433 0.908320 0.469079 0.930481 0.435225 0.916939 0.426361 0.912174 0.427203 0.902984 0.428834 0.901950 0.429695 0.900072 0.431957 0.897637 0.435273 0.895012 0.439142 0.892593 0.442978 0.890747 0.446203
0 0.313565 0.358308 0.333626 0.393240 0.334388 0.393729 0.369160 0.373761 0.349191 0.338989 0.348497 0.338248
0 0.621324 0.053788 0.631115 0.066442 0.662752 0.041965 0.664633 0.036670 0.654729 0.023869 0.641706 0.024702 0.639790 0.025774 0.636788 0.027822 0.633159 0.030534 0.629459 0.033493 0.626258 0.036244 0.624044 0.038367 0.623154 0.039538
0 0.270591 0.497892 0.310513 0.503266 0.311382 0.503251 0.316731 0.463512 0.315887 0.463344 0.275966 0.457970
0 0.482460 0.367530 0.482503 0.373825 0.483434 0.379712 0.485106 0.384285 0.487263 0.386848 0.496355 0.390592 0.499224 0.390798 0.504836 0.390692 0.507446 0.387886 0.513737 0.380927 0.514915 0.377698 0.515535 0.373410 0.515502 0.368711 0.514823 0.364310 0.513598 0.360872 0.512012 0.358921 0.504563 0.351271 0.501704 0.350982 0.496082 0.351114 0.487044 0.355305 0.484921 0.357503 0.483310 0.361796
0 0.477169 0.138461 0.477631 0.143001 0.478807 0.147550 0.480519 0.151423 0.482511 0.154033 0.490324 0.159629 0.493618 0.161219 0.499053 0.160028 0.501827 0.158602 0.509619 0.152942 0.511085 0.149550 0.511558 0.144422 0.510962 0.138344 0.509386 0.132249 0.507075 0.127075 0.504383 0.123619 0.501726 0.122402 0.491948 0.120378 0.486497 0.121547 0.483753 0.123051 0.478555 0.132051 0.477493 0.134616
0 0.435436 0.944235 0.435533 0.952071 0.438622 0.959272 0.444232 0.964744 0.451509 0.967652 0.459344 0.967554 0.466546 0.964465 0.472017 0.958856 0.474925 0.951579 0.474968 0.950803 0.474871 0.942981 0.471787 0.935792 0.466187 0.930329 0.458923 0.927427 0.451101 0.927524 0.443912 0.930608 0.438449 0.936208 0.435547 0.943472
0 0.090238 0.644799 0.090444 0.650756 0.091880 0.656885 0.094324 0.662244 0.097397 0.666007 0.100627 0.667605 0.109866 0.669590 0.115096 0.668415 0.118687 0.667409 0.121310 0.663568 0.125151 0.655959 0.125906 0.652307 0.125735 0.647857 0.124663 0.643282 0.122853 0.639271 0.120577 0.636433 0.113702 0.631092 0.109697 0.629027 0.104481 0.630224 0.100862 0.631152 0.093433 0.636894 0.091289 0.639931
0 0.671030 0.903812 0.671338 0.904538 0.673476 0.906750 0.677126 0.910115 0.681730 0.914121 0.686581 0.918150 0.690931 0.921582 0.694111 0.923889 0.695639 0.924722 0.705154 0.919596 0.709013 0.914950 0.708311 0.903138 0.708030 0.902596 0.706388 0.900947 0.703638 0.898445 0.700198 0.895470 0.696588 0.892472 0.693352 0.889902 0.690980 0.888150 0.689833 0.887482 0.678229 0.888840 0.674378 0.893477
0 0.291986 0.928209 0.329528 0.943303 0.347639 0.898252 0.349381 0.893701 0.344239 0.885030 0.343593 0.884181 0.341346 0.882778 0.337843 0.881037 0.333614 0.879221 0.329299 0.877602 0.325548 0.876427 0.322929 0.875873 0.321843 0.876026 0.312268 0.878780 0.310097 0.883159
0 0.844909 0.094162 0.848922 0.104486 0.850678 0.106415 0.853623 0.108933 0.857312 0.111660 0.861188 0.114183 0.864666 0.116121 0.867221 0.117182 0.868460 0.117201 0.877773 0.116965 0.882140 0.112537 0.909819 0.072644 0.876575 0.049578 0.872272 0.054726
0 0.915075 0.074458 0.915079 0.076555 0.920054 0.088687 0.967307 0.097120 0.972710 0.092463 0.979819 0.052630 0.932019 0.044099 0.919707 0.053138 0.918992 0.054630 0.918066 0.057697 0.917069 0.061868 0.916151 0.066514 0.915451 0.070933
0 0.040691 0.640943 0.058435 0.686140 0.096099 0.671353 0.100715 0.669394 0.083173 0.624715 0.070164 0.620414 0.068740 0.620909 0.065815 0.622003 0.061834 0.623530 0.057404 0.625257 0.053207 0.626917 0.049889 0.628256 0.047954 0.629070 0.047696 0.629235
0 0.211518 0.648875 0.211606 0.649726 0.212511 0.651348 0.214092 0.653495 0.223838 0.665230 0.278223 0.724410 0.289052 0.735063 0.291041 0.736802 0.292557 0.737814 0.293368 0.737942 0.351690 0.684068 0.351721 0.683251 0.350920 0.681657 0.349408 0.679528 0.347415 0.677190 0.276731 0.600274 0.274574 0.598097 0.272597 0.596429 0.271100 0.595522 0.270312 0.595515
0 0.807600 0.878007 0.835048 0.953346 0.835916 0.953535 0.837802 0.953276 0.840420 0.952609 0.855103 0.948023 0.930702 0.920480 0.944347 0.914746 0.946574 0.913648 0.947876 0.912745 0.948057 0.912174 0.920609 0.836835 0.919667 0.836748 0.917725 0.837093 0.915079 0.837814 0.912131 0.838803 0.814414 0.874404 0.811591 0.875518 0.809306 0.876593 0.807904 0.877467
0 0.480890 0.881247 0.481108 0.882826 0.481908 0.885168 0.487747 0.898693 0.524167 0.970342 0.532105 0.983922 0.533696 0.986285 0.535099 0.987895 0.536101 0.988506 0.605059 0.950528 0.605561 0.950016 0.605434 0.948490 0.604695 0.946184 0.603456 0.943448 0.556122 0.850326 0.554582 0.847595 0.552984 0.845305 0.551573 0.843803 0.550563 0.843317 0.481289 0.880673
0 0.453900 0.749296 0.453961 0.750494 0.508218 0.804770 0.509202 0.805160 0.510916 0.804640 0.513098 0.803288 0.515416 0.801310 0.590438 0.728619 0.592524 0.726330 0.594045 0.724093 0.594770 0.722250 0.594590 0.721082 0.540834 0.666320 0.539818 0.666046 0.538078 0.666668 0.535879 0.668089 0.524153 0.677565 0.466430 0.733495 0.456319 0.745176 0.454728 0.747428
0 0.829946 0.219178 0.841424 0.251418 0.850099 0.274286 0.857871 0.294700 0.861382 0.293405 0.868955 0.290534 0.881291 0.285835 0.889488 0.282697 0.894881 0.280600 0.896199 0.280041 0.891778 0.264848 0.867541 0.204855 0.856969 0.199648 0.856605 0.199637 0.854574 0.200284 0.851182 0.201491 0.846948 0.203074 0.842522 0.204790 0.838584 0.206375 0.835736 0.207588 0.834411 0.208242
0 0.719830 0.822298 0.720123 0.825186 0.720723 0.828279 0.721540 0.831106 0.722447 0.833231 0.723306 0.834333 0.786483 0.872689 0.787531 0.872586 0.791564 0.870635 0.797161 0.867292 0.806196 0.861263 0.813719 0.855643 0.817260 0.852212 0.819252 0.849221 0.800539 0.821185 0.798504 0.818312 0.781341 0.795929 0.772253 0.784187 0.771726 0.783574 0.760777 0.781070 0.759332 0.781684 0.756639 0.783266 0.753106 0.785575 0.749269 0.788262 0.745707 0.790921 0.742956 0.793150 0.741436 0.794612 0.720291 0.818806 0.719889 0.820058
0 0.636709 0.678816 0.651891 0.750512 0.653021 0.750901 0.657673 0.752117 0.664253 0.753690 0.675000 0.756112 0.684066 0.758020 0.688487 0.758776 0.691182 0.759008 0.698936 0.726583 0.699677 0.723151 0.705001 0.695048 0.707775 0.680208 0.701861 0.670066 0.700136 0.669684 0.696914 0.668977 0.692686 0.668053 0.688091 0.667053 0.683823 0.666126 0.680526 0.665413 0.678701 0.665022 0.678630 0.665014 0.646017 0.666232 0.645016 0.666603 0.643480 0.667926 0.641645 0.669999 0.639790 0.672506 0.638200 0.675064 0.637118 0.677280
0 0.684305 0.324205 0.685391 0.335827 0.716249 0.366785 0.718824 0.369167 0.728949 0.377991 0.743933 0.390942 0.748253 0.386339 0.755407 0.378667 0.760938 0.372716 0.766232 0.367002 0.768772 0.364250 0.771618 0.361124 0.742207 0.295244 0.741184 0.293892 0.739166 0.292461 0.736459 0.291168 0.733479 0.290212 0.730681 0.289740 0.728493 0.289822 0.727249 0.290446 0.700715 0.306443 0.699856 0.307172 0.697874 0.309147 0.695069 0.312070 0.691870 0.315493 0.688770 0.318889 0.686243 0.321738 0.684676 0.323603
0 0.000000 0.768872 0.004576 0.778713 0.005328 0.779596 0.007766 0.780794 0.011523 0.782123 0.016023 0.783380 0.020574 0.784371 0.024478 0.784945 0.027137 0.785014 0.028152 0.784570 0.036561 0.778964 0.038121 0.777821 0.050899 0.736194 0.051788 0.732814 0.055030 0.719420 0.059504 0.700014 0.053857 0.697651 0.043921 0.694622 0.036008 0.692628 0.028217 0.691047 0.024334 0.690507 0.019465 0.690686 0.007341 0.720911 0.000000 0.743185
0 0.751929 0.473050 0.752022 0.476963 0.752288 0.481560 0.755172 0.521548 0.755570 0.526146 0.756042 0.530061 0.756516 0.532701 0.756921 0.533660 0.764506 0.540835 0.767564 0.541307 0.815993 0.537813 0.810170 0.457098 0.761741 0.460592 0.758750 0.461042 0.752289 0.469459 0.752023 0.470414
0 0.711249 0.559978 0.714863 0.607842 0.724765 0.616381 0.725979 0.616465 0.728848 0.616398 0.732936 0.616190 0.737619 0.615871 0.777873 0.612832 0.782421 0.612453 0.786123 0.612073 0.788415 0.611750 0.788950 0.611534 0.798042 0.602995 0.794386 0.554578 0.791022 0.553954
0 0.110216 0.385224 0.124698 0.423513 0.133277 0.425261 0.178173 0.408280 0.181472 0.397203 0.181568 0.396480 0.181000 0.394154 0.179857 0.390583 0.178312 0.386306 0.176599 0.381970 0.174976 0.378229 0.173689 0.375649 0.172933 0.374626 0.164022 0.370866 0.156162 0.367846
0 0.152752 0.594798 0.153423 0.635161 0.153592 0.639759 0.153917 0.643578 0.154348 0.646037 0.154819 0.646762 0.161556 0.655559 0.210104 0.654751 0.213417 0.652982 0.212086 0.572994 0.164092 0.573792 0.160209 0.574645 0.153748 0.582404 0.153306 0.583432 0.152961 0.586148 0.152766 0.590140
0 0.868069 0.300240 0.879524 0.346853 0.957212 0.327762 0.962498 0.325771 0.950911 0.278619 0.938466 0.273509 0.938152 0.273430 0.936096 0.273801 0.932609 0.274569 0.928222 0.275616 0.889019 0.285250 0.884417 0.286412 0.880318 0.287508 0.877347 0.288372 0.875958 0.288870
