0 0.535538 0.778800 0.535601 0.779300 0.536370 0.782065 0.537729 0.786682 0.539472 0.792447 0.541330 0.798474 0.543017 0.803832 0.544274 0.807700 0.544909 0.809488 0.555704 0.810366 0.561476 0.808586 0.567296 0.798382 0.567206 0.797982 0.566593 0.795894 0.565552 0.792442 0.564240 0.788148 0.562858 0.783664 0.561612 0.779664 0.560691 0.776753 0.560236 0.775376 0.549727 0.770237 0.543968 0.772012
0 0.324710 0.488829 0.325357 0.496639 0.328943 0.503607 0.334922 0.508671 0.342384 0.511063 0.342655 0.511044 0.350451 0.510398 0.357407 0.506819 0.362463 0.500849 0.364851 0.493400 0.364205 0.485604 0.360626 0.478648 0.354656 0.473592 0.347207 0.471205 0.346944 0.471155 0.339134 0.471802 0.332167 0.475388 0.327102 0.481367
0 0.307222 0.235950 0.308311 0.243713 0.312290 0.250469 0.312613 0.250897 0.318862 0.255608 0.326438 0.257568 0.334188 0.256481 0.340932 0.252509 0.345643 0.246260 0.347603 0.238683 0.346515 0.230933 0.346251 0.230470 0.342272 0.223715 0.336012 0.218996 0.328422 0.217032 0.320659 0.218122 0.313904 0.222100 0.309185 0.228360
0 0.842421 0.018989 0.842427 0.022051 0.842633 0.025177 0.843007 0.027887 0.843493 0.029768 0.844015 0.030534 0.898712 0.076444 0.900517 0.076895 0.903244 0.076099 0.909661 0.073659 0.916910 0.070523 0.927006 0.065696 0.933953 0.061868 0.935318 0.060307 0.922163 0.030351 0.920721 0.027165 0.908553 0.000531 0.908337 0.000118 0.907380 0.000065 0.902117 0.000000 0.869374 0.000000 0.843463 0.014398 0.842982 0.014847 0.842616 0.016459
0 0.074462 0.957576 0.075200 0.960148 0.076611 0.962881 0.078478 0.965357 0.080515 0.967195 0.082410 0.968116 0.115324 0.972649 0.117975 0.972652 0.121894 0.972191 0.126481 0.971336 0.131030 0.970218 0.134843 0.969009 0.137337 0.967894 0.138138 0.967043 0.144170 0.956588 0.137261 0.913592 0.136567 0.910167 0.133627 0.896712 0.129104 0.877320 0.123118 0.877682 0.112918 0.879340 0.104918 0.881040 0.097156 0.883060 0.093361 0.884291 0.088855 0.886611 0.074507 0.955557
0 0.211820 0.320106 0.211914 0.322980 0.212362 0.327044 0.213098 0.331676 0.214006 0.336164 0.214949 0.339819 0.215781 0.342083 0.216376 0.342616 0.225309 0.348267 0.226486 0.348755 0.269739 0.343222 0.273188 0.342638 0.286577 0.339914 0.306048 0.335914 0.305532 0.329497 0.304034 0.319067 0.302621 0.311080 0.301031 0.303510 0.300108 0.299926 0.298504 0.296086 0.229351 0.278839 0.227464 0.278898 0.224962 0.279675 0.222228 0.281053 0.219679 0.282822 0.217708 0.284710 0.216613 0.286429
0 0.316975 0.547521 0.408919 0.770404 0.483213 0.739755 0.483290 0.738659 0.391765 0.516796 0.391269 0.516873
0 0.063794 0.588644 0.083799 0.657119 0.088083 0.663532 0.315889 0.580179 0.293501 0.512798 0.290097 0.505842
0 0.234352 0.826037 0.265321 0.863433 0.296485 0.837625 0.298811 0.833767 0.268195 0.796798 0.255214 0.797051 0.254830 0.797245 0.253093 0.798578 0.250271 0.800845 0.246791 0.803702 0.243179 0.806718 0.239979 0.809438 0.237676 0.811450 0.236623 0.812447
0 0.207471 0.714929 0.208130 0.727743 0.247779 0.755771 0.250661 0.752848 0.273751 0.720186 0.234556 0.692478 0.221405 0.695219 0.220506 0.696228 0.218678 0.698590 0.216200 0.701946 0.213450 0.705784 0.210851 0.709513 0.208802 0.712561 0.207616 0.714463
0 0.726889 0.838951 0.729512 0.842869 0.757991 0.882195 0.790763 0.858462 0.762284 0.819137 0.759286 0.815489 0.749245 0.815098 0.748174 0.815220 0.745783 0.816400 0.742439 0.818453 0.738647 0.821069 0.734981 0.823854 0.731993 0.826386 0.730136 0.828284 0.729695 0.829255
0 0.835926 0.101564 0.852812 0.146496 0.890255 0.132424 0.894767 0.128175 0.877686 0.082724 0.864598 0.079718 0.862552 0.080170 0.859147 0.081236 0.854903 0.082757 0.850472 0.084496 0.846535 0.086188 0.843695 0.087574 0.842381 0.088441
0 0.600681 0.692330 0.601169 0.692973 0.602807 0.693578 0.605343 0.694053 0.620263 0.695721 0.700538 0.699709 0.715986 0.699549 0.718721 0.699336 0.720656 0.698908 0.721496 0.698332 0.724067 0.619693 0.723686 0.618992 0.722140 0.618335 0.719666 0.617824 0.716640 0.617538 0.612306 0.612355 0.609209 0.612337 0.606532 0.612592 0.604686 0.613080 0.603949 0.613726
0 0.433997 0.511313 0.473075 0.521087 0.473198 0.520991 0.482928 0.482092 0.482849 0.482009 0.443771 0.472235
0 0.195096 0.583239 0.200797 0.618915 0.204479 0.625380 0.243415 0.616195 0.237512 0.580657 0.233982 0.574038
0 0.421710 0.884138 0.457683 0.902266 0.475811 0.866294 0.475921 0.864615 0.440114 0.846570 0.422069 0.882378
0 0.883370 0.187485 0.903324 0.222153 0.937991 0.202199 0.940003 0.200832 0.919958 0.166005 0.885131 0.186050
