0 0.679686 0.338501 0.683540 0.378336 0.691207 0.377647 0.740987 0.371933 0.752812 0.369599 0.756496 0.357890 0.756893 0.353787 0.756716 0.349080 0.755994 0.344490 0.754835 0.340724 0.748883 0.328983 0.702012 0.333056
0 0.373622 0.069608 0.374307 0.083821 0.375138 0.085001 0.377172 0.087259 0.380096 0.090252 0.383468 0.093525 0.386779 0.096587 0.389529 0.098973 0.391302 0.100322 0.391825 0.100427 0.404097 0.102044 0.460645 0.100531 0.466149 0.094725 0.465758 0.090040 0.407025 0.034368
0 0.370512 0.193061 0.371991 0.196569 0.419882 0.199810 0.428494 0.190635 0.428650 0.190127 0.428906 0.187869 0.429223 0.184207 0.429552 0.179698 0.429844 0.175020 0.430056 0.170881 0.430154 0.167906 0.430124 0.166552 0.421688 0.155970 0.384050 0.112867 0.375976 0.112321
0 0.246720 0.596436 0.251929 0.602628 0.308939 0.607547 0.321698 0.608292 0.322635 0.607559 0.324830 0.605759 0.327947 0.603168 0.331515 0.600178 0.334994 0.597240 0.337860 0.594799 0.339679 0.593223 0.340170 0.592754 0.341734 0.580570 0.310836 0.543837 0.308649 0.544344
0 0.808725 0.354634 0.809262 0.374309 0.834860 0.376611 0.891340 0.379197 0.897660 0.379262 0.899484 0.339239 0.848855 0.333971 0.811098 0.334020
0 0.051013 0.352786 0.057236 0.392963 0.063323 0.394435 0.142573 0.382159 0.136435 0.342534 0.131367 0.340339
0 0.438434 0.752430 0.517967 0.767375 0.526934 0.719656 0.526626 0.717145 0.520451 0.708505 0.519522 0.708061 0.516935 0.707347 0.513087 0.706472 0.508560 0.705568 0.469158 0.698164 0.464625 0.697365 0.460760 0.696791 0.458148 0.696529 0.457190 0.696618 0.448002 0.702371 0.447401 0.704711
0 0.614912 0.242829 0.615068 0.245711 0.615407 0.249780 0.615878 0.254421 0.620244 0.294274 0.620777 0.298797 0.621293 0.302529 0.621713 0.304906 0.621973 0.305562 0.630597 0.313700 0.678312 0.308472 0.680373 0.306258 0.671560 0.225815 0.623294 0.231102 0.614964 0.241577
0 0.771001 0.817748 0.774778 0.822177 0.851205 0.849937 0.865086 0.811724 0.860066 0.807438 0.784690 0.780060
0 0.532060 0.382271 0.534320 0.394357 0.573804 0.421652 0.574657 0.420746 0.620674 0.354178 0.580733 0.326568 0.568661 0.329322 0.568229 0.329853 0.566814 0.331820 0.564631 0.334925 0.562012 0.338694 0.539057 0.371901 0.536412 0.375746 0.534153 0.379068 0.532625 0.381358
0 0.840059 0.578013 0.872256 0.601912 0.873970 0.602381 0.897979 0.570037 0.865635 0.546027 0.863959 0.545816
0 0.821933 0.415273 0.859533 0.429204 0.861188 0.428878 0.875183 0.391106 0.837411 0.377110 0.835864 0.377674
0 0.279527 0.210492 0.280538 0.211819 0.312695 0.235771 0.336647 0.203613 0.335895 0.202249 0.303590 0.178187
0 0.607839 0.087536 0.611267 0.097685 0.613476 0.098477 0.617748 0.099219 0.623433 0.099798 0.629674 0.100129 0.635533 0.100161 0.640127 0.099890 0.642757 0.099355 0.647192 0.089622 0.647524 0.088701 0.647844 0.082669 0.640345 0.073896 0.638717 0.073270 0.635516 0.072686 0.631227 0.072235 0.626509 0.071984 0.622087 0.071975 0.618639 0.072206 0.616691 0.072642 0.608402 0.080578 0.608158 0.081517
0 0.132283 0.586906 0.134148 0.594517 0.138784 0.600835 0.145484 0.604898 0.153229 0.606087 0.160841 0.604223 0.161424 0.604044 0.167730 0.599416 0.171787 0.592727 0.172974 0.584995 0.171113 0.577397 0.166484 0.571090 0.159796 0.567033 0.152064 0.565846 0.151465 0.565960 0.143853 0.567824 0.137536 0.572460 0.133472 0.579160
0 0.217710 0.417268 0.218658 0.425047 0.222510 0.431871 0.228681 0.436701 0.236229 0.438803 0.236683 0.438908 0.244448 0.437961 0.251261 0.434116 0.256082 0.427956 0.258180 0.420420 0.257234 0.412655 0.253388 0.405842 0.247228 0.401021 0.246793 0.400851 0.239244 0.398749 0.231465 0.399697 0.224641 0.403549 0.219812 0.409720
0 0.832576 0.458464 0.833185 0.466266 0.836732 0.473242 0.842679 0.478329 0.850120 0.480754 0.850723 0.480721 0.858539 0.480111 0.865527 0.476558 0.870623 0.470600 0.873052 0.463147 0.872442 0.455331 0.868889 0.448343 0.862931 0.443247 0.855478 0.440818 0.847662 0.441428 0.847064 0.441528 0.840088 0.445076 0.835001 0.451023
0 0.749142 0.357120 0.751986 0.405035 0.761973 0.412547 0.762543 0.412607 0.764856 0.412550 0.768555 0.412384 0.773079 0.412134 0.777747 0.411838 0.781853 0.411541 0.784776 0.411287 0.786069 0.411116 0.795291 0.401539 0.792413 0.353070 0.752022 0.355468
0 0.086194 0.471207 0.095153 0.510761 0.100706 0.510614 0.139717 0.501777 0.130881 0.462765 0.125748 0.462248
0 0.904023 0.759157 0.917051 0.796976 0.921872 0.800409 0.967780 0.784595 0.970876 0.772059 0.970550 0.769884 0.969623 0.766373 0.968238 0.762061 0.966605 0.757611 0.964977 0.753707 0.963603 0.750946 0.962692 0.749746 0.949406 0.743524
0 0.425220 0.266632 0.426075 0.269299 0.449924 0.301412 0.488459 0.272793 0.490459 0.259931 0.489898 0.258876 0.488323 0.256499 0.485972 0.253164 0.483205 0.249378 0.480447 0.245724 0.478122 0.242763 0.476584 0.240948 0.476067 0.240553 0.464201 0.237683
0 0.241015 0.509057 0.242008 0.520652 0.281994 0.548197 0.284486 0.547646 0.307177 0.514705 0.267649 0.487475 0.264963 0.487330 0.254709 0.489179 0.253863 0.489923 0.252099 0.492071 0.249685 0.495300 0.246990 0.499115 0.244428 0.502931 0.242393 0.506161 0.241195 0.508312
0 0.178830 0.200372 0.328988 0.388921 0.334040 0.385958 0.391924 0.337903 0.241222 0.148671 0.235726 0.150627
0 0.447759 0.230364 0.448001 0.231611 0.653260 0.361257 0.653972 0.360613 0.697388 0.291875 0.491175 0.161626
