0 0.591488 0.433609 0.613703 0.466873 0.615018 0.466490 0.655396 0.439523 0.657143 0.428432 0.656840 0.427573 0.655559 0.425310 0.653495 0.421988 0.650961 0.418113 0.648348 0.414282 0.646057 0.411082 0.644438 0.409003 0.643737 0.408359 0.632924 0.405875 0.592546 0.432842
0 0.306406 0.497142 0.313523 0.507247 0.314174 0.507455 0.316527 0.508032 0.320224 0.508888 0.324701 0.509894 0.329271 0.510894 0.333231 0.511736 0.335975 0.512290 0.337088 0.512472 0.347670 0.505835 0.358062 0.458973 0.356421 0.458499 0.316918 0.449739
0 0.796228 0.313125 0.834182 0.325956 0.858059 0.268798 0.865593 0.238459 0.827386 0.225543 0.815715 0.254430 0.797573 0.308039
0 0.511185 0.345657 0.551905 0.371071 0.563716 0.368031 0.564118 0.367426 0.565428 0.365360 0.567446 0.362149 0.569865 0.358281 0.572321 0.354338 0.574443 0.350916 0.575910 0.348533 0.576496 0.347554 0.573929 0.335255 0.561027 0.279506 0.554162 0.275221 0.511315 0.343872
0 0.962426 0.327020 0.965164 0.339135 0.988319 0.390748 0.995796 0.393594 1.000000 0.392363 1.000000 0.316732 0.984935 0.299460 0.971296 0.305091 0.970348 0.306205 0.968895 0.308861 0.967157 0.312651 0.965398 0.317002 0.963882 0.321257 0.962838 0.324774
0 0.719875 0.439884 0.733675 0.485857 0.745182 0.491651 0.746387 0.491375 0.749175 0.490611 0.753124 0.489475 0.757630 0.488140 0.762000 0.486811 0.765563 0.485692 0.767775 0.484955 0.768301 0.484711 0.775131 0.474061 0.802252 0.423674 0.799925 0.415923 0.796497 0.416884
0 0.163379 0.814145 0.206468 0.836526 0.219451 0.831393 0.220243 0.830142 0.221759 0.827457 0.223765 0.823750 0.225959 0.819580 0.244439 0.784002 0.246494 0.779990 0.248105 0.776733 0.249028 0.774723 0.249121 0.774271 0.246699 0.761686 0.204102 0.739561 0.200681 0.742330
0 0.809284 0.474334 0.850695 0.498607 0.854749 0.498591 0.864154 0.495980 0.865100 0.495182 0.866836 0.492913 0.869097 0.489520 0.871538 0.485518 0.891952 0.450691 0.894192 0.446707 0.895881 0.443361 0.896763 0.441164 0.896704 0.440449 0.895671 0.428775 0.853782 0.404222 0.849738 0.405316
0 0.732642 0.741641 0.737397 0.821499 0.740698 0.825970 0.781182 0.823559 0.776362 0.742590 0.772572 0.739263
0 0.938327 0.179175 0.974097 0.211182 0.979578 0.207843 0.999130 0.184804 1.000000 0.183267 1.000000 0.147536 0.997356 0.115159 0.982762 0.117666 0.981514 0.118854 0.979236 0.121224 0.976276 0.124415 0.973083 0.127943 0.946349 0.157820 0.943396 0.161162 0.941122 0.163820 0.939872 0.165392 0.939840 0.165635
0 0.269816 0.488006 0.294307 0.530588 0.306870 0.533849 0.307932 0.533341 0.310438 0.531987 0.314003 0.529994 0.318088 0.527665 0.353244 0.507445 0.357243 0.505125 0.360560 0.503159 0.362694 0.501845 0.363316 0.501384 0.366834 0.489888 0.342627 0.447798 0.340786 0.447187
0 0.756093 0.638509 0.763331 0.677948 0.764543 0.678767 0.804163 0.671496 0.796892 0.631876 0.795532 0.631271
0 0.000000 0.518650 0.020720 0.548048 0.022916 0.547827 0.052179 0.520415 0.024767 0.491151 0.022579 0.491111 0.000000 0.518564
0 0.263651 0.148876 0.277886 0.186559 0.278904 0.187995 0.316414 0.173825 0.302244 0.136315 0.301333 0.134640
0 0.717823 0.329031 0.735288 0.365125 0.771382 0.347660 0.772632 0.346958 0.755086 0.310698 0.718826 0.328244
0 0.603948 0.938231 0.604426 0.940248 0.644199 0.946637 0.650587 0.906865 0.649897 0.905000 0.610307 0.898641
0 0.365789 0.745431 0.365857 0.747960 0.367413 0.762756 0.380874 0.841995 0.384411 0.857175 0.385226 0.859849 0.386085 0.861721 0.386858 0.862504 0.464004 0.847417 0.464634 0.846980 0.464964 0.845404 0.464944 0.842927 0.464575 0.839927 0.447079 0.736941 0.446421 0.733895 0.445578 0.731288 0.444679 0.729516 0.443861 0.728849 0.366598 0.743249 0.366049 0.743776
0 0.476577 0.499745 0.501513 0.575952 0.502095 0.575829 0.503751 0.575344 0.506230 0.574571 0.520636 0.569958 0.597106 0.544936 0.611355 0.540172 0.613776 0.539342 0.615345 0.538771 0.615824 0.538548 0.590887 0.462341 0.590387 0.462497 0.588799 0.463011 0.586366 0.463803 0.583458 0.464753 0.484161 0.497245 0.481241 0.498202 0.478774 0.499013 0.477136 0.499555
0 0.646986 0.941243 0.647069 0.942238 0.727024 0.948282 0.727269 0.948067 0.727570 0.946664 0.727880 0.944287 0.728151 0.941298 0.736028 0.837118 0.736218 0.833992 0.736297 0.831228 0.736252 0.829247 0.736091 0.828350 0.656136 0.822305 0.655954 0.822631 0.655707 0.824122 0.655434 0.826550 0.655176 0.829546 0.647336 0.933250 0.647131 0.936379 0.647008 0.939185
0 0.355657 0.994358 0.355717 0.995861 0.356328 0.996296 0.427283 1.000000 0.438433 1.000000 0.468555 0.934657 0.473110 0.920729 0.473668 0.918346 0.473693 0.916782 0.473179 0.916277 0.401400 0.884795 0.400370 0.885398 0.399037 0.887043 0.397604 0.889482 0.396292 0.892341 0.357142 0.989189 0.356157 0.992015
0 0.393638 0.638866 0.394631 0.640489 0.396487 0.642386 0.398925 0.644268 0.485268 0.703066 0.487899 0.704635 0.490305 0.705640 0.492119 0.705929 0.493065 0.705458 0.536950 0.642148 0.536849 0.641039 0.535751 0.639411 0.533823 0.637511 0.521929 0.627853 0.455496 0.582613 0.442257 0.575157 0.439823 0.574087 0.437965 0.573702 0.436967 0.574062 0.393659 0.637765
0 0.441488 0.336891 0.443686 0.352139 0.447966 0.380913 0.448614 0.384354 0.455661 0.416511 0.456240 0.416941 0.463040 0.416072 0.473610 0.414263 0.481510 0.412719 0.488814 0.411104 0.492147 0.410238 0.495267 0.408940 0.511885 0.339007 0.511635 0.337207 0.510699 0.334782 0.509217 0.332103 0.507418 0.329579 0.505577 0.327598 0.503975 0.326461 0.502857 0.326341 0.470867 0.322939 0.469352 0.322837 0.466272 0.323106 0.462093 0.323708 0.457456 0.324549 0.453075 0.325501 0.449620 0.326418 0.447619 0.327158
0 0.110493 0.362928 0.110526 0.398079 0.111299 0.399757 0.112933 0.401804 0.115180 0.403905 0.117696 0.405739 0.120095 0.407025 0.122011 0.407568 0.192664 0.399796 0.195084 0.397151 0.196619 0.394053 0.199411 0.387113 0.202022 0.379502 0.204997 0.369183 0.206316 0.362390 0.205413 0.361548 0.174741 0.350526 0.171420 0.349442 0.143096 0.341349 0.128043 0.337118 0.117753 0.342000 0.116498 0.343787 0.114952 0.347021 0.113350 0.351208 0.111939 0.355705 0.110936 0.359823
0 0.324104 0.127227 0.324791 0.128475 0.344015 0.138453 0.365755 0.149618 0.395666 0.164541 0.407010 0.161318 0.407606 0.160974 0.408948 0.159053 0.410833 0.155851 0.412974 0.151853 0.415048 0.147663 0.416743 0.143913 0.417801 0.141170 0.418060 0.139854 0.414081 0.128769 0.355812 0.097892 0.342290 0.091899 0.340439 0.093744 0.337385 0.098240 0.335062 0.102226 0.329439 0.113150 0.327385 0.117667 0.325062 0.123614
0 0.413787 0.185459 0.413926 0.189482 0.414198 0.194154 0.414563 0.198757 0.414964 0.202586 0.415340 0.205054 0.415633 0.205791 0.424889 0.213039 0.468553 0.211948 0.472051 0.211718 0.485493 0.210481 0.505224 0.208536 0.505020 0.202311 0.504450 0.191873 0.503917 0.183754 0.503321 0.175936 0.502979 0.172154 0.502389 0.167805 0.434678 0.143947 0.432931 0.143729 0.430459 0.144187 0.427638 0.145251 0.424902 0.146760 0.422670 0.148481 0.421280 0.150151 0.420946 0.151516 0.413973 0.181628 0.413804 0.182702
