0 0.763338 0.718083 0.764484 0.729324 0.795735 0.760077 0.798341 0.762442 0.823930 0.784304 0.827199 0.782413 0.831066 0.779153 0.837566 0.772315 0.844630 0.764140 0.848602 0.759097 0.850993 0.755486 0.851199 0.754570 0.820704 0.687507 0.819726 0.686465 0.817735 0.685268 0.815032 0.684098 0.812032 0.683135 0.809194 0.682527 0.806952 0.682366 0.805648 0.682676 0.779112 0.700559 0.777458 0.701981 0.774898 0.704507 0.771821 0.707754 0.768692 0.711230 0.765982 0.714412 0.764102 0.716819
0 0.635934 0.712053 0.636079 0.712722 0.636785 0.715038 0.637947 0.718654 0.639387 0.723017 0.640884 0.727457 0.642208 0.731292 0.643157 0.733934 0.643586 0.734983 0.661004 0.760594 0.661913 0.761655 0.663900 0.762617 0.666660 0.763331 0.669774 0.763687 0.672764 0.763632 0.675171 0.763174 0.676630 0.762383 0.730762 0.714416 0.730656 0.713950 0.729511 0.710326 0.727622 0.704553 0.724273 0.694494 0.721200 0.685414 0.719382 0.680220 0.717857 0.676052 0.717721 0.675906 0.698739 0.681514 0.685911 0.685353 0.682581 0.686461 0.641681 0.701937
0 0.327220 0.339521 0.335263 0.352726 0.350547 0.377585 0.352488 0.380497 0.371476 0.407287 0.372317 0.407539 0.378342 0.404144 0.387408 0.398372 0.394059 0.393851 0.400087 0.389469 0.402753 0.387331 0.404932 0.384804 0.393077 0.314072 0.392101 0.312488 0.390261 0.310606 0.387837 0.308712 0.385200 0.307097 0.382754 0.306008 0.380872 0.305611 0.348865 0.315227 0.347361 0.315683 0.344576 0.317102 0.340931 0.319270 0.336988 0.321855 0.333351 0.324460 0.330579 0.326684 0.329094 0.328188
0 0.693987 0.281957 0.694327 0.283169 0.713282 0.309223 0.714739 0.310705 0.717341 0.313081 0.720694 0.315990 0.724292 0.318992 0.727591 0.321634 0.730093 0.323518 0.731416 0.324355 0.742581 0.322684 0.743004 0.322364 0.753080 0.311328 0.772111 0.290304 0.774374 0.287612 0.795261 0.261330 0.793333 0.258490 0.789976 0.254957 0.782907 0.248792 0.774444 0.241967 0.769216 0.238054 0.765466 0.235602 0.764507 0.235290 0.698585 0.267988 0.697599 0.269077 0.696492 0.271165 0.695433 0.273933 0.694585 0.276958 0.694078 0.279776
0 0.845852 0.285119 0.848676 0.292414 0.854078 0.298072 0.861234 0.301233 0.869055 0.301414 0.876350 0.298589 0.876998 0.298242 0.882665 0.292831 0.885831 0.285663 0.886013 0.277829 0.883183 0.270521 0.877772 0.264854 0.870604 0.261687 0.862770 0.261506 0.855462 0.264336 0.854851 0.264741 0.849194 0.270143 0.846033 0.277298
0 0.779026 0.359272 0.781045 0.364601 0.785891 0.369849 0.788700 0.372816 0.792677 0.375100 0.797214 0.376348 0.801614 0.376370 0.807325 0.375496 0.813319 0.373482 0.817038 0.369731 0.818587 0.365302 0.819471 0.360397 0.818163 0.352437 0.816502 0.348187 0.812728 0.344251 0.807419 0.341224 0.801376 0.339562 0.795512 0.339514 0.790711 0.341090 0.785236 0.346235 0.781476 0.349942 0.779973 0.354382
0 0.768956 0.085524 0.770188 0.093250 0.774283 0.099915 0.780616 0.104506 0.788225 0.106324 0.795950 0.105092 0.802615 0.100997 0.803136 0.100310 0.807736 0.093966 0.809556 0.086344 0.808322 0.078606 0.804220 0.071929 0.797876 0.067330 0.790254 0.065509 0.782516 0.066743 0.775839 0.070845 0.771240 0.077189 0.770774 0.077916
0 0.215636 0.755766 0.241989 0.786232 0.272455 0.759879 0.273498 0.758688 0.247266 0.728362 0.216939 0.754594
0 0.596880 0.735873 0.597326 0.736958 0.618107 0.771466 0.652615 0.750685 0.631834 0.716177 0.631230 0.715187
0 0.295634 0.154327 0.296089 0.194606 0.297024 0.196006 0.337118 0.195553 0.336666 0.155458 0.335914 0.153872
0 0.208711 0.326567 0.216860 0.359805 0.220096 0.367712 0.258774 0.356690 0.250431 0.323603 0.247335 0.315561
0 0.453398 0.900209 0.456972 0.940233 0.496996 0.936659 0.497010 0.934663 0.493452 0.894822 0.453611 0.898379
0 0.499106 0.221229 0.499760 0.227326 0.506257 0.283501 0.509566 0.309910 0.529547 0.308652 0.549631 0.305278 0.546129 0.268858 0.538905 0.216628
0 0.196049 0.400250 0.198352 0.413566 0.220452 0.445991 0.288120 0.402872 0.287942 0.400658 0.265735 0.368382 0.230383 0.378492
0 0.130242 0.225965 0.130913 0.278325 0.138578 0.314638 0.159794 0.313292 0.178625 0.309861 0.177903 0.283464 0.171229 0.227313 0.170025 0.221219
0 0.125992 0.079989 0.145974 0.124013 0.165128 0.158273 0.184319 0.150609 0.201007 0.139853 0.190584 0.117746 0.164775 0.067455 0.161634 0.061691
0 0.290290 0.544476 0.301461 0.577033 0.326159 0.627895 0.363204 0.612635 0.361258 0.607197 0.339700 0.554897 0.327581 0.529115 0.309417 0.536288
0 0.217992 0.433791 0.218732 0.434702 0.220573 0.435642 0.223233 0.436469 0.238414 0.439796 0.318018 0.450893 0.332952 0.451764 0.335519 0.451666 0.337221 0.451219 0.337797 0.450492 0.349447 0.373933 0.348821 0.372975 0.347079 0.371993 0.344484 0.371136 0.341433 0.370537 0.237972 0.356115 0.234950 0.355867 0.232437 0.356012 0.230816 0.356525 0.230333 0.357329
0 0.273898 0.735773 0.501458 0.817204 0.528602 0.741351 0.528471 0.740244 0.301953 0.659186 0.301041 0.659920
0 0.483006 0.704928 0.547903 0.752665 0.691115 0.557972 0.626218 0.510235 0.625639 0.510188 0.483083 0.703988
