0 0.391072 0.675622 0.452123 0.728189 0.609824 0.545036 0.548773 0.492469 0.548550 0.492504 0.391572 0.674818
0 0.474624 0.534347 0.475094 0.536476 0.476045 0.539981 0.477332 0.544328 0.478759 0.548850 0.480104 0.552852 0.481163 0.555719 0.481773 0.557018 0.499336 0.583867 0.500098 0.584805 0.501970 0.585693 0.504667 0.586395 0.507777 0.586803 0.510825 0.586855 0.513342 0.586543 0.514947 0.585916 0.569895 0.538106 0.569061 0.534719 0.568084 0.531347 0.565896 0.524087 0.563497 0.516332 0.560243 0.506075 0.558101 0.499615 0.557836 0.499301 0.525688 0.508221 0.522316 0.509269 0.480860 0.524026 0.480493 0.524296 0.474705 0.533915
0 0.600150 0.516197 0.626044 0.583402 0.627306 0.584699 0.629478 0.586132 0.632230 0.587482 0.635140 0.588542 0.637762 0.589150 0.639696 0.589213 0.640647 0.588723 0.669069 0.573135 0.670430 0.572287 0.672857 0.570257 0.675981 0.567354 0.679323 0.564021 0.682369 0.560771 0.684652 0.558103 0.685824 0.556425 0.685369 0.544892 0.674852 0.533650 0.654908 0.512493 0.652421 0.510029 0.628412 0.487493 0.627578 0.487612 0.622391 0.492299 0.614683 0.499841 0.609073 0.505585 0.604030 0.511002 0.601831 0.513544
0 0.164395 0.852049 0.164507 0.856249 0.165052 0.858465 0.198402 0.861312 0.201909 0.861549 0.230317 0.863005 0.245296 0.863758 0.254557 0.856320 0.254703 0.856183 0.254970 0.854252 0.255316 0.850828 0.255688 0.846431 0.256031 0.841728 0.256293 0.837426 0.256435 0.834176 0.256433 0.832472 0.250811 0.799982 0.250213 0.799154 0.248612 0.797913 0.246252 0.796449 0.243494 0.794987 0.240760 0.793749 0.238468 0.792925 0.236968 0.792641 0.167774 0.818439 0.167394 0.819810 0.166633 0.824866 0.165866 0.831795 0.164915 0.842892
0 0.885420 0.585251 0.886478 0.593002 0.890421 0.599758 0.896649 0.604491 0.897332 0.604671 0.904215 0.606481 0.904911 0.606664 0.912675 0.605604 0.919443 0.601655 0.924184 0.595416 0.926177 0.587837 0.925117 0.580073 0.921168 0.573305 0.914928 0.568564 0.907350 0.566571 0.906650 0.566456 0.898899 0.567515 0.892143 0.571457 0.887410 0.577686
0 0.815042 0.215298 0.816480 0.222990 0.820752 0.229548 0.827208 0.233970 0.834866 0.235587 0.842559 0.234148 0.849116 0.229877 0.849717 0.229411 0.854147 0.222943 0.855766 0.215273 0.854325 0.207567 0.850046 0.200998 0.843578 0.196568 0.835908 0.194949 0.828202 0.196390 0.821633 0.200669 0.821081 0.201184 0.816658 0.207640
0 0.323327 0.082326 0.323930 0.085416 0.329653 0.093734 0.331545 0.096276 0.337210 0.097281 0.339711 0.096822 0.349429 0.094637 0.351619 0.091910 0.353649 0.087234 0.355206 0.081323 0.356049 0.075085 0.356047 0.069480 0.355205 0.065369 0.353651 0.063379 0.344996 0.057700 0.339325 0.056668 0.336822 0.057211 0.328230 0.063464 0.326614 0.065542 0.325120 0.069059 0.323971 0.073480 0.323342 0.078137
0 0.653073 0.165977 0.653912 0.169675 0.655863 0.173729 0.658630 0.177528 0.661794 0.180498 0.664878 0.182190 0.673561 0.184529 0.677802 0.184789 0.682224 0.181686 0.684924 0.179333 0.689702 0.171210 0.690294 0.167510 0.689215 0.162564 0.686624 0.157128 0.682918 0.152039 0.678668 0.148081 0.674529 0.145859 0.671134 0.145711 0.661685 0.147419 0.657241 0.150507 0.654596 0.152921 0.653927 0.157564
0 0.306539 0.881009 0.307001 0.929562 0.316913 0.936132 0.319331 0.936596 0.323123 0.936886 0.327711 0.936957 0.368078 0.936573 0.372746 0.936414 0.376766 0.936050 0.379524 0.935536 0.380602 0.934953 0.387922 0.928792 0.389203 0.923892 0.388746 0.875894 0.308750 0.876654
0 0.244469 0.315799 0.276015 0.390323 0.278574 0.391576 0.322777 0.372865 0.326495 0.361393 0.326366 0.360731 0.325542 0.358482 0.324151 0.354994 0.322403 0.350793 0.306775 0.313873 0.304929 0.309584 0.303261 0.305845 0.302023 0.303222 0.301404 0.302117 0.289183 0.296872
0 0.755353 0.300727 0.764006 0.347941 0.774978 0.354025 0.775518 0.354052 0.777778 0.353744 0.781410 0.353150 0.785864 0.352358 0.825298 0.345131 0.829912 0.344261 0.834000 0.343440 0.836943 0.342794 0.838291 0.342421 0.846657 0.331594 0.837904 0.283835 0.758305 0.298423
0 0.572729 0.730031 0.583752 0.768584 0.584919 0.772327 0.624009 0.761151 0.612832 0.722061 0.611281 0.719008
0 0.455914 0.741572 0.456507 0.742539 0.458319 0.744661 0.461072 0.747614 0.464349 0.750947 0.467644 0.754148 0.470451 0.756725 0.472342 0.758285 0.473030 0.758592 0.484675 0.759695 0.518911 0.725265 0.518695 0.722690 0.490331 0.694486 0.456486 0.728523 0.455983 0.731165
0 0.134583 0.485088 0.136078 0.525716 0.176707 0.524221 0.181152 0.523888 0.179677 0.483818 0.175212 0.483593
0 0.468421 0.140185 0.468782 0.144297 0.511626 0.165939 0.522951 0.160691 0.523335 0.160320 0.524485 0.158369 0.526227 0.155140 0.528295 0.151121 0.530378 0.146921 0.532162 0.143171 0.533376 0.140440 0.533834 0.139146 0.530004 0.125960 0.486664 0.104069
0 0.241778 0.647017 0.257341 0.684366 0.302161 0.665691 0.304422 0.663798 0.308094 0.654024 0.307994 0.652974 0.307205 0.650394 0.305847 0.646680 0.304128 0.642392 0.302305 0.638180 0.300656 0.634677 0.299428 0.632416 0.298810 0.631743 0.289037 0.626875 0.244729 0.645336
0 0.508465 0.915539 0.508563 0.920343 0.515095 0.927648 0.516023 0.928360 0.518630 0.929258 0.522522 0.930206 0.527103 0.931058 0.531670 0.931683 0.535521 0.931985 0.538068 0.931918 0.548509 0.926790 0.594901 0.893292 0.596191 0.885303 0.595091 0.880899 0.516113 0.868152
0 0.904401 0.326770 0.941279 0.357495 0.955533 0.355967 0.956724 0.355070 0.958915 0.352892 0.961773 0.349765 0.964862 0.346164 0.967705 0.342645 0.969867 0.339747 0.971018 0.337914 0.972281 0.324761 0.946354 0.296508 0.940064 0.291268 0.930006 0.296039
0 0.518225 0.195961 0.523289 0.198977 0.573970 0.224094 0.599990 0.234442 0.608960 0.217512 0.617914 0.198313 0.587954 0.179911 0.536030 0.160071
