0 0.577437 0.704793 0.578332 0.707161 0.582058 0.716942 0.583017 0.717580 0.585534 0.718824 0.589229 0.720487 0.593537 0.722313 0.597795 0.724022 0.601350 0.725352 0.603658 0.726099 0.604370 0.726151 0.615734 0.722598 0.668573 0.700633 0.671661 0.693152 0.669699 0.690945 0.595750 0.660424
0 0.145521 0.325492 0.174849 0.354051 0.182281 0.357387 0.215768 0.322997 0.214334 0.310242 0.214053 0.309852 0.212502 0.308244 0.209920 0.305664 0.206698 0.302503 0.203323 0.299240 0.200303 0.296365 0.198097 0.294315 0.197040 0.293402 0.183493 0.292723 0.151232 0.319627
0 0.382467 0.749020 0.462885 0.758061 0.463309 0.755112 0.468672 0.707412 0.461451 0.699210 0.460591 0.698845 0.458041 0.698331 0.454194 0.697748 0.449631 0.697182 0.445043 0.696719 0.441121 0.696429 0.438458 0.696357 0.437464 0.696513 0.428922 0.702943 0.384704 0.738224 0.383371 0.740978
0 0.402524 0.544815 0.483088 0.545031 0.483165 0.544824 0.483810 0.304241 0.483737 0.303340 0.403173 0.303123
0 0.480977 0.781366 0.481427 0.782008 0.482741 0.783345 0.484720 0.785172 0.496251 0.795349 0.557607 0.847399 0.569067 0.856726 0.571019 0.858235 0.572293 0.859094 0.572695 0.859174 0.624566 0.798028 0.623992 0.797373 0.622577 0.796030 0.620536 0.794204 0.618181 0.792172 0.538874 0.724893 0.536546 0.722952 0.534584 0.721382 0.533285 0.720423 0.532849 0.720221
0 0.596109 0.970943 0.596273 0.971497 0.658800 1.000000 0.672974 1.000000 0.721680 0.941710 0.730216 0.929515 0.731560 0.927378 0.732262 0.925898 0.732214 0.925302 0.669153 0.875829 0.668311 0.876165 0.666855 0.877423 0.665006 0.879412 0.663048 0.881829 0.599745 0.964926 0.597988 0.967386 0.596711 0.969499
0 0.784441 0.295477 0.808146 0.369989 0.809238 0.370411 0.811321 0.370369 0.814077 0.369870 0.817087 0.368989 0.915818 0.334863 0.918603 0.333741 0.920720 0.332555 0.921847 0.331487 0.921814 0.330700 0.898769 0.255959 0.897595 0.255633 0.895443 0.255758 0.892642 0.256313 0.877456 0.260465 0.801492 0.286722 0.787940 0.292503 0.785754 0.293672 0.784525 0.294716
0 0.837905 0.819851 0.838409 0.821176 0.839371 0.823354 0.840644 0.826054 0.885902 0.919690 0.887302 0.922520 0.888624 0.925068 0.889668 0.926947 0.890275 0.927871 0.962469 0.892978 0.962609 0.892773 0.962195 0.891498 0.961291 0.889346 0.955309 0.876223 0.920296 0.803781 0.913157 0.789759 0.911817 0.787269 0.910754 0.785488 0.910128 0.784689 0.837935 0.819582
0 0.580396 0.494526 0.580551 0.502347 0.583687 0.509514 0.589327 0.514934 0.596612 0.517785 0.596778 0.517815 0.604613 0.517660 0.611792 0.514519 0.617222 0.508869 0.620077 0.501571 0.619921 0.493737 0.616781 0.486558 0.611131 0.481128 0.603833 0.478272 0.595999 0.478428 0.595834 0.478465 0.588667 0.481601 0.583246 0.487241
0 0.527248 0.508936 0.529849 0.516313 0.535075 0.522134 0.535135 0.522172 0.542204 0.525555 0.550029 0.525977 0.557419 0.523371 0.563250 0.518136 0.566633 0.511068 0.567054 0.503243 0.564448 0.495853 0.559214 0.490022 0.552145 0.486639 0.544320 0.486217 0.544244 0.486241 0.536867 0.488842 0.531046 0.494068 0.527668 0.501124
0 0.632134 0.382613 0.632484 0.390427 0.635797 0.397514 0.641571 0.402792 0.648925 0.405460 0.656739 0.405110 0.663826 0.401797 0.664108 0.401628 0.669395 0.395844 0.672068 0.388478 0.671717 0.380650 0.668398 0.373551 0.662615 0.368264 0.655248 0.365591 0.647420 0.365942 0.640322 0.369261 0.640080 0.369485 0.634802 0.375259
0 0.035347 0.335991 0.039059 0.346074 0.043108 0.350557 0.044132 0.350890 0.055505 0.351879 0.057391 0.350857 0.060276 0.348773 0.063719 0.345945 0.067202 0.342799 0.070199 0.339811 0.072256 0.337433 0.073061 0.336024 0.073380 0.324478 0.069340 0.320005 0.059584 0.315150 0.058793 0.314819 0.056272 0.316126 0.052399 0.318879 0.047766 0.322659 0.043085 0.326886 0.039079 0.330908 0.036363 0.334105
0 0.478926 0.845378 0.479757 0.851361 0.488763 0.858590 0.490538 0.858788 0.493837 0.858670 0.498157 0.858255 0.502837 0.857605 0.507157 0.856820 0.510453 0.856021 0.512226 0.855330 0.518878 0.845926 0.518834 0.845152 0.518005 0.839182 0.512723 0.829848 0.510327 0.829633 0.505933 0.829825 0.500210 0.830395 0.494019 0.831255 0.488292 0.832276 0.483892 0.833306 0.481488 0.834188 0.478971 0.844605
0 0.193237 0.107427 0.194643 0.109226 0.233131 0.120470 0.244375 0.081981 0.243199 0.080057 0.204533 0.068761
0 0.585689 0.138375 0.625797 0.139572 0.627684 0.108815 0.627631 0.098308 0.587313 0.097105 0.585768 0.127863
0 0.041167 0.640227 0.062093 0.674647 0.064100 0.673847 0.098362 0.653016 0.077531 0.618754 0.075586 0.619301
0 0.603925 0.757881 0.621259 0.794069 0.647294 0.784563 0.657423 0.778589 0.648853 0.759222 0.639998 0.742211 0.614106 0.752040
0 0.378329 0.969688 0.417883 0.976774 0.424969 0.937220 0.425312 0.935221 0.385939 0.928167 0.385415 0.930134
0 0.648563 0.335015 0.703582 0.393091 0.706413 0.391604 0.735855 0.363712 0.680070 0.304828 0.650629 0.332720
0 0.603898 0.543314 0.606371 0.555152 0.606990 0.555593 0.609033 0.556993 0.612185 0.559137 0.615969 0.561700 0.619813 0.564295 0.623137 0.566531 0.625440 0.568069 0.626366 0.568673 0.627835 0.569472 0.640238 0.567258 0.667755 0.526567 0.633846 0.503635 0.630786 0.503552
