0 0.660636 0.799960 0.685717 0.841344 0.711828 0.829247 0.725636 0.820879 0.747193 0.807814 0.761000 0.799446 0.783260 0.782227 0.758179 0.740843 0.739697 0.742024 0.738594 0.742180 0.736090 0.743266 0.732568 0.745112 0.728561 0.747439 0.679958 0.776895 0.676058 0.779360 0.672842 0.781598 0.670795 0.783271 0.670234 0.784122
0 0.252404 0.684231 0.253063 0.732618 0.269595 0.740962 0.270212 0.741269 0.272582 0.741504 0.276348 0.741632 0.280935 0.741633 0.338157 0.740854 0.342843 0.740727 0.346895 0.740492 0.349693 0.740187 0.350812 0.739856 0.367111 0.731064 0.366452 0.682678 0.339250 0.681587 0.323367 0.681803 0.282687 0.682357
0 0.576158 0.713969 0.616050 0.953504 0.623947 0.954135 0.692951 0.937597 0.653320 0.699632 0.645388 0.700040
0 0.370966 0.786449 0.371604 0.866814 0.612699 0.864900 0.612061 0.784535 0.611548 0.783235 0.371556 0.785140
0 0.796786 0.608372 0.796907 0.609954 0.838366 0.670640 0.839714 0.670567 0.844699 0.669931 0.851537 0.668903 0.862494 0.667097 0.871542 0.665455 0.875700 0.664501 0.877904 0.663720 0.872733 0.630769 0.872124 0.627310 0.866639 0.599262 0.863725 0.584465 0.854318 0.577313 0.854216 0.577306 0.852341 0.577608 0.848985 0.578171 0.844658 0.578911 0.840015 0.579714 0.835755 0.580460 0.832522 0.581037 0.830809 0.581356 0.800738 0.594793 0.800036 0.595510 0.799182 0.597310 0.798306 0.599919 0.797543 0.602940 0.797009 0.605909
0 0.704819 0.162964 0.705137 0.163821 0.706358 0.165313 0.708298 0.167213 0.710661 0.169231 0.713084 0.171057 0.715197 0.172412 0.716677 0.173091 0.789425 0.162589 0.789940 0.161187 0.791564 0.156209 0.793670 0.149470 0.796924 0.138761 0.799494 0.130003 0.800522 0.126091 0.800856 0.124173 0.769071 0.114275 0.765704 0.113284 0.738129 0.105523 0.723569 0.101429 0.712985 0.106742 0.712496 0.108265 0.711560 0.111321 0.710317 0.115443 0.708960 0.120000 0.707696 0.124291 0.706719 0.127657 0.706179 0.129588 0.706155 0.129793
0 0.729870 0.570786 0.747807 0.578627 0.764847 0.585730 0.804364 0.600158 0.815861 0.595989 0.816881 0.594466 0.818421 0.591502 0.820246 0.587550 0.822082 0.583207 0.823650 0.579128 0.824714 0.575930 0.825112 0.574098 0.828939 0.548653 0.828990 0.546573 0.828160 0.544024 0.826575 0.541397 0.824476 0.539094 0.822186 0.537466 0.820055 0.536763 0.745941 0.531895 0.744447 0.533190 0.742043 0.537051 0.737825 0.545351 0.733994 0.554228 0.731775 0.560976 0.729966 0.568245
0 0.375998 0.617365 0.422124 0.634258 0.433497 0.628808 0.434261 0.627328 0.434663 0.626299 0.435634 0.623707 0.437024 0.619950 0.438623 0.615596 0.440191 0.611303 0.441489 0.607719 0.442322 0.605385 0.442562 0.604662 0.437660 0.593629 0.392588 0.577122 0.390075 0.578926
0 0.309669 0.466854 0.349046 0.537552 0.350771 0.537123 0.392706 0.513767 0.395642 0.502657 0.395334 0.501852 0.394180 0.499570 0.392360 0.496161 0.390149 0.492140 0.370641 0.457115 0.368366 0.453081 0.366368 0.449634 0.364947 0.447295 0.364322 0.446423 0.352088 0.443228
0 0.441030 0.222468 0.441704 0.225640 0.519440 0.244539 0.530779 0.197898 0.531135 0.194405 0.525158 0.185954 0.524297 0.185322 0.521776 0.184349 0.517976 0.183184 0.513477 0.182006 0.474250 0.172469 0.469755 0.171461 0.465964 0.170780 0.463456 0.170530 0.462612 0.170747 0.452501 0.175287
0 0.293268 0.888484 0.293460 0.889791 0.294554 0.892491 0.296385 0.896175 0.298674 0.900278 0.319080 0.935110 0.321470 0.938993 0.323588 0.942051 0.325110 0.943816 0.336307 0.949226 0.378202 0.924682 0.379594 0.919829 0.339156 0.850802 0.297739 0.875065 0.295401 0.879401
0 0.172277 0.747219 0.176089 0.757378 0.176426 0.758230 0.178242 0.759979 0.181264 0.762359 0.185032 0.765007 0.218575 0.787468 0.222499 0.789971 0.225968 0.791937 0.228452 0.793068 0.229574 0.793192 0.239519 0.792245 0.242496 0.788905 0.269203 0.749021 0.202729 0.704509 0.199293 0.706874
0 0.300154 0.229091 0.308373 0.268710 0.310563 0.271354 0.357562 0.261604 0.363480 0.250620 0.363474 0.250050 0.363096 0.247773 0.362405 0.244140 0.361506 0.239700 0.360535 0.235124 0.359638 0.231102 0.358950 0.228243 0.358577 0.226985 0.347697 0.219229
0 0.762417 0.869450 0.790174 0.908611 0.793528 0.913335 0.826540 0.889937 0.798462 0.850323 0.795051 0.846319 0.785239 0.845988 0.784115 0.846062 0.781668 0.847185 0.778274 0.849183 0.774446 0.851754 0.770762 0.854508 0.767777 0.857031 0.765944 0.858941 0.765546 0.859946
0 0.701531 0.928193 0.703861 0.933143 0.739493 0.952315 0.762500 0.909557 0.757956 0.895862 0.756809 0.894906 0.754223 0.893228 0.750597 0.891086 0.746478 0.888803 0.742488 0.886723 0.739230 0.885161 0.737196 0.884353 0.724275 0.885923
0 0.875792 0.658720 0.914062 0.663596 0.963430 0.666318 0.967257 0.626437 0.960846 0.625690 0.904570 0.620297 0.879644 0.618573 0.876039 0.638142
0 0.409628 0.909532 0.416796 0.953992 0.425012 0.993708 0.464727 0.985492 0.465211 0.978834 0.449005 0.900493 0.409834 0.908596
0 0.589584 0.605025 0.590110 0.616051 0.591151 0.617392 0.627442 0.649651 0.681205 0.589167 0.675157 0.583791 0.673155 0.582833 0.616684 0.586155 0.605620 0.586984 0.604871 0.587555 0.603020 0.589408 0.600351 0.592258 0.597266 0.595674 0.594233 0.599140 0.591708 0.602133 0.590075 0.604201
0 0.148689 0.076132 0.166554 0.099397 0.206566 0.150421 0.238201 0.125837 0.198712 0.074406 0.180534 0.051384
0 0.072600 0.951817 0.122825 0.959704 0.160893 0.955481 0.162590 0.933861 0.161184 0.915151 0.135798 0.911575 0.079262 0.911133 0.072889 0.911754
