0 0.529707 0.903834 0.530050 0.908502 0.570688 0.935076 0.582451 0.930320 0.583979 0.928607 0.586192 0.925641 0.588751 0.921874 0.591264 0.917885 0.593343 0.914287 0.594673 0.911630 0.595051 0.910318 0.591772 0.896626 0.551598 0.870356
0 0.813608 0.421324 0.845352 0.445661 0.849345 0.445033 0.878887 0.406499 0.875525 0.395357 0.875291 0.394659 0.873631 0.392945 0.870794 0.390475 0.867213 0.387626 0.863439 0.384837 0.860052 0.382535 0.857570 0.381073 0.856369 0.380671 0.846775 0.381881 0.842812 0.383231
0 0.743204 0.339781 0.751614 0.348275 0.752194 0.348581 0.754505 0.349049 0.758193 0.349609 0.762698 0.350176 0.767340 0.350665 0.771419 0.351002 0.774318 0.351135 0.775593 0.351044 0.786211 0.342570 0.791781 0.294336 0.751585 0.289694 0.748710 0.292098
0 0.281051 0.268719 0.288643 0.282282 0.303062 0.307801 0.304889 0.310782 0.322780 0.338178 0.323745 0.338626 0.329995 0.335584 0.339317 0.330213 0.346119 0.325928 0.352248 0.321703 0.354933 0.319594 0.357028 0.316935 0.348053 0.246055 0.347098 0.244388 0.345302 0.242403 0.342939 0.240404 0.340370 0.238698 0.337989 0.237545 0.336160 0.237121 0.302073 0.245652 0.299182 0.246899 0.295426 0.248890 0.291383 0.251318 0.287673 0.253810 0.284865 0.255985 0.283387 0.257510
0 0.441224 0.676767 0.489311 0.730168 0.490824 0.731097 0.493273 0.731798 0.496285 0.732162 0.499398 0.732133 0.502136 0.731716 0.504081 0.730976 0.504936 0.730025 0.525651 0.706326 0.526434 0.705311 0.527851 0.702770 0.529686 0.699086 0.531658 0.694826 0.533463 0.690642 0.534826 0.687178 0.535538 0.684963 0.535493 0.684329 0.531024 0.674432 0.530653 0.673680 0.491669 0.654016 0.488479 0.652566 0.457950 0.639966 0.457610 0.639867 0.454662 0.645676 0.450161 0.655247 0.446831 0.662628 0.443786 0.669673 0.442418 0.673039
0 0.465339 0.866527 0.466005 0.868556 0.467522 0.870894 0.469659 0.873185 0.472092 0.875084 0.474453 0.876301 0.476384 0.876652 0.505123 0.873503 0.508238 0.873027 0.512364 0.872007 0.516865 0.870597 0.521051 0.869015 0.524280 0.867503 0.526059 0.866293 0.531378 0.855084 0.520464 0.814968 0.514988 0.797334 0.508701 0.778815 0.506586 0.778421 0.499793 0.779203 0.493246 0.780590 0.484119 0.783546 0.475150 0.787120 0.470644 0.789364 0.468633 0.791017
0 0.339494 0.470123 0.359958 0.513975 0.386720 0.501901 0.423588 0.484697 0.437982 0.477980 0.463317 0.465742 0.442853 0.421891 0.424352 0.421068 0.423417 0.421353 0.420948 0.422376 0.417321 0.423983 0.413089 0.425928 0.361231 0.450127 0.357059 0.452105 0.353601 0.453804 0.351385 0.454967 0.350748 0.455416
0 0.356967 0.298251 0.385391 0.307397 0.400704 0.311618 0.424612 0.318208 0.439926 0.322429 0.466926 0.328559 0.479784 0.281907 0.466235 0.269284 0.465301 0.268733 0.462728 0.267775 0.458904 0.266554 0.454414 0.265258 0.399244 0.250051 0.394793 0.248883 0.391080 0.248026 0.388670 0.247611 0.387930 0.247701 0.369826 0.251599
0 0.727130 0.799274 0.727501 0.801480 0.728266 0.805054 0.729309 0.809454 0.742896 0.864639 0.744062 0.869216 0.745181 0.873293 0.746081 0.876255 0.746627 0.877646 0.758872 0.891539 0.805860 0.879971 0.801500 0.855176 0.797641 0.839499 0.791615 0.815023 0.787755 0.799346 0.778594 0.769219 0.731606 0.780787 0.727210 0.798776
0 0.663114 0.263855 0.697828 0.297570 0.719482 0.275284 0.730731 0.263702 0.759542 0.234038 0.777294 0.215750 0.742581 0.182035 0.724996 0.187842 0.724652 0.188089 0.723072 0.189625 0.720497 0.192216 0.717318 0.195467 0.677447 0.236519 0.674165 0.239920 0.671293 0.242938 0.669271 0.245111 0.668405 0.246108
0 0.640634 0.346700 0.649925 0.402640 0.682541 0.425965 0.685088 0.424928 0.708738 0.391859 0.699317 0.335139 0.666247 0.311489 0.663959 0.314085
0 0.205409 0.419610 0.205731 0.427443 0.209025 0.434557 0.214792 0.439868 0.222151 0.442569 0.222629 0.442668 0.230448 0.442347 0.237550 0.439058 0.242852 0.433302 0.245548 0.425955 0.245227 0.418136 0.241939 0.411034 0.236182 0.405732 0.228835 0.403035 0.228369 0.402868 0.220536 0.403190 0.213422 0.406484 0.208111 0.412250
0 0.756067 0.456742 0.757725 0.464390 0.762185 0.470821 0.768766 0.475057 0.776467 0.476451 0.776943 0.476410 0.784604 0.474749 0.791046 0.470282 0.795289 0.463690 0.796686 0.455976 0.795025 0.448314 0.790558 0.441872 0.783966 0.437629 0.776251 0.436233 0.768590 0.437894 0.768128 0.438001 0.761697 0.442460 0.757461 0.449041
0 0.453066 0.542315 0.454699 0.549982 0.459144 0.556440 0.465720 0.560707 0.473429 0.562131 0.481097 0.560498 0.487555 0.556054 0.491822 0.549477 0.493246 0.541768 0.493257 0.541696 0.491627 0.534042 0.487190 0.527594 0.480625 0.523335 0.472929 0.521913 0.465275 0.523544 0.465215 0.523585 0.458828 0.527980 0.458757 0.528029 0.454490 0.534606
0 0.931849 0.202975 0.932234 0.210788 0.935581 0.217859 0.941378 0.223112 0.948744 0.225745 0.956557 0.225360 0.963628 0.222013 0.964426 0.221534 0.969688 0.215727 0.972325 0.208348 0.971939 0.200522 0.968587 0.193439 0.962780 0.188177 0.955401 0.185540 0.947574 0.185925 0.940491 0.189278 0.939734 0.189812 0.934482 0.195609
0 0.130760 0.775389 0.131442 0.783199 0.135059 0.790154 0.141064 0.795194 0.148540 0.797554 0.156350 0.796872 0.163305 0.793254 0.163883 0.792750 0.168915 0.786756 0.171271 0.779294 0.170590 0.771497 0.166979 0.764554 0.160985 0.759522 0.153522 0.757166 0.145725 0.757847 0.138782 0.761458 0.138160 0.761909 0.133120 0.767913
0 0.470886 0.507069 0.474074 0.518373 0.474849 0.518834 0.477129 0.520100 0.480568 0.521981 0.484642 0.524188 0.488723 0.526382 0.492186 0.528227 0.494500 0.529439 0.495316 0.529837 0.561319 0.509895 0.565162 0.502774 0.493947 0.464339
0 0.415756 0.921479 0.455460 0.926843 0.462394 0.877123 0.467366 0.839365 0.447614 0.835125 0.427398 0.833966 0.422034 0.871671
0 0.185338 0.746989 0.190417 0.799334 0.230482 0.799362 0.230919 0.793195 0.230937 0.736647 0.228754 0.710216 0.209565 0.709081 0.188423 0.710187
0 0.637042 0.818101 0.664061 0.844625 0.703049 0.876985 0.730037 0.847375 0.725465 0.842986 0.683673 0.804906 0.664210 0.788293 0.649814 0.801901
0 0.492387 0.604839 0.492955 0.605376 0.563584 0.638304 0.564690 0.637751 0.566108 0.636165 0.573745 0.625005 0.611812 0.556660 0.618439 0.542191 0.619460 0.539390 0.619960 0.537048 0.619861 0.535524 0.619180 0.535047 0.548384 0.501364 0.547280 0.502037 0.545861 0.503725 0.544344 0.506174 0.495387 0.595286 0.494012 0.598099 0.492960 0.600901 0.492389 0.603267
0 0.617407 0.725718 0.638932 0.798784 0.639856 0.799602 0.641812 0.799947 0.644503 0.799765 0.647518 0.799083 0.747616 0.769200 0.750476 0.768128 0.752727 0.766835 0.754025 0.765518 0.754174 0.764380 0.733315 0.691115 0.732307 0.690385 0.730279 0.690118 0.727541 0.690354 0.712418 0.693324 0.635403 0.716316 0.621391 0.722043 0.619073 0.723318 0.617673 0.724608
0 0.146696 0.307536 0.146766 0.308945 0.147038 0.311301 0.147470 0.314246 0.150038 0.329862 0.164044 0.406655 0.166775 0.420084 0.167263 0.422178 0.167615 0.423235 0.247334 0.410097 0.247566 0.409942 0.247578 0.408610 0.247368 0.406302 0.246968 0.403370 0.246438 0.400261 0.227730 0.300314 0.227162 0.297556 0.226639 0.295552 0.226242 0.294606 0.146838 0.307290
0 0.417168 0.522411 0.484289 0.567953 0.484622 0.567502 0.485599 0.566096 0.487072 0.563947 0.488817 0.561383 0.548159 0.473924 0.549897 0.471355 0.551352 0.469188 0.552301 0.467755 0.552601 0.467272 0.485481 0.421731 0.485121 0.422172 0.484121 0.423571 0.482633 0.425715 0.474005 0.438296 0.428305 0.505651 0.419808 0.518307 0.418368 0.520479 0.417442 0.521920
