0 0.231908 0.200309 0.231920 0.201572 0.235374 0.210666 0.241422 0.217279 0.285965 0.235166 0.300871 0.198047 0.296213 0.190984 0.250628 0.172678 0.240327 0.179346 0.239043 0.181445 0.237364 0.184890 0.235547 0.189157 0.233871 0.193590 0.232593 0.197507
0 0.037785 0.896969 0.045089 0.906595 0.047038 0.908038 0.050385 0.909818 0.054621 0.911663 0.059095 0.913288 0.063118 0.914444 0.066075 0.914956 0.067517 0.914745 0.075813 0.912120 0.085509 0.902700 0.103274 0.858108 0.066115 0.843304 0.055965 0.851335
0 0.058545 0.944943 0.078061 0.962806 0.112830 0.977062 0.125312 0.958737 0.146012 0.924266 0.154368 0.907890 0.134381 0.890657 0.100111 0.875724
0 0.446036 0.339706 0.446282 0.340440 0.520328 0.371236 0.612716 0.149098 0.613236 0.147483 0.538849 0.116545
0 0.327182 0.890979 0.419422 0.998498 0.422980 1.000000 0.538305 1.000000 0.391237 0.840227 0.327971 0.889192
0 0.267206 0.924770 0.510556 0.930067 0.512322 0.848951 0.512265 0.847340 0.270038 0.842067 0.268972 0.843653
0 0.830908 0.693252 0.832967 0.733199 0.834496 0.734270 0.874627 0.732202 0.872559 0.692072 0.870855 0.691194
0 0.839650 0.477875 0.874004 0.498553 0.875726 0.498546 0.896499 0.464034 0.861987 0.443261 0.860328 0.443521
0 0.286600 0.343559 0.287578 0.344276 0.327200 0.350434 0.333357 0.310812 0.332590 0.309941 0.292786 0.303755
0 0.408492 0.087994 0.408911 0.089877 0.428365 0.124827 0.463315 0.105373 0.463147 0.103561 0.443603 0.068450
0 0.080617 0.817718 0.082007 0.820971 0.084971 0.824834 0.091705 0.831345 0.099980 0.838432 0.105209 0.842424 0.109096 0.844835 0.110211 0.845051 0.177862 0.814728 0.178805 0.813749 0.179936 0.811757 0.181080 0.809055 0.182064 0.806058 0.182736 0.803224 0.182993 0.800986 0.182798 0.799686 0.164652 0.773096 0.163395 0.771446 0.160992 0.768885 0.157809 0.765804 0.154326 0.762666 0.151069 0.759945 0.148530 0.758054 0.147096 0.757280 0.135978 0.758406 0.135203 0.758981 0.124796 0.769504 0.105101 0.789586 0.102725 0.792186
0 0.722563 0.381130 0.726132 0.392056 0.727248 0.392651 0.729867 0.393889 0.733589 0.395583 0.737850 0.397476 0.742008 0.399282 0.745436 0.400729 0.747611 0.401597 0.748202 0.401752 0.778939 0.406736 0.780318 0.406656 0.782353 0.405736 0.784733 0.404115 0.787094 0.402042 0.789076 0.399833 0.790373 0.397827 0.790790 0.396329 0.791819 0.323429 0.791369 0.322968 0.787876 0.321051 0.782309 0.318333 0.772605 0.313888 0.763844 0.310132 0.758831 0.308293 0.754807 0.307160 0.740151 0.337228 0.738723 0.340438
0 0.091014 0.380986 0.106265 0.410766 0.107930 0.413861 0.121943 0.438638 0.129356 0.451690 0.140629 0.455672 0.142313 0.454903 0.145321 0.453399 0.149196 0.451388 0.153353 0.449176 0.157163 0.447096 0.160053 0.445461 0.161581 0.444521 0.185911 0.422522 0.186354 0.421552 0.186601 0.419518 0.186614 0.416730 0.186390 0.413614 0.185965 0.410646 0.185403 0.408282 0.184790 0.406881 0.126383 0.361957 0.125129 0.362325 0.120598 0.364318 0.114430 0.367321 0.104594 0.372404 0.096518 0.376859 0.092867 0.379248
0 0.567729 0.983719 0.568464 0.985013 0.570384 0.987423 0.573196 0.990584 0.576471 0.994011 0.579706 0.997179 0.582404 0.999599 0.584152 1.000000 0.596980 1.000000 0.631534 0.969398 0.630031 0.964033 0.601929 0.935568 0.567770 0.969290
0 0.600448 0.224523 0.640439 0.225375 0.642063 0.222200 0.643096 0.173656 0.634411 0.166813 0.633669 0.166353 0.631197 0.165923 0.627369 0.165589 0.622768 0.165403 0.618104 0.165392 0.614091 0.165559 0.611344 0.165878 0.610279 0.166300 0.602643 0.172795 0.601470 0.176534
0 0.785868 0.653808 0.785906 0.654626 0.787076 0.655773 0.789199 0.657074 0.802448 0.663570 0.877089 0.693383 0.892076 0.698166 0.894854 0.698822 0.897006 0.699002 0.898203 0.698677 0.924684 0.625476 0.924765 0.624637 0.923697 0.623472 0.921644 0.622157 0.918917 0.620893 0.821907 0.582145 0.818940 0.581134 0.816204 0.580536 0.814118 0.580442 0.812998 0.580866
0 0.549347 0.785954 0.549427 0.786689 0.605243 0.843188 0.606137 0.843005 0.607755 0.841978 0.609850 0.840264 0.621172 0.829881 0.677646 0.772691 0.687689 0.761439 0.689301 0.759397 0.690197 0.757879 0.690237 0.757116 0.633930 0.701114 0.633064 0.701176 0.631470 0.702098 0.629389 0.703741 0.627141 0.705856 0.553742 0.780185 0.551682 0.782434 0.550139 0.784460
