0 0.790866 0.052193 0.795613 0.108989 0.821953 0.136651 0.848411 0.130283 0.870006 0.101035 0.865236 0.043969 0.838835 0.015718 0.812494 0.023485
0 0.116782 0.755327 0.116903 0.759435 0.117284 0.764124 0.123226 0.821042 0.123808 0.825576 0.124499 0.829245 0.125194 0.831487 0.136013 0.847403 0.184142 0.842378 0.183757 0.811480 0.177884 0.755217 0.172298 0.728936 0.124169 0.733960 0.117351 0.751178 0.116939 0.752428
0 0.643430 0.519361 0.657909 0.538239 0.695271 0.542934 0.708556 0.533874 0.729297 0.519729 0.742581 0.510669 0.752889 0.473464 0.737251 0.455376 0.700364 0.450391 0.653277 0.482504
0 0.192927 0.698856 0.204500 0.755031 0.238373 0.777333 0.241961 0.773530 0.263957 0.740120 0.260753 0.724563 0.252544 0.684715 0.219135 0.662719 0.215229 0.664982
0 0.611905 0.190970 0.611968 0.195100 0.612111 0.199780 0.613612 0.239843 0.613814 0.244376 0.614045 0.248088 0.614270 0.250418 0.614455 0.251007 0.622595 0.260106 0.670561 0.258309 0.672533 0.255515 0.669504 0.174647 0.620983 0.176464 0.612046 0.186684 0.611932 0.188013
0 0.039496 0.601822 0.045392 0.642331 0.094002 0.635256 0.103282 0.632164 0.108303 0.623730 0.108687 0.622659 0.108748 0.619940 0.108478 0.615988 0.107917 0.611403 0.107151 0.606876 0.106296 0.603091 0.105480 0.600620 0.104827 0.599844 0.097521 0.592581 0.050022 0.599495
0 0.060906 0.275102 0.081555 0.353348 0.086337 0.355024 0.132748 0.342777 0.136850 0.331912 0.137095 0.331247 0.136834 0.328911 0.136109 0.325265 0.135029 0.320860 0.124800 0.282096 0.123527 0.277587 0.122249 0.273645 0.121160 0.270865 0.120426 0.269675 0.107854 0.262713
0 0.550360 0.113202 0.590320 0.116510 0.591579 0.111165 0.598288 0.030129 0.557770 0.026775 0.556976 0.033281
0 0.078726 0.363240 0.090646 0.394480 0.091960 0.397739 0.103118 0.423949 0.109022 0.437765 0.119845 0.442908 0.121638 0.442295 0.124822 0.441105 0.128912 0.439517 0.133290 0.437773 0.137294 0.436136 0.140322 0.434852 0.141911 0.434118 0.168581 0.414866 0.169105 0.413973 0.169555 0.411997 0.169863 0.409239 0.169981 0.406120 0.169891 0.403117 0.169608 0.400691 0.169174 0.399212 0.115958 0.348234 0.114629 0.348502 0.109848 0.350040 0.103346 0.352384 0.092987 0.356376 0.084489 0.359898 0.080656 0.361813
0 0.873869 0.600470 0.874722 0.603096 0.876452 0.605666 0.878796 0.607789 0.881401 0.609145 0.883872 0.609527 0.904956 0.611611 0.907650 0.611581 0.911612 0.611212 0.916237 0.610559 0.920814 0.609722 0.924641 0.608830 0.927132 0.608019 0.927909 0.607414 0.934011 0.598244 0.929747 0.555555 0.928731 0.549051 0.923433 0.518027 0.919218 0.518100 0.909675 0.518943 0.901707 0.519944 0.892586 0.521645 0.884925 0.523518 0.881949 0.524593 0.874025 0.598186
0 0.482047 0.942000 0.485529 0.944207 0.490358 0.946312 0.499417 0.949177 0.509777 0.951925 0.515912 0.953249 0.520004 0.953762 0.520775 0.953506 0.567338 0.896619 0.567918 0.895303 0.568173 0.893002 0.568063 0.890066 0.567604 0.886945 0.566867 0.884116 0.565966 0.882012 0.565037 0.880954 0.537566 0.864993 0.535449 0.864098 0.531974 0.862880 0.527668 0.861525 0.523181 0.860237 0.519191 0.859210 0.516302 0.858600 0.514952 0.858501 0.505260 0.864430 0.491339 0.906004 0.490357 0.909383
0 0.634703 0.065099 0.635119 0.068782 0.636564 0.073956 0.639849 0.076611 0.648157 0.080241 0.651546 0.080984 0.655845 0.080769 0.660404 0.079629 0.664535 0.077737 0.667613 0.075377 0.672208 0.068521 0.674809 0.064395 0.674477 0.060700 0.673004 0.055524 0.666762 0.048241 0.664172 0.046068 0.659655 0.045034 0.653901 0.045299 0.647794 0.046826 0.642273 0.049379 0.638189 0.052564 0.636161 0.055891
0 0.165184 0.193717 0.167466 0.201217 0.172445 0.207272 0.173009 0.207775 0.179914 0.211458 0.187703 0.212217 0.195190 0.209938 0.201235 0.204967 0.204918 0.198062 0.205677 0.190273 0.203398 0.182786 0.198427 0.176741 0.197908 0.176185 0.190990 0.172495 0.183188 0.171735 0.175688 0.174017 0.169633 0.178997 0.165944 0.185914
0 0.109899 0.877718 0.110212 0.885548 0.113497 0.892662 0.119255 0.897977 0.126609 0.900685 0.134439 0.900372 0.141553 0.897086 0.146868 0.891328 0.147475 0.890656 0.150178 0.883315 0.149865 0.875499 0.146586 0.868396 0.140837 0.863091 0.133497 0.860388 0.125680 0.860700 0.118578 0.863980 0.117921 0.864606 0.112607 0.870365
0 0.865155 0.275345 0.866337 0.283078 0.870387 0.289770 0.876691 0.294403 0.884287 0.296271 0.892020 0.295090 0.892695 0.294737 0.899399 0.290680 0.904039 0.284365 0.905911 0.276756 0.904727 0.269010 0.900670 0.262305 0.894355 0.257665 0.886746 0.255793 0.879000 0.256977 0.872296 0.261034 0.871656 0.261445 0.867024 0.267749
0 0.645451 0.741827 0.650131 0.821635 0.650506 0.822029 0.652046 0.822309 0.654515 0.822433 0.669238 0.822401 0.749255 0.818888 0.764803 0.817591 0.767588 0.817237 0.769610 0.816802 0.770558 0.816350 0.765268 0.736692 0.764994 0.736226 0.763544 0.735884 0.761139 0.735716 0.758146 0.735749 0.654073 0.740208 0.650958 0.740436 0.648225 0.740825 0.646292 0.741313
0 0.562479 0.396201 0.621623 0.450343 0.622142 0.449849 0.623409 0.448528 0.625230 0.446579 0.627329 0.444301 0.697876 0.367239 0.699918 0.364994 0.701577 0.363139 0.702602 0.361957 0.702837 0.361628 0.643693 0.307486 0.643407 0.307767 0.642338 0.308908 0.640649 0.310736 0.630607 0.321659 0.576277 0.381006 0.565961 0.392322 0.564169 0.394297 0.562947 0.395659
0 0.488125 0.304181 0.488344 0.304974 0.489639 0.306161 0.491814 0.307562 0.494539 0.308961 0.589324 0.352872 0.592163 0.354049 0.594667 0.354816 0.596453 0.355057 0.597250 0.354735 0.630619 0.283081 0.630278 0.282303 0.628876 0.281129 0.626630 0.279738 0.613228 0.272600 0.540300 0.238815 0.526112 0.233172 0.523570 0.232345 0.521725 0.232015 0.520860 0.232234
0 0.206473 0.169104 0.206549 0.171579 0.207108 0.174541 0.232863 0.275779 0.233816 0.278758 0.235012 0.281281 0.236267 0.282963 0.237391 0.283548 0.311496 0.263050 0.312259 0.262466 0.312602 0.260784 0.312475 0.258261 0.310115 0.243617 0.290299 0.165724 0.285162 0.150900 0.283988 0.148309 0.282762 0.146524 0.281672 0.145820 0.207739 0.166994 0.206891 0.167494
0 0.430894 0.188151 0.430966 0.188866 0.487072 0.244670 0.488041 0.244554 0.489716 0.243577 0.491840 0.241888 0.494090 0.239743 0.566803 0.164742 0.568821 0.162484 0.570287 0.160471 0.570976 0.159009 0.570785 0.158322 0.515166 0.102017 0.514168 0.102256 0.512470 0.103338 0.510331 0.105098 0.498947 0.115655 0.443001 0.173362 0.433221 0.184635 0.431686 0.186664
0 0.409123 0.400319 0.409539 0.400776 0.444160 0.421004 0.464389 0.386383 0.464225 0.385860 0.429445 0.365539
0 0.882265 0.323574 0.896469 0.360967 0.898290 0.360329 0.935855 0.346059 0.921586 0.308495 0.884021 0.322764
0 0.593471 0.786208 0.593900 0.787522 0.623853 0.814309 0.650640 0.784355 0.649951 0.783056 0.620135 0.756391
0 0.872407 0.811012 0.874118 0.812441 0.914299 0.812911 0.914769 0.772731 0.912873 0.771484 0.872876 0.771015
0 0.925268 0.923295 0.927226 0.925244 0.966934 0.932020 0.973710 0.892312 0.971539 0.890514 0.932013 0.883769
