0 0.507178 0.589089 0.507211 0.589498 0.547034 0.594874 0.552410 0.555052 0.552170 0.554800 0.512530 0.549449
0 0.289460 0.858251 0.329666 0.860727 0.330446 0.859074 0.332911 0.819053 0.292889 0.816588 0.291936 0.818046
0 0.869197 0.455046 0.903701 0.475283 0.908368 0.474998 0.916556 0.461037 0.911547 0.449816 0.911297 0.449285 0.909496 0.447901 0.906415 0.445874 0.902524 0.443515 0.898422 0.441186 0.894738 0.439244 0.892035 0.437987 0.890726 0.437604 0.877292 0.441245
0 0.755348 0.268252 0.781941 0.298262 0.783239 0.297333 0.813387 0.270617 0.786671 0.240469 0.756523 0.267185
0 0.330708 0.673609 0.424616 0.896311 0.498850 0.865008 0.498854 0.863336 0.405377 0.641654 0.331483 0.672814
0 0.264001 0.405180 0.298815 0.643755 0.378340 0.632151 0.378897 0.631547 0.344242 0.394062 0.343526 0.393575
0 0.387025 0.273966 0.465424 0.292398 0.466020 0.291539 0.520850 0.055438 0.520503 0.055215 0.441471 0.036640
0 0.044245 0.718782 0.044500 0.723254 0.045171 0.726828 0.046157 0.728959 0.053791 0.736846 0.055726 0.737464 0.061621 0.737550 0.071400 0.733694 0.072958 0.731741 0.074263 0.727641 0.075115 0.722012 0.075380 0.715722 0.075018 0.709740 0.074085 0.704983 0.072728 0.702179 0.063283 0.698107 0.061334 0.697572 0.055450 0.697460 0.047154 0.705296 0.046016 0.706791 0.045064 0.709877 0.044442 0.714087
0 0.459584 0.058755 0.459653 0.059513 0.462315 0.066873 0.467591 0.072653 0.474677 0.075975 0.482495 0.076332 0.489854 0.073671 0.495634 0.068395 0.498957 0.061309 0.499314 0.053491 0.499313 0.052722 0.496647 0.045350 0.491362 0.039560 0.484264 0.036232 0.476432 0.035874 0.469060 0.038540 0.463270 0.043825 0.459942 0.050923
0 0.530816 0.888052 0.530869 0.888720 0.533027 0.896253 0.537903 0.902387 0.544756 0.906188 0.552542 0.907078 0.560075 0.904919 0.566209 0.900043 0.570009 0.893190 0.570899 0.885405 0.570777 0.884742 0.568622 0.877222 0.563755 0.871099 0.556914 0.867305 0.549141 0.866417 0.541622 0.868571 0.535498 0.873439 0.531704 0.880280
0 0.943776 0.209868 0.946425 0.217229 0.951690 0.223014 0.958768 0.226346 0.966582 0.226714 0.973943 0.224065 0.974759 0.223590 0.980554 0.218316 0.983891 0.211226 0.984260 0.203399 0.981606 0.196025 0.976332 0.190230 0.969243 0.186892 0.961415 0.186524 0.954042 0.189177 0.953261 0.189711 0.947476 0.194976 0.944144 0.202054
0 0.780559 0.379310 0.781881 0.387020 0.786051 0.393638 0.792438 0.398156 0.800067 0.399886 0.807777 0.398564 0.808307 0.398390 0.814936 0.394212 0.819462 0.387814 0.821195 0.380172 0.819871 0.372449 0.815693 0.365819 0.809295 0.361294 0.801653 0.359560 0.793930 0.360885 0.793425 0.361124 0.786807 0.365294 0.782289 0.371681
0 0.178252 0.616986 0.178443 0.619663 0.179145 0.622668 0.209845 0.722517 0.210945 0.725373 0.212269 0.727626 0.213614 0.728932 0.214776 0.729094 0.287713 0.707490 0.288456 0.706498 0.288725 0.704487 0.288480 0.701764 0.285420 0.686699 0.261799 0.609874 0.255924 0.595876 0.254618 0.593555 0.253298 0.592146 0.252163 0.591867 0.179432 0.614138 0.178599 0.615046
0 0.762183 0.070452 0.762510 0.071634 0.838319 0.093063 0.838958 0.093064 0.839875 0.091898 0.840930 0.089745 0.846241 0.076224 0.875621 0.000000 0.794153 0.000000 0.764672 0.059607 0.763628 0.062413 0.762788 0.065461 0.762280 0.068284
0 0.634823 0.402435 0.693733 0.456832 0.694317 0.456345 0.695643 0.455033 0.697508 0.453096 0.708046 0.441904 0.762631 0.382792 0.772547 0.371832 0.774179 0.369982 0.775155 0.368800 0.775328 0.368467 0.716418 0.314071 0.715815 0.314681 0.714477 0.316094 0.712610 0.318092 0.710496 0.320373 0.639942 0.396781 0.637889 0.399012 0.636196 0.400870 0.635118 0.402073
0 0.495509 0.215027 0.495560 0.218284 0.527800 0.253845 0.557434 0.226979 0.558098 0.223822 0.525486 0.187850 0.513637 0.188715 0.512974 0.188921 0.511045 0.190334 0.508143 0.192740 0.504712 0.195772 0.501278 0.198964 0.498369 0.201826 0.496430 0.203919 0.495754 0.204927
0 0.595793 0.284363 0.635452 0.289576 0.637018 0.287143 0.643346 0.239003 0.635659 0.230978 0.634926 0.230503 0.632477 0.229859 0.628682 0.229144 0.624121 0.228469 0.619494 0.227936 0.615513 0.227629 0.612786 0.227592 0.611727 0.227832 0.603229 0.233729 0.602049 0.236772
0 0.367371 0.550483 0.407783 0.553902 0.409047 0.553163 0.440138 0.526922 0.452277 0.516676 0.455648 0.476819 0.455031 0.476496 0.414620 0.473078 0.370789 0.510072
0 0.605250 0.208961 0.651809 0.222150 0.664528 0.208690 0.664998 0.207417 0.665900 0.204558 0.667098 0.200548 0.668408 0.195999 0.684005 0.140938 0.685222 0.136565 0.686155 0.133052 0.686662 0.130937 0.686666 0.130540 0.682895 0.112409 0.636336 0.099220 0.627526 0.129672 0.612108 0.184099
