0 0.146181 0.709390 0.148900 0.716739 0.154225 0.722488 0.161344 0.725763 0.169174 0.726063 0.176524 0.723344 0.177080 0.722961 0.182819 0.717645 0.186088 0.710538 0.186387 0.702721 0.183673 0.695384 0.178357 0.689645 0.171250 0.686376 0.163433 0.686077 0.156097 0.688790 0.155505 0.689115 0.149756 0.694440 0.146481 0.701560
0 0.302781 0.885211 0.303265 0.889481 0.304888 0.891797 0.312172 0.898722 0.317432 0.900619 0.320550 0.900623 0.329690 0.895760 0.331932 0.894047 0.334214 0.890875 0.336192 0.886729 0.337567 0.882236 0.338133 0.878073 0.337802 0.874869 0.334058 0.865868 0.332088 0.862927 0.326830 0.861058 0.323727 0.860971 0.314121 0.861634 0.311104 0.863870 0.308025 0.868078 0.305359 0.873618 0.303516 0.879637
0 0.324606 0.411872 0.325180 0.417757 0.327488 0.421317 0.330779 0.425831 0.337565 0.429095 0.341968 0.431064 0.347472 0.431099 0.353242 0.429197 0.358409 0.425650 0.362193 0.420990 0.364020 0.415922 0.363779 0.409410 0.363265 0.403523 0.360920 0.399991 0.357682 0.395439 0.352202 0.392923 0.345312 0.392835 0.338067 0.395198 0.336780 0.395671 0.332901 0.398334 0.331580 0.399652 0.326852 0.405511
0 0.868997 0.471499 0.869842 0.473450 0.872060 0.476996 0.875311 0.481600 0.879106 0.486566 0.882874 0.491148 0.886048 0.494655 0.888145 0.496554 0.888843 0.496549 0.899327 0.493573 0.904127 0.489906 0.905947 0.478442 0.905357 0.476981 0.903716 0.474307 0.901275 0.470826 0.898406 0.467072 0.895551 0.463622 0.893148 0.461006 0.891564 0.459621 0.880144 0.458523 0.879292 0.458615 0.874503 0.462275
0 0.752391 0.841062 0.805848 0.901299 0.989396 0.744419 0.988706 0.741921 0.935019 0.681425 0.752784 0.838148
0 0.316019 0.243366 0.316215 0.243835 0.317262 0.245852 0.319001 0.249112 0.321168 0.253118 0.323428 0.257253 0.325435 0.260883 0.326883 0.263453 0.327550 0.264572 0.339824 0.268885 0.394073 0.284918 0.401101 0.281097 0.399958 0.278566 0.361300 0.207471 0.318644 0.230666
0 0.920352 0.365189 0.953824 0.410792 0.963088 0.419949 0.963385 0.420194 0.965447 0.420679 0.968958 0.421330 0.973385 0.422048 0.978060 0.422726 0.982277 0.423261 0.985399 0.423571 0.986947 0.423610 0.999065 0.415896 1.000000 0.369413 1.000000 0.367903 0.997279 0.366983 0.926439 0.355631 0.921565 0.357281
0 0.220566 0.547701 0.249542 0.572893 0.281755 0.597533 0.284748 0.596195 0.309050 0.564424 0.245507 0.515820 0.244924 0.515856
0 0.488147 0.643398 0.499847 0.701818 0.506991 0.733505 0.546443 0.725131 0.540223 0.695777 0.528475 0.640425 0.527338 0.635080
0 0.733729 0.081009 0.746682 0.097091 0.761890 0.109881 0.779906 0.093402 0.820378 0.053939 0.824971 0.049244 0.796996 0.020563 0.760892 0.052639
0 0.279516 0.665874 0.326321 0.720946 0.327684 0.721921 0.330025 0.722701 0.332986 0.723168 0.336115 0.723248 0.338932 0.722930 0.341007 0.722264 0.342024 0.721351 0.362969 0.698352 0.363588 0.697354 0.364932 0.694854 0.366800 0.691232 0.368902 0.687041 0.370918 0.682927 0.372537 0.679520 0.373513 0.677341 0.373698 0.676717 0.369376 0.665915 0.331035 0.644906 0.327893 0.643346 0.315689 0.637776 0.297659 0.629592 0.297600 0.629681 0.295649 0.633544 0.293209 0.638404 0.288930 0.646960 0.284185 0.656470 0.281458 0.661945 0.279743 0.665405
0 0.507009 0.456235 0.507078 0.456637 0.535218 0.474012 0.538257 0.475758 0.576981 0.495966 0.577563 0.496045 0.588379 0.493765 0.588811 0.493529 0.590098 0.491747 0.592048 0.488686 0.594362 0.484812 0.596685 0.480720 0.598660 0.477039 0.599985 0.474334 0.600459 0.473013 0.607965 0.442101 0.608172 0.440912 0.607585 0.438949 0.606294 0.436511 0.604495 0.433971 0.602464 0.431718 0.600512 0.430097 0.598937 0.429354 0.527204 0.421649 0.525145 0.424548 0.523297 0.427538 0.519438 0.434035 0.515401 0.441021 0.510173 0.450315
0 0.620355 0.457646 0.620768 0.460120 0.621597 0.463032 0.622714 0.465937 0.623948 0.468389 0.625111 0.470014 0.626025 0.470565 0.656882 0.480865 0.658546 0.481077 0.661776 0.481358 0.666080 0.481665 0.670800 0.481950 0.675210 0.482170 0.678633 0.482291 0.680546 0.482294 0.680665 0.482181 0.688971 0.474194 0.690356 0.459064 0.692892 0.430422 0.693101 0.426919 0.694284 0.393734 0.693390 0.393680 0.686251 0.393261 0.678628 0.392815 0.675412 0.392627 0.667420 0.392160 0.656888 0.391545 0.654122 0.391385 0.620419 0.455987
0 0.302268 0.142829 0.302323 0.146720 0.302569 0.149273 0.302970 0.150104 0.311393 0.158489 0.354796 0.162809 0.358290 0.163014 0.371910 0.163496 0.391770 0.164030 0.392631 0.157919 0.393488 0.147532 0.393926 0.139396 0.394135 0.131511 0.394095 0.127662 0.393546 0.123113 0.329901 0.091216 0.328082 0.090747 0.325493 0.090869 0.322528 0.091564 0.319641 0.092726 0.317276 0.094177 0.315792 0.095695 0.303705 0.126866 0.303192 0.129551 0.302739 0.133531 0.302414 0.138196
0 0.649448 0.091574 0.673898 0.104540 0.685397 0.107376 0.699399 0.069773 0.675086 0.056472 0.663524 0.053774 0.655298 0.073856
0 0.917722 0.943477 0.919645 0.945519 0.952188 0.969259 0.975928 0.936716 0.973747 0.934715 0.941353 0.911083
0 0.109013 0.944663 0.120186 0.983364 0.158887 0.972191 0.160451 0.970027 0.149329 0.931503 0.110805 0.942625
0 0.906406 0.709575 0.931993 0.740447 0.933982 0.741554 0.964996 0.715849 0.939291 0.684835 0.937278 0.683988
0 0.049082 0.185177 0.076107 0.215291 0.080951 0.218545 0.092859 0.207859 0.091508 0.194482 0.091434 0.194202 0.090147 0.192600 0.087845 0.189925 0.084879 0.186580 0.081695 0.183071 0.078775 0.179928 0.076559 0.177626 0.075387 0.176517 0.061128 0.174367
0 0.028842 0.797626 0.028847 0.799110 0.029139 0.799445 0.107729 0.815349 0.108194 0.814475 0.108829 0.812540 0.109538 0.809842 0.110213 0.806787 0.130839 0.704853 0.131383 0.701887 0.131715 0.699442 0.131786 0.697888 0.131584 0.697463 0.052994 0.681560 0.052480 0.682318 0.051802 0.684160 0.051062 0.686807 0.050373 0.689854 0.029652 0.792256 0.029124 0.795219
