0 0.681295 0.244200 0.770229 0.469522 0.845707 0.440025 0.845459 0.439061 0.756932 0.214138 0.756773 0.214070
0 0.306416 0.000000 0.317285 0.210080 0.382861 0.211348 0.392320 0.209862 0.381566 0.000000
0 0.738283 0.290514 0.792681 0.349174 0.794024 0.348481 0.970812 0.184541 0.916165 0.125612 0.914263 0.127324
0 0.520342 0.833334 0.520883 0.834536 0.522374 0.837086 0.524588 0.840594 0.527187 0.844526 0.529772 0.848276 0.531945 0.851268 0.533375 0.853046 0.533845 0.853342 0.545694 0.857282 0.585941 0.830120 0.584959 0.826347 0.540207 0.760036 0.533576 0.764511 0.522796 0.820043
0 0.572550 0.032176 0.575402 0.112125 0.583397 0.111840 0.621945 0.070439 0.630903 0.059625 0.631043 0.058124 0.631096 0.055007 0.631054 0.050748 0.630924 0.045998 0.630724 0.041487 0.630486 0.037909 0.630247 0.035808 0.630042 0.035502 0.621912 0.025037 0.573388 0.026768
0 0.246093 0.105032 0.255209 0.124679 0.263435 0.141445 0.290762 0.132258 0.341851 0.107966 0.346738 0.104886 0.329511 0.068714 0.274962 0.086216
0 0.534534 0.063137 0.536941 0.074697 0.541862 0.078177 0.552351 0.080664 0.553648 0.079400 0.556134 0.076319 0.559429 0.071894 0.563037 0.066790 0.566416 0.061776 0.569055 0.057606 0.570555 0.054914 0.570681 0.054116 0.564756 0.044979 0.559824 0.041492 0.548255 0.043207 0.547272 0.044113 0.545389 0.046405 0.542893 0.049735 0.540165 0.053593 0.537626 0.057386 0.535665 0.060531 0.534580 0.062550
0 0.219310 0.627092 0.221187 0.634700 0.225834 0.641010 0.232540 0.645062 0.240288 0.646239 0.247896 0.644362 0.248329 0.644114 0.254628 0.639475 0.258674 0.632780 0.259848 0.625046 0.257975 0.617451 0.253336 0.611152 0.246641 0.607106 0.238907 0.605932 0.231312 0.607805 0.230849 0.607991 0.224539 0.612637 0.220487 0.619344
0 0.551420 0.143085 0.561130 0.147848 0.567140 0.148300 0.576280 0.140919 0.576382 0.140435 0.576613 0.138186 0.576936 0.134511 0.577303 0.129969 0.577657 0.125258 0.577944 0.121101 0.578120 0.118137 0.578158 0.116814 0.570252 0.108123 0.564228 0.107670 0.553881 0.110941 0.553784 0.111640 0.553516 0.114672 0.553116 0.119570 0.552647 0.125588 0.552179 0.131820 0.551781 0.137330 0.551515 0.141286
0 0.440986 0.173494 0.441591 0.181306 0.441691 0.181854 0.445234 0.188828 0.451176 0.193916 0.458613 0.196342 0.466412 0.195739 0.473387 0.192196 0.478475 0.186254 0.480901 0.178817 0.480868 0.178264 0.480264 0.170451 0.476714 0.163465 0.470762 0.158368 0.463312 0.155938 0.455500 0.156542 0.448513 0.160092 0.443416 0.166044
0 0.786878 0.703427 0.786948 0.711253 0.790006 0.718456 0.795589 0.723941 0.796098 0.724327 0.803367 0.727263 0.811206 0.727193 0.818422 0.724130 0.823916 0.718537 0.826852 0.711268 0.826782 0.703429 0.823719 0.696213 0.818126 0.690719 0.817580 0.690391 0.810323 0.687460 0.802497 0.687530 0.795294 0.690588 0.789809 0.696171
0 0.352190 0.471876 0.352473 0.472750 0.353900 0.473784 0.356256 0.474820 0.359181 0.475699 0.460623 0.500636 0.463652 0.501220 0.466305 0.501415 0.468175 0.501192 0.468979 0.500586 0.487428 0.424807 0.487029 0.423969 0.485500 0.422968 0.483077 0.421955 0.468683 0.417309 0.390632 0.398123 0.375500 0.395510 0.372798 0.395263 0.370852 0.395411 0.369960 0.395930
0 0.278767 0.437311 0.279914 0.437560 0.282061 0.438009 0.284881 0.438587 0.287946 0.439209 0.302828 0.442198 0.369673 0.455478 0.380032 0.457503 0.381334 0.457749 0.381458 0.457755 0.397595 0.377972 0.396531 0.377667 0.394424 0.377169 0.391596 0.376554 0.388478 0.375917 0.385548 0.375354 0.298132 0.359211 0.295923 0.358824 0.294705 0.358660 0.294661 0.358743
0 0.595142 0.351869 0.596026 0.353580 0.597745 0.355624 0.608714 0.366166 0.671508 0.416334 0.684295 0.424771 0.686699 0.426021 0.688610 0.426543 0.689736 0.426256 0.737070 0.366063 0.737277 0.364964 0.736498 0.363267 0.734850 0.361231 0.732583 0.359168 0.650969 0.293964 0.648445 0.292200 0.646064 0.291017 0.644190 0.290594 0.643109 0.290995 0.595229 0.350752
0 0.746421 0.640143 0.746646 0.641243 0.753354 0.658504 0.801450 0.663837 0.807094 0.636609 0.808874 0.620562 0.811652 0.595508 0.813431 0.579462 0.814020 0.550473 0.765923 0.545140 0.755597 0.560513 0.755158 0.561347 0.754584 0.563878 0.753963 0.567719 0.753388 0.572287 0.747125 0.628774 0.746681 0.633394 0.746434 0.637385
0 0.584930 0.580232 0.601096 0.597967 0.638979 0.597244 0.669544 0.569640 0.681477 0.558862 0.686415 0.520911 0.669207 0.504116 0.631760 0.504482 0.589462 0.542683
0 0.329277 0.305964 0.329528 0.309352 0.330038 0.313722 0.330730 0.318404 0.331497 0.322678 0.332221 0.325888 0.332792 0.327547 0.346253 0.357502 0.346734 0.358355 0.348332 0.359370 0.350804 0.360391 0.353773 0.361263 0.356784 0.361851 0.359375 0.362067 0.361153 0.361876 0.422080 0.322894 0.422273 0.320200 0.422012 0.316994 0.421184 0.309787 0.420105 0.301866 0.418431 0.291104 0.417088 0.283996 0.416521 0.283072 0.383791 0.287014 0.380323 0.287512 0.351715 0.292383 0.336578 0.294999 0.329324 0.304074
0 0.432946 0.773832 0.435912 0.774579 0.441699 0.775257 0.446448 0.775557 0.458732 0.775796 0.463543 0.775682 0.469500 0.775232 0.472673 0.774604 0.472762 0.773588 0.473364 0.751912 0.473560 0.744733 0.474515 0.693952 0.466636 0.685184 0.465764 0.684863 0.463193 0.684556 0.459319 0.684309 0.454727 0.684160 0.450112 0.684130 0.446168 0.684225 0.443495 0.684430 0.442501 0.684715 0.434291 0.693171 0.432965 0.758931
0 0.817208 0.503775 0.819714 0.507146 0.832261 0.519826 0.874067 0.557952 0.878103 0.558944 0.889861 0.559689 0.892537 0.559709 0.895341 0.558699 0.897843 0.556810 0.899662 0.554332 0.900518 0.551644 0.903228 0.542470 0.902625 0.529094 0.877495 0.505265 0.860625 0.489681 0.845172 0.475517 0.839994 0.476290 0.833394 0.481471 0.824017 0.490947 0.818661 0.497847
0 0.415831 0.358821 0.416718 0.362528 0.417716 0.365990 0.419928 0.373309 0.422341 0.381030 0.425593 0.391116 0.427714 0.397323 0.427943 0.397372 0.459854 0.388554 0.463200 0.387504 0.504321 0.372755 0.510386 0.362819 0.510445 0.362251 0.509953 0.360015 0.508984 0.356446 0.507685 0.352090 0.506255 0.347616 0.504915 0.343710 0.503869 0.340972 0.503278 0.339815 0.485804 0.313599 0.485032 0.312585 0.483160 0.311640 0.480474 0.310908 0.477382 0.310502 0.474360 0.310484 0.471868 0.310857 0.470288 0.311562
