0 0.261358 0.234374 0.264631 0.238017 0.301976 0.252348 0.353651 0.229334 0.367982 0.191989 0.366146 0.187706 0.328282 0.173176 0.275888 0.196510
0 0.271517 0.929228 0.272837 0.986710 0.275081 0.999849 0.275343 1.000000 0.323721 1.000000 0.331911 0.993532 0.332112 0.991961 0.332240 0.988795 0.332275 0.984519 0.332213 0.979779 0.330909 0.922961 0.330758 0.918458 0.330542 0.914857 0.330292 0.912703 0.321102 0.896113 0.272724 0.897223
0 0.583264 0.651246 0.585897 0.666911 0.592642 0.707032 0.593931 0.709911 0.626966 0.733437 0.650492 0.700402 0.640983 0.643840 0.639049 0.641868 0.606467 0.618664
0 0.858158 0.906769 0.874363 0.943340 0.879568 0.949505 0.933077 0.970154 0.970157 0.953724 0.953727 0.916645 0.947504 0.910931 0.894729 0.890565
0 0.142749 0.451462 0.218090 0.479999 0.219381 0.480090 0.304598 0.255104 0.303699 0.253977 0.228358 0.225440
0 0.685532 0.406843 0.695186 0.445660 0.741767 0.434075 0.744562 0.433313 0.749510 0.423825 0.749618 0.422831 0.749265 0.420200 0.748504 0.416328 0.747451 0.411808 0.746267 0.407335 0.745135 0.403596 0.744229 0.401161 0.743685 0.400400 0.734796 0.394047 0.687676 0.405766
0 0.511356 0.969163 0.511514 0.975703 0.551974 0.979695 0.555966 0.939236 0.555197 0.933197 0.515293 0.929260
0 0.677737 0.625656 0.713851 0.657274 0.716324 0.659093 0.726812 0.657756 0.727718 0.657272 0.729701 0.655475 0.732461 0.652637 0.735575 0.649190 0.738565 0.645664 0.740972 0.642602 0.742428 0.640471 0.742713 0.639595 0.742977 0.628649 0.706445 0.596665 0.704086 0.595560
0 0.153732 0.209330 0.153788 0.210540 0.155989 0.219902 0.159920 0.223103 0.203103 0.244061 0.220568 0.208075 0.217338 0.204700 0.173656 0.183500 0.163482 0.189241 0.161960 0.191252 0.159991 0.194554 0.157878 0.198643 0.155945 0.202891 0.154489 0.206645
0 0.471106 0.286219 0.471436 0.288662 0.478003 0.297066 0.478940 0.297465 0.481546 0.298067 0.485422 0.298780 0.489981 0.299495 0.494534 0.300105 0.498395 0.300519 0.500979 0.300672 0.501890 0.300541 0.511019 0.294422 0.517931 0.246922 0.518138 0.243996 0.478097 0.238170
0 0.360312 0.344455 0.360598 0.346346 0.361520 0.348858 0.362938 0.351606 0.364634 0.354170 0.366350 0.356158 0.367822 0.357266 0.437643 0.374298 0.440174 0.372389 0.442454 0.369916 0.447223 0.364259 0.452217 0.357971 0.458690 0.349344 0.462615 0.343547 0.462541 0.342633 0.437184 0.321723 0.434424 0.319571 0.410852 0.302433 0.398331 0.293401 0.386858 0.294437 0.385301 0.295778 0.382915 0.298356 0.380065 0.301778 0.377187 0.305520 0.374725 0.309005 0.373054 0.311699 0.372429 0.313194
0 0.369444 0.808091 0.370176 0.810161 0.371656 0.812583 0.373660 0.814987 0.375881 0.817005 0.377978 0.818328 0.379632 0.818754 0.451651 0.821298 0.453552 0.817428 0.455171 0.814019 0.458499 0.806946 0.461939 0.799578 0.466339 0.790078 0.468937 0.784377 0.451296 0.775368 0.439294 0.769320 0.436119 0.767829 0.395837 0.750871 0.384640 0.754251 0.384192 0.754845 0.383026 0.757019 0.381318 0.760446 0.379328 0.764603 0.377362 0.768853 0.375722 0.772541 0.374659 0.775103 0.374334 0.776151 0.369573 0.806689
0 0.872251 0.732732 0.885661 0.770521 0.887437 0.771766 0.925399 0.758294 0.911927 0.720332 0.910039 0.719322
0 0.463093 0.318033 0.463515 0.320113 0.495780 0.343755 0.505237 0.330849 0.505297 0.328893 0.503829 0.318225 0.503093 0.317441 0.500980 0.315686 0.497813 0.313227 0.494074 0.310438 0.490338 0.307749 0.487179 0.305574 0.485080 0.304243 0.484359 0.303958 0.472659 0.304978
0 0.692051 0.243431 0.721488 0.270658 0.722508 0.269602 0.749859 0.240029 0.720287 0.212678 0.692935 0.242250
0 0.677367 0.692170 0.678182 0.693053 0.717777 0.699906 0.724631 0.660312 0.723604 0.659579 0.684190 0.652756
0 0.896375 0.254354 0.897370 0.262113 0.901260 0.268900 0.907450 0.273683 0.914999 0.275732 0.922758 0.274737 0.923486 0.274349 0.930285 0.270453 0.935076 0.264252 0.937129 0.256689 0.936132 0.248917 0.932236 0.242118 0.926035 0.237327 0.918472 0.235275 0.910700 0.236271 0.903901 0.240167 0.903207 0.240614 0.898424 0.246804
0 0.239722 0.533716 0.240269 0.539712 0.242289 0.544612 0.245477 0.547672 0.252143 0.552558 0.256992 0.553498 0.261649 0.554144 0.266626 0.552049 0.270967 0.547226 0.274101 0.542952 0.275918 0.538873 0.276672 0.534228 0.276247 0.529730 0.274555 0.525121 0.271988 0.519007 0.267964 0.515227 0.263103 0.514351 0.258455 0.513659 0.250537 0.516487 0.246573 0.518207 0.243130 0.522086 0.240726 0.527529
0 0.737559 0.088564 0.737931 0.091133 0.739945 0.095056 0.743295 0.099734 0.747468 0.104447 0.751821 0.108470 0.755684 0.111186 0.758468 0.112182 0.768209 0.108629 0.769793 0.107550 0.774165 0.103582 0.774823 0.092254 0.774501 0.090326 0.772964 0.087395 0.770448 0.083907 0.767333 0.080389 0.764090 0.077371 0.761208 0.075310 0.759124 0.074521 0.748035 0.074066 0.746404 0.075076 0.742040 0.079070
0 0.140794 0.795354 0.141958 0.805742 0.143425 0.808204 0.147992 0.811579 0.157946 0.813900 0.160581 0.813875 0.164258 0.811842 0.168416 0.808108 0.172413 0.803245 0.175635 0.798002 0.177587 0.793186 0.177975 0.789533 0.173060 0.781082 0.171532 0.778678 0.166989 0.775290 0.163690 0.775395 0.153861 0.777120 0.151119 0.778671 0.148023 0.781474 0.145039 0.785104 0.142618 0.789014 0.141127 0.792612
0 0.511518 0.081257 0.512569 0.089009 0.516507 0.095769 0.522732 0.100506 0.530296 0.102502 0.538047 0.101450 0.544807 0.097513 0.549544 0.091288 0.551540 0.083724 0.551629 0.083007 0.550575 0.075242 0.546631 0.068471 0.540395 0.063726 0.532819 0.061726 0.525053 0.062780 0.518282 0.066724 0.513537 0.072960 0.511537 0.080537
