0 0.723488 0.963425 0.724354 0.971199 0.724741 0.972010 0.728521 0.978874 0.734642 0.983768 0.742169 0.985948 0.749956 0.985080 0.756820 0.981299 0.761714 0.975179 0.763894 0.967652 0.763026 0.959864 0.759245 0.953000 0.758800 0.952222 0.752690 0.947337 0.745176 0.945160 0.737401 0.946027 0.730550 0.949801 0.725664 0.955911
0 0.366412 0.579435 0.368166 0.581627 0.372232 0.585541 0.381603 0.589036 0.384619 0.588966 0.388772 0.587066 0.393428 0.583620 0.397870 0.579159 0.401412 0.574368 0.403514 0.569985 0.403856 0.566681 0.400084 0.557561 0.398264 0.555420 0.394222 0.551496 0.383278 0.551947 0.381017 0.552043 0.377917 0.553496 0.374447 0.556083 0.371132 0.559414 0.368472 0.562984 0.366869 0.566256 0.366570 0.568733
0 0.769395 0.525081 0.771716 0.532551 0.776718 0.538566 0.783642 0.542207 0.784130 0.542280 0.791933 0.542997 0.799417 0.540672 0.805441 0.535661 0.809089 0.528726 0.809806 0.520922 0.807481 0.513439 0.802471 0.507414 0.795535 0.503767 0.787732 0.503050 0.787237 0.503044 0.779767 0.505365 0.773753 0.510367 0.770111 0.517291
0 0.596619 0.727169 0.598304 0.734808 0.598473 0.735212 0.602962 0.741635 0.609567 0.745852 0.617283 0.747219 0.624935 0.745531 0.631358 0.741042 0.635575 0.734437 0.636942 0.726721 0.635254 0.719069 0.635021 0.718692 0.630540 0.712280 0.623946 0.708071 0.616244 0.706706 0.608605 0.708392 0.602193 0.712873 0.597983 0.719467
0 0.155379 0.048147 0.156151 0.049655 0.159292 0.054739 0.167806 0.060993 0.170450 0.060876 0.174704 0.059431 0.179920 0.056874 0.185297 0.053599 0.190005 0.050110 0.193323 0.046943 0.194745 0.044584 0.193008 0.034202 0.192160 0.032726 0.189046 0.027640 0.178053 0.024819 0.176061 0.024948 0.172878 0.026060 0.168985 0.027984 0.164971 0.030429 0.161444 0.033025 0.158934 0.035381 0.157826 0.037139
0 0.047526 0.376707 0.098813 0.438836 0.100652 0.439117 0.286187 0.285959 0.235135 0.224114 0.233915 0.222843
0 0.042596 0.269786 0.048889 0.272952 0.088375 0.279926 0.134835 0.247414 0.141809 0.207928 0.136811 0.203855 0.096775 0.196784 0.049668 0.229750
0 0.777389 0.452241 0.778360 0.483445 0.779908 0.514582 0.821387 0.543906 0.861975 0.542380 0.861621 0.511461 0.859205 0.480306 0.818077 0.450636
0 0.761563 0.433986 0.763045 0.461070 0.782240 0.462428 0.803367 0.462111 0.804632 0.450209 0.802799 0.423130 0.762686 0.422096
0 0.523608 0.642128 0.523717 0.642783 0.563492 0.649148 0.569858 0.609373 0.569538 0.608871 0.529944 0.602535
0 0.396053 0.350279 0.404669 0.363980 0.405759 0.365534 0.416579 0.367714 0.417466 0.367400 0.419767 0.366159 0.423131 0.364181 0.427047 0.361766 0.430926 0.359278 0.434180 0.357094 0.436319 0.355543 0.437012 0.354864 0.439619 0.344239 0.438921 0.342438 0.430304 0.328737
0 0.181651 0.436943 0.184380 0.444581 0.219602 0.458345 0.238082 0.425699 0.235574 0.417994 0.200314 0.404360
0 0.280303 0.594696 0.295627 0.631950 0.332880 0.616626 0.333646 0.616092 0.318393 0.579009 0.281310 0.594262
0 0.419475 0.558881 0.440181 0.602799 0.513379 0.568289 0.513226 0.567509 0.509815 0.560273 0.445403 0.537085 0.444646 0.537427 0.442346 0.538499 0.438859 0.540134 0.434712 0.542087 0.430530 0.544061 0.426946 0.545760 0.424501 0.546925 0.423570 0.547379
0 0.844718 0.637817 0.850038 0.643791 0.854085 0.645453 0.914518 0.591633 0.882226 0.555373 0.877858 0.554740 0.868335 0.554021 0.867165 0.554560 0.864806 0.556235 0.861620 0.558789 0.858088 0.561835 0.854743 0.564913 0.852091 0.567559 0.850533 0.569372 0.850309 0.570075 0.847986 0.581343
0 0.157114 0.898311 0.228887 0.935694 0.231985 0.930714 0.235681 0.923619 0.218682 0.869665 0.213442 0.859592 0.211447 0.857985 0.208201 0.855915 0.204195 0.853696 0.200034 0.851661 0.196346 0.850119 0.193689 0.849303 0.192471 0.849340 0.183206 0.851187 0.179544 0.855247
0 0.151826 0.411800 0.168393 0.437177 0.175312 0.437052 0.222710 0.405249 0.233156 0.384416 0.234286 0.380223 0.235955 0.373682 0.231996 0.367427 0.218854 0.348646 0.177481 0.348663
0 0.039509 0.497213 0.068627 0.541137 0.094878 0.567136 0.111925 0.554345 0.125829 0.541278 0.110827 0.519348 0.074592 0.475935 0.070255 0.471526
0 0.107141 0.059264 0.107216 0.060530 0.107593 0.062787 0.108216 0.065691 0.111973 0.081334 0.132382 0.158247 0.136274 0.171446 0.136960 0.173480 0.137444 0.174480 0.215499 0.156096 0.215639 0.155928 0.215483 0.154606 0.215054 0.152332 0.214418 0.149452 0.213672 0.146401 0.188092 0.046714 0.187328 0.043879 0.186674 0.041736 0.186229 0.040610 0.107380 0.059181
0 0.336631 0.939509 0.361839 1.000000 0.377070 1.000000 0.466057 0.979281 0.469020 0.978546 0.471898 0.977357 0.474249 0.975896 0.475714 0.974386 0.476073 0.973058 0.451529 0.901681 0.450745 0.900792 0.448916 0.900423 0.446324 0.900628 0.431654 0.903739 0.355312 0.928874 0.341100 0.935272 0.338680 0.936717 0.337110 0.938205
