0 0.408577 0.866214 0.408637 0.866889 0.455382 0.931110 0.456379 0.930989 0.458198 0.930144 0.460561 0.928705 0.473358 0.919918 0.537306 0.871228 0.548701 0.861596 0.550536 0.859838 0.551563 0.858516 0.551624 0.857831 0.504324 0.794033 0.503373 0.794037 0.501593 0.794781 0.499254 0.796152 0.496713 0.797943 0.413601 0.861225 0.411262 0.863149 0.409498 0.864901
0 0.394067 0.279347 0.394625 0.280408 0.396304 0.281521 0.398847 0.282517 0.413670 0.286599 0.492798 0.300696 0.507910 0.301948 0.510562 0.301877 0.512405 0.301392 0.513157 0.300564 0.526690 0.225329 0.526247 0.224227 0.524667 0.223077 0.522190 0.222054 0.519193 0.221316 0.416350 0.202993 0.413310 0.202656 0.410711 0.202774 0.408947 0.203329 0.408288 0.204235
0 0.069400 0.812711 0.070282 0.814365 0.072127 0.816183 0.074655 0.817885 0.165566 0.869340 0.168374 0.870658 0.171017 0.871380 0.173091 0.871399 0.174280 0.870711 0.210828 0.804949 0.210924 0.803710 0.209938 0.802058 0.208022 0.800244 0.195802 0.791390 0.125854 0.751801 0.111613 0.745677 0.108936 0.744892 0.106809 0.744782 0.105556 0.745366 0.069616 0.811472
0 0.855955 0.196862 0.856191 0.197396 0.857484 0.198386 0.859637 0.199680 0.862322 0.201082 0.955669 0.246934 0.958496 0.248240 0.961055 0.249260 0.962956 0.249840 0.963910 0.249889 0.999261 0.177920 0.999151 0.177368 0.997960 0.176360 0.995868 0.175050 0.993194 0.173637 0.899419 0.127574 0.896589 0.126283 0.894054 0.125321 0.892199 0.124832 0.891307 0.124892
0 0.342339 0.055341 0.342398 0.056873 0.343069 0.059195 0.344252 0.061952 0.390020 0.155855 0.391524 0.158609 0.393112 0.160923 0.394541 0.162443 0.395593 0.162939 0.465137 0.126791 0.465597 0.126217 0.465448 0.124629 0.464717 0.122271 0.459181 0.108641 0.423967 0.036392 0.416181 0.022689 0.414600 0.020304 0.413181 0.018676 0.412139 0.018054 0.342901 0.054831
0 0.662352 0.318285 0.663091 0.320759 0.664744 0.324997 0.667060 0.330356 0.669688 0.336026 0.672234 0.341156 0.674315 0.344974 0.675613 0.346896 0.686345 0.346281 0.691813 0.343746 0.692244 0.343397 0.696598 0.332706 0.696083 0.330860 0.694867 0.327670 0.693132 0.323621 0.691145 0.319334 0.689211 0.315469 0.687628 0.312618 0.686636 0.311215 0.675634 0.307562 0.670154 0.310102 0.662644 0.317960
0 0.169788 0.346772 0.170792 0.354547 0.174696 0.361345 0.180904 0.366133 0.181452 0.366363 0.189007 0.368406 0.196768 0.367404 0.203555 0.363507 0.208335 0.357310 0.210378 0.349755 0.209376 0.341994 0.205478 0.335207 0.199281 0.330427 0.198764 0.330135 0.191196 0.328089 0.183421 0.329093 0.176623 0.332996 0.171835 0.339204
0 0.254180 0.091241 0.254240 0.095390 0.254443 0.100110 0.254757 0.104675 0.255134 0.108386 0.255516 0.110676 0.255845 0.111201 0.264823 0.118883 0.270845 0.118624 0.280662 0.114169 0.280922 0.112415 0.281009 0.108488 0.280911 0.102988 0.280643 0.096744 0.280245 0.090694 0.279776 0.085752 0.279309 0.082665 0.278912 0.081914 0.268635 0.078307 0.262600 0.078566 0.254500 0.087011 0.254271 0.088299
0 0.357643 0.161048 0.357860 0.163839 0.359347 0.167402 0.361874 0.171198 0.365060 0.174652 0.368423 0.177245 0.371456 0.178582 0.380881 0.179875 0.384632 0.179673 0.388828 0.176072 0.390704 0.173453 0.394836 0.164815 0.394603 0.161094 0.392657 0.156322 0.389293 0.151230 0.385025 0.146602 0.380511 0.143150 0.376446 0.141404 0.373452 0.141625 0.363941 0.144429 0.359721 0.148018 0.357907 0.150692
0 0.701764 0.192616 0.702548 0.198170 0.705355 0.203585 0.709757 0.208047 0.715091 0.210880 0.720553 0.211657 0.726531 0.210610 0.732480 0.208855 0.735355 0.206087 0.739531 0.201869 0.741290 0.195819 0.740352 0.188858 0.736852 0.182053 0.731326 0.176452 0.724623 0.172918 0.717777 0.171991 0.711839 0.173805 0.708930 0.176540 0.704800 0.180805 0.703101 0.186866
0 0.885923 0.374131 0.894281 0.383414 0.894659 0.383754 0.896775 0.384414 0.900300 0.385294 0.904702 0.386259 0.943957 0.394408 0.948581 0.395316 0.952740 0.396032 0.955804 0.396447 0.957305 0.396497 0.969620 0.389125 0.979489 0.341584 0.900253 0.325135 0.895679 0.327133
0 0.603811 0.883413 0.605254 0.888744 0.634938 0.964230 0.672681 0.949388 0.670312 0.943225 0.641036 0.868775
0 0.068779 0.596948 0.068950 0.601599 0.071435 0.641892 0.071833 0.646479 0.072396 0.650287 0.073036 0.652733 0.080272 0.661883 0.128734 0.658895 0.132977 0.657079 0.128053 0.577230 0.080144 0.580185 0.075290 0.581112 0.069694 0.589203 0.069182 0.590238 0.068860 0.592958
0 0.724244 0.172577 0.758351 0.206351 0.771572 0.204961 0.771859 0.204698 0.773392 0.203173 0.775935 0.200621 0.779101 0.197429 0.807311 0.168941 0.810631 0.165583 0.813611 0.162558 0.815800 0.160325 0.816863 0.159224 0.818279 0.145454 0.783778 0.111289 0.726836 0.168791
0 0.038962 0.902582 0.048508 0.910676 0.050591 0.911553 0.054132 0.912486 0.058590 0.913331 0.063281 0.913959 0.067483 0.914272 0.070554 0.914225 0.072028 0.913824 0.078910 0.909013 0.083723 0.904339 0.091352 0.856949 0.051860 0.850592 0.046679 0.854645
0 0.785759 0.326067 0.804490 0.361410 0.808010 0.359808 0.850913 0.337071 0.852682 0.326895 0.852717 0.325853 0.851884 0.323340 0.850309 0.319738 0.848231 0.315595 0.845969 0.311549 0.843872 0.308223 0.842260 0.306123 0.841378 0.305567 0.831965 0.301319 0.789063 0.324056
0 0.724309 0.706566 0.724884 0.708812 0.725950 0.712359 0.727346 0.716670 0.728861 0.721095 0.730267 0.724965 0.731350 0.727695 0.731946 0.728867 0.744002 0.735149 0.790067 0.719799 0.777275 0.681412 0.774106 0.679339 0.728568 0.694513 0.724315 0.705967
0 0.726162 0.388092 0.753278 0.427699 0.756206 0.426863 0.789594 0.404005 0.762164 0.363940 0.749189 0.362213 0.748104 0.362913 0.745673 0.364541 0.742270 0.366846 0.738408 0.369481 0.734672 0.372048 0.731624 0.374159 0.729727 0.375495 0.729272 0.375849
0 0.603522 0.714971 0.609557 0.754513 0.610824 0.757456 0.658823 0.750129 0.665147 0.739448 0.665226 0.738855 0.665016 0.736530 0.664547 0.732825 0.663891 0.728304 0.663149 0.723664 0.662434 0.719616 0.661857 0.716780 0.661505 0.715586 0.650972 0.707728
0 0.533467 0.442694 0.540215 0.457201 0.757828 0.355985 0.763859 0.352616 0.756953 0.337769 0.744432 0.334303 0.743915 0.334474 0.741786 0.335406 0.738366 0.336957 0.734178 0.338891 0.697148 0.356114 0.549026 0.425009 0.544762 0.427006 0.541128 0.428736 0.538678 0.429935 0.537784 0.430420 0.537350 0.431220
0 0.822682 0.905377 0.824169 0.907239 1.000000 0.980599 1.000000 0.889900 0.977144 0.878283 0.847021 0.828963
0 0.043239 0.704194 0.071536 0.732863 0.073500 0.731795 0.102037 0.703628 0.073870 0.675090 0.071908 0.675896
0 0.723519 0.304518 0.759091 0.323023 0.760284 0.322208 0.778874 0.286473 0.743138 0.267882 0.742024 0.268946
0 0.239757 0.253146 0.252521 0.291353 0.253655 0.292309 0.291686 0.279603 0.278981 0.241572 0.277963 0.240382
0 0.888385 0.612812 0.890169 0.613330 0.929422 0.621926 0.938019 0.582673 0.898765 0.574077 0.896942 0.573738
0 0.697176 0.274403 0.706238 0.281765 0.706883 0.282065 0.709262 0.282344 0.713009 0.282559 0.717555 0.282679 0.722216 0.282686 0.726287 0.282577 0.729153 0.282370 0.730373 0.282096 0.739915 0.272349 0.740137 0.256166 0.699678 0.255611 0.697396 0.258404
