0 0.000000 0.289088 0.008194 0.327502 0.009251 0.331948 0.010567 0.336483 0.011939 0.340410 0.013158 0.343128 0.014037 0.344225 0.026516 0.357909 0.073302 0.345547 0.069524 0.319449 0.065467 0.304092 0.055073 0.264757 0.044164 0.235272 0.000000 0.247634
0 0.094256 0.813845 0.095754 0.839745 0.144047 0.842814 0.153640 0.826974 0.154156 0.825624 0.154709 0.822649 0.155215 0.818504 0.155598 0.813816 0.159203 0.757097 0.159406 0.752559 0.159400 0.748840 0.159185 0.746505 0.151282 0.728985 0.102988 0.725916 0.097903 0.756462
0 0.679518 0.820254 0.691880 0.867039 0.709941 0.871130 0.711110 0.871387 0.713889 0.871132 0.717857 0.870406 0.722406 0.869317 0.777735 0.854698 0.782152 0.853418 0.785744 0.852147 0.787962 0.851081 0.802154 0.837903 0.789793 0.791117 0.760105 0.795990 0.705413 0.810440
0 0.002170 0.399939 0.027494 0.441175 0.045968 0.439886 0.047351 0.439485 0.050087 0.438183 0.053756 0.436182 0.057805 0.433784 0.106235 0.404043 0.110064 0.401603 0.113109 0.399481 0.114908 0.397997 0.124688 0.381487 0.099365 0.340251 0.071576 0.353983 0.022579 0.384073
0 0.300967 0.507677 0.530605 0.583054 0.555730 0.506508 0.326093 0.431132
0 0.330007 0.184420 0.427785 0.405450 0.428115 0.405884 0.501454 0.373441 0.501462 0.372858 0.403684 0.151828
0 0.193119 0.581936 0.272522 0.595564 0.273565 0.595126 0.314259 0.358008 0.313403 0.357354 0.234001 0.343727
0 0.137220 0.701434 0.243534 0.918488 0.315886 0.883049 0.316729 0.881294 0.210901 0.665235 0.138881 0.700512
0 0.696384 0.447679 0.716255 0.491372 0.728362 0.495774 0.729500 0.495388 0.732145 0.494296 0.735895 0.492666 0.740176 0.490746 0.744331 0.488830 0.747720 0.487213 0.749828 0.486143 0.750334 0.485781 0.755588 0.474522 0.735487 0.430323 0.732795 0.431119
0 0.930114 0.541294 0.956459 0.581419 0.961736 0.582360 0.995559 0.560152 0.968910 0.519564 0.954798 0.516721 0.953431 0.517203 0.950744 0.518616 0.947145 0.520744 0.943181 0.523265 0.939448 0.525798 0.936511 0.527961 0.934814 0.529426
0 0.695531 0.362911 0.731641 0.394535 0.744704 0.393509 0.745633 0.392676 0.747637 0.390583 0.750410 0.387546 0.753530 0.384030 0.756516 0.380574 0.758909 0.377711 0.760346 0.375877 0.760607 0.375350 0.760977 0.362877 0.724450 0.330887 0.721884 0.332820
0 0.687667 0.626751 0.688729 0.637503 0.727466 0.665849 0.730095 0.667766 0.753990 0.635113 0.714806 0.606439 0.712351 0.605223 0.701921 0.607272 0.701114 0.607871 0.699348 0.609857 0.696894 0.612924 0.694125 0.616609 0.691456 0.620355 0.689293 0.623597 0.687961 0.625844
0 0.254422 0.233759 0.258809 0.246646 0.259933 0.247418 0.262493 0.248949 0.266097 0.251003 0.270200 0.253270 0.274183 0.255409 0.277444 0.257095 0.279490 0.258074 0.280006 0.258194 0.292354 0.255939 0.315318 0.213788 0.313183 0.210479 0.277652 0.191122
0 0.457862 0.274820 0.458371 0.275876 0.529946 0.305109 0.530876 0.305015 0.532142 0.303807 0.533553 0.301671 0.540505 0.288456 0.571954 0.214490 0.576899 0.199723 0.577553 0.197003 0.577686 0.194918 0.577277 0.193789 0.505428 0.165198 0.504481 0.165173 0.503199 0.166277 0.501777 0.168343 0.500432 0.171057 0.459558 0.267190 0.458504 0.270119 0.457908 0.272799
0 0.593443 0.749580 0.594087 0.752213 0.596687 0.762331 0.599410 0.764249 0.604288 0.766764 0.614010 0.767289 0.617195 0.766602 0.620883 0.763784 0.624509 0.759262 0.627512 0.753729 0.629431 0.748038 0.629973 0.743065 0.629059 0.739568 0.623123 0.732069 0.620352 0.730218 0.615495 0.727686 0.611525 0.728618 0.603011 0.731955 0.600267 0.734092 0.597571 0.737481 0.595329 0.741611 0.593880 0.745858
0 0.758606 0.462322 0.760636 0.469880 0.765402 0.476088 0.772182 0.479997 0.779941 0.481016 0.780423 0.480983 0.787994 0.478950 0.794212 0.474176 0.798129 0.467384 0.799149 0.459612 0.797117 0.452040 0.792342 0.445822 0.785551 0.441906 0.777778 0.440885 0.777301 0.440987 0.769742 0.443017 0.763535 0.447783 0.759625 0.454562
0 0.903589 0.235782 0.904702 0.243525 0.908693 0.250253 0.914955 0.254941 0.922535 0.256877 0.930278 0.255763 0.931018 0.255343 0.937758 0.251345 0.942454 0.245072 0.944393 0.237479 0.943278 0.229723 0.939281 0.222983 0.933007 0.218287 0.925415 0.216348 0.917658 0.217464 0.910919 0.221461 0.910213 0.221940 0.905524 0.228202
0 0.736298 0.778204 0.740944 0.787450 0.745376 0.791280 0.747043 0.792533 0.758110 0.791702 0.760189 0.791025 0.763039 0.789027 0.766230 0.786012 0.769279 0.782436 0.771726 0.778840 0.773201 0.775765 0.773478 0.773681 0.772621 0.762537 0.768182 0.758733 0.766560 0.757410 0.756765 0.754203 0.753988 0.755049 0.750166 0.757680 0.745882 0.761700 0.741797 0.766490 0.738540 0.771313 0.736610 0.775427
0 0.836449 0.668857 0.861875 0.699862 0.863541 0.700782 0.894689 0.675239 0.869146 0.644091 0.867454 0.643431
0 0.152332 0.186972 0.172703 0.221609 0.174200 0.222882 0.208679 0.202604 0.188400 0.168125 0.186969 0.166601
0 0.433113 0.602359 0.468443 0.621503 0.487588 0.586173 0.487644 0.585779 0.452476 0.566722 0.452257 0.567029
0 0.815569 0.274234 0.823414 0.313556 0.862737 0.305711 0.864406 0.304816 0.856525 0.265313 0.817021 0.273194
0 0.899040 0.052808 0.913871 0.090061 0.951125 0.075230 0.953202 0.073274 0.938302 0.035849 0.900877 0.050749
