0 0.815873 0.576931 0.891637 0.602617 0.897083 0.604044 0.910105 0.565635 0.833287 0.539592 0.828716 0.539049
0 0.898571 0.712970 0.931973 0.735155 0.937994 0.738433 0.982982 0.670699 0.949115 0.648205 0.942941 0.646168
0 0.000000 0.378997 0.002176 0.401357 0.002473 0.402897 0.003226 0.405265 0.018098 0.445158 0.023606 0.445785 0.067946 0.427402 0.070494 0.415541 0.069973 0.413224 0.068799 0.409683 0.067149 0.405455 0.051795 0.368420 0.049914 0.364133 0.048083 0.360423 0.046577 0.357854 0.045627 0.356818 0.037308 0.353501 0.031959 0.351807 0.000000 0.370403
0 0.138042 0.078169 0.142179 0.082990 0.184661 0.105334 0.194991 0.099640 0.196546 0.097776 0.198589 0.094622 0.200810 0.090654 0.219473 0.055171 0.221543 0.050980 0.223154 0.047188 0.224061 0.044370 0.224124 0.042956 0.221902 0.034530 0.218687 0.029149 0.175713 0.006546
0 0.054635 0.342435 0.075673 0.395650 0.082095 0.407293 0.082387 0.407536 0.084325 0.408475 0.087617 0.409968 0.091761 0.411788 0.096120 0.413653 0.100024 0.415278 0.102876 0.416415 0.104243 0.416891 0.117224 0.412747 0.136310 0.368705 0.062905 0.336896 0.057852 0.335010
0 0.205166 0.145478 0.208535 0.149530 0.216059 0.152249 0.267274 0.128227 0.277317 0.121065 0.278453 0.119033 0.279944 0.115647 0.281566 0.111418 0.283074 0.106987 0.284240 0.103021 0.284887 0.100120 0.284915 0.098728 0.280870 0.090608 0.278337 0.085875 0.232673 0.069371
0 0.217040 0.682095 0.236872 0.726415 0.249220 0.729631 0.249728 0.729559 0.251842 0.728745 0.255241 0.727312 0.259407 0.725479 0.263700 0.723527 0.267459 0.721757 0.270111 0.720438 0.271253 0.719772 0.276391 0.707490 0.296564 0.654641 0.293297 0.647339 0.220274 0.680014
0 0.782082 0.632668 0.785090 0.636966 0.819552 0.681860 0.839440 0.705857 0.871437 0.681305 0.853939 0.655527 0.813868 0.608279
0 0.000000 0.982643 0.019793 0.975308 0.072664 0.952711 0.102366 0.937816 0.083348 0.893319 0.064613 0.891735 0.062694 0.892325 0.059424 0.893570 0.055297 0.895280 0.003037 0.917616 0.000000 0.919539
0 0.000245 0.065668 0.000521 0.068419 0.001290 0.070394 0.041430 0.127770 0.046247 0.128754 0.050145 0.128621 0.058005 0.127683 0.066021 0.126208 0.076129 0.123650 0.081925 0.121334 0.078624 0.101653 0.076198 0.087957 0.075513 0.084536 0.065246 0.042279 0.063786 0.040591 0.054735 0.034095 0.052088 0.033820 0.048165 0.034024 0.043567 0.034676 0.038999 0.035677 0.035163 0.036873 0.032648 0.038079 0.003748 0.055704 0.002403 0.057168 0.001264 0.059576 0.000506 0.062562
0 0.381906 0.453467 0.383124 0.456668 0.384586 0.459817 0.387876 0.466574 0.391497 0.473776 0.396420 0.483279 0.399678 0.489239 0.400110 0.489486 0.430057 0.475454 0.433184 0.473871 0.471314 0.452591 0.471767 0.452247 0.475749 0.441890 0.475819 0.441446 0.475064 0.439432 0.473596 0.436152 0.471639 0.432105 0.469492 0.427914 0.467486 0.424222 0.465929 0.421595 0.465056 0.420431 0.443254 0.397053 0.442392 0.396255 0.440445 0.395689 0.437708 0.395443 0.434599 0.395553 0.431595 0.396005 0.429156 0.396728 0.427653 0.397611
0 0.491004 0.716211 0.495085 0.789431 0.495970 0.790009 0.500146 0.791933 0.506256 0.794478 0.516431 0.798462 0.525200 0.801662 0.529715 0.803015 0.532780 0.803568 0.545358 0.772598 0.546596 0.769310 0.555786 0.742318 0.560582 0.728062 0.556456 0.717125 0.554955 0.716470 0.551991 0.715281 0.548014 0.713737 0.543627 0.712074 0.539491 0.710541 0.536230 0.709371 0.534341 0.708740 0.502114 0.705113 0.500971 0.705350 0.499179 0.706447 0.497010 0.708237 0.494796 0.710449 0.492876 0.712742 0.491545 0.714766
0 0.878089 0.342763 0.908236 0.369052 0.910111 0.368451 0.936521 0.338165 0.906235 0.311755 0.904378 0.312615
0 0.097383 0.975879 0.137611 0.977953 0.139272 0.975763 0.141337 0.935719 0.101293 0.933654 0.099457 0.935650
0 0.936162 0.588255 0.958954 0.621244 0.961067 0.621802 0.994209 0.598905 0.971311 0.565763 0.969151 0.565462
0 0.354080 0.392335 0.354747 0.392827 0.394565 0.396639 0.398376 0.356821 0.397910 0.356163 0.357909 0.352334
0 0.119719 0.533919 0.151958 0.558071 0.153553 0.557804 0.177594 0.525714 0.145503 0.501672 0.143871 0.501680
0 0.424715 0.417475 0.542174 0.624685 0.544833 0.626998 0.613946 0.586397 0.497019 0.378166 0.494551 0.376960
