0 0.108622 0.439354 0.129192 0.517247 0.130891 0.517168 0.363501 0.455742 0.343026 0.378205 0.342303 0.377645
0 0.457228 0.689565 0.487319 0.727463 0.505505 0.723965 0.506234 0.723688 0.508300 0.722305 0.511390 0.720024 0.515031 0.717193 0.559848 0.681607 0.563470 0.678671 0.566503 0.676090 0.568485 0.674259 0.569115 0.673456 0.576644 0.656536 0.546552 0.618639 0.524025 0.635269 0.479724 0.670445
0 0.025760 0.456568 0.027647 0.475712 0.028577 0.477870 0.030411 0.481127 0.032869 0.484984 0.064672 0.532560 0.067368 0.536413 0.069880 0.539656 0.071822 0.541795 0.072900 0.542505 0.089148 0.551391 0.129378 0.524498 0.116654 0.500786 0.107827 0.487580 0.085217 0.453757 0.065990 0.429675
0 0.749762 0.536075 0.773887 0.587393 0.811608 0.600991 0.815954 0.602393 0.829740 0.564146 0.805279 0.512112 0.767031 0.498325 0.763359 0.498353
0 0.478823 0.814565 0.479145 0.815834 0.480121 0.818621 0.481602 0.822502 0.483363 0.826885 0.505111 0.879818 0.506875 0.884014 0.508365 0.887365 0.509353 0.889359 0.509691 0.889695 0.523856 0.901624 0.568616 0.883234 0.557313 0.853975 0.535815 0.801650 0.525271 0.777733 0.480510 0.796123
0 0.684338 0.381742 0.718591 0.402587 0.719597 0.402139 0.740538 0.367728 0.706128 0.346787 0.705183 0.347489
0 0.080671 0.697124 0.106504 0.727903 0.108303 0.726861 0.138942 0.701145 0.113226 0.670507 0.111450 0.671290
0 0.653127 0.214328 0.692775 0.220309 0.693663 0.219021 0.699672 0.179190 0.659840 0.173181 0.659108 0.174679
0 0.413478 0.921626 0.452549 0.931429 0.462351 0.892358 0.462524 0.890560 0.423632 0.880802 0.413874 0.919694
0 0.849323 0.608888 0.882596 0.631265 0.884358 0.631869 0.906837 0.598443 0.873412 0.575963 0.871700 0.575615
0 0.870394 0.689358 0.870513 0.691685 0.872495 0.697138 0.882787 0.701956 0.884550 0.702670 0.887747 0.702610 0.891891 0.701784 0.896356 0.700320 0.900468 0.698438 0.903606 0.696422 0.905291 0.694576 0.909953 0.684855 0.909917 0.682513 0.907907 0.677057 0.900821 0.669446 0.898494 0.668441 0.894233 0.668482 0.888685 0.669566 0.882703 0.671527 0.877209 0.674065 0.873046 0.676786 0.870848 0.679274
0 0.517039 0.094594 0.517353 0.104870 0.517470 0.107725 0.518928 0.111290 0.521504 0.115026 0.524806 0.118369 0.528337 0.120814 0.531565 0.121991 0.540677 0.123089 0.544744 0.122637 0.548707 0.118932 0.550847 0.116120 0.554466 0.107424 0.554366 0.103616 0.552459 0.098840 0.549030 0.093827 0.544606 0.089348 0.539867 0.086095 0.535544 0.084564 0.532297 0.084986 0.523102 0.088037 0.519115 0.091729
0 0.838039 0.466895 0.840125 0.474434 0.844939 0.480600 0.851746 0.484455 0.859510 0.485411 0.860129 0.485386 0.867681 0.483296 0.873858 0.478474 0.877720 0.471655 0.878678 0.463878 0.876587 0.456326 0.871765 0.450149 0.864947 0.446287 0.857169 0.445329 0.856555 0.445423 0.849016 0.447510 0.842850 0.452324 0.838995 0.459131
0 0.190259 0.207477 0.190901 0.211126 0.195176 0.219498 0.198052 0.221861 0.202261 0.225173 0.206761 0.224998 0.215260 0.223114 0.218528 0.221509 0.221874 0.218649 0.224794 0.214967 0.226847 0.211019 0.227721 0.207401 0.227487 0.198863 0.226755 0.194286 0.223937 0.191863 0.219706 0.188565 0.210501 0.186412 0.206900 0.186493 0.202517 0.188597 0.198023 0.192408 0.194112 0.197340 0.191384 0.202635
0 0.516546 0.582164 0.516622 0.585497 0.516964 0.592863 0.517461 0.600871 0.518288 0.611641 0.519004 0.618630 0.519380 0.619331 0.552380 0.617988 0.555876 0.617753 0.584694 0.614867 0.599936 0.613285 0.607880 0.604849 0.608011 0.602844 0.607971 0.599356 0.607768 0.594916 0.607433 0.590206 0.607016 0.585950 0.606582 0.582801 0.606198 0.581235 0.595187 0.550745 0.594732 0.549773 0.593181 0.548572 0.590772 0.547325 0.587872 0.546223 0.584924 0.545435 0.582381 0.545082 0.580630 0.545216 0.516780 0.579145
0 0.500243 0.231985 0.500331 0.233350 0.507477 0.263665 0.507773 0.264216 0.508896 0.266293 0.510673 0.269578 0.512833 0.273571 0.515051 0.277671 0.518363 0.283789 0.518955 0.284879 0.530196 0.287551 0.569446 0.268217 0.572531 0.266539 0.584019 0.259753 0.601047 0.249692 0.601240 0.249568 0.599531 0.245716 0.597147 0.240905 0.592660 0.232484 0.587519 0.223147 0.584470 0.217785 0.582430 0.214415 0.582041 0.213976 0.509726 0.220719 0.508213 0.221268 0.506279 0.222731 0.504218 0.224886 0.502346 0.227403 0.500950 0.229896
0 0.826430 0.774002 0.831341 0.777397 0.839943 0.783134 0.846779 0.787614 0.853496 0.791944 0.856834 0.794051 0.860990 0.796512 0.920379 0.756367 0.921676 0.755173 0.922847 0.752972 0.923714 0.750101 0.924142 0.746997 0.924067 0.744138 0.923501 0.741959 0.922531 0.740793 0.903017 0.717477 0.902384 0.716817 0.900290 0.715244 0.897051 0.712995 0.893162 0.710414 0.889223 0.707899 0.885837 0.705835 0.883522 0.704538 0.882627 0.704202 0.871181 0.707155 0.845849 0.742747 0.843933 0.745684 0.836760 0.757089
0 0.580317 0.907223 0.580614 0.908768 0.609935 0.923218 0.613101 0.924702 0.639880 0.936652 0.654090 0.942971 0.665048 0.939253 0.666283 0.937919 0.668051 0.935111 0.670083 0.931258 0.672067 0.926949 0.673697 0.922847 0.674724 0.919582 0.679912 0.883723 0.679224 0.882120 0.677776 0.879985 0.675790 0.877644 0.673568 0.875455 0.671453 0.873753 0.669766 0.872798 0.668765 0.872735 0.597945 0.872556 0.595864 0.874090 0.594173 0.876705 0.590754 0.882974 0.587262 0.890133 0.582853 0.900196
0 0.650982 0.785284 0.651433 0.787930 0.652293 0.790911 0.653431 0.793772 0.654673 0.796073 0.655828 0.797464 0.689484 0.809627 0.692748 0.810218 0.697074 0.810690 0.701800 0.810969 0.706197 0.811013 0.709594 0.810815 0.711470 0.810406 0.719848 0.802467 0.721076 0.786999 0.723324 0.757815 0.723505 0.754323 0.724455 0.721593 0.723482 0.720710 0.716278 0.719713 0.705409 0.718890 0.697422 0.718580 0.690170 0.718591 0.686956 0.718801 0.684293 0.719771 0.651009 0.783378
0 0.452758 0.944722 0.500627 0.952853 0.510399 0.943750 0.510567 0.943429 0.511018 0.941341 0.511684 0.937799 0.512463 0.933345 0.513236 0.928663 0.513883 0.924473 0.514306 0.921414 0.514441 0.919953 0.507318 0.908242 0.459996 0.900205 0.453298 0.939640
0 0.056101 0.992327 0.075979 0.999820 0.080212 1.000000 0.100932 1.000000 0.104593 0.996499 0.118389 0.979137 0.087070 0.954255 0.081328 0.960572
0 0.265590 0.288534 0.265933 0.290849 0.266665 0.294513 0.267673 0.298969 0.268804 0.303530 0.269884 0.307496 0.270746 0.310261 0.271261 0.311405 0.282685 0.318304 0.329388 0.307221 0.320153 0.268302 0.318074 0.265624 0.270831 0.276834 0.265688 0.287919
0 0.602490 0.029860 0.629461 0.059400 0.664908 0.027035 0.666815 0.021568 0.666744 0.012611 0.666345 0.011288 0.664762 0.008803 0.662238 0.005534 0.659155 0.001981 0.656864 0.000363 0.655989 0.000000 0.637938 0.000000 0.603675 0.024425
0 0.109455 0.221541 0.113919 0.224723 0.151212 0.239187 0.168569 0.194436 0.162254 0.181800 0.160950 0.181047 0.158125 0.179740 0.154206 0.178080 0.149794 0.176319 0.145566 0.174729 0.142173 0.173553 0.140131 0.172972 0.127013 0.176271
