0 0.065528 0.816910 0.072530 0.846248 0.087735 0.884704 0.093672 0.899718 0.107467 0.922979 0.152468 0.905186 0.154400 0.886768 0.154519 0.885402 0.153943 0.882538 0.152763 0.878614 0.151158 0.874224 0.130261 0.821373 0.128467 0.817165 0.126750 0.813761 0.125369 0.811677 0.110529 0.799117
0 0.472579 0.205553 0.472955 0.209591 0.512492 0.215661 0.545293 0.191592 0.558099 0.182195 0.558907 0.177776 0.565062 0.137690 0.524976 0.131535 0.478734 0.165466
0 0.321629 0.579073 0.361822 0.584489 0.363717 0.583330 0.396069 0.558662 0.408700 0.549030 0.414042 0.509389 0.374400 0.504047 0.372654 0.504103 0.327045 0.538880
0 0.002591 0.235289 0.003675 0.243050 0.007647 0.249804 0.013901 0.254526 0.014736 0.254948 0.022308 0.256912 0.030056 0.255830 0.036799 0.251865 0.041513 0.245622 0.043477 0.238050 0.042395 0.230302 0.038430 0.223559 0.032187 0.218846 0.031382 0.218362 0.023796 0.216394 0.016035 0.217478 0.009281 0.221450 0.004559 0.227703
0 0.605233 0.720586 0.607822 0.727968 0.608008 0.728360 0.613233 0.734200 0.620295 0.737595 0.628120 0.738030 0.635514 0.735437 0.641354 0.730212 0.644749 0.723149 0.645184 0.715325 0.642591 0.707931 0.642345 0.707573 0.637130 0.701743 0.630079 0.698354 0.622268 0.697920 0.614887 0.700509 0.609057 0.705725 0.605668 0.712775
0 0.270567 0.120457 0.272854 0.127952 0.273244 0.128591 0.278215 0.134631 0.285120 0.138308 0.292906 0.139064 0.300388 0.136781 0.306428 0.131810 0.310105 0.124906 0.310861 0.117119 0.308579 0.109637 0.308249 0.108965 0.303270 0.102915 0.296353 0.099231 0.288553 0.098474 0.281058 0.100761 0.275008 0.105740 0.271324 0.112657
0 0.830082 0.748297 0.833898 0.751167 0.882069 0.757265 0.889994 0.748294 0.890761 0.745971 0.891547 0.742258 0.892233 0.737724 0.892711 0.733065 0.892910 0.728996 0.892799 0.726141 0.892396 0.724931 0.887150 0.717123 0.882726 0.714642 0.835106 0.708613
0 0.751111 0.045722 0.751545 0.048739 0.752424 0.052830 0.753616 0.057374 0.754941 0.061687 0.756198 0.065117 0.757199 0.067145 0.766679 0.075301 0.812851 0.062182 0.816468 0.057120 0.805409 0.018199 0.758703 0.031470 0.751192 0.044239
0 0.273369 0.646030 0.275892 0.656867 0.276327 0.657631 0.278163 0.659397 0.281121 0.661897 0.284750 0.664748 0.288493 0.667513 0.291773 0.669765 0.294091 0.671163 0.295093 0.671493 0.305557 0.670548 0.307779 0.668599 0.336865 0.630416 0.305045 0.606177 0.302791 0.607405
0 0.802584 0.584959 0.825141 0.627329 0.828900 0.628801 0.864616 0.609786 0.841798 0.566927 0.828714 0.562777 0.827471 0.563125 0.824802 0.564282 0.821115 0.566068 0.816968 0.568214 0.812987 0.570395 0.809772 0.572283 0.807812 0.573592 0.807407 0.574121
0 0.682728 0.887581 0.687003 0.896648 0.723068 0.916014 0.726941 0.908801 0.743460 0.868426 0.739016 0.854971 0.737893 0.854069 0.735328 0.852439 0.731714 0.850330 0.727598 0.848061 0.723601 0.845974 0.720327 0.844384 0.718271 0.843533 0.717750 0.843552 0.705436 0.845292
0 0.710171 0.284826 0.718139 0.285537 0.772268 0.240553 0.772710 0.239294 0.773248 0.236390 0.773802 0.232280 0.774286 0.227593 0.774626 0.223049 0.774769 0.219348 0.774694 0.217052 0.774413 0.216511 0.768154 0.206048 0.719791 0.201734 0.717279 0.205142
0 0.375965 0.044050 0.376637 0.082880 0.397139 0.085006 0.416963 0.083507 0.418075 0.058754 0.418961 0.002231 0.418919 0.000000 0.378859 0.000000
0 0.202261 0.248077 0.226639 0.280489 0.230388 0.283499 0.294322 0.235411 0.270278 0.203444 0.267084 0.199321
0 0.422919 0.725870 0.430124 0.734169 0.430942 0.734608 0.433462 0.735240 0.437300 0.735970 0.441872 0.736685 0.481839 0.742370 0.486431 0.742959 0.490327 0.743330 0.492932 0.743426 0.493850 0.743234 0.503038 0.737268 0.509876 0.689197 0.509763 0.687034 0.430561 0.675767 0.429758 0.677799
0 0.559930 0.170313 0.575680 0.215656 0.586520 0.219457 0.587273 0.219526 0.589641 0.218982 0.593261 0.217911 0.597585 0.216475 0.635457 0.203320 0.639841 0.201731 0.643635 0.200227 0.646264 0.199035 0.647325 0.198336 0.652999 0.185815 0.637067 0.139948 0.560623 0.166502
0 0.348762 0.170101 0.359534 0.217446 0.361139 0.220675 0.370083 0.225621 0.371149 0.225779 0.373838 0.225506 0.377737 0.224844 0.382258 0.223895 0.421350 0.215001 0.425819 0.213905 0.429572 0.212825 0.432041 0.211924 0.432847 0.211340 0.439146 0.202927 0.438442 0.199492 0.427670 0.152147
0 0.530616 0.375608 0.530634 0.376085 0.547103 0.390349 0.552601 0.395084 0.565700 0.406225 0.591610 0.428198 0.603397 0.427682 0.603905 0.427114 0.605526 0.425239 0.608011 0.422347 0.610984 0.418875 0.613996 0.415347 0.616593 0.412297 0.618381 0.410184 0.619086 0.409334 0.617757 0.397618 0.568516 0.355077 0.556439 0.345407 0.554459 0.347385 0.550655 0.351557 0.547552 0.355085 0.539567 0.364423 0.536456 0.368164 0.532626 0.372920
0 0.779149 0.358898 0.784112 0.363153 0.792695 0.369331 0.799473 0.373764 0.806096 0.377685 0.809362 0.379350 0.813343 0.380444 0.873304 0.342516 0.874579 0.341021 0.875748 0.338609 0.876633 0.335650 0.877098 0.332595 0.877070 0.329913 0.876556 0.328014 0.855505 0.300908 0.853381 0.298885 0.850137 0.296347 0.846271 0.293686 0.842375 0.291309 0.839049 0.289580 0.836801 0.288765 0.825779 0.291354 0.824536 0.292210 0.798831 0.327380 0.796885 0.330283 0.789637 0.341976
0 0.556334 0.822635 0.556435 0.825528 0.556881 0.828645 0.557605 0.831507 0.558496 0.833675 0.559417 0.834821 0.620245 0.875919 0.621074 0.875850 0.624877 0.874061 0.630402 0.870957 0.639567 0.865329 0.647434 0.860056 0.651443 0.856807 0.654114 0.853940 0.636880 0.825111 0.634979 0.822151 0.609836 0.786257 0.598871 0.783259 0.597591 0.783820 0.594981 0.785290 0.591439 0.787445 0.587501 0.789959 0.583761 0.792452 0.580783 0.794549 0.579021 0.795930 0.557176 0.819180 0.556595 0.820405
0 0.911885 0.206343 0.929907 0.246117 0.931482 0.249248 0.937687 0.261253 0.947088 0.278713 0.952405 0.276329 0.961653 0.271848 0.968978 0.268175 0.976153 0.264464 0.979705 0.262552 0.984078 0.259940 0.979106 0.188715 0.978761 0.186935 0.977474 0.184774 0.975439 0.182562 0.972968 0.180638 0.970440 0.179296 0.968241 0.178741 0.936081 0.184009 0.933714 0.184948 0.930168 0.186568 0.925986 0.188621 0.921810 0.190791 0.918281 0.192747 0.915940 0.194187 0.915137 0.194895
