0 0.250426 0.645080 0.250679 0.646833 0.251432 0.647531 0.324044 0.673004 0.325125 0.672520 0.326427 0.670947 0.327751 0.668525 0.333852 0.654318 0.359205 0.578047 0.362695 0.563401 0.363035 0.560814 0.362862 0.558992 0.362200 0.558215 0.289368 0.533405 0.288262 0.533769 0.286937 0.535238 0.285596 0.537590 0.284443 0.540466 0.251493 0.639595 0.250711 0.642538
0 0.028552 0.305264 0.028821 0.306744 0.029933 0.308822 0.031721 0.311184 0.099329 0.390154 0.101510 0.392428 0.103736 0.394247 0.105666 0.395334 0.107005 0.395524 0.164041 0.343130 0.164541 0.342438 0.164170 0.340926 0.162985 0.338824 0.154525 0.327052 0.102480 0.266380 0.091252 0.255199 0.089020 0.253316 0.087076 0.252127 0.085716 0.251815 0.029166 0.304609
0 0.444773 0.629618 0.444777 0.630493 0.490053 0.694584 0.491013 0.694690 0.492821 0.694064 0.495200 0.692802 0.508168 0.684661 0.573397 0.637701 0.585104 0.628076 0.587008 0.626255 0.588103 0.624791 0.588222 0.623907 0.542380 0.560224 0.541468 0.560004 0.539701 0.560532 0.537349 0.561727 0.534769 0.563409 0.449992 0.624444 0.447596 0.626344 0.445763 0.628162
0 0.527875 0.941148 0.528034 0.950296 0.528358 0.955501 0.539768 0.966980 0.568465 0.938454 0.567682 0.933443 0.556403 0.922096 0.544284 0.924219 0.542383 0.925586 0.539584 0.928020 0.536309 0.931153 0.533053 0.934512 0.530308 0.937589 0.528488 0.939920
0 0.551073 0.294945 0.590225 0.303598 0.590641 0.302694 0.599333 0.263361 0.560000 0.254668 0.559725 0.255792
0 0.435540 0.459364 0.444877 0.498549 0.445129 0.498556 0.484135 0.489262 0.474841 0.450257 0.474725 0.450028
0 0.575936 0.928022 0.576285 0.929992 0.610537 0.951193 0.631737 0.916941 0.631133 0.915030 0.597039 0.893927
0 0.528383 0.257322 0.549875 0.335485 0.552496 0.335108 0.782084 0.270865 0.761028 0.192985 0.530909 0.256584
0 0.689090 0.856455 0.689968 0.858108 0.770792 0.865208 0.792093 0.622735 0.790744 0.622168 0.710292 0.615101
0 0.569061 0.779007 0.569380 0.780292 0.612770 0.848173 0.816412 0.718001 0.773022 0.650120 0.771770 0.649432
0 0.885961 0.235662 0.891287 0.256737 0.897291 0.280435 0.906317 0.312974 0.916245 0.319362 0.916603 0.319431 0.918685 0.319042 0.922168 0.318255 0.926525 0.317189 0.931099 0.316005 0.935198 0.314882 0.938204 0.313990 0.939656 0.313464 0.945334 0.303146 0.930702 0.239377 0.925685 0.224975 0.923556 0.225051 0.918557 0.225934 0.914174 0.226899 0.902259 0.229901 0.897368 0.231272 0.890976 0.233259 0.887151 0.234683
0 0.593616 0.663722 0.593997 0.664636 0.624638 0.676453 0.627935 0.677626 0.655720 0.686507 0.670458 0.691160 0.681015 0.686544 0.682080 0.684813 0.683539 0.681638 0.685170 0.677504 0.686722 0.673044 0.687955 0.668944 0.688683 0.665833 0.688794 0.664183 0.690419 0.630617 0.689558 0.628931 0.687896 0.626849 0.685685 0.624691 0.683265 0.622785 0.681006 0.621425 0.679253 0.620817 0.607656 0.626755 0.605826 0.629273 0.604431 0.632307 0.601676 0.639149 0.598915 0.646682 0.595498 0.656932
0 0.371305 0.621279 0.381090 0.638927 0.421496 0.676611 0.451592 0.696076 0.482018 0.659204 0.476574 0.641377 0.476010 0.639779 0.474090 0.637290 0.471107 0.634287 0.430804 0.597118 0.427233 0.594076 0.423573 0.591414 0.420376 0.589535 0.418128 0.588726 0.401268 0.584593
0 0.798687 0.308628 0.821301 0.323020 0.871612 0.348841 0.877279 0.351195 0.895556 0.315543 0.851112 0.286353 0.817086 0.272738 0.806485 0.291194
0 0.306984 0.878445 0.307913 0.916784 0.315623 0.966179 0.355555 0.962921 0.355325 0.956509 0.350711 0.900162 0.347181 0.875164 0.327628 0.875128
