0 0.514335 0.863261 0.514502 0.867485 0.514908 0.868823 0.516026 0.871656 0.517687 0.875553 0.519637 0.879919 0.521577 0.884083 0.523208 0.887404 0.524282 0.889377 0.524635 0.889702 0.536091 0.895820 0.580785 0.875436 0.578938 0.866854 0.562339 0.830461 0.518667 0.850380
0 0.893742 0.795611 0.899230 0.799732 0.933140 0.822161 0.977998 0.754341 0.944089 0.731912 0.937983 0.728724
0 0.540756 0.424928 0.593515 0.485066 0.594815 0.484858 0.625302 0.458112 0.571810 0.397138 0.541323 0.423885
0 0.206369 0.051494 0.211467 0.091452 0.212789 0.093324 0.252564 0.088250 0.247489 0.048475 0.246327 0.046396
0 0.358194 0.307754 0.358844 0.308635 0.398877 0.310900 0.401142 0.270867 0.400687 0.269812 0.360469 0.267537
0 0.726182 0.879755 0.727223 0.881503 0.766722 0.889409 0.774628 0.849911 0.773370 0.848307 0.734052 0.840437
0 0.799527 0.870157 0.825686 0.887783 0.834668 0.892704 0.855771 0.858329 0.829444 0.841003 0.820520 0.835961
0 0.905569 0.865316 0.913066 0.877957 0.914491 0.878727 0.917462 0.879926 0.921528 0.881369 0.926068 0.882836 0.930383 0.884102 0.933811 0.884972 0.935828 0.885313 0.948920 0.881472 0.963240 0.835077 0.957946 0.831248 0.919725 0.819451
0 0.473028 0.905944 0.485904 0.952760 0.524917 0.942030 0.524633 0.936979 0.511904 0.890697 0.501948 0.886833 0.501061 0.886567 0.498543 0.886827 0.494781 0.887574 0.490344 0.888693 0.485902 0.890016 0.482126 0.891343 0.479586 0.892473 0.478674 0.893234 0.473336 0.901304
0 0.842146 0.596763 0.874205 0.620683 0.879408 0.622361 0.903661 0.589856 0.871156 0.565603 0.866066 0.564703
0 0.728236 0.068942 0.729418 0.082810 0.769007 0.109953 0.772117 0.105444 0.794998 0.072072 0.754951 0.044615 0.741885 0.049034 0.741685 0.049197 0.740473 0.050855 0.738432 0.053757 0.735874 0.057462 0.733192 0.061400 0.730798 0.064966 0.729057 0.067614
0 0.587557 0.853991 0.587684 0.855276 0.588790 0.857073 0.590708 0.859107 0.593145 0.861069 0.678457 0.921354 0.681026 0.922931 0.683320 0.923873 0.684987 0.924036 0.685775 0.923397 0.731891 0.862123 0.731641 0.860826 0.730428 0.859020 0.728438 0.856981 0.716462 0.846838 0.650823 0.800454 0.637968 0.793050 0.635647 0.792043 0.633939 0.791784 0.633103 0.792314
0 0.154242 0.545135 0.154994 0.546735 0.156653 0.548670 0.158966 0.550643 0.242637 0.613185 0.245235 0.614883 0.247707 0.616036 0.249675 0.616468 0.250839 0.616115 0.296115 0.554283 0.296263 0.553247 0.295406 0.551636 0.293677 0.549696 0.282519 0.539638 0.218142 0.491517 0.204945 0.483371 0.202447 0.482152 0.200439 0.481621 0.199226 0.481861 0.154510 0.544111
0 0.808325 0.961812 0.840922 0.997576 0.859985 0.992883 0.862333 0.991666 0.865515 0.989383 0.869045 0.986383 0.911340 0.947833 0.914664 0.944586 0.917261 0.941602 0.918733 0.939337 0.925220 0.920744 0.892623 0.884979 0.868546 0.900921 0.826738 0.939027
0 0.047593 0.854820 0.052714 0.902939 0.077627 0.903206 0.093682 0.901498 0.118748 0.898830 0.134802 0.897121 0.166132 0.890868 0.161011 0.842749 0.143336 0.835618 0.141133 0.835520 0.137511 0.835683 0.133018 0.836084 0.076504 0.842098 0.071804 0.842676 0.067591 0.843347 0.064502 0.844009 0.063011 0.844561
0 0.082545 0.580801 0.098518 0.636034 0.134121 0.655664 0.139154 0.653520 0.158514 0.618406 0.142760 0.563932 0.107646 0.544572 0.102174 0.545197
