0 0.196941 0.478941 0.223795 0.518555 0.251159 0.504967 0.297807 0.472812 0.317847 0.453724 0.290846 0.414211 0.271205 0.416523 0.268533 0.417555 0.264951 0.419482 0.261006 0.422011 0.213905 0.454478 0.210217 0.457211 0.207363 0.459720 0.205780 0.461621
0 0.595672 0.851870 0.609838 0.880206 0.636598 0.931097 0.648756 0.952823 0.691587 0.930301 0.691531 0.911782 0.690850 0.910425 0.689419 0.907650 0.687456 0.903883 0.685260 0.899693 0.658809 0.849391 0.656703 0.845398 0.654998 0.842190 0.653953 0.840255 0.653728 0.839891 0.638503 0.829348
0 0.707325 0.248342 0.719087 0.303814 0.752705 0.325670 0.756230 0.323235 0.778390 0.289150 0.766464 0.232904 0.732378 0.210743 0.729180 0.214724
0 0.808556 0.307841 0.822274 0.321267 0.824420 0.322218 0.827925 0.323475 0.832258 0.324847 0.886695 0.341177 0.891216 0.342461 0.895259 0.343468 0.898210 0.344045 0.899619 0.344104 0.917806 0.340613 0.931710 0.294262 0.907719 0.284312 0.892255 0.279673 0.868110 0.272430 0.852646 0.267792 0.822460 0.261490
0 0.306704 0.611226 0.346176 0.620541 0.394963 0.590384 0.396404 0.589145 0.405591 0.550214 0.366661 0.541027 0.364807 0.541597 0.316020 0.571754
0 0.552726 0.358360 0.554026 0.363783 0.558097 0.369017 0.561562 0.372529 0.565289 0.375065 0.569732 0.376614 0.574211 0.376938 0.579243 0.376387 0.585635 0.374802 0.589956 0.371337 0.591521 0.366999 0.593121 0.362196 0.591848 0.354125 0.590763 0.349797 0.587482 0.345637 0.582505 0.342272 0.576587 0.340209 0.570619 0.339759 0.565503 0.340992 0.562016 0.343727 0.555909 0.349225 0.554388 0.353577
0 0.510361 0.228616 0.512634 0.232408 0.517677 0.239562 0.520609 0.241752 0.524666 0.243532 0.529234 0.244633 0.533625 0.244890 0.537173 0.244262 0.545061 0.240226 0.548684 0.237855 0.549969 0.232568 0.550744 0.229220 0.548974 0.219820 0.547208 0.216762 0.543319 0.213804 0.537899 0.211401 0.531779 0.209926 0.525902 0.209604 0.521172 0.210485 0.518309 0.212427 0.512365 0.219967 0.511054 0.225257
0 0.331490 0.836491 0.333947 0.843932 0.339065 0.849866 0.346064 0.853390 0.353879 0.853966 0.361320 0.851510 0.367254 0.846391 0.370778 0.839392 0.371000 0.838809 0.371575 0.831008 0.369123 0.823580 0.364013 0.817656 0.357026 0.814138 0.349225 0.813562 0.341797 0.816015 0.335873 0.821124 0.335591 0.821677 0.332066 0.828676
0 0.099646 0.714260 0.106464 0.723727 0.107760 0.724255 0.110692 0.724930 0.114813 0.725650 0.119492 0.726303 0.124010 0.726789 0.127673 0.727034 0.129923 0.727002 0.130422 0.726696 0.139574 0.719228 0.140407 0.713259 0.137811 0.702811 0.136039 0.702145 0.132120 0.701278 0.126654 0.700342 0.120464 0.699479 0.114482 0.698816 0.109607 0.698455 0.106581 0.698452 0.105873 0.698808 0.100481 0.708277
0 0.120972 0.823871 0.122482 0.864125 0.162735 0.862614 0.164281 0.860953 0.162778 0.820884 0.122708 0.822387
0 0.524698 0.394219 0.554142 0.421438 0.581361 0.391994 0.581735 0.391497 0.552156 0.364153 0.524812 0.393732
0 0.690518 0.613738 0.705799 0.650809 0.706747 0.651504 0.743989 0.636152 0.728638 0.598910 0.727590 0.598457
0 0.269648 0.312331 0.282850 0.350284 0.283843 0.350969 0.321622 0.337827 0.308480 0.300047 0.307601 0.299129
0 0.787068 0.328829 0.787888 0.368820 0.827879 0.368001 0.829385 0.367395 0.828562 0.327219 0.788387 0.328043
0 0.638630 0.244302 0.668445 0.271064 0.671972 0.267201 0.709776 0.225081 0.730444 0.201717 0.700430 0.174777 0.679195 0.197434
0 0.866253 0.643395 0.886643 0.686849 0.891112 0.689009 0.964374 0.654634 0.960936 0.647308 0.893863 0.622809 0.892514 0.623036 0.889713 0.624008 0.885889 0.625573 0.881621 0.627496 0.877553 0.629485 0.874299 0.631240 0.872351 0.632497 0.872011 0.633062
0 0.607936 0.170096 0.612597 0.176598 0.668411 0.185807 0.680899 0.186263 0.681406 0.186142 0.683325 0.184971 0.686360 0.182932 0.690053 0.180334 0.693845 0.177568 0.697164 0.175052 0.699508 0.173167 0.700518 0.172201 0.703245 0.158603 0.674959 0.119138 0.609184 0.166282
0 0.889015 0.566290 0.901325 0.612684 0.905964 0.613987 0.984183 0.593233 0.982107 0.585412 0.932621 0.556679 0.920166 0.550154 0.918725 0.550323 0.915735 0.550936 0.911653 0.551899 0.907097 0.553066 0.902753 0.554261 0.899278 0.555303 0.897198 0.556035 0.896835 0.556344
0 0.124523 0.585153 0.130764 0.596016 0.165400 0.634849 0.363579 0.498286 0.356798 0.487893 0.325777 0.446471 0.308611 0.456668 0.275180 0.479704 0.141460 0.571849
0 0.172243 0.421174 0.173746 0.421535 0.253649 0.428371 0.274158 0.188663 0.273117 0.187229 0.192847 0.180362
0 0.303330 0.419022 0.304079 0.501201 0.309232 0.501363 0.538776 0.498263 0.538115 0.417797 0.308482 0.418824
0 0.238034 0.607104 0.251545 0.654332 0.290902 0.643074 0.295681 0.639804 0.282480 0.593655 0.271143 0.588187 0.270562 0.588323 0.268309 0.588942 0.264729 0.589949 0.260365 0.591192 0.255876 0.592482 0.251939 0.593625 0.249150 0.594448 0.247935 0.594825 0.245004 0.595928
0 0.535120 0.535766 0.535942 0.536603 0.573383 0.553152 0.593242 0.508222 0.588752 0.496974 0.588019 0.496594 0.585692 0.495517 0.582123 0.493907 0.577856 0.492010 0.573548 0.490117 0.569861 0.488519 0.567357 0.487461 0.566417 0.487102 0.565654 0.487250 0.554525 0.491863
0 0.055857 0.209007 0.066009 0.215658 0.114009 0.215792 0.120864 0.205606 0.121295 0.203324 0.121588 0.199643 0.121699 0.195118 0.121613 0.190434 0.121342 0.186298 0.120926 0.183334 0.120428 0.181998 0.114119 0.175792 0.105093 0.168208 0.055970 0.168072
0 0.701190 0.701288 0.728438 0.730704 0.731622 0.733920 0.791276 0.678664 0.763648 0.648838 0.760023 0.646791
