0 0.414292 0.488218 0.427096 0.535643 0.437632 0.541663 0.438447 0.541476 0.440939 0.540832 0.444731 0.539827 0.449243 0.538615 0.453782 0.537383 0.457650 0.536320 0.460257 0.535588 0.461207 0.535298 0.461653 0.534893 0.467380 0.524402 0.454868 0.478061 0.453812 0.477548
0 0.875703 0.762013 0.887451 0.808553 0.891930 0.812120 0.899571 0.816646 0.900991 0.816840 0.903984 0.816553 0.908095 0.815829 0.912696 0.814778 0.951838 0.804898 0.956211 0.803684 0.959675 0.802496 0.961700 0.801516 0.970394 0.792315 0.958511 0.745237 0.953271 0.742434
0 0.149082 0.341516 0.192763 0.362719 0.196274 0.364288 0.205733 0.360003 0.206521 0.359362 0.207989 0.357171 0.209910 0.353767 0.211996 0.349664 0.229504 0.313597 0.231444 0.309407 0.232949 0.305751 0.233792 0.303183 0.233842 0.302097 0.231210 0.292319 0.228102 0.289918 0.184422 0.268715
0 0.193308 0.934334 0.196896 0.945105 0.198389 0.946683 0.201311 0.948709 0.205216 0.950872 0.209505 0.952841 0.213519 0.954313 0.216641 0.955063 0.251912 0.959188 0.253610 0.958696 0.255808 0.957376 0.258170 0.955426 0.260335 0.953147 0.261971 0.950888 0.262829 0.948993 0.263828 0.878261 0.261843 0.875231 0.259079 0.873212 0.252667 0.869453 0.245481 0.865861 0.235548 0.861658 0.228793 0.859644 0.227593 0.860651 0.212857 0.889528 0.211358 0.892679 0.199537 0.919864
0 0.726898 0.051848 0.730317 0.083016 0.730906 0.085454 0.732031 0.089120 0.733521 0.093458 0.735151 0.097813 0.736675 0.101529 0.737863 0.104042 0.738534 0.104969 0.749104 0.109388 0.790785 0.095773 0.794084 0.094546 0.806260 0.089627 0.824496 0.082146 0.825186 0.081580 0.824738 0.076845 0.823470 0.071347 0.820356 0.062248 0.816435 0.052434 0.813907 0.046960 0.811971 0.043723 0.811367 0.043507 0.738098 0.040588 0.736664 0.040777 0.734642 0.041851 0.732338 0.043647 0.730107 0.045891 0.728289 0.048238 0.727162 0.050330
0 0.678572 0.625477 0.678766 0.626242 0.691085 0.656629 0.692509 0.659824 0.711867 0.698887 0.712730 0.699761 0.722515 0.703961 0.723200 0.704235 0.725467 0.703741 0.728975 0.702551 0.733188 0.700848 0.737460 0.698890 0.741133 0.696981 0.743645 0.695412 0.769315 0.672551 0.770096 0.670726 0.770550 0.668062 0.770606 0.664966 0.770255 0.661913 0.769553 0.659370 0.768606 0.657725 0.715713 0.609888 0.711847 0.610493 0.708427 0.611646 0.701316 0.614449 0.693900 0.617678 0.684328 0.622249
0 0.445304 0.731691 0.517207 0.768031 0.626225 0.552323 0.554323 0.515983 0.554075 0.515911 0.445556 0.730630
0 0.452074 0.206134 0.452293 0.207480 0.478289 0.238009 0.508818 0.212013 0.508859 0.210687 0.482743 0.180018
0 0.678850 0.158169 0.717191 0.169905 0.718191 0.168385 0.729981 0.129868 0.691463 0.118077 0.690586 0.119828
0 0.738469 0.517707 0.773838 0.536597 0.775098 0.536766 0.794075 0.501234 0.758543 0.482257 0.757359 0.482338
0 0.027004 0.079439 0.049237 0.113030 0.051303 0.114803 0.084740 0.092672 0.062609 0.059236 0.060595 0.057206
0 0.285195 0.242299 0.288141 0.245833 0.322071 0.267017 0.364439 0.199158 0.364128 0.198468 0.330121 0.177236 0.306674 0.207897
0 0.738037 0.166715 0.758646 0.240414 0.759211 0.241237 0.760878 0.241632 0.763391 0.241540 0.778007 0.239273 0.855903 0.219471 0.870756 0.214246 0.873358 0.213038 0.875158 0.211762 0.875882 0.210611 0.854596 0.137085 0.854114 0.136177 0.852520 0.135708 0.850056 0.135749 0.847097 0.136295 0.745854 0.162032 0.742871 0.162996 0.740337 0.164226 0.738640 0.165532
0 0.236041 0.834921 0.236281 0.835622 0.284047 0.898068 0.285198 0.897944 0.287122 0.897064 0.289526 0.895564 0.302264 0.886403 0.364570 0.835630 0.375404 0.825583 0.377091 0.823750 0.377940 0.822369 0.377820 0.821654 0.329512 0.759649 0.328405 0.759655 0.326517 0.760433 0.324136 0.761865 0.321625 0.763732 0.240645 0.829721 0.238403 0.831728 0.236786 0.833554
0 0.692015 0.583507 0.692090 0.584559 0.693041 0.586294 0.694725 0.588446 0.696884 0.590688 0.772726 0.662524 0.775018 0.664499 0.777079 0.665893 0.778593 0.666494 0.779331 0.666211 0.834620 0.610515 0.834424 0.609435 0.833367 0.607678 0.831613 0.605512 0.821005 0.594124 0.762652 0.538853 0.751185 0.529331 0.749108 0.527869 0.747567 0.527165 0.746798 0.527331
0 0.120520 0.178247 0.120630 0.178386 0.121609 0.179347 0.123309 0.180983 0.125472 0.183047 0.201178 0.255048 0.203459 0.257210 0.205494 0.259126 0.206974 0.260505 0.207673 0.261135 0.262932 0.203033 0.262281 0.202351 0.260842 0.200930 0.258834 0.198985 0.247538 0.188147 0.189236 0.132698 0.178685 0.122758 0.176957 0.121150 0.175936 0.120233 0.175778 0.120145
