0 0.000000 0.750940 0.007812 0.782263 0.010067 0.780970 0.043513 0.758852 0.021395 0.725407 0.019192 0.726444 0.000000 0.747524
0 0.804385 0.228260 0.841869 0.242500 0.843442 0.241315 0.857748 0.203658 0.820092 0.189353 0.818625 0.190777
0 0.353706 0.382888 0.354377 0.383425 0.391907 0.397540 0.406023 0.360010 0.405590 0.359365 0.367887 0.345185
0 0.808289 0.295026 0.847896 0.301277 0.849498 0.300362 0.855777 0.260572 0.815988 0.254293 0.814539 0.255419
0 0.166607 0.705548 0.167088 0.711570 0.175790 0.719372 0.177186 0.719501 0.180207 0.719444 0.184393 0.719210 0.189103 0.718833 0.193612 0.718373 0.197229 0.717899 0.199402 0.717484 0.199805 0.717192 0.207116 0.707955 0.206636 0.701947 0.201840 0.692291 0.199944 0.692164 0.195913 0.692274 0.190365 0.692603 0.184135 0.693101 0.178159 0.693694 0.173339 0.694292 0.170406 0.694804 0.169815 0.695154
0 0.227893 0.202762 0.228557 0.204405 0.230276 0.207980 0.232788 0.212944 0.235708 0.218534 0.238585 0.223889 0.240978 0.228184 0.242520 0.230764 0.242981 0.231245 0.253766 0.230147 0.259108 0.227357 0.262921 0.216291 0.262382 0.215047 0.261070 0.212374 0.259185 0.208678 0.257012 0.204518 0.254879 0.200522 0.253108 0.197293 0.251969 0.195322 0.251635 0.194913 0.240281 0.191737 0.234927 0.194533
0 0.115696 0.783246 0.115715 0.791082 0.118730 0.798315 0.124284 0.803842 0.131530 0.806825 0.139367 0.806806 0.146600 0.803790 0.147207 0.803268 0.152725 0.797724 0.155702 0.790490 0.155683 0.782667 0.152673 0.775446 0.147128 0.769929 0.139895 0.766951 0.132072 0.766970 0.124851 0.769980 0.124205 0.770445 0.118678 0.775999
0 0.787902 0.144177 0.788113 0.147477 0.791803 0.151757 0.794395 0.153104 0.803137 0.157380 0.806810 0.156725 0.811514 0.154423 0.816529 0.150824 0.821084 0.146477 0.824476 0.142055 0.826186 0.138237 0.825958 0.135605 0.822956 0.125851 0.819278 0.121546 0.816633 0.120264 0.806237 0.119871 0.803483 0.120405 0.799971 0.122157 0.796233 0.124859 0.792834 0.128103 0.790285 0.131399 0.788975 0.134249
0 0.669583 0.597020 0.670168 0.603019 0.678923 0.610801 0.679165 0.610950 0.681185 0.610912 0.684682 0.610694 0.689122 0.610327 0.693824 0.609867 0.698066 0.609387 0.701196 0.608958 0.702740 0.608648 0.709862 0.599412 0.709275 0.593400 0.704320 0.583745 0.703952 0.583595 0.701230 0.583690 0.696573 0.584014 0.690692 0.584517 0.684471 0.585125 0.678847 0.585744 0.674667 0.586283 0.672568 0.586659
0 0.859849 0.662385 0.888193 0.690700 0.935109 0.653320 0.955189 0.627492 0.926656 0.598988 0.903302 0.618091 0.863289 0.658101
0 0.857854 0.483188 0.900964 0.504296 0.905600 0.504346 0.914485 0.500854 0.915437 0.500029 0.917056 0.497673 0.919096 0.494144 0.921245 0.489980 0.923171 0.485821 0.924580 0.482306 0.925257 0.479973 0.923393 0.468005 0.904846 0.413872 0.897578 0.410313 0.893034 0.411338
0 0.065386 0.294175 0.066379 0.294645 0.103383 0.309836 0.133764 0.235830 0.128672 0.232157 0.091154 0.216754 0.075752 0.254272
0 0.802150 0.330784 0.828124 0.361331 0.884646 0.365905 0.890005 0.364032 0.920978 0.337696 0.894642 0.306722 0.837332 0.302085 0.832698 0.304810
0 0.677530 0.694729 0.678927 0.713195 0.679176 0.713694 0.680358 0.715676 0.682290 0.718837 0.684680 0.722697 0.714704 0.770952 0.717198 0.774942 0.719429 0.778471 0.721058 0.781007 0.721837 0.782160 0.737785 0.791573 0.778873 0.766009 0.765976 0.743784 0.735601 0.694964 0.718617 0.669165
0 0.698490 0.293149 0.698999 0.311661 0.699184 0.312713 0.700235 0.315207 0.701991 0.318762 0.704185 0.322840 0.731859 0.372479 0.734167 0.376477 0.736249 0.379804 0.737789 0.381957 0.738552 0.382605 0.754031 0.392771 0.796297 0.369207 0.784731 0.343023 0.764595 0.306904 0.756733 0.292802 0.740756 0.269585
0 0.249184 0.513709 0.275853 0.514889 0.333311 0.517025 0.363164 0.517945 0.364962 0.469588 0.348874 0.460415 0.347753 0.460328 0.344955 0.460186 0.340903 0.460009 0.336219 0.459826 0.279031 0.457701 0.274448 0.457539 0.270686 0.457425 0.268319 0.457375 0.267706 0.457398 0.250982 0.465351
0 0.171683 0.594767 0.171858 0.597446 0.172426 0.601371 0.173302 0.605943 0.185148 0.661931 0.186193 0.666432 0.187243 0.670156 0.188138 0.672534 0.200523 0.687494 0.247866 0.677477 0.244048 0.648371 0.240760 0.632831 0.232338 0.593028 0.224254 0.565889 0.176912 0.575906 0.171926 0.593741
0 0.512817 0.258873 0.514285 0.269144 0.515004 0.269993 0.517087 0.271800 0.520213 0.274289 0.523911 0.277082 0.527621 0.279759 0.530783 0.281915 0.532920 0.283224 0.533702 0.283483 0.544994 0.282635 0.573509 0.244023 0.574358 0.241063 0.541809 0.217027 0.512965 0.256086
0 0.287443 0.111550 0.297506 0.159051 0.299820 0.162947 0.338952 0.154657 0.329004 0.107699 0.327027 0.103164 0.318378 0.098749 0.317238 0.098410 0.314467 0.098503 0.310486 0.099016 0.305902 0.099871 0.301420 0.100936 0.297729 0.102049 0.295392 0.103038
0 0.110575 0.905176 0.112167 0.918987 0.154977 0.941898 0.158920 0.936848 0.177794 0.901581 0.135474 0.878932 0.122045 0.884170 0.121111 0.885488 0.119449 0.888233 0.117310 0.891987 0.115023 0.896177 0.112938 0.900158 0.111376 0.903318
0 0.249093 0.401300 0.249228 0.449855 0.252094 0.450428 0.292094 0.450317 0.291960 0.402317 0.282695 0.393229 0.281488 0.393090 0.278620 0.392978 0.274526 0.392909 0.269832 0.392893 0.265259 0.392934 0.261510 0.393026 0.259158 0.393153 0.258557 0.393296
0 0.501737 0.172937 0.509332 0.180018 0.510236 0.180487 0.512831 0.180981 0.516719 0.181424 0.521311 0.181750 0.525914 0.181909 0.529834 0.181877 0.532477 0.181659 0.533437 0.181287 0.541682 0.175041 0.542163 0.171284 0.544717 0.122796 0.504311 0.120668 0.501757 0.169156
0 0.396963 0.605606 0.397515 0.606385 0.468453 0.638198 0.469437 0.637829 0.470761 0.636393 0.472221 0.634110 0.479376 0.620534 0.511505 0.546861 0.516505 0.532566 0.517154 0.530011 0.517261 0.528169 0.516808 0.527319 0.445591 0.496146 0.444591 0.496393 0.443253 0.497723 0.441782 0.499936 0.440401 0.502693 0.398643 0.598446 0.397572 0.601309 0.396983 0.603824
0 0.407351 0.449786 0.407810 0.450575 0.481795 0.475855 0.482709 0.475506 0.483879 0.474052 0.485127 0.471714 0.486261 0.468847 0.519913 0.369954 0.520754 0.367016 0.521168 0.364472 0.521092 0.362711 0.520538 0.362001 0.446779 0.336059 0.445891 0.336529 0.444744 0.338088 0.443514 0.340496 0.437606 0.354649 0.411714 0.430739 0.407826 0.445370 0.407357 0.447958
0 0.641890 0.231319 0.681314 0.297584 0.682076 0.298129 0.683788 0.297984 0.686185 0.297172 0.699676 0.290961 0.769530 0.251207 0.782466 0.242379 0.784655 0.240580 0.786053 0.238956 0.786445 0.237754 0.746415 0.171834 0.745711 0.171185 0.744050 0.171239 0.741685 0.171988 0.738977 0.173320 0.648188 0.224988 0.645567 0.226689 0.643449 0.228490 0.642159 0.230117
0 0.482217 0.479309 0.482615 0.480234 0.550850 0.517807 0.551783 0.517630 0.553165 0.516407 0.554785 0.514326 0.563045 0.501620 0.601861 0.431240 0.608285 0.417320 0.609213 0.414781 0.609559 0.412871 0.609268 0.411884 0.540696 0.374922 0.539758 0.374977 0.538371 0.376094 0.536746 0.378105 0.535132 0.380703 0.484684 0.472176 0.483336 0.474947 0.482470 0.477452
