0 0.399496 0.436819 0.399750 0.437570 0.400739 0.439881 0.402313 0.443401 0.404233 0.447592 0.421182 0.484231 0.423148 0.488441 0.424853 0.492011 0.426037 0.494398 0.426521 0.495239 0.437297 0.498947 0.438014 0.498959 0.481578 0.478806 0.447991 0.406198 0.447390 0.405114 0.403322 0.425499
0 0.377528 0.583573 0.382813 0.593902 0.383521 0.594345 0.385851 0.595360 0.389449 0.596794 0.393767 0.598427 0.431630 0.612429 0.435994 0.614007 0.439723 0.615282 0.442248 0.616062 0.443185 0.616227 0.453429 0.611642 0.453962 0.610366 0.470610 0.565345 0.395577 0.537598 0.394369 0.538033
0 0.053555 0.812198 0.060466 0.816587 0.099702 0.834622 0.113533 0.830491 0.114534 0.829281 0.116364 0.826711 0.118742 0.823173 0.121310 0.819203 0.123679 0.815400 0.125493 0.812339 0.126476 0.810482 0.126475 0.810116 0.125724 0.797034 0.085207 0.771297 0.075504 0.777644
0 0.864821 0.607179 0.902211 0.621390 0.907804 0.623078 0.922213 0.585168 0.931620 0.546716 0.894144 0.532472 0.893243 0.532398
0 0.211680 0.435085 0.211707 0.438957 0.211917 0.443567 0.212279 0.448206 0.212738 0.452162 0.213221 0.454831 0.213657 0.455807 0.221083 0.463097 0.263969 0.500981 0.266667 0.500970 0.274652 0.500476 0.269707 0.420629 0.267045 0.419711 0.218582 0.422712 0.212165 0.431715 0.211841 0.432543
0 0.529907 0.335732 0.530450 0.336656 0.532074 0.338855 0.534529 0.341989 0.537444 0.345585 0.540379 0.349101 0.542890 0.352004 0.544598 0.353857 0.545240 0.354374 0.556628 0.355985 0.612930 0.361468 0.619109 0.356387 0.620486 0.354726 0.569079 0.292226 0.531580 0.323070 0.531219 0.325092
0 0.853688 0.711842 0.853864 0.716382 0.854225 0.721035 0.854717 0.725099 0.855266 0.727959 0.855788 0.729177 0.862707 0.735358 0.866901 0.738078 0.915373 0.735246 0.913012 0.694852 0.908292 0.692626 0.860374 0.695426 0.853967 0.705725 0.853724 0.708101
0 0.170863 0.816291 0.182185 0.863507 0.194319 0.868127 0.196527 0.867928 0.200118 0.867288 0.204547 0.866304 0.209130 0.865127 0.213165 0.863938 0.216034 0.862920 0.217302 0.862227 0.224714 0.850026 0.213522 0.803349 0.174625 0.812676
0 0.210497 0.309016 0.212465 0.316604 0.217186 0.322862 0.217673 0.323167 0.224419 0.327134 0.232170 0.328219 0.239745 0.326254 0.245992 0.321541 0.249960 0.314795 0.251044 0.307044 0.249080 0.299469 0.244366 0.293221 0.243926 0.292865 0.237168 0.288891 0.229404 0.287804 0.221816 0.289773 0.215558 0.294494 0.211584 0.301252
0 0.809446 0.722506 0.809482 0.730329 0.812507 0.737543 0.818064 0.743049 0.818611 0.743467 0.825864 0.746434 0.833700 0.746398 0.840926 0.743368 0.846442 0.737801 0.849409 0.730548 0.849373 0.722712 0.846342 0.715486 0.840776 0.709970 0.840191 0.709609 0.832950 0.706648 0.825127 0.706684 0.817914 0.709709 0.812407 0.715266
0 0.672983 0.935897 0.674539 0.943563 0.674840 0.944327 0.679220 0.950825 0.685753 0.955152 0.693444 0.956649 0.701124 0.955090 0.707622 0.950710 0.711949 0.944177 0.713446 0.936485 0.711887 0.928806 0.711523 0.928069 0.707150 0.921582 0.700629 0.917262 0.692950 0.915768 0.685284 0.917324 0.678797 0.921697 0.674477 0.928219
0 0.285806 0.291250 0.286460 0.292775 0.287943 0.294790 0.290029 0.296987 0.365705 0.368996 0.368062 0.371026 0.370315 0.372566 0.372121 0.373382 0.373205 0.373350 0.426263 0.316079 0.426418 0.315250 0.425660 0.313703 0.424108 0.311675 0.414047 0.300640 0.355821 0.245235 0.343854 0.235310 0.341583 0.233701 0.339749 0.232782 0.338632 0.232694 0.286079 0.290446
0 0.291119 0.151228 0.309269 0.177047 0.342192 0.223048 0.357502 0.243979 0.396853 0.215815 0.394267 0.197478 0.393590 0.196327 0.391940 0.193848 0.389568 0.190416 0.386835 0.186556 0.353528 0.140020 0.350863 0.136338 0.348686 0.133412 0.347327 0.131688 0.346993 0.131427 0.330470 0.123064
0 0.151997 0.779488 0.192094 0.786206 0.205240 0.776834 0.238909 0.752828 0.242504 0.749353 0.249130 0.709807 0.209584 0.703180 0.205531 0.706012 0.158716 0.739390
