0 0.144455 0.029165 0.149971 0.032732 0.199127 0.060644 0.221327 0.071062 0.232553 0.055231 0.241254 0.035998 0.208511 0.014277 0.169734 0.000000 0.164251 0.000000
0 0.374335 0.393760 0.397795 0.411604 0.442911 0.445747 0.447360 0.449096 0.471537 0.417149 0.425378 0.381203 0.398673 0.361600
0 0.328143 0.502315 0.336013 0.504202 0.337887 0.504154 0.386112 0.474585 0.395647 0.468609 0.395998 0.467758 0.396723 0.465256 0.397710 0.461487 0.398810 0.457021 0.399858 0.452532 0.400694 0.448699 0.401192 0.446101 0.401276 0.445136 0.395440 0.435688 0.394231 0.434945 0.347015 0.423621
0 0.794419 0.418611 0.830296 0.490115 0.831053 0.490092 0.866887 0.472113 0.852950 0.435541 0.834762 0.399291 0.830171 0.400672
0 0.538329 0.712095 0.538505 0.713072 0.561449 0.746181 0.594558 0.723237 0.594125 0.722214 0.571286 0.689256
0 0.596190 0.730316 0.608365 0.768520 0.608864 0.769756 0.647244 0.757526 0.635014 0.719146 0.634395 0.718141
0 0.397786 0.830661 0.414831 0.867158 0.451329 0.850113 0.451552 0.848508 0.434584 0.812178 0.398254 0.829145
0 0.609383 0.843935 0.609886 0.845514 0.649269 0.853494 0.657249 0.814111 0.656530 0.812675 0.617327 0.804732
0 0.680393 0.285777 0.690320 0.324626 0.729169 0.314699 0.730224 0.313846 0.720252 0.274818 0.681224 0.284790
0 0.227972 0.199972 0.229219 0.201346 0.425939 0.339845 0.472105 0.274272 0.471976 0.273233 0.274351 0.134096
0 0.452909 0.452092 0.453125 0.452310 0.673247 0.549402 0.674045 0.549630 0.706558 0.475918 0.485421 0.378379
0 0.353534 0.779347 0.353549 0.780877 0.353645 0.781240 0.433712 0.785544 0.433803 0.784685 0.433946 0.782741 0.434118 0.780009 0.434294 0.776903 0.439876 0.673053 0.440030 0.670025 0.440139 0.667516 0.440188 0.665906 0.440168 0.665442 0.360101 0.661138 0.359945 0.661890 0.359747 0.663749 0.359537 0.666433 0.359348 0.669534 0.353740 0.773860 0.353600 0.776883
0 0.119495 0.104326 0.146544 0.135052 0.154623 0.143394 0.190652 0.111678 0.189974 0.097758 0.186369 0.093081 0.185335 0.091838 0.183225 0.089384 0.180359 0.086090 0.177176 0.082460 0.174164 0.079053 0.171788 0.076391 0.170409 0.074882 0.170235 0.074752 0.156367 0.071868
0 0.650590 0.687080 0.654112 0.691456 0.687530 0.715099 0.715901 0.674998 0.712996 0.662219 0.710548 0.660355 0.709522 0.659614 0.707157 0.657928 0.703817 0.655556 0.700006 0.652857 0.696300 0.650238 0.693258 0.648094 0.691341 0.646750 0.690843 0.646413 0.678313 0.647895
0 0.809150 0.278873 0.809716 0.281566 0.810847 0.285386 0.812372 0.289756 0.826360 0.327328 0.828052 0.331598 0.829660 0.335132 0.830940 0.337397 0.831697 0.338043 0.840559 0.343500 0.885542 0.326752 0.889999 0.324749 0.861763 0.248910 0.816260 0.265852 0.812645 0.268528 0.809238 0.277721
0 0.661155 0.797643 0.689705 0.809317 0.744160 0.827776 0.769176 0.834260 0.784711 0.788430 0.771914 0.775044 0.770684 0.774386 0.767904 0.773239 0.763998 0.771779 0.759560 0.770226 0.705735 0.751981 0.701418 0.750565 0.697861 0.749496 0.695602 0.748934 0.694989 0.748968 0.676690 0.751813
