0 0.352304 0.624575 0.352316 0.625635 0.352527 0.630253 0.352890 0.636883 0.353545 0.647804 0.354155 0.657107 0.354528 0.661758 0.354852 0.664744 0.388088 0.663458 0.391591 0.663234 0.420159 0.660525 0.435244 0.659043 0.443275 0.650764 0.443335 0.650605 0.443275 0.648655 0.443104 0.645206 0.442848 0.640785 0.442546 0.636070 0.442244 0.631784 0.441990 0.628587 0.441821 0.626962 0.431534 0.596262 0.430946 0.595326 0.429289 0.594150 0.426814 0.592914 0.423901 0.591806 0.420994 0.590997 0.418539 0.590611 0.416910 0.590705
0 0.857564 0.883379 0.858023 0.884834 0.859371 0.886803 0.861403 0.888986 0.863809 0.891049 0.866219 0.892677 0.868266 0.893619 0.869636 0.893734 0.942851 0.885091 0.943582 0.884762 0.945473 0.881289 0.947720 0.875573 0.950970 0.865449 0.953320 0.856171 0.953960 0.850693 0.953689 0.846108 0.952710 0.845714 0.933985 0.839624 0.921556 0.835601 0.918170 0.834629 0.875538 0.824230 0.865424 0.829394 0.864701 0.830429 0.863608 0.833072 0.862311 0.836920 0.861005 0.841391 0.859889 0.845810 0.859131 0.849510 0.858845 0.851930
0 0.030916 0.148982 0.035094 0.152170 0.038496 0.154431 0.045374 0.158762 0.052400 0.163001 0.061277 0.168107 0.066389 0.170744 0.077088 0.154027 0.084182 0.142464 0.085990 0.139464 0.106982 0.101204 0.104604 0.089472 0.103852 0.088605 0.101620 0.086901 0.098247 0.084617 0.094246 0.082104 0.090232 0.079747 0.086821 0.077908 0.084538 0.076869 0.052890 0.069487 0.050652 0.069823 0.048027 0.070937 0.045417 0.072660 0.043221 0.074729 0.041776 0.076825 0.041301 0.078630
0 0.809454 0.819198 0.809917 0.819611 0.814611 0.821307 0.820161 0.823065 0.829483 0.825691 0.839612 0.828363 0.845308 0.829757 0.848735 0.830457 0.849026 0.830370 0.893354 0.773154 0.894151 0.771737 0.894536 0.769367 0.894448 0.766405 0.893902 0.763305 0.892980 0.760541 0.891824 0.758537 0.890611 0.757596 0.864502 0.742088 0.863633 0.741823 0.861118 0.741111 0.857342 0.740061 0.852880 0.738833 0.848404 0.737611 0.844589 0.736580 0.842014 0.735896 0.841070 0.735664 0.831186 0.741875 0.818119 0.783636 0.817207 0.787028 0.814002 0.799958
0 0.708615 0.566286 0.710586 0.606335 0.711556 0.606824 0.751789 0.604844 0.749809 0.564610 0.748664 0.564314
0 0.686733 0.627732 0.688891 0.629208 0.725362 0.646732 0.732372 0.632143 0.727486 0.620194 0.726360 0.619638 0.723754 0.618374 0.720070 0.616596 0.715864 0.614572 0.711770 0.612608 0.708408 0.611000 0.706285 0.609993 0.705729 0.609740 0.693662 0.613310
0 0.702247 0.810361 0.703178 0.811790 0.726098 0.844916 0.759224 0.821996 0.736304 0.788870 0.735221 0.787546
0 0.737647 0.277338 0.740760 0.289393 0.755352 0.295956 0.758304 0.293597 0.774901 0.256695 0.760140 0.250056 0.747548 0.255324 0.746846 0.256483 0.745500 0.259135 0.743716 0.262874 0.741764 0.267134 0.739939 0.271272 0.738516 0.274664 0.737710 0.276795
0 0.620140 0.515890 0.653369 0.538157 0.655502 0.538688 0.711770 0.527574 0.734347 0.493884 0.700656 0.471306 0.697904 0.471700 0.642408 0.482661
0 0.212103 0.856612 0.216961 0.875727 0.218403 0.878103 0.220826 0.881313 0.223861 0.884866 0.262153 0.927394 0.265324 0.930733 0.268133 0.933333 0.270151 0.934798 0.288424 0.941373 0.324385 0.908993 0.306878 0.884668 0.296250 0.872864 0.279655 0.854434 0.269026 0.842630 0.248064 0.824231
0 0.431266 0.115084 0.440375 0.131208 0.441225 0.132195 0.443485 0.134031 0.446809 0.136434 0.450694 0.139040 0.498371 0.169973 0.502243 0.172398 0.505529 0.174284 0.507732 0.175345 0.526951 0.177163 0.553289 0.136567 0.529609 0.117935 0.516065 0.109147 0.481374 0.086640 0.457604 0.074488
0 0.521229 0.578077 0.521525 0.579163 0.558415 0.596012 0.612155 0.575972 0.629005 0.539081 0.592114 0.522232 0.590851 0.521927 0.537848 0.541693
0 0.559074 0.507026 0.604059 0.524860 0.618075 0.512757 0.618571 0.511917 0.619673 0.509486 0.621215 0.505833 0.622959 0.501516 0.644050 0.448317 0.645723 0.444013 0.647064 0.440398 0.647866 0.438023 0.648010 0.437250 0.646095 0.418830 0.601110 0.400996 0.589869 0.428089 0.584014 0.442855 0.569021 0.480676
0 0.149052 0.916253 0.149497 0.918984 0.154085 0.928412 0.156047 0.930320 0.161524 0.932028 0.171828 0.930988 0.174151 0.930152 0.176852 0.927071 0.179517 0.922212 0.181734 0.916320 0.183163 0.910303 0.183584 0.905087 0.182937 0.901468 0.181326 0.899992 0.173428 0.893248 0.167970 0.891519 0.165083 0.892636 0.156115 0.897484 0.154113 0.899816 0.152135 0.903456 0.150480 0.907854 0.149397 0.912346
0 0.209434 0.166116 0.209873 0.173943 0.213274 0.181007 0.213767 0.181555 0.219602 0.186770 0.226988 0.189356 0.234802 0.188917 0.241854 0.185523 0.247069 0.179687 0.249655 0.172301 0.249216 0.164487 0.245821 0.157436 0.245384 0.156846 0.239538 0.151622 0.232139 0.149031 0.224312 0.149471 0.217248 0.152871 0.212024 0.158717
0 0.300204 0.865045 0.301662 0.872744 0.305956 0.879299 0.312432 0.883712 0.320103 0.885310 0.327802 0.883852 0.334357 0.879558 0.338770 0.873082 0.339047 0.872441 0.340642 0.864783 0.339187 0.857097 0.334900 0.850553 0.328435 0.846148 0.320777 0.844553 0.313091 0.846008 0.306548 0.850295 0.302142 0.856760 0.301802 0.857374
0 0.337072 0.942111 0.340898 0.946785 0.350366 0.951972 0.351981 0.951197 0.355239 0.948950 0.359648 0.945568 0.364527 0.941573 0.369126 0.937581 0.372737 0.934204 0.374809 0.931960 0.375035 0.931185 0.371749 0.920820 0.367931 0.916156 0.356359 0.914728 0.355145 0.915353 0.352715 0.917062 0.349436 0.919594 0.345805 0.922567 0.342369 0.925531 0.339648 0.928041 0.338055 0.929714 0.337836 0.930293
0 0.463994 0.616056 0.478396 0.662426 0.555679 0.638422 0.541276 0.592052 0.540805 0.591000 0.530820 0.585746 0.529903 0.585905 0.527377 0.586583 0.523629 0.587676 0.519228 0.589019 0.480940 0.600911 0.476538 0.602303 0.472791 0.603537 0.470265 0.604428 0.469349 0.604838 0.464405 0.614730
0 0.713073 0.727686 0.716659 0.737023 0.719163 0.739763 0.764043 0.758294 0.794928 0.683495 0.791557 0.681398 0.747191 0.663079 0.737639 0.668190 0.736975 0.668816 0.735715 0.671041 0.734050 0.674520 0.732232 0.678729 0.716931 0.715786 0.715230 0.720098 0.713900 0.723873 0.713142 0.726538
