0 0.682990 0.173449 0.683826 0.213441 0.731815 0.212437 0.741526 0.202562 0.741826 0.201249 0.742043 0.198292 0.742142 0.194139 0.742109 0.189425 0.741949 0.184874 0.741685 0.181186 0.741360 0.178924 0.741022 0.178429 0.733650 0.168659 0.685105 0.169674
0 0.046584 0.739131 0.095124 0.740326 0.099751 0.737580 0.106195 0.731112 0.106737 0.729890 0.107240 0.727024 0.107629 0.722954 0.107845 0.718294 0.107855 0.713748 0.107659 0.710003 0.107285 0.707625 0.100736 0.697592 0.052750 0.696410 0.047580 0.698681
0 0.925084 0.395414 0.950026 0.436425 0.955229 0.435690 0.989800 0.414665 0.964570 0.373180 0.950583 0.370786 0.949205 0.371432 0.946474 0.372932 0.942807 0.375055 0.938758 0.377479 0.934939 0.379840 0.931927 0.381780 0.930177 0.383005 0.929960 0.383328
0 0.654808 0.086076 0.663015 0.125324 0.702264 0.117117 0.705083 0.111780 0.696761 0.071985 0.656966 0.080306
0 0.772028 0.000000 0.772367 0.002237 0.779437 0.013556 0.818397 0.054570 0.826394 0.054775 0.830166 0.049629 0.832244 0.000000
0 0.669188 0.280351 0.669642 0.301163 0.672068 0.320579 0.698738 0.320027 0.755145 0.316002 0.761236 0.315299 0.758375 0.275337 0.705498 0.275712
0 0.697945 0.555401 0.713926 0.566488 0.731799 0.577321 0.752955 0.548921 0.779473 0.500812 0.745842 0.479037 0.742356 0.483844 0.711630 0.531331
0 0.428489 0.322125 0.429351 0.332835 0.430159 0.334745 0.466641 0.365940 0.518631 0.305137 0.518846 0.302884 0.512696 0.297625 0.455647 0.302082 0.444176 0.303779 0.443504 0.304219 0.441736 0.305993 0.439140 0.308832 0.436112 0.312305 0.433117 0.315876 0.430617 0.318997 0.428992 0.321191
0 0.370419 0.244132 0.422866 0.303465 0.423772 0.303469 0.425453 0.302657 0.427653 0.301152 0.430036 0.299185 0.507930 0.229580 0.510119 0.227462 0.511764 0.225530 0.512616 0.224079 0.512545 0.223330 0.460619 0.163532 0.459677 0.163648 0.457966 0.164563 0.455747 0.166136 0.443742 0.175776 0.383810 0.229331 0.373141 0.239951 0.371426 0.241894 0.370469 0.243362
0 0.868794 0.668771 0.869462 0.669834 0.871197 0.671098 0.873736 0.672371 0.876691 0.673456 0.976483 0.704340 0.979386 0.705068 0.981773 0.705320 0.983282 0.705060 0.983684 0.704327 1.000000 0.631846 1.000000 0.626355 0.998442 0.625614 0.989570 0.621683 0.912789 0.597921 0.898498 0.594683 0.896065 0.594377 0.894488 0.594558 0.894008 0.595200
0 0.854333 0.825768 0.854522 0.827024 0.855550 0.828952 0.857262 0.831258 0.859396 0.833590 0.933523 0.907194 0.935740 0.909182 0.937688 0.910509 0.939070 0.910974 0.939675 0.910506 0.997215 0.857513 0.996903 0.856224 0.995770 0.854270 0.993988 0.851948 0.983440 0.840007 0.926405 0.783376 0.915377 0.773893 0.913414 0.772497 0.912009 0.771930 0.911377 0.772282
0 0.024412 0.333130 0.024451 0.334615 0.050263 0.402258 0.051433 0.403248 0.053573 0.403634 0.056358 0.403360 0.059364 0.402468 0.062137 0.401093 0.145948 0.349301 0.148120 0.347616 0.149330 0.345893 0.149393 0.344393 0.122526 0.276680 0.121415 0.275585 0.119320 0.275104 0.116558 0.275312 0.113552 0.276178 0.098978 0.282615 0.034970 0.322802 0.025524 0.331422
0 0.182850 0.355520 0.183309 0.357145 0.184588 0.359298 0.186493 0.361651 0.256864 0.438853 0.259090 0.441032 0.261285 0.442690 0.263114 0.443575 0.264298 0.443553 0.320603 0.390654 0.320918 0.389770 0.320358 0.388116 0.319011 0.385945 0.309911 0.374121 0.255767 0.314721 0.244383 0.304073 0.242175 0.302344 0.240325 0.301354 0.239115 0.301255 0.183280 0.354671
0 0.110221 0.715038 0.110249 0.718551 0.111094 0.751925 0.113233 0.752376 0.117396 0.752606 0.126560 0.752590 0.137704 0.752353 0.144682 0.752087 0.149797 0.751756 0.151205 0.751549 0.181111 0.684245 0.180908 0.682685 0.180216 0.680316 0.179139 0.677499 0.177844 0.674665 0.176528 0.672249 0.175392 0.670619 0.174610 0.670023 0.142484 0.662335 0.140797 0.662306 0.137554 0.662307 0.133249 0.662339 0.128532 0.662396 0.124115 0.662470 0.120665 0.662549 0.118707 0.662623 0.118546 0.662679 0.110564 0.671439 0.110437 0.686497
0 0.510288 0.473021 0.510325 0.473370 0.511202 0.475285 0.512790 0.478479 0.514844 0.482462 0.517051 0.486626 0.519071 0.490330 0.520594 0.493005 0.521390 0.494246 0.543287 0.517530 0.544224 0.518253 0.546231 0.518737 0.549002 0.518908 0.552116 0.518737 0.555095 0.518252 0.557482 0.517527 0.558914 0.516674 0.604028 0.459808 0.602510 0.456870 0.600915 0.453828 0.597436 0.447209 0.593683 0.440088 0.588676 0.430607 0.585470 0.424562 0.585223 0.424138 0.555409 0.438750 0.552305 0.440386 0.527390 0.454782 0.514484 0.462314 0.514258 0.462451
0 0.914361 0.966368 0.915677 0.969373 0.919327 0.976429 0.925512 0.988091 0.929770 0.995945 0.932919 1.000000 0.934175 1.000000 0.944026 0.998705 0.949143 0.997113 0.976106 0.981672 1.000000 0.965223 1.000000 0.937009 0.998735 0.934181 0.997699 0.932769 0.986289 0.929681 0.955370 0.944777
0 0.578633 0.866587 0.578995 0.868275 0.597233 0.904192 0.633149 0.885953 0.632539 0.884185 0.614385 0.848433
0 0.893673 0.522758 0.924405 0.548514 0.926359 0.548738 0.952233 0.517865 0.921360 0.491990 0.919429 0.492027
0 0.774455 0.869613 0.798348 0.901813 0.799722 0.903663 0.832071 0.879659 0.808067 0.847310 0.806655 0.845719
0 0.505394 0.320197 0.523927 0.355754 0.559484 0.337222 0.559758 0.336472 0.541140 0.300751 0.505419 0.319369
0 0.330224 0.484984 0.378363 0.489910 0.388560 0.474451 0.388800 0.473571 0.389191 0.470997 0.389672 0.467127 0.390171 0.462546 0.395957 0.406008 0.396400 0.401393 0.396721 0.397424 0.396872 0.394704 0.396829 0.393649 0.389976 0.376444 0.341837 0.371517 0.337610 0.399062 0.331756 0.456261
0 0.116385 0.345318 0.128560 0.380112 0.155745 0.389667 0.187162 0.370657 0.206339 0.316948 0.193944 0.282685 0.167220 0.271840 0.135636 0.291404
