0 0.056322 0.746340 0.057550 0.750517 0.061582 0.758749 0.067039 0.768361 0.070756 0.774166 0.073825 0.778173 0.074967 0.779058 0.148890 0.773348 0.150015 0.772570 0.151678 0.770940 0.153627 0.768704 0.155561 0.766205 0.157186 0.763827 0.158252 0.761933 0.158599 0.760811 0.150190 0.729151 0.149701 0.727428 0.148405 0.724401 0.146501 0.720529 0.144276 0.716398 0.142065 0.712631 0.140203 0.709797 0.138973 0.708328 0.127044 0.705619 0.113916 0.712382 0.088981 0.725274 0.085889 0.726950 0.056535 0.743579
0 0.852877 0.638962 0.852965 0.640518 0.894966 0.701104 0.896396 0.701074 0.901494 0.700481 0.908406 0.699463 0.919401 0.697626 0.928403 0.695913 0.932438 0.694866 0.934435 0.693951 0.929008 0.660982 0.928378 0.657525 0.922828 0.629561 0.919889 0.614812 0.910404 0.607688 0.910228 0.607637 0.908284 0.607907 0.904875 0.608455 0.900519 0.609198 0.895874 0.610024 0.891642 0.610807 0.888461 0.611430 0.886815 0.611798 0.856685 0.625319 0.856032 0.626067 0.855226 0.627895 0.854388 0.630523 0.853646 0.633551 0.853116 0.636516
0 0.626661 0.360514 0.627100 0.372158 0.655987 0.404949 0.658409 0.407485 0.668036 0.416888 0.682221 0.430721 0.686945 0.426342 0.694611 0.419099 0.700476 0.413503 0.706031 0.408151 0.708657 0.405587 0.711460 0.402724 0.686382 0.335078 0.685392 0.333685 0.683429 0.332146 0.680791 0.330697 0.677881 0.329558 0.675146 0.328906 0.673004 0.328838 0.671780 0.329364 0.644066 0.343806 0.643078 0.344513 0.640909 0.346390 0.637890 0.349151 0.634481 0.352375 0.631208 0.355565 0.628573 0.358233 0.626977 0.359969
0 0.155510 0.432238 0.155987 0.435674 0.156898 0.440009 0.158103 0.444579 0.159417 0.448681 0.160638 0.451686 0.179188 0.481965 0.180782 0.482875 0.183283 0.483671 0.186312 0.484231 0.189404 0.484469 0.192086 0.484349 0.193948 0.483889 0.249754 0.439017 0.250174 0.435959 0.249744 0.432679 0.248323 0.425481 0.246445 0.417691 0.243497 0.407261 0.241103 0.400544 0.240050 0.399957 0.208147 0.407232 0.204758 0.408095 0.176593 0.416172 0.161672 0.420501 0.155539 0.430226
0 0.127948 0.684711 0.151589 0.727123 0.222274 0.687722 0.225448 0.685577 0.202078 0.643650 0.189176 0.640926 0.187962 0.641560 0.185321 0.642996 0.181654 0.645015 0.177522 0.647310 0.142261 0.666965 0.138307 0.669177 0.135150 0.670961 0.133271 0.672045 0.132952 0.672265
0 0.629092 0.514097 0.676551 0.521285 0.678592 0.521531 0.687222 0.514732 0.687608 0.513842 0.688211 0.511264 0.688940 0.507389 0.689684 0.502809 0.695729 0.462895 0.696371 0.458323 0.696812 0.454474 0.696984 0.451934 0.696861 0.451090 0.690710 0.441518 0.642702 0.434247 0.641071 0.434999
0 0.498795 0.098060 0.498809 0.102654 0.536024 0.132969 0.547941 0.130021 0.548457 0.129797 0.550052 0.128187 0.552479 0.125438 0.555373 0.121967 0.580693 0.090883 0.583622 0.087207 0.586151 0.083871 0.587898 0.081380 0.588594 0.080115 0.587551 0.065984 0.549905 0.035318
0 0.239333 0.356634 0.240024 0.358911 0.241303 0.362456 0.242974 0.366727 0.264401 0.419792 0.266202 0.424120 0.267851 0.427825 0.269095 0.430341 0.269745 0.431287 0.283837 0.443301 0.328708 0.425183 0.319503 0.399561 0.313556 0.384832 0.298323 0.347107 0.286004 0.319421 0.241132 0.337539 0.239333 0.355970
0 0.690639 0.089606 0.696946 0.120096 0.701353 0.135356 0.712642 0.174443 0.722286 0.199186 0.768777 0.185759 0.772455 0.167609 0.772560 0.166283 0.772137 0.163382 0.771249 0.159346 0.770032 0.154793 0.754153 0.099813 0.752797 0.095456 0.751516 0.091980 0.750505 0.089915 0.737130 0.076179
0 0.403800 0.154944 0.405537 0.195463 0.406832 0.199640 0.418534 0.210381 0.448508 0.237891 0.488471 0.236178 0.486759 0.196215 0.486575 0.191991 0.444319 0.153208
0 0.329544 0.545349 0.331312 0.552983 0.335865 0.559360 0.342514 0.563509 0.350243 0.564798 0.357877 0.563030 0.358121 0.562922 0.364487 0.558376 0.368629 0.551740 0.369916 0.544023 0.368151 0.536402 0.363605 0.530036 0.356969 0.525895 0.349252 0.524608 0.348993 0.524650 0.341359 0.526418 0.334982 0.530971 0.330833 0.537620
0 0.834419 0.808146 0.835020 0.808698 0.843320 0.815790 0.849029 0.817763 0.859536 0.812953 0.860574 0.811636 0.862009 0.808777 0.863622 0.804811 0.865165 0.800346 0.866402 0.796067 0.867143 0.792633 0.867275 0.790565 0.861933 0.780433 0.861122 0.779807 0.855426 0.777838 0.844721 0.778343 0.843368 0.780148 0.841489 0.783975 0.839370 0.789238 0.837328 0.795145 0.835670 0.800808 0.834649 0.805372
0 0.467699 0.714054 0.469266 0.724801 0.472267 0.730044 0.483382 0.733440 0.484927 0.732835 0.487809 0.731398 0.491590 0.729350 0.495690 0.727002 0.499479 0.724717 0.502376 0.722845 0.503939 0.721671 0.506544 0.710420 0.506531 0.709947 0.503536 0.704717 0.495124 0.698002 0.493055 0.698864 0.489227 0.700810 0.484224 0.703541 0.478800 0.706646 0.473770 0.709658 0.469893 0.712124 0.467758 0.713669
0 0.828308 0.201295 0.831295 0.208526 0.836822 0.214061 0.844046 0.217062 0.851869 0.217068 0.859099 0.214082 0.859717 0.213589 0.865263 0.208053 0.868268 0.200816 0.868275 0.192980 0.865283 0.185737 0.859746 0.180192 0.852510 0.177186 0.844674 0.177180 0.837431 0.180172 0.836851 0.180722 0.831315 0.186249 0.828315 0.193473
0 0.535683 0.142377 0.592205 0.198991 0.620513 0.170730 0.622188 0.166151 0.593534 0.137450 0.564137 0.113231 0.535765 0.141557
0 0.380546 0.765162 0.380699 0.766378 0.381451 0.769145 0.382689 0.773044 0.384225 0.777478 0.385821 0.781766 0.387232 0.785249 0.388244 0.787395 0.388702 0.787880 0.398886 0.794255 0.450640 0.818666 0.458257 0.815931 0.458734 0.812321 0.431702 0.737026 0.386525 0.753245
0 0.625412 0.213232 0.626250 0.234255 0.628769 0.253423 0.655764 0.253084 0.712123 0.248397 0.718140 0.247518 0.714805 0.207592 0.661261 0.207524
0 0.151055 0.770629 0.193918 0.805396 0.226095 0.820612 0.237991 0.802698 0.247416 0.786378 0.225583 0.769175 0.177590 0.739247 0.172236 0.736621
0 0.399763 0.485190 0.400108 0.525253 0.455750 0.525177 0.490579 0.524635 0.490854 0.504452 0.490231 0.484305 0.455399 0.484451
0 0.037044 0.804530 0.037074 0.806762 0.041779 0.818590 0.089483 0.827641 0.094175 0.823896 0.101631 0.784598 0.054473 0.775650 0.049322 0.778836 0.042013 0.783545 0.041237 0.784823 0.040233 0.787720 0.039156 0.791794 0.038171 0.796425 0.037429 0.800899
0 0.592916 0.687824 0.593990 0.689996 0.628138 0.724514 0.639134 0.723642 0.639971 0.723291 0.641993 0.721697 0.644892 0.719101 0.648225 0.715899 0.651480 0.712584 0.654156 0.709664 0.655846 0.707587 0.656294 0.706667 0.656903 0.696057 0.655110 0.693817 0.621352 0.659693
0 0.516720 0.926781 0.516913 0.931715 0.536434 0.976173 0.573482 0.959905 0.572643 0.954649 0.553345 0.910699 0.542847 0.908467 0.541951 0.908297 0.539514 0.908891 0.535911 0.910155 0.531687 0.911899 0.527480 0.913857 0.523924 0.915736 0.521559 0.917251 0.520746 0.918171
0 0.496981 0.170162 0.497016 0.173932 0.533196 0.205475 0.545118 0.203336 0.545662 0.203035 0.547326 0.201399 0.549855 0.198680 0.552867 0.195289 0.555907 0.191739 0.558515 0.188566 0.560297 0.186248 0.560981 0.185142 0.560170 0.171572 0.523571 0.139664
0 0.533947 0.257457 0.540410 0.268431 0.587368 0.278380 0.588378 0.275818 0.596764 0.236234 0.549264 0.226170 0.538950 0.233844 0.538811 0.234392 0.538311 0.236660 0.537525 0.240305 0.536574 0.244770 0.535604 0.249370 0.534764 0.253398 0.534182 0.256237
