0 0.396022 0.343643 0.397448 0.345788 0.423339 0.376278 0.479720 0.380878 0.510211 0.354987 0.510353 0.352971 0.484102 0.322056 0.426937 0.317393
0 0.353839 0.283550 0.358868 0.308656 0.392821 0.325438 0.448416 0.311952 0.470588 0.281556 0.464307 0.256753 0.430914 0.239755 0.375418 0.253217
0 0.062811 0.795915 0.063072 0.800624 0.067706 0.857663 0.068197 0.862198 0.068840 0.865847 0.069536 0.868054 0.080051 0.884154 0.128283 0.880235 0.128996 0.848971 0.124415 0.792588 0.119046 0.766551 0.070814 0.770470 0.063602 0.787527 0.063099 0.788826 0.062820 0.791772
0 0.635952 0.369094 0.663707 0.408255 0.676156 0.410050 0.677139 0.409400 0.679478 0.407781 0.682817 0.405441 0.686646 0.402736 0.690377 0.400082 0.693437 0.397888 0.695358 0.396487 0.695849 0.396093 0.698612 0.383798 0.670535 0.344183 0.637523 0.367580
0 0.782736 0.857276 0.793276 0.904105 0.796666 0.908777 0.804688 0.913001 0.805988 0.913345 0.808890 0.913232 0.812953 0.912680 0.817557 0.911771 0.821994 0.910645 0.825582 0.909475 0.827773 0.908441 0.836141 0.899892 0.825479 0.852522 0.821760 0.848493
0 0.675623 0.085658 0.675951 0.086930 0.677348 0.089459 0.679598 0.092856 0.682360 0.096609 0.685218 0.100150 0.687740 0.102946 0.689545 0.104572 0.700884 0.108185 0.738906 0.078888 0.741668 0.074020 0.716971 0.041969 0.678509 0.071604 0.676469 0.076500
0 0.916203 0.150229 0.956042 0.153811 0.961314 0.149809 0.965662 0.101449 0.955424 0.093886 0.953322 0.093196 0.949750 0.092539 0.945252 0.092017 0.940520 0.091709 0.936281 0.091664 0.933183 0.091887 0.931697 0.092343 0.925362 0.097826 0.920501 0.102422
0 0.930133 0.756790 0.930148 0.761324 0.930388 0.765995 0.930817 0.770097 0.931371 0.773011 0.931966 0.774289 0.938216 0.780483 0.943282 0.783726 0.991818 0.782381 0.990697 0.741934 0.985089 0.739169 0.937108 0.740499 0.930754 0.750748 0.930346 0.753077
0 0.332143 0.209217 0.350857 0.254021 0.352561 0.256832 0.362433 0.260222 0.363461 0.260184 0.366022 0.259446 0.369723 0.258121 0.374004 0.256410 0.410998 0.240959 0.415224 0.239117 0.418764 0.237417 0.421085 0.236116 0.421828 0.235414 0.426381 0.225999 0.425530 0.222832 0.406816 0.178028
0 0.402476 0.407710 0.409970 0.447669 0.411208 0.448389 0.490029 0.433605 0.489890 0.432680 0.482395 0.392720
0 0.936857 0.639638 0.937057 0.642000 0.937761 0.645659 0.938860 0.650061 0.949428 0.688734 0.950760 0.693225 0.952125 0.697137 0.953319 0.699877 0.954160 0.701027 0.961873 0.705355 0.967212 0.707729 1.000000 0.694929 1.000000 0.652355 0.999803 0.649757 0.992717 0.616867 0.987086 0.615531 0.940784 0.628184
0 0.832434 0.344784 0.880872 0.408452 0.885276 0.407394 0.923918 0.377994 0.923417 0.366208 0.922303 0.363971 0.920242 0.360743 0.917546 0.357018 0.893103 0.324890 0.890194 0.321248 0.887525 0.318259 0.885505 0.316377 0.884440 0.315888 0.874919 0.313590 0.870635 0.315720
0 0.027765 0.190214 0.027843 0.194049 0.028289 0.196541 0.035489 0.205133 0.037205 0.206147 0.080143 0.213137 0.083608 0.213557 0.097428 0.214821 0.117298 0.216552 0.119104 0.210392 0.120845 0.200027 0.121699 0.191949 0.122054 0.184158 0.121914 0.180381 0.120650 0.176005 0.060220 0.140047 0.058211 0.139512 0.055462 0.139506 0.052392 0.140032 0.049471 0.141010 0.047147 0.142288 0.045774 0.143672 0.030564 0.174292 0.029585 0.177000 0.028709 0.180981 0.028069 0.185624
0 0.000000 0.233969 0.001411 0.236348 0.065884 0.262487 0.068096 0.262268 0.070587 0.261094 0.072978 0.259144 0.074901 0.256716 0.076065 0.254181 0.076290 0.251927 0.074008 0.229717 0.069978 0.217396 0.065264 0.214324 0.040038 0.203651 0.027614 0.198636 0.018031 0.194890 0.002199 0.189232 0.000000 0.188626
0 0.711351 0.859966 0.711573 0.871624 0.712875 0.873135 0.715338 0.875608 0.718588 0.878666 0.722126 0.881842 0.725409 0.884647 0.727932 0.886649 0.729312 0.887546 0.758626 0.902043 0.759631 0.902409 0.761583 0.902179 0.764184 0.901387 0.767038 0.900153 0.769707 0.898667 0.771782 0.897156 0.772948 0.895851 0.794783 0.826534 0.792848 0.824274 0.790457 0.821951 0.785040 0.816907 0.779059 0.811491 0.770902 0.804295 0.765475 0.799720 0.764698 0.799417 0.742066 0.823445 0.739732 0.826055 0.721145 0.848210
0 0.819206 0.291999 0.833223 0.329566 0.870791 0.315549 0.872498 0.314699 0.858415 0.276959 0.820675 0.291042
0 0.577018 0.306931 0.616582 0.312817 0.617118 0.311958 0.623031 0.272212 0.583285 0.266298 0.582904 0.267366
0 0.242874 0.451235 0.282223 0.459854 0.283221 0.460038 0.291800 0.420869 0.290842 0.420505 0.251493 0.411886
0 0.606626 0.642041 0.607218 0.642520 0.608717 0.643634 0.610897 0.645215 0.613424 0.647021 0.698609 0.707511 0.701081 0.709256 0.703105 0.710660 0.704373 0.711511 0.704691 0.711678 0.751116 0.646302 0.750838 0.646077 0.749605 0.645177 0.747604 0.643740 0.735581 0.635160 0.669979 0.588576 0.657420 0.579699 0.655217 0.578151 0.653683 0.577086 0.653051 0.576665
0 0.069870 0.558021 0.070578 0.560529 0.071900 0.563284 0.123815 0.653932 0.125541 0.656498 0.127396 0.658465 0.129099 0.659534 0.130388 0.659544 0.195961 0.621687 0.196589 0.620664 0.196512 0.618735 0.195743 0.616194 0.189625 0.602334 0.149680 0.532589 0.140687 0.520064 0.138834 0.518025 0.137133 0.516850 0.135843 0.516718 0.070617 0.555182 0.069885 0.556144
0 0.120272 0.283735 0.140204 0.360518 0.140670 0.361013 0.142256 0.361154 0.144722 0.360919 0.147691 0.360342 0.249386 0.336459 0.252386 0.335633 0.254941 0.334690 0.256661 0.333772 0.257285 0.333021 0.238033 0.256079 0.237481 0.255670 0.235821 0.255605 0.233306 0.255892 0.218650 0.258528 0.140405 0.276904 0.125461 0.281220 0.122838 0.282140 0.121015 0.283023
