0 0.411617 0.807389 0.451325 0.814165 0.458101 0.774458 0.458293 0.773200 0.418767 0.766454 0.418393 0.767681
0 0.637439 0.601724 0.638071 0.602193 0.672005 0.623899 0.693710 0.589965 0.659776 0.568259 0.659045 0.567946
0 0.811815 0.360428 0.840635 0.388307 0.842203 0.387793 0.870210 0.358841 0.841259 0.330833 0.839695 0.331609
0 0.845459 0.139194 0.862779 0.175358 0.898943 0.158038 0.900779 0.156463 0.883380 0.120133 0.847049 0.137533
0 0.286173 0.216753 0.292717 0.234078 0.293676 0.235041 0.295859 0.237079 0.298931 0.239881 0.302426 0.243021 0.344829 0.280862 0.348232 0.283877 0.351039 0.286322 0.352827 0.287827 0.353319 0.288159 0.371273 0.292697 0.403493 0.256592 0.381251 0.235451 0.338351 0.197167 0.318393 0.180648
0 0.211075 0.324474 0.225236 0.362584 0.229009 0.364475 0.266595 0.350509 0.290215 0.298956 0.276249 0.261370 0.273135 0.258042 0.235024 0.272202 0.228299 0.286880
0 0.793759 0.233059 0.818872 0.264192 0.834666 0.265883 0.859326 0.268523 0.875120 0.270213 0.880336 0.267018 0.911902 0.241555 0.886440 0.209989 0.829411 0.203884 0.797844 0.229347
0 0.427123 0.662937 0.427745 0.681445 0.471372 0.702383 0.483576 0.678127 0.490562 0.663572 0.508455 0.626291 0.520724 0.599555 0.477098 0.578616 0.462269 0.589709 0.461921 0.590419 0.460831 0.592677 0.459168 0.596135 0.457182 0.600269 0.432591 0.651506 0.430576 0.655707 0.428830 0.659353 0.427617 0.661893
0 0.317598 0.751351 0.317920 0.800111 0.323731 0.803518 0.364371 0.802567 0.373942 0.801344 0.398124 0.798252 0.397803 0.749709 0.386509 0.739937 0.384861 0.739650 0.381656 0.739444 0.377382 0.739349 0.372685 0.739379 0.368272 0.739530 0.364812 0.739779 0.330825 0.743267 0.328772 0.743586
0 0.416093 0.415900 0.440777 0.457713 0.441454 0.458196 0.475899 0.437862 0.475621 0.437144 0.450937 0.395331 0.439945 0.392661 0.439073 0.392987 0.436746 0.394200 0.433317 0.396117 0.429308 0.398446 0.425336 0.400828 0.422012 0.402898 0.419844 0.404339 0.419158 0.404932
0 0.588269 0.073657 0.627449 0.081715 0.628922 0.076879 0.638703 0.029320 0.631021 0.021214 0.628598 0.020148 0.624848 0.018997 0.620341 0.017937 0.615771 0.017130 0.611840 0.016702 0.609148 0.016715 0.608104 0.017168 0.599070 0.021169 0.597938 0.026641
0 0.713943 0.185202 0.714915 0.233192 0.724367 0.240043 0.724988 0.240367 0.727347 0.240604 0.731079 0.240718 0.735621 0.240693 0.740286 0.240532 0.744370 0.240259 0.747255 0.239916 0.748500 0.239555 0.757853 0.229289 0.756870 0.180744 0.716416 0.181563
0 0.827654 0.102742 0.831624 0.113097 0.833403 0.115011 0.836367 0.117514 0.840068 0.120228 0.843946 0.122743 0.847418 0.124679 0.849957 0.125743 0.851175 0.125771 0.860580 0.125455 0.864748 0.121125 0.892319 0.081157 0.859012 0.058182 0.854909 0.063231
0 0.093404 0.738063 0.129919 0.755940 0.135007 0.752422 0.152638 0.716408 0.116625 0.698777 0.111281 0.701548
0 0.236799 0.440031 0.269537 0.514038 0.272171 0.513878 0.279487 0.510641 0.299886 0.457879 0.303299 0.446820 0.303187 0.446052 0.302351 0.443725 0.300919 0.440197 0.299109 0.436004 0.297194 0.431776 0.295463 0.428154 0.294177 0.425684 0.293534 0.424746 0.281204 0.420388
0 0.713037 0.713645 0.724581 0.760237 0.727177 0.763245 0.735737 0.768095 0.736941 0.768228 0.739753 0.767898 0.743745 0.767155 0.748308 0.766110 0.752740 0.764926 0.756360 0.763784 0.758616 0.762858 0.759167 0.762290 0.766452 0.753514 0.795996 0.704509 0.794050 0.696654 0.790689 0.694406
0 0.237078 0.786061 0.243898 0.794887 0.244442 0.795536 0.246671 0.796607 0.250250 0.797937 0.254631 0.799323 0.259141 0.800550 0.263087 0.801432 0.265866 0.801833 0.267056 0.801693 0.275898 0.797470 0.326128 0.770058 0.328115 0.766972 0.330371 0.759296 0.253617 0.736739 0.250768 0.739476
0 0.000000 0.816201 0.032614 0.837012 0.036319 0.831611 0.065665 0.783296 0.076843 0.761374 0.061303 0.749704 0.042380 0.740426 0.019842 0.772471 0.002138 0.810834
0 0.746384 0.557524 0.758397 0.573374 0.766670 0.584289 0.768881 0.586999 0.797783 0.619630 0.798968 0.620197 0.809427 0.621720 0.810215 0.621783 0.812324 0.620692 0.815434 0.618609 0.819070 0.615854 0.822675 0.612847 0.825695 0.610052 0.827666 0.607897 0.846274 0.579178 0.846578 0.577200 0.846335 0.574503 0.845582 0.571499 0.844434 0.568649 0.843067 0.566388 0.841691 0.565061 0.778270 0.532693 0.774559 0.534347 0.771514 0.536375 0.765339 0.540963 0.759017 0.546027 0.751013 0.552933
0 0.540466 0.724925 0.540547 0.725778 0.543532 0.727407 0.549138 0.729877 0.553666 0.731670 0.565230 0.735820 0.569702 0.737257 0.575152 0.738756 0.577945 0.739200 0.583525 0.725164 0.605336 0.663372 0.600680 0.652545 0.599704 0.651979 0.597153 0.650880 0.593418 0.649418 0.589065 0.647813 0.584750 0.646307 0.581126 0.645128 0.578740 0.644454 0.577959 0.644390 0.567469 0.649781 0.555951 0.681434 0.550086 0.697645 0.547675 0.704436
0 0.830115 0.465760 0.834360 0.476383 0.873001 0.497045 0.876167 0.498577 0.906892 0.512126 0.909557 0.508771 0.912387 0.504193 0.916713 0.495689 0.921180 0.486005 0.923552 0.480294 0.924798 0.476514 0.924714 0.475828 0.876538 0.420695 0.875319 0.419843 0.873079 0.419163 0.870160 0.418761 0.867009 0.418699 0.864108 0.418985 0.861900 0.419575 0.860722 0.420380 0.840320 0.444595 0.839113 0.446627 0.837353 0.449919 0.835306 0.453970 0.833281 0.458169 0.831585 0.461882 0.830473 0.464548
0 0.604555 0.431332 0.628356 0.467988 0.630383 0.470849 0.650479 0.497243 0.650612 0.497254 0.655999 0.493531 0.664670 0.487445 0.671275 0.482772 0.677503 0.478328 0.680429 0.476217 0.683484 0.473923 0.668652 0.403199 0.667845 0.401707 0.666105 0.399921 0.663696 0.398112 0.660987 0.396559 0.658393 0.395500 0.656310 0.395094 0.655056 0.395405 0.625389 0.405815 0.624258 0.406421 0.621799 0.408003 0.618386 0.410321 0.614541 0.413019 0.610857 0.415684 0.607897 0.417905 0.606114 0.419344 0.605775 0.419785
0 0.728805 0.668118 0.730079 0.674068 0.734074 0.679864 0.736830 0.682611 0.740484 0.685453 0.744841 0.687230 0.747468 0.687586 0.754808 0.688321 0.761074 0.686709 0.765311 0.683007 0.767298 0.679115 0.768863 0.673896 0.768371 0.666419 0.767304 0.661666 0.764084 0.657056 0.759204 0.653283 0.753401 0.650916 0.747550 0.650312 0.742536 0.651564 0.736647 0.655361 0.732375 0.659014 0.730432 0.662923
0 0.506683 0.767179 0.506695 0.767638 0.509246 0.775048 0.514437 0.780917 0.521480 0.784353 0.529302 0.784832 0.536711 0.782281 0.542581 0.777090 0.546016 0.770047 0.546496 0.762225 0.546416 0.761774 0.543869 0.754378 0.538687 0.748518 0.531656 0.745089 0.523847 0.744610 0.516451 0.747157 0.510592 0.752339 0.507162 0.759370
0 0.962563 0.616328 0.965381 0.623629 0.970779 0.629295 0.977935 0.632465 0.978758 0.632694 0.986595 0.632883 0.993908 0.630060 0.999585 0.624653 1.000000 0.617485 1.000000 0.602334 0.994719 0.596658 0.987551 0.593483 0.986713 0.593322 0.978889 0.593133 0.971588 0.595951 0.965922 0.601349 0.962752 0.608505
0 0.757938 0.318030 0.759409 0.325713 0.763709 0.332248 0.770182 0.336640 0.777843 0.338220 0.785526 0.336749 0.786018 0.336468 0.792564 0.332160 0.796964 0.325676 0.798547 0.318001 0.797073 0.310305 0.792766 0.303759 0.786281 0.299359 0.778607 0.297776 0.770910 0.299250 0.764364 0.303558 0.763910 0.303895 0.759517 0.310368
0 0.196197 0.668300 0.197225 0.679963 0.201746 0.683970 0.211964 0.687650 0.212482 0.687312 0.214547 0.685209 0.217841 0.681665 0.221864 0.677219 0.226010 0.672542 0.229655 0.668336 0.232249 0.665236 0.233397 0.663714 0.228554 0.654065 0.224043 0.650067 0.212297 0.650370 0.211909 0.650573 0.210352 0.652112 0.207861 0.654756 0.204814 0.658103 0.201681 0.661639 0.198941 0.664820 0.197016 0.667159
