0 0.425633 0.868256 0.425849 0.871443 0.427268 0.874305 0.429674 0.876406 0.453045 0.886598 0.455593 0.887368 0.459455 0.888163 0.464041 0.888860 0.504076 0.894043 0.508670 0.894534 0.512556 0.894742 0.515140 0.894637 0.541440 0.890876 0.544302 0.889457 0.546404 0.887051 0.547424 0.884023 0.547208 0.880836 0.546129 0.872131 0.544742 0.869335 0.542391 0.867282 0.539433 0.866285 0.436294 0.852932 0.433179 0.853143 0.430383 0.854529 0.428330 0.856881 0.427333 0.859839
0 0.520875 0.814715 0.587887 0.858746 0.588300 0.858550 0.589321 0.857362 0.590797 0.855361 0.599235 0.843172 0.643418 0.775928 0.651536 0.762920 0.652891 0.760612 0.653733 0.758964 0.653933 0.758227 0.586921 0.714196 0.586510 0.714518 0.585493 0.715810 0.584025 0.717872 0.582329 0.720393 0.525220 0.807310 0.523543 0.809922 0.522129 0.812246 0.521191 0.813930
0 0.722254 0.257259 0.722395 0.257845 0.728173 0.268532 0.775503 0.276525 0.781947 0.271298 0.788764 0.230934 0.740327 0.222754 0.729047 0.230951 0.726414 0.234044 0.725963 0.235299 0.725276 0.238168 0.724458 0.242211 0.723633 0.246817 0.722925 0.251291 0.722441 0.254957
0 0.053410 0.868363 0.070185 0.947530 0.117686 0.937465 0.122055 0.932466 0.126578 0.925308 0.126880 0.923850 0.126755 0.920823 0.126225 0.916692 0.125368 0.912080 0.117057 0.872859 0.116003 0.868453 0.114907 0.864907 0.113935 0.862758 0.105471 0.854203 0.058514 0.864154
0 0.326157 0.944186 0.334498 0.992019 0.414220 0.978117 0.415200 0.972652 0.406954 0.925366 0.396257 0.920374 0.393801 0.920353 0.390036 0.920711 0.385530 0.921391 0.346034 0.928279 0.341458 0.929182 0.337492 0.930173 0.334737 0.931102 0.333614 0.931829 0.328144 0.939109
0 0.263755 0.110414 0.263861 0.114630 0.264077 0.117681 0.264372 0.119104 0.274072 0.129434 0.322064 0.130306 0.323518 0.050319 0.321478 0.045121 0.272931 0.044238 0.265216 0.055078 0.264905 0.057202 0.264657 0.060796 0.264511 0.065315 0.263777 0.105677
0 0.178635 0.098549 0.182308 0.103137 0.211400 0.130590 0.244343 0.095679 0.242889 0.081616 0.241880 0.080432 0.239683 0.078161 0.236631 0.075149 0.233191 0.071856 0.229891 0.068789 0.227239 0.066418 0.225639 0.065106 0.225333 0.065050 0.211959 0.063235
0 0.758828 0.305860 0.759621 0.345852 0.807611 0.344901 0.811168 0.343108 0.817767 0.335796 0.818169 0.334659 0.818474 0.331851 0.818635 0.327798 0.818627 0.323119 0.818451 0.318533 0.818134 0.314745 0.817726 0.312333 0.817289 0.311663 0.810366 0.302653 0.761820 0.303616
0 0.844471 0.151186 0.857999 0.188829 0.903171 0.172596 0.907831 0.168811 0.910812 0.160251 0.911043 0.158937 0.910617 0.156086 0.909597 0.152132 0.908137 0.147678 0.906463 0.143411 0.904831 0.139984 0.903491 0.137922 0.894147 0.130733 0.848453 0.147154
0 0.457067 0.341499 0.474812 0.369641 0.476778 0.372549 0.502718 0.407760 0.513861 0.410675 0.514260 0.410489 0.516117 0.409306 0.519153 0.407304 0.522905 0.404788 0.526796 0.402145 0.530229 0.399780 0.532678 0.398057 0.533771 0.397236 0.554347 0.373220 0.554998 0.372141 0.555287 0.370036 0.555169 0.367227 0.554661 0.364142 0.553842 0.361255 0.552836 0.359006 0.551798 0.357739 0.490476 0.318834 0.489826 0.319209 0.486318 0.321490 0.481041 0.325000 0.472115 0.331010 0.464295 0.336339 0.460108 0.339273
0 0.583550 0.470104 0.583691 0.472867 0.584116 0.474859 0.584760 0.475777 0.608544 0.497616 0.609922 0.498428 0.612710 0.499955 0.616487 0.501966 0.620673 0.504152 0.624624 0.506177 0.627736 0.507731 0.629531 0.508577 0.629743 0.508588 0.640502 0.504598 0.647998 0.491407 0.662098 0.466386 0.663720 0.463275 0.678316 0.433408 0.675604 0.431899 0.671435 0.429673 0.663157 0.425346 0.653463 0.420323 0.647594 0.417307 0.643523 0.415244 0.642605 0.414805 0.585586 0.460155 0.584817 0.461605 0.584160 0.464006 0.583714 0.466991
0 0.346056 0.536526 0.373308 0.555483 0.376240 0.557410 0.400798 0.572401 0.413806 0.580274 0.425075 0.578499 0.425301 0.578397 0.426498 0.576793 0.428488 0.573927 0.430966 0.570236 0.433553 0.566287 0.435850 0.562685 0.437506 0.559985 0.438269 0.558595 0.448269 0.527905 0.448412 0.526797 0.447836 0.524856 0.446628 0.522377 0.444971 0.519740 0.443119 0.517348 0.441357 0.515568 0.439953 0.514671 0.368196 0.502884 0.366512 0.505385 0.364670 0.508167 0.360605 0.514324 0.356192 0.521027 0.350265 0.530051 0.346427 0.535918
0 0.678202 0.244918 0.680449 0.252411 0.685392 0.258475 0.692279 0.262184 0.700061 0.262976 0.707554 0.260729 0.713618 0.255786 0.713986 0.255366 0.717701 0.248467 0.718495 0.240671 0.716244 0.233165 0.711293 0.227091 0.704394 0.223376 0.696598 0.222582 0.689092 0.224833 0.683018 0.229784 0.682704 0.230248 0.678994 0.237136
0 0.824002 0.730066 0.825604 0.737723 0.830015 0.744184 0.830583 0.744604 0.837141 0.748893 0.844842 0.750345 0.852512 0.748740 0.858983 0.744322 0.863272 0.737764 0.864724 0.730063 0.863120 0.722393 0.858701 0.715921 0.852143 0.711632 0.851538 0.711269 0.843850 0.709819 0.836193 0.711421 0.829733 0.715832 0.825451 0.722379
0 0.927570 0.915327 0.928489 0.918123 0.933099 0.927406 0.935313 0.929434 0.938854 0.931514 0.943188 0.933331 0.947659 0.934613 0.951594 0.935163 0.954394 0.934897 0.963924 0.930575 0.966003 0.928827 0.967883 0.923374 0.967167 0.912953 0.966491 0.910704 0.963568 0.907970 0.958841 0.905170 0.953036 0.902735 0.947045 0.901040 0.941792 0.900345 0.938078 0.900752 0.936464 0.902195 0.929471 0.909893
0 0.662152 0.793976 0.662515 0.794637 0.666197 0.799425 0.675427 0.804929 0.677625 0.803969 0.681383 0.801640 0.686126 0.798296 0.691125 0.794452 0.695610 0.790699 0.698890 0.787615 0.700468 0.785670 0.697506 0.775347 0.697065 0.774729 0.693390 0.769951 0.682019 0.768109 0.680369 0.768871 0.677567 0.770640 0.674039 0.773143 0.670320 0.776004 0.666968 0.778791 0.664492 0.781082 0.663267 0.782530
0 0.251608 0.500747 0.288073 0.517630 0.289042 0.517550 0.305848 0.481251 0.269550 0.464445 0.268492 0.464282
0 0.101793 0.455992 0.139976 0.468825 0.141626 0.468968 0.154400 0.430960 0.116391 0.418186 0.114625 0.417809
0 0.302810 0.271535 0.303711 0.272579 0.343547 0.276200 0.347167 0.236364 0.346465 0.235153 0.306447 0.231516
0 0.677402 0.112596 0.696023 0.147997 0.710184 0.140549 0.712614 0.136394 0.715212 0.127383 0.715068 0.126076 0.714089 0.123336 0.712421 0.119577 0.710319 0.115375 0.708107 0.111375 0.706124 0.108193 0.704673 0.106313 0.693778 0.100583 0.679453 0.108117
