0 0.582469 0.183368 0.587939 0.193504 0.589567 0.194345 0.592691 0.195486 0.596834 0.196754 0.601370 0.197957 0.605615 0.198914 0.608928 0.199480 0.610804 0.199568 0.620561 0.193470 0.620833 0.192782 0.622382 0.186944 0.621117 0.176272 0.618990 0.175117 0.614836 0.173562 0.609283 0.171843 0.603187 0.170226 0.597488 0.168961 0.593061 0.168241 0.590582 0.168175 0.584204 0.176819 0.582656 0.182658
0 0.372012 0.971279 0.373327 0.979004 0.377497 0.985638 0.383890 0.990171 0.391530 0.991913 0.399255 0.990598 0.405889 0.986427 0.410421 0.980035 0.412164 0.972395 0.412315 0.971583 0.411002 0.963872 0.406839 0.957249 0.400457 0.952724 0.392831 0.950985 0.385119 0.952298 0.378496 0.956461 0.373971 0.962842 0.373754 0.963639
0 0.413143 0.319430 0.414303 0.327183 0.414451 0.327480 0.418483 0.334188 0.424775 0.338841 0.432368 0.340734 0.440108 0.339575 0.446816 0.335544 0.451470 0.329252 0.453362 0.321658 0.452204 0.313918 0.452121 0.313598 0.448082 0.306878 0.441780 0.302217 0.434173 0.300321 0.426420 0.301482 0.419700 0.305520 0.415039 0.311823
0 0.315968 0.929856 0.316360 0.937686 0.319718 0.944771 0.325531 0.950030 0.332914 0.952665 0.340744 0.952273 0.347829 0.948915 0.353087 0.943101 0.355723 0.935718 0.355971 0.934969 0.355579 0.927153 0.352227 0.920081 0.346424 0.914831 0.339053 0.912200 0.331237 0.912592 0.324165 0.915944 0.318915 0.921747 0.318603 0.922473
0 0.411407 0.366335 0.418181 0.405943 0.418555 0.406373 0.457983 0.399630 0.451239 0.360202 0.451015 0.359560
0 0.331254 0.567162 0.351786 0.601819 0.386443 0.581287 0.386963 0.580914 0.366525 0.546417 0.365911 0.546630
0 0.282595 0.423340 0.301634 0.458839 0.302544 0.459027 0.337879 0.440076 0.318927 0.404740 0.318094 0.404301
0 0.094813 0.419978 0.117249 0.453433 0.119003 0.453646 0.152305 0.431313 0.129971 0.398011 0.128268 0.397542
0 0.065649 0.482033 0.104050 0.493870 0.105860 0.493898 0.117643 0.455673 0.079418 0.443890 0.077486 0.443633
0 0.295917 0.053068 0.311225 0.063489 0.312388 0.064172 0.315196 0.064964 0.319220 0.065744 0.323850 0.066395 0.380297 0.073007 0.384849 0.073432 0.388651 0.073568 0.391128 0.073395 0.409201 0.066337 0.414831 0.018275 0.385577 0.010973 0.344506 0.006162 0.328470 0.004284 0.301546 0.005005
0 0.229898 0.724061 0.261879 0.749163 0.277908 0.747232 0.318963 0.742285 0.344065 0.710304 0.346213 0.707416 0.314672 0.682658 0.258373 0.689442 0.255001 0.692079
0 0.866971 0.349549 0.906503 0.356260 0.912164 0.354256 0.959053 0.320978 0.965858 0.280895 0.925775 0.274090 0.919926 0.277197 0.873683 0.310017
0 0.451237 0.861109 0.678070 0.944546 0.705882 0.868935 0.704938 0.867245 0.479145 0.784190 0.451460 0.859455
0 0.848739 0.708011 0.850340 0.708966 0.920211 0.748678 1.000000 0.591278 1.000000 0.534648 0.987719 0.519394 0.969475 0.499354 0.967329 0.499357
0 0.667524 0.729364 0.671481 0.738641 0.673463 0.741400 0.718534 0.759461 0.748635 0.684342 0.745794 0.682236 0.701238 0.664381 0.691466 0.669615 0.690872 0.670243 0.689689 0.672476 0.688096 0.675970 0.686334 0.680196 0.671422 0.717411 0.669754 0.721742 0.668428 0.725533 0.667644 0.728210
0 0.455841 0.546135 0.462804 0.594188 0.472207 0.600953 0.473080 0.600954 0.475646 0.600691 0.479515 0.600204 0.484096 0.599565 0.524048 0.593776 0.528627 0.593087 0.532490 0.592454 0.535047 0.591975 0.535909 0.591722 0.542893 0.582582 0.535929 0.534529 0.535519 0.534135 0.456346 0.545607
0 0.055997 0.310760 0.056456 0.323911 0.057524 0.325818 0.059537 0.328838 0.062188 0.332512 0.086286 0.364899 0.089161 0.368652 0.091812 0.371899 0.093833 0.374144 0.094917 0.375047 0.108827 0.377105 0.147336 0.348452 0.099580 0.284270 0.094951 0.281776
0 0.875704 0.475611 0.875718 0.515675 0.939229 0.515916 0.969356 0.515749 0.969343 0.475418 0.939215 0.475188
0 0.272543 0.120070 0.275680 0.127530 0.278244 0.131787 0.330624 0.153149 0.340382 0.155916 0.341438 0.156013 0.344021 0.155385 0.347734 0.154129 0.352017 0.152435 0.356222 0.150559 0.359715 0.148784 0.361967 0.147378 0.362631 0.146557 0.367495 0.137640 0.365963 0.133450 0.347137 0.088694
0 0.096999 0.450486 0.097744 0.453758 0.114231 0.504263 0.127142 0.538899 0.165283 0.525700 0.161646 0.506860 0.135359 0.437385
0 0.431371 0.044180 0.432376 0.050529 0.441267 0.106359 0.445247 0.131152 0.465344 0.129638 0.485076 0.124809 0.479467 0.086819 0.470937 0.037880
0 0.375402 0.783892 0.398005 0.816972 0.443625 0.789891 0.472576 0.767664 0.461673 0.749938 0.449823 0.734364 0.426997 0.748335 0.380297 0.780228
