0 0.389006 0.674464 0.390052 0.694715 0.391590 0.720750 0.394912 0.755295 0.403191 0.763241 0.405198 0.763615 0.408689 0.763785 0.413131 0.763723 0.417844 0.763439 0.422102 0.762977 0.425253 0.762407 0.426819 0.761818 0.433773 0.753245 0.433873 0.752084 0.433913 0.719565 0.433328 0.688619 0.430195 0.672343 0.427431 0.671542 0.420798 0.671291 0.411952 0.671712 0.399142 0.672685 0.391612 0.673508
0 0.319710 0.158342 0.319921 0.189612 0.368265 0.191748 0.377550 0.175725 0.377753 0.175235 0.378005 0.172984 0.378268 0.169320 0.378504 0.164797 0.381012 0.108020 0.381184 0.103307 0.381268 0.099099 0.381251 0.096033 0.381134 0.094579 0.373298 0.077800 0.324954 0.075665 0.322248 0.100900 0.321535 0.117029
0 0.000000 0.675276 0.003105 0.692155 0.010304 0.706606 0.028744 0.743620 0.045299 0.767158 0.088612 0.745579 0.089095 0.725941 0.088388 0.723346 0.086951 0.719678 0.085001 0.715491 0.059658 0.664621 0.057485 0.660533 0.055409 0.657149 0.053743 0.654980 0.037751 0.643488 0.000000 0.665067
0 0.409682 0.081098 0.422558 0.119102 0.433834 0.116557 0.459465 0.104468 0.453822 0.086526 0.446522 0.066265 0.435190 0.068672
0 0.719878 0.212210 0.752140 0.236021 0.753301 0.234806 0.777221 0.202395 0.744811 0.178474 0.743689 0.179948
0 0.401903 0.937241 0.438172 0.954769 0.455700 0.918500 0.455903 0.916583 0.419801 0.899135 0.402353 0.935237
0 0.189313 0.854277 0.229392 0.857187 0.230629 0.855555 0.233526 0.815660 0.193631 0.812763 0.192224 0.814199
0 0.882815 0.284252 0.907044 0.325688 0.911750 0.323673 0.981608 0.282824 0.977524 0.275838 0.922170 0.261333 0.908483 0.259387 0.908228 0.259533 0.906422 0.260587 0.903336 0.262390 0.899441 0.264667 0.895336 0.267068 0.891652 0.269224 0.888952 0.270805 0.887646 0.271571
0 0.639298 0.173598 0.645432 0.229833 0.647186 0.239984 0.647707 0.240901 0.649577 0.242825 0.652509 0.245461 0.656057 0.248410 0.659688 0.251228 0.662851 0.253488 0.665071 0.254849 0.666004 0.255101 0.676616 0.254884 0.706677 0.217463 0.709066 0.214196 0.645976 0.163516 0.640908 0.169825
0 0.042207 0.608779 0.056271 0.655253 0.133727 0.631813 0.137913 0.630307 0.135595 0.622650 0.085724 0.595950 0.073166 0.590650 0.071722 0.591036 0.068731 0.591898 0.064648 0.593104 0.060098 0.594471 0.055779 0.595789 0.052355 0.596854 0.050349 0.597504 0.050063 0.597641
0 0.514664 0.694915 0.514833 0.697168 0.537912 0.774732 0.584451 0.760885 0.589864 0.749236 0.589721 0.748684 0.589074 0.746449 0.588020 0.742869 0.586722 0.738491 0.585377 0.733987 0.584194 0.730050 0.583353 0.727281 0.582981 0.726100 0.572078 0.719565 0.522332 0.692633
0 0.306647 0.967592 0.386316 0.981793 0.387615 0.976287 0.396038 0.929032 0.389020 0.921669 0.388263 0.920952 0.385818 0.920025 0.382061 0.919027 0.377560 0.918110 0.372996 0.917411 0.369056 0.917037 0.366337 0.917044 0.365256 0.917433 0.356659 0.922012 0.310260 0.954372 0.308067 0.959625
0 0.916327 0.359026 0.919601 0.364086 0.928462 0.370350 0.929230 0.370118 0.931964 0.368595 0.936254 0.366008 0.941447 0.362751 0.946742 0.359325 0.951324 0.356259 0.954488 0.354023 0.955755 0.352958 0.953705 0.342326 0.950423 0.337255 0.938946 0.334435 0.938357 0.334657 0.936304 0.335838 0.933104 0.337797 0.929242 0.340235 0.925301 0.342784 0.921877 0.345060 0.919487 0.346718 0.918494 0.347507
0 0.350425 0.713140 0.351541 0.720900 0.355541 0.727642 0.361817 0.732340 0.369413 0.734279 0.377172 0.733163 0.383915 0.729163 0.388613 0.722887 0.388805 0.722504 0.390741 0.714921 0.389626 0.707175 0.385633 0.700444 0.379368 0.695754 0.371785 0.693818 0.364039 0.694933 0.357308 0.698925 0.352618 0.705191 0.352364 0.705544
0 0.057840 0.059100 0.067027 0.071312 0.068504 0.072017 0.071565 0.072893 0.075741 0.073808 0.080401 0.074622 0.120022 0.080747 0.124473 0.081341 0.128052 0.081626 0.130219 0.081557 0.141954 0.076361 0.149288 0.028924 0.145233 0.023478 0.065258 0.011115
0 0.442723 0.124251 0.443249 0.125545 0.444595 0.128236 0.446554 0.131912 0.448830 0.136017 0.468534 0.170933 0.470788 0.174856 0.472686 0.178015 0.473940 0.179931 0.474357 0.180309 0.485838 0.184925 0.527641 0.161335 0.527960 0.157420 0.488189 0.086943 0.445903 0.110806
0 0.135601 0.754942 0.146497 0.802258 0.225358 0.784098 0.228496 0.780851 0.217725 0.734076 0.206343 0.728896 0.205836 0.728800 0.203621 0.729130 0.200039 0.729835 0.195632 0.730808 0.156563 0.739805 0.151986 0.740901 0.147920 0.741957 0.144981 0.742814 0.143617 0.743340
