0 0.364958 0.460331 0.368444 0.471112 0.403836 0.488431 0.411223 0.491963 0.413252 0.492147 0.430506 0.456059 0.428881 0.455032 0.421494 0.451500 0.385897 0.434607 0.375370 0.438554 0.374808 0.439303 0.373537 0.441601 0.371748 0.445101 0.369715 0.449268 0.367750 0.453461 0.366156 0.457037 0.365176 0.459449
0 0.856293 0.670042 0.891812 0.685183 0.937390 0.704026 0.952926 0.667096 0.907605 0.647642 0.871932 0.632867 0.862509 0.650786
0 0.623975 0.803341 0.624023 0.807864 0.624135 0.812548 0.624296 0.816686 0.624480 0.819653 0.624660 0.820993 0.634118 0.830790 0.682666 0.829946 0.681260 0.749034 0.679188 0.746187 0.671189 0.746326 0.631890 0.787016 0.624241 0.796859 0.624093 0.797384 0.624000 0.799662
0 0.300234 0.838385 0.344787 0.857689 0.356722 0.851649 0.356898 0.851269 0.357781 0.849257 0.359235 0.845915 0.361041 0.841753 0.362920 0.837411 0.364583 0.833557 0.365776 0.830779 0.366318 0.829500 0.362463 0.816898 0.318419 0.797815 0.316320 0.801258
0 0.869920 0.741371 0.874197 0.744161 0.921442 0.755361 0.929974 0.747470 0.931061 0.745195 0.932290 0.741557 0.933473 0.737111 0.934428 0.732540 0.935008 0.728547 0.935125 0.725741 0.934762 0.724550 0.930776 0.715990 0.925853 0.713522 0.879147 0.702450
0 0.415944 0.044562 0.417097 0.050808 0.456591 0.057153 0.462936 0.017660 0.462420 0.010953 0.422378 0.004520
0 0.039953 0.694444 0.076823 0.726038 0.090982 0.724192 0.092118 0.723200 0.094271 0.720969 0.097113 0.717841 0.100214 0.714289 0.103105 0.710849 0.105350 0.708040 0.106610 0.706288 0.106688 0.705863 0.107687 0.693081 0.071238 0.661848 0.066282 0.663719
0 0.151221 0.069122 0.159684 0.081401 0.161036 0.082111 0.163986 0.083025 0.168081 0.084006 0.172703 0.084905 0.177153 0.085587 0.180760 0.085949 0.182977 0.085935 0.194613 0.080915 0.202856 0.033628 0.199421 0.028236 0.159559 0.021288
0 0.812973 0.881448 0.813914 0.882628 0.815786 0.884151 0.827810 0.892370 0.896981 0.933301 0.911124 0.940567 0.913795 0.941731 0.915932 0.942373 0.917212 0.942394 0.954316 0.873066 0.954570 0.872405 0.953734 0.871222 0.951933 0.869696 0.949441 0.868059 0.859540 0.814861 0.856754 0.813374 0.854117 0.812274 0.852031 0.811728 0.850813 0.811819 0.813108 0.880791
0 0.728350 0.298833 0.728427 0.299254 0.806973 0.315379 0.807365 0.314619 0.807943 0.312775 0.808621 0.310128 0.812076 0.295038 0.828256 0.216222 0.830865 0.201778 0.831224 0.199375 0.831327 0.197894 0.831160 0.197561 0.752614 0.181436 0.752271 0.182313 0.751735 0.184249 0.751088 0.186948 0.750428 0.190001 0.729514 0.291876 0.728938 0.294840 0.728529 0.297282
0 0.210802 0.747819 0.267183 0.801405 0.267964 0.801779 0.269494 0.801234 0.271541 0.799853 0.273791 0.797845 0.347863 0.724185 0.349960 0.721870 0.351570 0.719615 0.352448 0.717765 0.352460 0.716602 0.296575 0.662524 0.295766 0.662266 0.294212 0.662913 0.292150 0.664364 0.280863 0.673996 0.223872 0.730670 0.213598 0.742478 0.211918 0.744749 0.210936 0.746625
0 0.625459 0.209084 0.626020 0.209366 0.627686 0.209882 0.630201 0.210552 0.633184 0.211275 0.734844 0.234884 0.737865 0.235556 0.740481 0.236077 0.742294 0.236370 0.743029 0.236388 0.761518 0.157776 0.761075 0.157448 0.759502 0.156892 0.757037 0.156192 0.754056 0.155456 0.651823 0.131753 0.648803 0.131098 0.646224 0.130628 0.644477 0.130414 0.643829 0.130489
0 0.739170 0.472097 0.739211 0.474138 0.739594 0.475146 0.760712 0.500107 0.762206 0.501221 0.764934 0.503201 0.768481 0.505747 0.772312 0.508474 0.775849 0.510971 0.778557 0.512860 0.780024 0.513853 0.791546 0.511371 0.800650 0.499363 0.817848 0.476564 0.819892 0.473708 0.838713 0.446141 0.836797 0.444223 0.833305 0.441413 0.825811 0.435968 0.816777 0.429659 0.811163 0.425874 0.807097 0.423293 0.806022 0.422749 0.742664 0.459784 0.741815 0.461104 0.740911 0.463383 0.740091 0.466275 0.739479 0.469336
0 0.546895 0.878643 0.550394 0.909017 0.550733 0.910465 0.552069 0.912307 0.554199 0.914260 0.556798 0.916027 0.559468 0.917336 0.561800 0.917988 0.563438 0.917883 0.633723 0.900779 0.633886 0.900470 0.634606 0.896947 0.635640 0.891105 0.637346 0.880726 0.638800 0.871185 0.639529 0.865516 0.640000 0.860734 0.639875 0.860278 0.620459 0.856503 0.607333 0.854065 0.603867 0.853504 0.560434 0.848277 0.550688 0.854686 0.550545 0.855486 0.550134 0.857991 0.549517 0.861826 0.548789 0.866404 0.548061 0.871023 0.547445 0.874973 0.547036 0.877648
0 0.148982 0.535281 0.149752 0.569742 0.150597 0.571510 0.152302 0.573582 0.154607 0.575641 0.157160 0.577372 0.159569 0.578509 0.161467 0.578881 0.232057 0.569903 0.234267 0.566652 0.235674 0.563332 0.238237 0.556138 0.240638 0.548417 0.243379 0.538161 0.244602 0.531650 0.243783 0.531242 0.212777 0.520792 0.209428 0.519789 0.167209 0.508993 0.165853 0.509012 0.155663 0.514046 0.154506 0.516060 0.153081 0.519476 0.151606 0.523772 0.150308 0.528288 0.149387 0.532331
0 0.106292 0.786856 0.135808 0.802373 0.138942 0.803958 0.164614 0.816526 0.178164 0.823154 0.189556 0.819860 0.189671 0.819673 0.190601 0.817888 0.192200 0.814782 0.194227 0.810827 0.196373 0.806621 0.198316 0.802800 0.199763 0.799939 0.200492 0.798475 0.207869 0.766158 0.207687 0.765235 0.206734 0.763527 0.205157 0.761296 0.203194 0.758881 0.201147 0.756654 0.199330 0.754955 0.198020 0.754042 0.124455 0.751120 0.123651 0.752363 0.121092 0.756905 0.117760 0.763111 0.112599 0.773032 0.108509 0.781201 0.106856 0.784925
0 0.691495 0.853231 0.692376 0.854857 0.732570 0.857532 0.735244 0.817339 0.734166 0.815884 0.694158 0.813222
0 0.265885 0.419282 0.297360 0.444421 0.298289 0.444675 0.323312 0.413345 0.291981 0.388321 0.291024 0.387807
0 0.602896 0.239376 0.615204 0.265595 0.621178 0.275109 0.656375 0.255843 0.644374 0.229458 0.638277 0.220008 0.619843 0.229974
0 0.561704 0.230689 0.595705 0.251758 0.604133 0.238158 0.605337 0.235130 0.602395 0.225148 0.601748 0.224300 0.599633 0.222610 0.596369 0.220333 0.592454 0.217818 0.588491 0.215451 0.585089 0.213597 0.582766 0.212538 0.581876 0.212434 0.570942 0.213818 0.562417 0.227576
0 0.592667 0.466486 0.632383 0.472005 0.632992 0.471877 0.638537 0.431978 0.598639 0.426433 0.598187 0.426770
0 0.307737 0.903091 0.320008 0.931594 0.327786 0.945742 0.347709 0.981980 0.362687 1.000000 0.405092 0.979727 0.404692 0.961212 0.404375 0.959797 0.403221 0.956990 0.401409 0.953221 0.399212 0.949059 0.371832 0.899256 0.369575 0.895317 0.367591 0.892182 0.366181 0.890325 0.350142 0.879777
0 0.756969 0.191775 0.803649 0.204528 0.816242 0.190950 0.816904 0.189652 0.817953 0.186766 0.819229 0.182733 0.820538 0.178168 0.835620 0.122964 0.836756 0.118583 0.837539 0.115074 0.837853 0.112973 0.833709 0.094502 0.787028 0.081748 0.777255 0.112413 0.762346 0.166981
0 0.367523 0.174519 0.415707 0.178988 0.425756 0.163432 0.425939 0.162962 0.426263 0.160734 0.426679 0.157091 0.427125 0.152587 0.432373 0.095997 0.432781 0.091296 0.433092 0.087092 0.433259 0.084022 0.433256 0.082555 0.426240 0.065417 0.378055 0.060948 0.374399 0.085968 0.369089 0.143220
