0 0.474638 0.793377 0.511866 0.808763 0.527252 0.771535 0.527127 0.770291 0.490070 0.754975 0.474754 0.792033
0 0.191899 0.825936 0.198253 0.865713 0.238031 0.859359 0.239231 0.857712 0.232906 0.818117 0.193310 0.824442
0 0.144647 0.441827 0.162588 0.477893 0.164134 0.477994 0.200035 0.460136 0.182176 0.424235 0.180713 0.423886
0 0.119111 0.725702 0.138360 0.761087 0.173745 0.741838 0.175240 0.740729 0.156079 0.705507 0.120856 0.724668
0 0.897198 0.042647 0.909494 0.080813 0.947660 0.068516 0.949721 0.066530 0.937368 0.028189 0.899026 0.040542
0 0.646485 0.486716 0.646982 0.498238 0.676094 0.530889 0.678534 0.533412 0.702480 0.556565 0.705493 0.553983 0.709349 0.550454 0.716217 0.543893 0.723893 0.536418 0.728337 0.532006 0.731176 0.529084 0.731593 0.528552 0.705987 0.460583 0.705003 0.459292 0.703041 0.457834 0.700398 0.456431 0.697479 0.455299 0.694731 0.454610 0.692574 0.454470 0.691336 0.454899 0.663796 0.469999 0.662839 0.470876 0.660705 0.472896 0.657716 0.475756 0.654331 0.479015 0.651071 0.482173 0.648434 0.484746 0.646825 0.486340
0 0.262123 0.704097 0.262577 0.704808 0.265680 0.707742 0.270540 0.711891 0.278936 0.718669 0.286450 0.724387 0.290670 0.727176 0.293970 0.728877 0.315421 0.703169 0.317589 0.700403 0.343191 0.664870 0.342490 0.653499 0.341441 0.652516 0.339115 0.650568 0.335869 0.647951 0.332192 0.645061 0.328641 0.642335 0.325749 0.640183 0.323958 0.638934 0.294633 0.626026 0.293350 0.625852 0.291211 0.626317 0.288545 0.627349 0.285756 0.628792 0.283274 0.630424 0.281477 0.631996 0.280640 0.633267
0 0.694058 0.270628 0.706100 0.312485 0.707202 0.315803 0.711920 0.328600 0.718834 0.347221 0.725083 0.345717 0.735168 0.342643 0.742863 0.340037 0.750129 0.337326 0.753549 0.335882 0.757147 0.333747 0.763652 0.262792 0.763316 0.260945 0.762173 0.258599 0.760395 0.256112 0.758255 0.253865 0.756082 0.252203 0.754206 0.251378 0.720206 0.251821 0.717389 0.252362 0.713444 0.253430 0.708975 0.254862 0.704669 0.256439 0.701186 0.257917 0.699059 0.259070 0.698606 0.259725 0.694397 0.269422
0 0.321788 0.597521 0.330716 0.629692 0.331161 0.631185 0.332535 0.633985 0.334630 0.637668 0.337125 0.641668 0.339636 0.645371 0.341779 0.648210 0.343226 0.649750 0.354525 0.651873 0.367895 0.644154 0.393070 0.629477 0.396027 0.627603 0.423276 0.609215 0.423500 0.608424 0.420208 0.602356 0.414631 0.593173 0.410270 0.586414 0.406051 0.580267 0.403996 0.577533 0.401584 0.575239 0.330523 0.585521 0.328932 0.586447 0.327017 0.588233 0.325072 0.590609 0.323394 0.593210 0.322241 0.595638
0 0.727021 0.155419 0.750252 0.187982 0.806046 0.197313 0.838608 0.174081 0.843317 0.169549 0.819762 0.136534 0.763193 0.127074 0.730178 0.150628
0 0.701102 0.649821 0.701163 0.650482 0.701868 0.652760 0.703108 0.656302 0.704694 0.660574 0.724893 0.713696 0.726592 0.718066 0.728153 0.721889 0.729340 0.724585 0.729970 0.725743 0.743815 0.738042 0.789046 0.720844 0.781203 0.695786 0.760768 0.642042 0.748509 0.614232 0.703277 0.631430
0 0.812662 0.799127 0.833458 0.842822 0.862156 0.833283 0.876734 0.826345 0.914074 0.808574 0.936448 0.793806 0.915652 0.750111 0.897146 0.749429 0.895791 0.749494 0.892986 0.750339 0.889160 0.751834 0.884892 0.753750 0.833574 0.778174 0.829495 0.780230 0.826206 0.782122 0.824206 0.783563
0 0.418116 0.659118 0.423501 0.676836 0.471057 0.685788 0.476137 0.659061 0.486773 0.602555 0.492155 0.573697 0.444599 0.564746 0.433141 0.579295 0.432882 0.580305 0.432320 0.582979 0.431541 0.586911 0.430664 0.591500 0.420078 0.647739 0.419240 0.652265 0.418573 0.656017 0.418178 0.658422
0 0.347463 0.158818 0.348149 0.163329 0.349494 0.167832 0.351294 0.171646 0.353278 0.174195 0.361537 0.179460 0.364662 0.180958 0.370122 0.179554 0.372598 0.178063 0.380321 0.172096 0.381479 0.168677 0.381622 0.163556 0.380724 0.157515 0.378923 0.151483 0.376495 0.146389 0.373815 0.143015 0.371295 0.141872 0.361302 0.140236 0.355825 0.141618 0.353383 0.143187 0.348370 0.152396 0.347540 0.154979
0 0.775159 0.865815 0.775506 0.869008 0.777784 0.878815 0.779519 0.881414 0.782516 0.884311 0.786322 0.887068 0.790362 0.889269 0.794026 0.890581 0.796759 0.890803 0.807084 0.888943 0.809409 0.887430 0.812512 0.882634 0.814246 0.872496 0.814028 0.869942 0.811749 0.866453 0.807755 0.862563 0.802657 0.858869 0.797240 0.855942 0.792338 0.854230 0.788701 0.853990 0.780540 0.859473 0.778277 0.861043
0 0.080365 0.156647 0.086550 0.166779 0.087105 0.167227 0.089376 0.168004 0.093016 0.168992 0.097470 0.170042 0.102065 0.170994 0.106109 0.171705 0.108990 0.172068 0.110269 0.172026 0.119894 0.165411 0.121116 0.159509 0.119210 0.148795 0.118528 0.148165 0.115538 0.147092 0.110685 0.145739 0.104712 0.144313 0.098537 0.143033 0.093111 0.142098 0.089268 0.141650 0.087592 0.141756 0.081590 0.150732
0 0.055165 0.267732 0.056976 0.275359 0.061567 0.281714 0.068242 0.285826 0.068984 0.286195 0.076710 0.287439 0.084324 0.285631 0.090668 0.281048 0.094774 0.274385 0.096018 0.266658 0.094210 0.259044 0.089626 0.252701 0.082964 0.248595 0.082246 0.248162 0.074506 0.246915 0.066878 0.248727 0.060524 0.253318 0.056411 0.259992
0 0.795290 0.296130 0.798085 0.303440 0.803464 0.309125 0.810609 0.312318 0.818431 0.312534 0.825742 0.309739 0.826303 0.309412 0.831997 0.304024 0.835195 0.296867 0.835412 0.289030 0.832613 0.281707 0.827225 0.276013 0.820067 0.272815 0.812231 0.272598 0.804908 0.275397 0.804384 0.275783 0.798699 0.281162 0.795507 0.288307
0 0.590523 0.754254 0.591569 0.757193 0.630421 0.768494 0.643982 0.721872 0.637817 0.710141 0.636754 0.709607 0.634096 0.708645 0.630248 0.707399 0.625794 0.706059 0.621406 0.704827 0.617747 0.703889 0.615369 0.703387 0.614639 0.703399 0.603929 0.708164
0 0.516931 0.860563 0.517127 0.864732 0.564002 0.877395 0.573985 0.869688 0.574323 0.869289 0.575090 0.867171 0.576171 0.863654 0.577400 0.859276 0.578588 0.854708 0.579552 0.850653 0.580147 0.847731 0.580280 0.846385 0.573702 0.834466 0.527363 0.821948
0 0.926909 0.283905 0.974624 0.289131 0.980111 0.286693 0.986725 0.280852 0.987469 0.279648 0.988301 0.276794 0.989095 0.272722 0.989728 0.268055 0.990104 0.263510 0.990164 0.259786 0.989900 0.257450 0.984516 0.246471 0.936250 0.241185 0.931264 0.244143
0 0.241046 0.230893 0.249680 0.241754 0.250922 0.242186 0.253797 0.242736 0.257863 0.243320 0.262506 0.243850 0.267025 0.244246 0.270737 0.244448 0.273081 0.244425 0.273695 0.244180 0.283802 0.237990 0.288628 0.190233 0.286184 0.186652 0.245927 0.182584
0 0.456186 0.490546 0.603718 0.681242 0.667283 0.632065 0.519751 0.441369
0 0.477589 0.138466 0.477692 0.140123 0.550789 0.173108 0.650434 0.000000 0.558019 0.000000 0.545448 0.011752 0.542720 0.015571
0 0.633752 0.131963 0.634353 0.137581 0.704270 0.357067 0.782323 0.333772 0.782379 0.328938 0.710750 0.108983
