0 0.120645 0.463273 0.160092 0.468673 0.163470 0.459972 0.164300 0.426513 0.124745 0.421130 0.121200 0.429734
0 0.357361 0.092136 0.358013 0.094001 0.393040 0.113316 0.412355 0.078288 0.411953 0.076351 0.376764 0.056948
0 0.794804 0.729957 0.797318 0.769975 0.798687 0.771218 0.838890 0.768692 0.836364 0.728490 0.834822 0.727443
0 0.079114 0.217071 0.093085 0.254747 0.094946 0.255869 0.132450 0.241961 0.118543 0.204457 0.116791 0.203100
0 0.647680 0.167040 0.655391 0.206290 0.694641 0.198578 0.695534 0.197194 0.687788 0.157764 0.648358 0.165511
0 0.159935 0.135203 0.198389 0.205304 0.201727 0.206470 0.409898 0.086681 0.371078 0.016492 0.368496 0.014444
0 0.357081 0.646635 0.414788 0.702853 0.583440 0.529730 0.525733 0.473513
0 0.366386 0.758001 0.398663 0.794275 0.459119 0.740480 0.459587 0.737732 0.427679 0.701872 0.415569 0.701995 0.414995 0.702338 0.413140 0.703847 0.410289 0.706290 0.406874 0.709296 0.376923 0.735947 0.373451 0.739069 0.370439 0.741844 0.368342 0.743851 0.367482 0.744783
0 0.403926 0.809186 0.448259 0.877111 0.482221 0.854945 0.482465 0.850077 0.438740 0.783084 0.405243 0.804946
0 0.580001 0.103345 0.605943 0.115768 0.659393 0.134297 0.665032 0.135570 0.678132 0.097708 0.626931 0.072319 0.593188 0.065231 0.585911 0.085544
0 0.867768 0.884702 0.872020 0.889150 0.920222 0.894991 0.927937 0.885359 0.928732 0.883187 0.929526 0.879575 0.930197 0.875074 0.930641 0.870375 0.930790 0.866202 0.930623 0.863190 0.930165 0.861799 0.925090 0.854823 0.889789 0.809786 0.885334 0.806246 0.877392 0.805283
0 0.010191 0.051467 0.010937 0.061580 0.016526 0.066590 0.058073 0.090629 0.098138 0.021384 0.093492 0.015850 0.086487 0.011798 0.031201 0.026557 0.021375 0.032138 0.019524 0.033884 0.017197 0.036934 0.014749 0.040824 0.012556 0.044955 0.010956 0.048693
0 0.292861 0.570021 0.293128 0.618251 0.307221 0.627085 0.308071 0.627246 0.310641 0.627370 0.314543 0.627437 0.367443 0.627863 0.372117 0.627864 0.376786 0.627798 0.380732 0.627675 0.383352 0.627513 0.384251 0.627338 0.398638 0.618998 0.398368 0.570220 0.382591 0.569580 0.330178 0.569485
0 0.416510 0.929406 0.444444 0.935656 0.501684 0.941099 0.530057 0.940205 0.534638 0.892032 0.519106 0.881947 0.518166 0.881355 0.515541 0.880681 0.511634 0.880026 0.507038 0.879489 0.450461 0.874109 0.445854 0.873770 0.441916 0.873679 0.439243 0.873849 0.421092 0.881233
0 0.481223 0.060108 0.481483 0.066160 0.494116 0.104215 0.544804 0.129638 0.582859 0.117005 0.584013 0.111662 0.571204 0.073076 0.519809 0.047299
0 0.780590 0.492794 0.805342 0.501217 0.859380 0.517947 0.889547 0.526526 0.903858 0.480299 0.890710 0.467258 0.890347 0.466942 0.888274 0.466128 0.884804 0.464938 0.880468 0.463555 0.825801 0.446630 0.821278 0.445271 0.817278 0.444148 0.814413 0.443434 0.813118 0.443237 0.794901 0.446568
0 0.514438 0.983246 0.556025 1.000000 0.561857 0.998188 0.571185 0.987457 0.579441 0.973582 0.600586 0.938044 0.614347 0.909970 0.572761 0.885226 0.556456 0.895221 0.555055 0.897028 0.553014 0.900093 0.550641 0.903953 0.521580 0.952794 0.519226 0.956879 0.517238 0.960585 0.515918 0.963352 0.515469 0.964756
0 0.130401 0.418385 0.130808 0.421061 0.132244 0.423729 0.134493 0.425985 0.218876 0.489810 0.221606 0.491320 0.224412 0.491861 0.226870 0.491352 0.228605 0.489867 0.265466 0.447426 0.266222 0.445204 0.265889 0.442581 0.264517 0.439959 0.254331 0.428035 0.238050 0.414840 0.205919 0.390537 0.190283 0.379591 0.176430 0.373331 0.173680 0.372837 0.171286 0.373397 0.169614 0.374926 0.131089 0.416108
0 0.601702 0.542134 0.677853 0.567242 0.678200 0.566721 0.678878 0.565117 0.679783 0.562674 0.680778 0.559764 0.713492 0.460540 0.714418 0.457627 0.715127 0.455173 0.715512 0.453554 0.715514 0.453016 0.639363 0.427908 0.639050 0.428550 0.638403 0.430251 0.637522 0.432751 0.636539 0.435670 0.603974 0.534440 0.603033 0.537355 0.602271 0.539839 0.601804 0.541519
0 0.066237 0.500909 0.067312 0.502754 0.069431 0.504330 0.072273 0.505395 0.173686 0.530160 0.176800 0.530549 0.179695 0.530198 0.181930 0.529161 0.183164 0.527599 0.194888 0.462919 0.194929 0.461092 0.193763 0.459253 0.191571 0.457680 0.177727 0.451546 0.099067 0.432338 0.083174 0.431210 0.080210 0.431524 0.077887 0.432511 0.076561 0.434023 0.066370 0.499078
