0 0.181890 0.121030 0.182406 0.165341 0.183132 0.166106 0.223010 0.169226 0.229251 0.089470 0.225487 0.083762 0.185054 0.080598
0 0.283390 0.670373 0.307154 0.702959 0.333326 0.684484 0.381579 0.648271 0.357972 0.615900 0.353606 0.619064 0.307885 0.652408
0 0.552971 0.456403 0.558351 0.466848 0.584383 0.517071 0.592008 0.519490 0.593072 0.519715 0.617543 0.442579 0.571262 0.427896 0.560270 0.433395 0.559913 0.434357 0.559057 0.436918 0.557833 0.440685 0.556426 0.445088 0.555049 0.449462 0.553909 0.453148 0.553179 0.455586
0 0.379282 0.803400 0.396666 0.857715 0.402130 0.862336 0.429907 0.850770 0.450189 0.787927 0.417152 0.760783 0.395414 0.767762 0.391970 0.769736 0.389142 0.771666 0.385809 0.776663 0.384037 0.780553
0 0.585686 0.710022 0.586880 0.712954 0.621605 0.758780 0.661881 0.764330 0.667431 0.724054 0.665130 0.720969 0.630882 0.675774 0.591160 0.670300
0 0.836790 0.595806 0.860058 0.606192 0.912037 0.628512 0.941595 0.640810 0.960688 0.596345 0.948984 0.581993 0.948732 0.581738 0.946820 0.580793 0.943538 0.579300 0.939387 0.577488 0.886802 0.554908 0.882433 0.553061 0.878530 0.551469 0.875692 0.550375 0.874349 0.549945 0.855883 0.551341
0 0.319406 0.933262 0.366979 0.942127 0.378410 0.927557 0.378739 0.926089 0.379354 0.923040 0.380161 0.918878 0.381038 0.914233 0.391449 0.858361 0.392266 0.853919 0.392903 0.850334 0.393263 0.848151 0.393290 0.847707 0.387874 0.829998 0.340301 0.821133 0.333723 0.852033 0.330765 0.867905 0.326147 0.892686 0.323190 0.908558
0 0.121090 0.292908 0.155744 0.326684 0.178268 0.307830 0.217751 0.267320 0.235354 0.245005 0.200701 0.211229 0.182042 0.217289 0.179850 0.218854 0.176861 0.221463 0.173533 0.224716 0.133590 0.265698 0.130445 0.269085 0.127976 0.272076 0.126561 0.274213
0 0.217089 0.387853 0.239617 0.461403 0.240663 0.461985 0.242714 0.462098 0.245457 0.461726 0.260532 0.458197 0.336953 0.433302 0.350789 0.427413 0.353064 0.426150 0.354415 0.424929 0.354633 0.423936 0.331440 0.350602 0.330477 0.349928 0.328496 0.349735 0.325799 0.350053 0.322798 0.350833 0.223473 0.383189 0.220644 0.384308 0.218438 0.385588 0.217189 0.386833
0 0.833662 0.158126 0.834621 0.158678 0.836619 0.159381 0.839351 0.160127 0.842403 0.160803 0.845313 0.161307 0.935834 0.174432 0.938262 0.174700 0.939755 0.174679 0.940083 0.174370 0.957953 0.094722 0.957077 0.094105 0.955114 0.093347 0.952361 0.092563 0.949239 0.091873 0.946228 0.091384 0.855187 0.079633 0.852846 0.079430 0.851449 0.079530 0.851206 0.079919
0 0.747580 0.435826 0.749490 0.443411 0.754160 0.449688 0.760875 0.453700 0.768615 0.454836 0.769077 0.454759 0.776676 0.452845 0.782963 0.448167 0.786983 0.441440 0.788121 0.433687 0.786206 0.426089 0.781529 0.419801 0.774802 0.415782 0.767049 0.414644 0.759450 0.416558 0.759005 0.416701 0.752728 0.421371 0.748716 0.428086
0 0.254654 0.597914 0.254739 0.603516 0.256571 0.607534 0.259511 0.612028 0.265751 0.616408 0.270026 0.618574 0.275572 0.618987 0.281549 0.617590 0.287055 0.614596 0.291259 0.610455 0.293526 0.605793 0.294155 0.598799 0.294130 0.593200 0.292257 0.589206 0.289375 0.584679 0.284062 0.581921 0.277123 0.581359 0.273049 0.581714 0.268561 0.582749 0.264427 0.584997 0.261282 0.588113 0.257451 0.592058
0 0.824099 0.800134 0.825516 0.807828 0.829769 0.814394 0.830336 0.814935 0.836789 0.819380 0.844452 0.821019 0.852159 0.819599 0.858736 0.815339 0.863181 0.808886 0.864820 0.801224 0.863401 0.793517 0.859141 0.786940 0.858523 0.786447 0.852081 0.782009 0.844432 0.780373 0.836738 0.781790 0.830172 0.786043 0.825735 0.792485
0 0.249943 0.198772 0.252035 0.206324 0.256859 0.212499 0.257277 0.212993 0.264084 0.216847 0.271849 0.217801 0.279387 0.215713 0.285552 0.210897 0.289406 0.204090 0.290360 0.196325 0.288271 0.188786 0.287907 0.188251 0.283083 0.182075 0.276264 0.178215 0.268486 0.177259 0.260934 0.179352 0.254759 0.184175 0.250898 0.190995
0 0.937080 0.670506 0.938492 0.678200 0.942742 0.684768 0.949181 0.689210 0.949954 0.689536 0.957616 0.691178 0.965324 0.689763 0.971903 0.685506 0.976353 0.679056 0.977995 0.671394 0.976580 0.663686 0.972323 0.657108 0.965873 0.652658 0.965073 0.652395 0.957424 0.650756 0.949729 0.652168 0.943162 0.656418 0.938719 0.662857
0 0.128361 0.595889 0.157024 0.635081 0.160944 0.633537 0.193231 0.609924 0.164895 0.571180 0.151428 0.569438 0.150225 0.570073 0.147716 0.571700 0.144281 0.574072 0.140447 0.576828 0.136801 0.579543 0.133906 0.581800 0.132201 0.583255 0.131945 0.583688
0 0.906726 0.171036 0.948643 0.194424 0.962607 0.189806 0.963666 0.188593 0.965464 0.185953 0.967727 0.182288 0.970109 0.178157 0.972242 0.174195 0.973801 0.171012 0.974547 0.169093 0.973544 0.155556 0.931142 0.131898 0.926215 0.136106
0 0.035388 0.540266 0.053245 0.585418 0.066439 0.589917 0.067863 0.589461 0.070773 0.588401 0.074722 0.586900 0.079114 0.585185 0.083285 0.583514 0.086606 0.582140 0.088574 0.581270 0.088885 0.581040 0.095548 0.569730 0.077894 0.525094 0.073014 0.525384
0 0.313442 0.187031 0.317062 0.227426 0.319570 0.231164 0.359411 0.227594 0.355841 0.187753 0.353836 0.183412
0 0.034705 0.301600 0.035589 0.303592 0.037347 0.306760 0.039709 0.310622 0.061348 0.344702 0.063947 0.348654 0.066378 0.352081 0.068268 0.354458 0.069330 0.355426 0.083255 0.358449 0.123777 0.332720 0.080894 0.265184 0.076049 0.262469 0.035059 0.288496
0 0.441648 0.527403 0.521949 0.537437 0.527969 0.489257 0.520885 0.479838 0.520000 0.479698 0.517419 0.479350 0.513535 0.478847 0.508940 0.478267 0.468882 0.473261 0.464292 0.472694 0.460425 0.472228 0.457869 0.471934 0.457014 0.471857 0.447669 0.479223
0 0.185141 0.343859 0.195210 0.356221 0.195673 0.356431 0.197814 0.357164 0.201306 0.358307 0.205615 0.359687 0.210092 0.361094 0.246954 0.372578 0.250952 0.373811 0.253856 0.374678 0.255223 0.375048 0.270124 0.370965 0.284597 0.324960 0.274142 0.320452 0.199708 0.297553
