0 0.065028 0.871661 0.065625 0.873921 0.067240 0.877223 0.069627 0.881062 0.072420 0.884850 0.075189 0.888004 0.077509 0.890041 0.106169 0.910203 0.107924 0.910683 0.110506 0.910648 0.113522 0.910101 0.116509 0.909127 0.119011 0.907875 0.120645 0.906537 0.155979 0.845650 0.155556 0.841604 0.154064 0.838353 0.150224 0.831810 0.145667 0.825150 0.139055 0.816768 0.134211 0.811983 0.132791 0.812610 0.105840 0.830545 0.103000 0.832571 0.068657 0.859238 0.067143 0.860591
0 0.446139 0.645636 0.446793 0.646381 0.449849 0.649721 0.454312 0.654548 0.461736 0.662531 0.468128 0.669360 0.471409 0.672811 0.473625 0.675075 0.498511 0.653039 0.501076 0.650644 0.521395 0.630340 0.532089 0.619574 0.533075 0.608169 0.532994 0.607948 0.531687 0.606426 0.529348 0.603832 0.526335 0.600560 0.523110 0.597113 0.520167 0.594021 0.517960 0.591758 0.516822 0.590667 0.489452 0.573648 0.488387 0.573261 0.486347 0.573375 0.483643 0.573972 0.480687 0.574962 0.477932 0.576193 0.475800 0.577477 0.474616 0.578617
0 0.587276 0.327454 0.624662 0.389704 0.626122 0.390631 0.628505 0.391568 0.631448 0.392373 0.634501 0.392922 0.637195 0.393130 0.639119 0.392968 0.639981 0.392459 0.665159 0.371470 0.666331 0.370177 0.668348 0.367577 0.670903 0.364064 0.673604 0.360177 0.676035 0.356514 0.677825 0.353636 0.678700 0.351982 0.676211 0.340590 0.663891 0.331547 0.640554 0.314505 0.637671 0.312511 0.610047 0.294318 0.609283 0.295015 0.605030 0.300873 0.598784 0.309800 0.594269 0.316396 0.590244 0.322422 0.588511 0.325119
0 0.195588 0.446109 0.195589 0.451167 0.195988 0.454857 0.229263 0.458571 0.232766 0.458853 0.276527 0.460611 0.285625 0.453755 0.285866 0.452337 0.286208 0.449322 0.286600 0.445171 0.286983 0.440510 0.287298 0.436044 0.287498 0.432446 0.287553 0.430263 0.282145 0.398681 0.281583 0.397515 0.280016 0.395988 0.277685 0.394333 0.274943 0.392803 0.272212 0.391632 0.269910 0.391001 0.268388 0.391003 0.199094 0.414624 0.198752 0.415396 0.198017 0.419603 0.197236 0.425946 0.196214 0.436687
0 0.039207 0.901182 0.041039 0.906644 0.043075 0.908448 0.052577 0.912846 0.055359 0.913160 0.059288 0.912665 0.063767 0.911438 0.068119 0.909665 0.071688 0.907614 0.073933 0.905594 0.078613 0.896394 0.079585 0.893575 0.077733 0.888133 0.070808 0.880378 0.069229 0.878890 0.065539 0.878419 0.060293 0.879040 0.054293 0.880662 0.048463 0.883038 0.043699 0.885800 0.040734 0.888523 0.040015 0.890791
0 0.487482 0.843560 0.488552 0.851323 0.492512 0.858085 0.498758 0.862817 0.506340 0.864798 0.514103 0.863728 0.520864 0.859767 0.525596 0.853522 0.527577 0.845940 0.527530 0.845345 0.526462 0.837596 0.522508 0.830846 0.516273 0.826122 0.508704 0.824144 0.500955 0.825213 0.494205 0.829166 0.489481 0.835401 0.487503 0.842970
0 0.734470 0.786372 0.736196 0.794001 0.740712 0.800389 0.741127 0.800906 0.747754 0.805088 0.755477 0.806413 0.763120 0.804684 0.769519 0.800160 0.773700 0.793533 0.775026 0.785810 0.773296 0.778167 0.768773 0.771768 0.768311 0.771301 0.761695 0.767127 0.753985 0.765804 0.746355 0.767530 0.739968 0.772046 0.735793 0.778662
0 0.445822 0.471663 0.446818 0.479439 0.450714 0.486242 0.456916 0.491036 0.464482 0.493091 0.464543 0.493103 0.472306 0.492109 0.479097 0.488219 0.483883 0.482028 0.485935 0.474475 0.484941 0.466713 0.484915 0.466655 0.481018 0.459853 0.474816 0.455058 0.467250 0.453003 0.459474 0.453999 0.452672 0.457895 0.447877 0.464097
0 0.285934 0.271891 0.287735 0.279046 0.288434 0.281596 0.290825 0.285648 0.294164 0.288851 0.297316 0.291177 0.303619 0.294287 0.309675 0.294685 0.314560 0.292321 0.318158 0.289829 0.321135 0.285074 0.324061 0.278693 0.324561 0.273551 0.323107 0.267850 0.319921 0.262452 0.315484 0.258171 0.310465 0.255655 0.305620 0.255289 0.298128 0.255890 0.293210 0.258197 0.289635 0.260730 0.286604 0.265457
0 0.624435 0.507431 0.635650 0.545827 0.638823 0.546899 0.685976 0.533127 0.690914 0.522696 0.690908 0.521834 0.690381 0.519311 0.689411 0.515512 0.688147 0.511015 0.686783 0.506513 0.685528 0.502696 0.684575 0.500149 0.684068 0.499257 0.674499 0.493833 0.670510 0.493974
0 0.550083 0.234995 0.629470 0.246349 0.631275 0.242814 0.637031 0.202567 0.556537 0.191054 0.555760 0.195302
0 0.069699 0.150854 0.074616 0.154844 0.118286 0.174767 0.128082 0.168728 0.129580 0.166723 0.131476 0.163420 0.133483 0.159321 0.150124 0.122846 0.151943 0.118558 0.153305 0.114720 0.154002 0.111913 0.153927 0.110565 0.151491 0.101984 0.147462 0.097382 0.103288 0.077229
0 0.209104 0.537388 0.248062 0.547631 0.249216 0.547413 0.259413 0.508633 0.220633 0.498437 0.219347 0.498430
0 0.305628 0.524066 0.338683 0.547088 0.339422 0.546872 0.362339 0.513969 0.329436 0.491052 0.328650 0.491011
0 0.895499 0.388470 0.935397 0.392467 0.937401 0.391972 0.941417 0.351890 0.901336 0.347875 0.899496 0.348572
0 0.567197 0.624412 0.567506 0.624985 0.603316 0.643432 0.621763 0.607622 0.621205 0.607128 0.585559 0.588766
0 0.042947 0.140769 0.043030 0.143756 0.043482 0.145132 0.048000 0.152472 0.053166 0.156444 0.068949 0.159065 0.075502 0.119605 0.070595 0.115208 0.054628 0.112556 0.046688 0.121727 0.045750 0.123890 0.044766 0.127483 0.043887 0.131957 0.043248 0.136625
0 0.775932 0.733837 0.800112 0.765701 0.804285 0.769396 0.836593 0.744879 0.812077 0.712572 0.807797 0.709657
0 0.659783 0.623021 0.681661 0.665745 0.683761 0.667661 0.693763 0.670640 0.694838 0.670446 0.697391 0.669442 0.701035 0.667778 0.705214 0.665710 0.709284 0.663555 0.712620 0.661643 0.714714 0.660268 0.715248 0.659638 0.719777 0.649219 0.697645 0.606001 0.695387 0.604789
0 0.517741 0.775920 0.517946 0.779110 0.535489 0.824385 0.573219 0.809766 0.572382 0.806226 0.555039 0.761468 0.544764 0.757906 0.543850 0.757898 0.541367 0.758553 0.537697 0.759771 0.533396 0.761366 0.529111 0.763098 0.525491 0.764705 0.523083 0.765945 0.522257 0.766627
0 0.723819 0.178961 0.763887 0.180494 0.767565 0.176041 0.769120 0.135414 0.728493 0.133859 0.725352 0.138893
0 0.398693 0.355113 0.415041 0.400833 0.416012 0.401966 0.425984 0.406743 0.426945 0.406557 0.429484 0.405783 0.433212 0.404539 0.437563 0.403014 0.441882 0.401439 0.445516 0.400050 0.447916 0.399059 0.448712 0.398616 0.453676 0.388498 0.437515 0.343301 0.436793 0.341489
0 0.878073 0.882824 0.878350 0.901584 0.882002 0.922963 0.920326 0.923733 0.969582 0.911347 0.965680 0.871474 0.959272 0.871430 0.903007 0.876972
0 0.514428 0.767479 0.549706 0.776540 0.553519 0.775407 0.577748 0.730871 0.583161 0.691797 0.548006 0.683263 0.525104 0.688932
0 0.664163 0.436783 0.665798 0.484755 0.675084 0.492937 0.675770 0.492915 0.678182 0.492834 0.681950 0.492707 0.686502 0.492552 0.691153 0.492393 0.698028 0.492157 0.699207 0.492115 0.708154 0.483201 0.709194 0.442092 0.708915 0.433910 0.668003 0.435304
0 0.465362 0.101778 0.465758 0.106330 0.472822 0.110084 0.526916 0.093534 0.538395 0.088105 0.538775 0.087838 0.539957 0.085993 0.541758 0.082855 0.543908 0.078899 0.546080 0.074724 0.547947 0.070958 0.549227 0.068171 0.549723 0.066790 0.546215 0.053105 0.503339 0.030318
