0 0.600439 0.816979 0.600689 0.818770 0.601242 0.819457 0.623208 0.844437 0.624533 0.845792 0.627201 0.847889 0.630809 0.850409 0.634803 0.852966 0.638568 0.855166 0.641528 0.856673 0.643231 0.857256 0.654502 0.854429 0.663041 0.841563 0.679125 0.817252 0.680998 0.814295 0.698019 0.786205 0.697322 0.785001 0.691317 0.780636 0.682150 0.774607 0.675370 0.770419 0.669170 0.766856 0.666390 0.765444 0.663966 0.764928 0.604128 0.803630 0.603357 0.804135 0.602482 0.805770 0.601638 0.808288 0.600952 0.811304 0.600531 0.814358
0 0.631234 0.045717 0.635138 0.051969 0.641780 0.060654 0.646984 0.066709 0.652031 0.071885 0.654496 0.073952 0.657413 0.074787 0.725232 0.057191 0.726318 0.056846 0.727831 0.055472 0.729539 0.053277 0.731182 0.050595 0.732508 0.047837 0.733313 0.045426 0.733476 0.043730 0.720183 0.010121 0.718535 0.007172 0.716030 0.003581 0.713053 0.000000 0.693461 0.000000 0.682023 0.002293 0.658811 0.020590 0.656120 0.022814 0.631532 0.044045
0 0.058418 0.214894 0.064932 0.224799 0.065217 0.224910 0.067273 0.225334 0.070787 0.226006 0.075225 0.226823 0.079904 0.227661 0.084106 0.228390 0.087187 0.228899 0.088680 0.229110 0.107997 0.224036 0.110742 0.222866 0.113145 0.220823 0.114842 0.218216 0.115576 0.215439 0.112396 0.153317 0.111631 0.142541 0.110798 0.142280 0.108436 0.141785 0.098818 0.139925 0.093685 0.138970 0.085278 0.137445 0.078235 0.136207 0.071467 0.135082 0.070151 0.134965 0.066351 0.155588 0.064472 0.165925
0 0.780167 0.627640 0.781731 0.629345 0.784193 0.631201 0.790023 0.635289 0.796635 0.639724 0.805875 0.645676 0.812268 0.649524 0.813578 0.649886 0.832229 0.622699 0.834155 0.619773 0.849660 0.595254 0.857850 0.582267 0.855813 0.570769 0.854547 0.569562 0.851931 0.567560 0.848365 0.565068 0.844396 0.562470 0.840633 0.560164 0.837653 0.558504 0.835911 0.557742 0.804216 0.547663 0.803338 0.547513 0.801584 0.548080 0.799220 0.549279 0.796606 0.550928 0.794145 0.552772 0.792212 0.554531 0.791102 0.555936
0 0.425666 0.598353 0.433019 0.607333 0.448071 0.609991 0.476549 0.614913 0.480021 0.615396 0.512897 0.619082 0.513224 0.618404 0.514360 0.611478 0.515916 0.600793 0.516991 0.592841 0.517900 0.585520 0.518256 0.582204 0.518367 0.579184 0.456937 0.540798 0.455229 0.540541 0.452688 0.540714 0.449701 0.541291 0.446725 0.542184 0.444217 0.543255 0.442559 0.544342 0.442004 0.545277 0.429001 0.574917 0.428556 0.576455 0.427940 0.579568 0.427245 0.583785 0.426580 0.588459 0.426046 0.592872 0.425725 0.596347
0 0.510665 0.886089 0.510684 0.886753 0.512606 0.894350 0.517290 0.900632 0.524021 0.904645 0.531775 0.905775 0.539372 0.903852 0.545654 0.899168 0.549667 0.892438 0.550797 0.884683 0.550710 0.884022 0.548791 0.876438 0.544115 0.870167 0.537395 0.866162 0.529654 0.865033 0.522071 0.866952 0.515799 0.871628 0.511794 0.878348
0 0.196586 0.164455 0.196878 0.169505 0.198881 0.173127 0.203582 0.180502 0.207774 0.182959 0.212043 0.185017 0.217432 0.184280 0.224092 0.180713 0.227498 0.178660 0.230556 0.175308 0.232797 0.171171 0.233877 0.166882 0.233783 0.161162 0.233375 0.154846 0.230820 0.150349 0.226649 0.147849 0.222351 0.145849 0.213928 0.145345 0.209619 0.145982 0.205091 0.148751 0.201029 0.153231 0.198043 0.158743
0 0.083337 0.588235 0.085474 0.595775 0.090334 0.601922 0.097175 0.605742 0.104959 0.606652 0.105637 0.606469 0.113164 0.604336 0.119300 0.599485 0.123114 0.592655 0.124023 0.584885 0.121890 0.577358 0.117038 0.571222 0.110208 0.567408 0.102438 0.566500 0.101754 0.566614 0.094215 0.568751 0.088068 0.573611 0.084247 0.580452
0 0.203641 0.435836 0.434267 0.508131 0.434568 0.508094 0.458556 0.431571 0.458366 0.431255 0.227740 0.358961
0 0.851811 0.610234 0.851958 0.614813 0.854907 0.671569 0.855239 0.676223 0.855708 0.680264 0.856242 0.683082 0.856761 0.684243 0.866171 0.700194 0.914497 0.697683 0.916410 0.670597 0.914264 0.629300 0.913426 0.613176 0.908579 0.583778 0.860253 0.586289 0.852129 0.603910 0.851871 0.606407
0 0.322634 0.329160 0.330514 0.368943 0.332839 0.370740 0.411314 0.355194 0.403541 0.315957 0.402200 0.313398
0 0.054752 0.625513 0.068832 0.672575 0.108050 0.660842 0.117009 0.657165 0.103251 0.611179 0.090812 0.605934 0.086054 0.607166 0.084610 0.607576 0.081596 0.608458 0.077472 0.609680 0.072867 0.611053 0.068490 0.612367 0.065013 0.613420 0.062967 0.614051 0.062660 0.614165
0 0.112922 0.147743 0.114794 0.196262 0.119196 0.199733 0.199137 0.196650 0.197287 0.148685 0.193787 0.144624 0.187177 0.138434 0.185845 0.137992 0.182872 0.137687 0.178709 0.137567 0.173993 0.137650 0.133654 0.139206 0.129121 0.139479 0.125477 0.139901 0.123278 0.140405
0 0.485540 0.223680 0.485739 0.227470 0.525485 0.231966 0.534478 0.152473 0.534957 0.147641 0.494658 0.143082
0 0.290313 0.135780 0.324107 0.209311 0.326117 0.212633 0.369732 0.192589 0.373391 0.179941 0.372840 0.178683 0.371602 0.175939 0.369865 0.172127 0.367895 0.167830 0.351038 0.131149 0.349142 0.127036 0.347616 0.123749 0.346692 0.121790 0.346511 0.121455 0.334432 0.115504
0 0.372182 0.102377 0.380758 0.152090 0.388336 0.189270 0.408533 0.186970 0.427959 0.181745 0.423294 0.156685 0.412746 0.101140 0.411543 0.094902
0 0.488553 0.955689 0.529037 0.958103 0.568725 0.955242 0.571112 0.915221 0.570949 0.914272 0.491091 0.909511 0.488710 0.949440
0 0.826245 0.899389 0.840925 0.945090 0.844866 0.950235 0.921914 0.925487 0.919439 0.917782 0.914645 0.913007 0.864329 0.887157 0.856148 0.883703 0.854805 0.883478 0.851924 0.883848 0.847946 0.884756 0.843472 0.886063 0.839179 0.887572 0.835713 0.889055 0.833600 0.890289
0 0.818680 1.000000 0.860692 1.000000 0.883992 0.996950 0.893839 0.960511 0.874219 0.950651 0.856785 0.944587
0 0.134555 0.694471 0.156032 0.747510 0.162484 0.757796 0.164521 0.759108 0.167886 0.760834 0.172066 0.762710 0.176419 0.764448 0.180276 0.765781 0.183046 0.766505 0.184310 0.766512 0.193291 0.763291 0.196796 0.760282 0.215516 0.716083 0.141852 0.684882 0.137711 0.687019
