0 0.605269 0.192150 0.620418 0.202802 0.621170 0.203315 0.623628 0.203991 0.627414 0.204726 0.631954 0.205410 0.688295 0.212877 0.692919 0.213408 0.696944 0.213708 0.699762 0.213732 0.700938 0.213474 0.718339 0.207136 0.724697 0.159164 0.698043 0.152588 0.682038 0.150466 0.657049 0.147154 0.641043 0.145033 0.611627 0.144179
0 0.000000 0.216913 0.013929 0.218435 0.070477 0.216903 0.095482 0.213825 0.094172 0.165452 0.077529 0.157330 0.076048 0.156901 0.072943 0.156586 0.068686 0.156435 0.063929 0.156470 0.006722 0.158019 0.002210 0.158235 0.000000 0.158598
0 0.773265 0.824259 0.773464 0.825594 0.779000 0.843266 0.826631 0.851811 0.834390 0.826403 0.837241 0.810512 0.844543 0.769809 0.846771 0.739544 0.799140 0.730999 0.787264 0.746226 0.786481 0.748525 0.785576 0.752191 0.784687 0.756666 0.774651 0.812606 0.773908 0.817230 0.773422 0.821321
0 0.169884 0.429698 0.193303 0.462809 0.197510 0.463319 0.262823 0.417122 0.239725 0.384465 0.236105 0.382859
0 0.597655 0.722045 0.634816 0.737019 0.658460 0.687796 0.669776 0.654062 0.650721 0.645649 0.632368 0.638989 0.620775 0.663959 0.599623 0.716414
0 0.043239 0.113490 0.055195 0.152008 0.085683 0.146493 0.139742 0.129753 0.144602 0.127468 0.132724 0.089204 0.071928 0.099395
0 0.233631 0.312838 0.240973 0.320680 0.241554 0.321080 0.246999 0.323664 0.257984 0.320124 0.259055 0.318722 0.260707 0.315894 0.262689 0.312071 0.264700 0.307831 0.266439 0.303814 0.267642 0.300626 0.268125 0.298752 0.263894 0.288060 0.263363 0.287586 0.257906 0.284997 0.247174 0.284297 0.245721 0.286115 0.243486 0.289870 0.240812 0.294989 0.238108 0.300687 0.235792 0.306085 0.234221 0.310351
0 0.199019 0.275050 0.199484 0.279726 0.200425 0.283878 0.201699 0.286876 0.203114 0.288265 0.211625 0.295658 0.217387 0.295231 0.219652 0.294518 0.228638 0.289955 0.230092 0.287027 0.230949 0.282187 0.231077 0.276172 0.230453 0.269908 0.229175 0.264358 0.227439 0.260377 0.225515 0.258567 0.215742 0.255234 0.209967 0.255636 0.207721 0.256431 0.200769 0.264698 0.199712 0.266920 0.199099 0.270555
0 0.067965 0.766942 0.068658 0.769884 0.072062 0.774382 0.080927 0.779372 0.083456 0.780226 0.087562 0.779429 0.092617 0.777100 0.097845 0.773593 0.102441 0.769450 0.105698 0.765308 0.107123 0.761803 0.104847 0.752392 0.104078 0.749489 0.100702 0.744985 0.097515 0.743988 0.087603 0.742970 0.084531 0.743598 0.080759 0.745354 0.076857 0.747972 0.073413 0.751055 0.070948 0.754141 0.069838 0.756760
0 0.201676 0.741571 0.202020 0.749941 0.203070 0.754193 0.206266 0.758450 0.211119 0.762066 0.216896 0.764498 0.222724 0.765380 0.227724 0.764575 0.231137 0.762201 0.237995 0.756865 0.240017 0.752488 0.241652 0.748001 0.240399 0.742676 0.236177 0.736467 0.233802 0.733262 0.230169 0.730537 0.225832 0.728712 0.221457 0.728064 0.215796 0.728635 0.209548 0.729685 0.205316 0.732701 0.203250 0.737061
0 0.899670 0.648480 0.900266 0.656280 0.903803 0.663258 0.909739 0.668352 0.910445 0.668642 0.917892 0.671079 0.925706 0.670482 0.932695 0.666940 0.937798 0.660993 0.940236 0.653546 0.939639 0.645732 0.936096 0.638743 0.930150 0.633640 0.922702 0.631202 0.921976 0.630976 0.914176 0.631572 0.907198 0.635109 0.902104 0.641045
0 0.782230 0.458142 0.782250 0.459964 0.782637 0.462576 0.783332 0.465580 0.810390 0.566477 0.811282 0.569395 0.812231 0.571764 0.813091 0.573223 0.813730 0.573550 0.890928 0.553764 0.891187 0.552925 0.891088 0.551030 0.890648 0.548370 0.887356 0.533390 0.866538 0.455759 0.861954 0.441370 0.861028 0.438933 0.860200 0.437372 0.859597 0.436928 0.782580 0.457388
0 0.182589 0.140711 0.185840 0.245123 0.186143 0.248234 0.186814 0.250946 0.187749 0.252843 0.188806 0.253639 0.265000 0.249779 0.265958 0.249355 0.266731 0.247771 0.267202 0.245270 0.268195 0.230435 0.265694 0.150100 0.263754 0.134543 0.263119 0.131770 0.262235 0.129779 0.261235 0.128873 0.185063 0.133431 0.184041 0.133754 0.183211 0.135251 0.182701 0.137694
0 0.591748 0.502596 0.618058 0.576271 0.618793 0.576737 0.620572 0.576726 0.623123 0.576242 0.637634 0.572247 0.713497 0.545699 0.727685 0.539649 0.730115 0.538391 0.731713 0.537219 0.732233 0.536314 0.705263 0.462871 0.704606 0.462310 0.702893 0.462239 0.700385 0.462667 0.697466 0.463531 0.598867 0.498036 0.595999 0.499198 0.593639 0.500473 0.592146 0.501666
0 0.030752 0.860449 0.271384 0.875496 0.272429 0.873779 0.277421 0.793935 0.037889 0.778957 0.035767 0.780239
