0 0.753594 0.960656 0.797817 1.000000 0.813850 1.000000 0.826051 0.996577 0.836635 0.993193 0.837864 0.992575 0.839701 0.990382 0.841868 0.986944 0.844032 0.982790 0.845860 0.978557 0.847071 0.974895 0.847483 0.972363 0.843594 0.961871 0.842304 0.960256 0.804217 0.939247 0.801095 0.937688 0.788501 0.931827 0.770368 0.923508 0.766586 0.928649 0.761457 0.937801 0.757939 0.945129 0.754991 0.952379 0.753858 0.956016
0 0.000000 0.075996 0.025238 0.091545 0.040787 0.054586 0.038673 0.052535 0.001543 0.036914 0.000000 0.069742
0 0.299168 0.539909 0.324102 0.571547 0.324908 0.571219 0.356401 0.546399 0.331581 0.514907 0.330806 0.514975
0 0.126590 0.339934 0.126901 0.341045 0.131571 0.349760 0.135782 0.351477 0.151465 0.354644 0.159381 0.315435 0.155443 0.313301 0.139579 0.310098 0.131678 0.317385 0.131009 0.318045 0.130076 0.320412 0.129022 0.324127 0.128007 0.328624 0.127188 0.333211 0.126690 0.337183
0 0.859233 0.556962 0.863386 0.557620 0.903792 0.559756 0.904646 0.543594 0.894737 0.534381 0.893301 0.534288 0.890256 0.534112 0.886068 0.533880 0.881370 0.533628 0.876872 0.533394 0.873253 0.533213 0.871061 0.533112 0.870633 0.533107 0.860078 0.540984
0 0.231070 0.046404 0.231343 0.087059 0.235036 0.092731 0.275402 0.132559 0.315499 0.132290 0.315229 0.092193 0.312654 0.086514 0.301161 0.075174 0.283218 0.057470 0.271725 0.046131
0 0.542914 0.040268 0.553846 0.087408 0.580964 0.084352 0.596437 0.080764 0.636070 0.071573 0.664956 0.061640 0.654024 0.014500 0.635378 0.009420 0.632969 0.009463 0.629233 0.009984 0.624741 0.010904 0.568994 0.023832 0.564451 0.025007 0.560570 0.026253 0.557944 0.027378 0.556970 0.028211
0 0.582268 0.176446 0.613114 0.201912 0.643673 0.164897 0.645334 0.161023 0.643737 0.151256 0.643218 0.150210 0.641355 0.148147 0.638433 0.145383 0.634895 0.142339 0.631286 0.139483 0.628161 0.137255 0.625997 0.135993 0.625123 0.135889 0.614131 0.135262 0.583219 0.172706
0 0.104035 0.500684 0.128693 0.532765 0.132937 0.532391 0.170994 0.503139 0.170978 0.491568 0.170852 0.490852 0.169629 0.488793 0.167497 0.485707 0.164779 0.482061 0.161885 0.478406 0.159253 0.475293 0.157280 0.473194 0.156268 0.472430 0.146618 0.471425 0.142532 0.471094
0 0.837023 0.320478 0.848926 0.358666 0.894751 0.344383 0.899315 0.342584 0.902787 0.333263 0.903046 0.332165 0.902717 0.329472 0.901851 0.325595 0.900577 0.321124 0.899093 0.316747 0.897626 0.313138 0.896401 0.310846 0.895604 0.310218 0.887274 0.303954 0.840919 0.318403
0 0.325589 0.857179 0.406294 0.863133 0.407365 0.858983 0.410897 0.811113 0.402989 0.803783 0.402202 0.803315 0.399708 0.802785 0.395891 0.802272 0.391328 0.801854 0.351345 0.798905 0.346714 0.798644 0.342705 0.798580 0.339923 0.798721 0.338796 0.799047 0.331113 0.805227 0.329161 0.808756
0 0.720724 0.485215 0.757515 0.500912 0.763538 0.500933 0.782816 0.455751 0.777079 0.444860 0.776594 0.444421 0.774467 0.443317 0.771021 0.441714 0.766780 0.439859 0.762397 0.438035 0.758547 0.436524 0.755816 0.435556 0.754620 0.435277 0.751693 0.436021 0.739561 0.441065
