0 0.601438 0.899889 0.602611 0.904512 0.632137 0.943057 0.643882 0.942430 0.646126 0.941331 0.649354 0.939274 0.653072 0.936571 0.685120 0.912022 0.688749 0.909096 0.691724 0.906403 0.693589 0.904354 0.694062 0.903262 0.696380 0.893847 0.694135 0.889345 0.664946 0.851240
0 0.668145 0.597749 0.670089 0.598879 0.716889 0.611816 0.726026 0.605696 0.726569 0.604949 0.727522 0.602539 0.728739 0.598830 0.730034 0.594389 0.740790 0.555479 0.741961 0.550998 0.742826 0.547177 0.743252 0.544599 0.743175 0.543655 0.738450 0.533816 0.691650 0.520880 0.689460 0.520641
0 0.639724 0.341496 0.657372 0.377392 0.700448 0.356214 0.705136 0.352851 0.708113 0.342586 0.707981 0.341541 0.707046 0.338980 0.705450 0.335292 0.703436 0.331040 0.701314 0.326879 0.699409 0.323447 0.698014 0.321268 0.697340 0.320673 0.687075 0.316115 0.642992 0.337789
0 0.478882 0.849640 0.483793 0.890280 0.532561 0.884387 0.539981 0.873034 0.539522 0.868746 0.539360 0.867349 0.539002 0.864348 0.538505 0.860202 0.537943 0.855538 0.537400 0.851060 0.536960 0.847445 0.536688 0.845239 0.536626 0.844782 0.527018 0.835890 0.479365 0.841648
0 0.459303 0.598686 0.459327 0.599474 0.467425 0.608414 0.515955 0.609976 0.518559 0.529093 0.518347 0.528761 0.470371 0.527216 0.461398 0.535139 0.461317 0.536105 0.461190 0.538767 0.461034 0.542722 0.460875 0.547365 0.459576 0.587714 0.459437 0.592322 0.459342 0.596175
0 0.561940 0.050649 0.601809 0.112441 0.603291 0.113105 0.605699 0.113803 0.608667 0.114428 0.611741 0.114886 0.614449 0.115105 0.616378 0.115053 0.617235 0.114738 0.641366 0.091921 0.641501 0.091756 0.642598 0.090068 0.644493 0.087112 0.646896 0.083335 0.649441 0.079317 0.651735 0.075677 0.653426 0.072972 0.654258 0.071614 0.651311 0.060137 0.638664 0.051855 0.614706 0.036174 0.611746 0.034285 0.583403 0.016805 0.582166 0.018281 0.579885 0.021605 0.574967 0.029289 0.569030 0.038785 0.565336 0.044812 0.562655 0.049326
0 0.000000 0.072571 0.063446 0.088515 0.072630 0.090694 0.075704 0.091374 0.078631 0.091913 0.080967 0.092228 0.082358 0.092270 0.082590 0.092034 0.098553 0.013456 0.097602 0.012908 0.095597 0.012198 0.092841 0.011437 0.089756 0.010739 0.086814 0.010212 0.000000 0.000000
0 0.751565 0.505528 0.751618 0.507369 0.752015 0.508136 0.829380 0.526325 0.829997 0.525887 0.830805 0.524324 0.831680 0.521875 0.835909 0.507401 0.854594 0.429229 0.857434 0.414130 0.857786 0.411446 0.857810 0.409530 0.857501 0.408675 0.779974 0.391165 0.779317 0.391486 0.778475 0.392949 0.777576 0.395330 0.776758 0.398267 0.752473 0.499867 0.751865 0.502894
0 0.748449 0.383733 0.748555 0.386421 0.748889 0.388290 0.749399 0.389056 0.828627 0.394762 0.829172 0.394304 0.829732 0.392694 0.830224 0.390179 0.832196 0.375333 0.838736 0.295226 0.839239 0.279767 0.839177 0.277021 0.838907 0.275066 0.838471 0.274199 0.759185 0.269189 0.758584 0.269538 0.757975 0.271054 0.757449 0.273506 0.757089 0.276520 0.748588 0.380635
0 0.502716 0.383615 0.502877 0.384685 0.560716 0.436424 0.561652 0.436546 0.563267 0.435741 0.565316 0.434133 0.576259 0.423789 0.630236 0.364237 0.639713 0.352052 0.641208 0.349750 0.641995 0.347904 0.641952 0.346797 0.583645 0.295575 0.582732 0.295334 0.581136 0.296036 0.579099 0.297574 0.576933 0.299715 0.506779 0.377115 0.504827 0.379517 0.503401 0.381800
0 0.800678 0.556404 0.800826 0.559522 0.825927 0.660447 0.827257 0.663271 0.829567 0.665371 0.837276 0.669239 0.840282 0.670321 0.843473 0.670169 0.846363 0.668808 0.848512 0.666445 0.849593 0.663439 0.851004 0.634216 0.850764 0.631822 0.850079 0.628109 0.849053 0.623645 0.839309 0.584469 0.838102 0.579950 0.836901 0.576082 0.835891 0.573454 0.835227 0.572466 0.822393 0.554072 0.820029 0.551923 0.817023 0.550841 0.809777 0.549679 0.806659 0.549827 0.803835 0.551157 0.801735 0.553467
0 0.282433 0.644138 0.284799 0.651612 0.289846 0.657611 0.296803 0.661223 0.304614 0.661897 0.312088 0.659531 0.318087 0.654485 0.318400 0.654220 0.322006 0.647274 0.322678 0.639477 0.320317 0.632015 0.315279 0.626027 0.308333 0.622421 0.300536 0.621748 0.293075 0.624110 0.292718 0.624323 0.286719 0.629370 0.283107 0.636327
0 0.541600 0.522646 0.541873 0.525792 0.547045 0.534302 0.551661 0.537579 0.553889 0.539157 0.564553 0.537048 0.566816 0.536455 0.569672 0.534413 0.572687 0.531236 0.575407 0.527405 0.577421 0.523496 0.578425 0.520101 0.578262 0.517736 0.576707 0.507011 0.574527 0.505366 0.569897 0.502109 0.560131 0.500070 0.557102 0.500806 0.553269 0.503496 0.549219 0.507732 0.545575 0.512866 0.542899 0.518106
0 0.817011 0.062015 0.819793 0.069329 0.825164 0.075022 0.832303 0.078228 0.840126 0.078455 0.847441 0.075674 0.853133 0.070303 0.853742 0.069564 0.856953 0.062412 0.857181 0.054575 0.854394 0.047248 0.849015 0.041545 0.841863 0.038334 0.834027 0.038106 0.826699 0.040893 0.820997 0.046272 0.820444 0.047052 0.817239 0.054192
0 0.007891 0.378810 0.008140 0.386645 0.011368 0.393789 0.017085 0.399154 0.024420 0.401922 0.025237 0.402092 0.033059 0.401842 0.040191 0.398620 0.045546 0.392912 0.048310 0.385591 0.048061 0.377769 0.044838 0.370637 0.039131 0.365282 0.031809 0.362518 0.031003 0.362281 0.023168 0.362531 0.016024 0.365758 0.010660 0.371476
0 0.701556 0.127254 0.702570 0.135010 0.706477 0.141788 0.712679 0.146555 0.720234 0.148585 0.727990 0.147571 0.734768 0.143664 0.739535 0.137462 0.739947 0.136838 0.741981 0.129270 0.740964 0.121500 0.737051 0.114711 0.730838 0.109935 0.723270 0.107902 0.715501 0.108918 0.708711 0.112832 0.703936 0.119045 0.703585 0.119699
0 0.020040 0.641458 0.044890 0.673391 0.050091 0.671410 0.087972 0.641931 0.087390 0.630250 0.086248 0.628044 0.084159 0.624869 0.081441 0.621204 0.078504 0.617602 0.075791 0.614607 0.073712 0.612673 0.072586 0.612097 0.063407 0.610363 0.058359 0.611639
0 0.040974 0.864799 0.046225 0.875161 0.047957 0.876945 0.050973 0.879270 0.054814 0.881780 0.058889 0.884089 0.062572 0.885842 0.065300 0.886772 0.066658 0.886739 0.075536 0.885838 0.080387 0.881428 0.105346 0.840427 0.071178 0.819629 0.066221 0.823324
0 0.497529 0.307865 0.504152 0.318585 0.551058 0.328774 0.551648 0.326795 0.560237 0.287254 0.512789 0.276948 0.502653 0.284277 0.502462 0.284891 0.501908 0.287213 0.501075 0.290892 0.500092 0.295366 0.499108 0.299948 0.498276 0.303933 0.497721 0.306713
0 0.339216 0.068470 0.339957 0.069788 0.341641 0.072400 0.344011 0.075907 0.346706 0.079778 0.349322 0.083429 0.351462 0.086309 0.352803 0.087981 0.353139 0.088188 0.365536 0.092174 0.404747 0.064488 0.403646 0.059453 0.380308 0.026399 0.340643 0.054405
0 0.558288 0.555184 0.575477 0.570587 0.587338 0.581198 0.617820 0.608466 0.642322 0.630359 0.674736 0.594115 0.668276 0.576856 0.667106 0.575718 0.664741 0.573533 0.661542 0.570634 0.657999 0.567466 0.615717 0.529897 0.612407 0.526977 0.609828 0.524740 0.608370 0.523528 0.590488 0.519180
0 0.351532 0.354071 0.354860 0.372288 0.401084 0.386607 0.410252 0.360506 0.426991 0.306470 0.434833 0.277656 0.388609 0.263337 0.375566 0.276483 0.375128 0.277068 0.374210 0.279328 0.372950 0.282924 0.371542 0.287304 0.354609 0.341969 0.353273 0.346447 0.352219 0.350320 0.351608 0.352997
0 0.030532 0.309052 0.034094 0.349552 0.046466 0.359924 0.078155 0.386489 0.083955 0.388055 0.123899 0.384541 0.120386 0.344598 0.076930 0.308169 0.071032 0.305490
