0 0.639020 0.447087 0.659970 0.464961 0.704344 0.500031 0.709142 0.503561 0.733978 0.472124 0.692890 0.436144 0.664021 0.415440 0.650686 0.431236
0 0.669561 0.178188 0.673965 0.181940 0.720508 0.214094 0.745647 0.227890 0.756599 0.212508 0.768589 0.194719 0.742657 0.171961 0.692351 0.145237
0 0.365426 0.388859 0.366489 0.429781 0.369541 0.431386 0.417525 0.430138 0.425388 0.421471 0.425462 0.420658 0.425478 0.418137 0.425432 0.414297 0.425332 0.409718 0.425193 0.405092 0.425035 0.401116 0.424884 0.398394 0.424761 0.397342 0.415520 0.388882 0.373610 0.388646
0 0.822165 0.292093 0.860147 0.334014 0.869832 0.341995 0.870260 0.342248 0.872454 0.342553 0.876075 0.342862 0.880574 0.343130 0.885272 0.343316 0.889460 0.343391 0.892505 0.343345 0.893940 0.343183 0.904723 0.334087 0.907114 0.285591 0.826288 0.281607 0.822559 0.284103
0 0.703241 0.105406 0.703324 0.106222 0.704174 0.107858 0.705661 0.110066 0.707560 0.112509 0.709579 0.114812 0.711409 0.116623 0.712770 0.117666 0.713456 0.117784 0.785884 0.121691 0.786822 0.120272 0.788237 0.117751 0.791568 0.111673 0.795332 0.104707 0.800574 0.094890 0.804180 0.088005 0.804889 0.086444 0.775858 0.070469 0.772763 0.068820 0.733729 0.048413 0.722335 0.051549 0.721469 0.052814 0.719876 0.055524 0.717797 0.059265 0.715553 0.063464 0.713487 0.067474 0.711917 0.070682 0.711080 0.072599
0 0.000000 0.712239 0.000804 0.713572 0.003020 0.715232 0.015841 0.724005 0.083864 0.766817 0.096776 0.774241 0.099026 0.775392 0.100566 0.775964 0.101158 0.775868 0.144790 0.708610 0.144384 0.707807 0.143005 0.706474 0.140861 0.704813 0.138279 0.703080 0.049871 0.647436 0.047263 0.645903 0.045042 0.644817 0.043548 0.644341 0.043007 0.644548 0.000000 0.711283
0 0.232390 0.060555 0.232576 0.061919 0.233664 0.063872 0.235485 0.066118 0.246538 0.077423 0.307486 0.129819 0.319491 0.138335 0.321671 0.139530 0.323296 0.139909 0.324118 0.139412 0.375713 0.082657 0.375649 0.081318 0.374668 0.079384 0.372917 0.077149 0.370664 0.074956 0.291450 0.006857 0.289053 0.005053 0.286893 0.003926 0.285300 0.003646 0.284515 0.004256
0 0.911108 0.641192 0.913872 0.648514 0.919228 0.654220 0.926359 0.657443 0.927093 0.657714 0.934929 0.657962 0.942264 0.655194 0.947979 0.649828 0.951208 0.642685 0.951456 0.634849 0.948688 0.627514 0.943322 0.621799 0.936179 0.618570 0.935430 0.618366 0.927607 0.618119 0.920285 0.620882 0.914579 0.626238 0.911356 0.633369
0 0.533891 0.673238 0.533951 0.673551 0.539116 0.683095 0.543737 0.686986 0.555346 0.686371 0.556578 0.685223 0.558782 0.682846 0.561624 0.679601 0.564667 0.675987 0.567443 0.672559 0.569528 0.669842 0.570603 0.668251 0.569177 0.656773 0.569023 0.656420 0.564412 0.652538 0.554202 0.649117 0.552569 0.650703 0.549655 0.653894 0.545902 0.658206 0.541877 0.662987 0.538184 0.667519 0.535379 0.671118
0 0.798591 0.070139 0.799028 0.077950 0.802421 0.084998 0.808253 0.090212 0.815636 0.092797 0.823446 0.092360 0.830495 0.088967 0.835709 0.083135 0.836287 0.082418 0.838876 0.075022 0.838439 0.067198 0.835040 0.060137 0.829198 0.054914 0.821802 0.052325 0.813978 0.052762 0.806917 0.056162 0.801694 0.062003 0.801176 0.062756
0 0.384963 0.871768 0.386235 0.879500 0.390370 0.886156 0.396737 0.890724 0.404368 0.892507 0.412100 0.891234 0.418756 0.887099 0.423324 0.880732 0.425107 0.873101 0.425236 0.872460 0.423965 0.864741 0.419837 0.858097 0.413481 0.853537 0.405864 0.851757 0.398145 0.853027 0.391500 0.857155 0.386940 0.863511 0.386745 0.864137
0 0.498841 0.813659 0.499696 0.818687 0.501888 0.824349 0.505082 0.829774 0.508785 0.834127 0.512428 0.836739 0.515452 0.837217 0.525300 0.836436 0.530162 0.833794 0.532568 0.831646 0.534971 0.821528 0.535386 0.818800 0.534715 0.815038 0.533062 0.810814 0.530677 0.806764 0.527922 0.803501 0.525211 0.801517 0.516339 0.798345 0.512568 0.797674 0.507727 0.800333 0.505271 0.802414 0.499449 0.810034
0 0.028313 0.375856 0.033703 0.377274 0.081361 0.382993 0.088402 0.375351 0.089054 0.374604 0.089823 0.372153 0.090594 0.368373 0.091249 0.363837 0.091691 0.359230 0.091852 0.355248 0.091707 0.352491 0.091278 0.351385 0.086127 0.343278 0.081343 0.341466 0.033134 0.335681
0 0.158988 0.730616 0.172302 0.769030 0.210717 0.755716 0.214694 0.752200 0.201563 0.714314 0.163676 0.727445
0 0.086950 0.916928 0.126344 0.945312 0.140131 0.941223 0.141142 0.939897 0.143068 0.937288 0.145615 0.933796 0.148399 0.929948 0.150998 0.926325 0.153021 0.923474 0.154161 0.921827 0.154242 0.921639 0.153998 0.907770 0.115054 0.879710 0.110603 0.884100
0 0.404141 0.928843 0.418877 0.975107 0.430388 0.978433 0.432809 0.978174 0.436501 0.977340 0.440900 0.976059 0.445331 0.974528 0.449112 0.972981 0.451665 0.971656 0.452604 0.970755 0.457431 0.962827 0.457918 0.957538 0.443350 0.911802 0.405237 0.923941
0 0.730517 0.476070 0.776568 0.541486 0.777838 0.541677 0.974987 0.402888 0.928724 0.337171 0.926764 0.337915
