0 0.083700 0.665295 0.125944 0.689233 0.139498 0.685360 0.140425 0.684317 0.142113 0.681841 0.144304 0.678310 0.146667 0.674259 0.148844 0.670298 0.150508 0.667027 0.151405 0.664941 0.151398 0.664359 0.149939 0.652269 0.108178 0.628605 0.103648 0.630091
0 0.750709 0.933133 0.768757 0.968830 0.771864 0.974250 0.815196 0.952342 0.817383 0.938705 0.817388 0.938464 0.816560 0.936615 0.815025 0.933437 0.813017 0.929415 0.810844 0.925167 0.808840 0.921346 0.807312 0.918536 0.806492 0.917164 0.793546 0.911476
0 0.349924 0.695049 0.358777 0.702529 0.359510 0.702803 0.361976 0.703047 0.365800 0.703225 0.370399 0.703309 0.375067 0.703285 0.379085 0.703159 0.381840 0.702948 0.382915 0.702686 0.390386 0.695312 0.391639 0.693080 0.391951 0.645081 0.351952 0.644821 0.350240 0.646495
0 0.579135 0.229890 0.583421 0.247906 0.630338 0.259760 0.638451 0.229914 0.652536 0.174168 0.658279 0.149177 0.611362 0.137322 0.599033 0.151140 0.598677 0.152492 0.597925 0.155417 0.596894 0.159468 0.595738 0.164030 0.581816 0.219131 0.580707 0.223532 0.579808 0.227121 0.579256 0.229355
0 0.293694 0.897266 0.295993 0.929000 0.303981 0.985940 0.307954 0.998924 0.309539 1.000000 0.357461 1.000000 0.363666 0.986049 0.363719 0.984496 0.363508 0.981363 0.363066 0.977129 0.362461 0.972435 0.354566 0.916153 0.353887 0.911692 0.353233 0.908123 0.352705 0.905986 0.341616 0.890544
0 0.882460 0.136107 0.889615 0.192360 0.921319 0.216909 0.927191 0.212968 0.952082 0.180821 0.946865 0.139800 0.944828 0.123784 0.912682 0.098893 0.907009 0.104402
0 0.677654 0.775295 0.678471 0.776560 0.752512 0.807812 0.846270 0.585686 0.772228 0.554434 0.770983 0.554185
0 0.722462 0.531652 0.949572 0.611036 0.951641 0.611548 0.978225 0.535497 0.750069 0.455747 0.748924 0.455949
0 0.045910 0.417051 0.253822 0.540289 0.254951 0.540104 0.295841 0.471117 0.088882 0.348444 0.086989 0.347747
0 0.798703 0.167194 0.804820 0.215290 0.820375 0.222590 0.821399 0.222763 0.824094 0.222662 0.828048 0.222304 0.832662 0.221743 0.837241 0.221063 0.874163 0.215041 0.878070 0.214336 0.880670 0.213719 0.881565 0.213284 0.894808 0.203563 0.888685 0.155411 0.872921 0.154405
0 0.091120 0.337887 0.091421 0.338999 0.095260 0.348251 0.104511 0.351720 0.150808 0.364393 0.161369 0.325812 0.153448 0.321738 0.106068 0.308768 0.097868 0.315447 0.097085 0.316098 0.095927 0.318449 0.094571 0.322143 0.093225 0.326619 0.092096 0.331186 0.091357 0.335144
0 0.692023 0.096788 0.692249 0.099811 0.692765 0.103956 0.693492 0.108596 0.694320 0.113032 0.695124 0.116593 0.695784 0.118740 0.704805 0.127768 0.752116 0.119662 0.758013 0.110765 0.751100 0.070417 0.702683 0.078713 0.694355 0.090646 0.692121 0.095351
0 0.690633 0.977026 0.691192 0.984829 0.691521 0.985663 0.695028 0.992671 0.700951 0.997802 0.708386 1.000000 0.716202 0.999717 0.723210 0.996210 0.728341 0.990288 0.730816 0.982853 0.730256 0.975037 0.729861 0.974220 0.726359 0.967225 0.720447 0.962102 0.713025 0.959631 0.705222 0.960190 0.698226 0.963691 0.693104 0.969604
0 0.464364 0.278997 0.464425 0.279377 0.467236 0.286677 0.472628 0.292345 0.479778 0.295519 0.487598 0.295714 0.494898 0.292903 0.500566 0.287511 0.503740 0.280361 0.503935 0.272541 0.503941 0.272149 0.501125 0.264837 0.495724 0.259159 0.488562 0.255980 0.480728 0.255784 0.473416 0.258600 0.467738 0.264001 0.464559 0.271164
0 0.138027 0.577726 0.139514 0.579054 0.142920 0.581371 0.147727 0.584327 0.153197 0.587465 0.158487 0.590303 0.162782 0.592403 0.165428 0.593447 0.166029 0.593280 0.174521 0.586507 0.177520 0.581280 0.174786 0.569982 0.173630 0.569001 0.171061 0.567284 0.167469 0.565092 0.163399 0.562756 0.159464 0.560630 0.156257 0.559033 0.154268 0.558210 0.153802 0.558288 0.142536 0.561806 0.139530 0.567045
0 0.160606 0.942963 0.161340 0.948084 0.163642 0.953687 0.167158 0.958910 0.171348 0.962946 0.175565 0.965179 0.179163 0.965271 0.188496 0.964059 0.192964 0.961210 0.195981 0.958649 0.197085 0.953808 0.197962 0.945676 0.197381 0.941846 0.195645 0.937667 0.193021 0.933769 0.189903 0.930741 0.186761 0.929040 0.178454 0.926140 0.173963 0.925950 0.169516 0.928815 0.166445 0.931312 0.161545 0.939106
0 0.588779 0.442633 0.588955 0.446124 0.592637 0.454561 0.594375 0.458159 0.599635 0.459963 0.602563 0.460791 0.612286 0.459975 0.615233 0.458305 0.618321 0.454553 0.621075 0.449287 0.623072 0.443316 0.624001 0.437561 0.623724 0.432905 0.622286 0.430059 0.615080 0.423349 0.609818 0.421517 0.606873 0.420771 0.597503 0.425814 0.595314 0.427104 0.593024 0.429935 0.590980 0.433878 0.589490 0.438335
0 0.226921 0.824880 0.227032 0.827980 0.227560 0.831018 0.228426 0.833529 0.229496 0.835131 0.258211 0.854348 0.260901 0.855644 0.264803 0.857049 0.269319 0.858347 0.273755 0.859339 0.277430 0.859873 0.279783 0.859868 0.289430 0.853943 0.290242 0.852579 0.303431 0.811079 0.304354 0.807709 0.311872 0.775980 0.312026 0.774879 0.305905 0.772323 0.295776 0.769153 0.287948 0.767122 0.280458 0.765572 0.276868 0.765092 0.272852 0.765497 0.227955 0.820331 0.227246 0.822194
0 0.838709 0.400912 0.839558 0.402429 0.841136 0.404475 0.843204 0.406738 0.845444 0.408872 0.847513 0.410549 0.849096 0.411514 0.849951 0.411620 0.883155 0.407491 0.885067 0.406951 0.888354 0.405796 0.892519 0.404201 0.896921 0.402410 0.900883 0.400699 0.903800 0.399330 0.905225 0.398512 0.909478 0.387554 0.903915 0.373328 0.893384 0.346431 0.892062 0.343184 0.879087 0.312759 0.877623 0.313116 0.870525 0.315849 0.860272 0.319984 0.852937 0.323028 0.846474 0.325796 0.843747 0.327025 0.842025 0.328056 0.838718 0.400155
0 0.342266 0.329213 0.342729 0.332028 0.343502 0.336542 0.345099 0.345700 0.346999 0.356510 0.348165 0.363105 0.348994 0.367738 0.349198 0.368837 0.419851 0.386826 0.421473 0.386503 0.423781 0.385529 0.426423 0.384052 0.428994 0.382298 0.431101 0.380536 0.432422 0.379035 0.432757 0.378025 0.435658 0.345604 0.435470 0.343928 0.434992 0.340714 0.434296 0.336450 0.433489 0.331790 0.432694 0.327451 0.432034 0.324097 0.431610 0.322241 0.431485 0.322160 0.421785 0.315898 0.406751 0.318031 0.378306 0.322150 0.374850 0.322751
0 0.459760 0.834591 0.460480 0.836710 0.461909 0.839202 0.463829 0.841685 0.465945 0.843781 0.467935 0.845167 0.469493 0.845634 0.541756 0.851106 0.542067 0.850757 0.543938 0.847486 0.546807 0.842158 0.551709 0.832773 0.556048 0.824213 0.558429 0.819210 0.560225 0.815077 0.560147 0.814786 0.542898 0.805106 0.531229 0.798622 0.528111 0.797007 0.488479 0.778480 0.477254 0.781452 0.476922 0.782070 0.475796 0.784236 0.474045 0.787623 0.471938 0.791713 0.469797 0.795879 0.467952 0.799481 0.466686 0.801966 0.466189 0.802959 0.459858 0.833169
