0 0.668804 0.600771 0.669519 0.603037 0.749827 0.605997 0.760692 0.365553 0.759555 0.364356 0.678991 0.361383
0 0.095242 0.694757 0.174742 0.707804 0.176233 0.706852 0.215192 0.469443 0.136057 0.456456 0.134380 0.456256
0 0.000000 0.778451 0.231582 0.829938 0.232810 0.828429 0.249893 0.750274 0.015429 0.699023 0.013204 0.699938 0.000000 0.777178
0 0.028214 0.209468 0.028387 0.210673 0.058520 0.279770 0.059780 0.280405 0.061959 0.280425 0.064723 0.279830 0.079496 0.274797 0.152392 0.240941 0.165195 0.233166 0.167217 0.231538 0.168284 0.230011 0.168230 0.228817 0.137462 0.160013 0.136275 0.159280 0.134157 0.159172 0.131432 0.159707 0.128516 0.160806 0.033774 0.204808 0.031129 0.206293 0.029177 0.207930
0 0.696730 0.944399 0.696800 0.944983 0.697968 0.946003 0.700053 0.947305 0.712996 0.954280 0.785635 0.988791 0.800172 0.994873 0.802857 0.995837 0.804923 0.996353 0.806054 0.996340 0.837694 0.923386 0.837744 0.922786 0.836680 0.921752 0.834665 0.920441 0.832004 0.919053 0.737583 0.874205 0.734701 0.872961 0.732055 0.872058 0.730049 0.871634 0.728988 0.871753
0 0.578815 0.322191 0.579287 0.322939 0.580875 0.323869 0.583337 0.324840 0.586298 0.325703 0.687665 0.350941 0.690654 0.351560 0.693197 0.351835 0.694904 0.351725 0.695518 0.351248 0.715508 0.274656 0.714917 0.273946 0.713227 0.273049 0.710697 0.272101 0.696025 0.267604 0.618032 0.248186 0.603198 0.245336 0.600607 0.245009 0.598826 0.245042 0.598127 0.245431
0 0.711069 0.716528 0.732728 0.759363 0.735419 0.762362 0.807636 0.725845 0.785726 0.682515 0.782461 0.680429 0.773046 0.677467 0.771868 0.677647 0.769235 0.678627 0.765552 0.680255 0.761375 0.682285 0.725597 0.700376 0.721547 0.702506 0.718227 0.704419 0.716139 0.705827 0.715604 0.706513
0 0.049208 0.872091 0.072982 0.908948 0.074892 0.911892 0.093297 0.939567 0.094553 0.938859 0.097723 0.936846 0.105288 0.931903 0.114730 0.925679 0.120775 0.921667 0.125356 0.918593 0.126749 0.917633 0.116669 0.845346 0.116475 0.844758 0.115301 0.843567 0.113327 0.841954 0.110852 0.840166 0.108256 0.838476 0.105936 0.837143 0.104246 0.836371 0.103445 0.836276 0.071730 0.847167 0.071363 0.847307 0.069498 0.848434 0.066418 0.850379 0.062588 0.852846 0.058598 0.855457 0.055061 0.857810 0.052519 0.859545 0.051358 0.860397
0 0.323349 0.514448 0.347492 0.537260 0.350104 0.539602 0.372120 0.558093 0.383788 0.567821 0.395235 0.567746 0.395448 0.567681 0.396848 0.566275 0.399227 0.563739 0.402220 0.560460 0.405369 0.556940 0.408190 0.553721 0.410250 0.551297 0.411236 0.550035 0.425776 0.521177 0.426067 0.520104 0.425774 0.518099 0.424941 0.515468 0.423695 0.512613 0.422225 0.509972 0.420759 0.507948 0.419519 0.506850 0.350251 0.484489 0.349567 0.485244 0.346509 0.488636 0.342094 0.493543 0.334797 0.501664 0.328558 0.508616 0.325409 0.512134
0 0.635547 0.839548 0.636425 0.841417 0.637910 0.844038 0.641464 0.850132 0.645520 0.856965 0.651218 0.866418 0.655194 0.872855 0.656062 0.874011 0.684735 0.857439 0.687740 0.855633 0.712238 0.840412 0.725183 0.832356 0.728371 0.821038 0.727679 0.819525 0.726134 0.816678 0.723973 0.812932 0.721527 0.808860 0.719171 0.805089 0.717268 0.802197 0.716106 0.800623 0.692135 0.777426 0.691358 0.776996 0.689488 0.776818 0.686812 0.776918 0.683736 0.777283 0.680733 0.777856 0.678262 0.778549 0.676699 0.779257
0 0.818594 0.678331 0.820253 0.688454 0.823955 0.690632 0.866260 0.714463 0.886119 0.679209 0.843815 0.655378 0.839885 0.653603 0.830441 0.657300 0.829556 0.657892 0.827907 0.659990 0.825747 0.663271 0.823403 0.667239 0.821227 0.671294 0.819550 0.674824 0.818625 0.677296
0 0.428784 0.382988 0.429597 0.384325 0.458912 0.411540 0.491570 0.376363 0.491442 0.363913 0.490756 0.363108 0.488824 0.361170 0.485937 0.358393 0.482537 0.355203 0.479146 0.352088 0.476285 0.349529 0.474391 0.347915 0.473752 0.347490 0.461820 0.347404
0 0.276824 0.666006 0.279152 0.673415 0.284056 0.679273 0.290781 0.682690 0.292434 0.683075 0.299964 0.683533 0.307142 0.680965 0.312877 0.675765 0.316305 0.668727 0.316907 0.660918 0.314592 0.653519 0.309709 0.647654 0.302996 0.644214 0.301328 0.643892 0.293812 0.643406 0.286627 0.645947 0.280872 0.651136 0.277427 0.658180
0 0.708483 0.375326 0.710433 0.382905 0.715135 0.389162 0.721873 0.393142 0.729622 0.394241 0.737201 0.392291 0.737609 0.392105 0.743876 0.387396 0.747863 0.380645 0.748964 0.372884 0.747011 0.365292 0.742301 0.359024 0.735551 0.355038 0.727789 0.353936 0.720197 0.355890 0.719818 0.356138 0.713562 0.360839 0.709582 0.367578
0 0.506646 0.596108 0.506658 0.596273 0.508440 0.603907 0.513010 0.610278 0.519669 0.614415 0.527404 0.615689 0.535038 0.613906 0.541408 0.609337 0.545546 0.602678 0.546819 0.594943 0.545037 0.587309 0.544959 0.587159 0.540397 0.580799 0.533750 0.576669 0.526028 0.575398 0.518407 0.577177 0.512048 0.581739 0.507917 0.588386
0 0.953263 0.083959 0.953853 0.091763 0.957385 0.098746 0.963319 0.103848 0.970755 0.106289 0.978559 0.105699 0.985542 0.102168 0.986379 0.101483 0.991489 0.095538 0.993934 0.088089 0.993344 0.080272 0.989806 0.073276 0.983861 0.068166 0.976413 0.065721 0.968595 0.066311 0.961599 0.069849 0.960806 0.070588 0.955704 0.076523
0 0.238659 0.668621 0.240832 0.676150 0.245721 0.682273 0.252581 0.686061 0.260369 0.686934 0.267898 0.684761 0.268297 0.684443 0.274409 0.679562 0.278190 0.672714 0.279062 0.664940 0.276892 0.657424 0.272011 0.651311 0.265163 0.647530 0.257389 0.646659 0.249873 0.648828 0.249442 0.649084 0.243319 0.653974 0.239532 0.660833
