0 0.828184 0.474483 0.829423 0.482207 0.833522 0.488870 0.839860 0.493456 0.847469 0.495268 0.848068 0.495260 0.855805 0.494020 0.862479 0.489913 0.867073 0.483565 0.868889 0.475942 0.867648 0.468205 0.863542 0.461530 0.857193 0.456937 0.849571 0.455121 0.848970 0.455198 0.841246 0.456437 0.834583 0.460536 0.829997 0.466873
0 0.809642 0.224765 0.811021 0.232469 0.815244 0.239057 0.821667 0.243529 0.829312 0.245202 0.837016 0.243823 0.843604 0.239600 0.844196 0.239151 0.848676 0.232718 0.850352 0.225060 0.848970 0.217343 0.844740 0.210743 0.838307 0.206263 0.830648 0.204587 0.822931 0.205969 0.816331 0.210199 0.815787 0.210697 0.811315 0.217120
0 0.697655 0.614474 0.700881 0.618900 0.703016 0.621449 0.711339 0.626214 0.714862 0.626673 0.719655 0.625469 0.724986 0.622781 0.730035 0.619020 0.734024 0.614767 0.736340 0.610675 0.736636 0.607371 0.734677 0.597866 0.731465 0.593417 0.729270 0.590925 0.724849 0.590421 0.716181 0.589534 0.712598 0.590466 0.708622 0.592489 0.704854 0.595297 0.701861 0.598464 0.700098 0.601514 0.698099 0.610346
0 0.794606 0.282269 0.834518 0.286112 0.836058 0.285127 0.839919 0.245031 0.799823 0.241170 0.798449 0.242356
0 0.821212 0.406448 0.838307 0.442719 0.839865 0.442455 0.876302 0.425282 0.859129 0.388844 0.857483 0.389353
0 0.644765 0.963545 0.656934 0.966335 0.682955 0.965525 0.687452 0.925652 0.675288 0.923013 0.649285 0.923464 0.645828 0.941941
0 0.929156 0.041460 0.939772 0.080026 0.978337 0.069410 0.980534 0.067432 0.969869 0.028690 0.931127 0.039354
0 0.856989 0.354188 0.859042 0.360685 0.863300 0.370487 0.866931 0.377688 0.870723 0.384226 0.872755 0.387124 0.875791 0.389522 0.946523 0.387644 0.948412 0.386872 0.950661 0.385292 0.952928 0.383144 0.954865 0.380758 0.956175 0.378499 0.956658 0.376711 0.952336 0.341998 0.951568 0.339011 0.950074 0.335083 0.948082 0.330818 0.945898 0.326871 0.943857 0.323847 0.942273 0.322208 0.931481 0.318769 0.929842 0.319373 0.889928 0.336715 0.886785 0.338235 0.857986 0.353308
0 0.771582 0.460983 0.776712 0.493644 0.777324 0.497092 0.782934 0.525368 0.785925 0.540317 0.795293 0.547358 0.797054 0.547248 0.800339 0.546825 0.804645 0.546154 0.809316 0.545336 0.813631 0.544498 0.816929 0.543769 0.818708 0.543259 0.848705 0.529229 0.849458 0.528651 0.850354 0.526963 0.851255 0.524420 0.852024 0.521412 0.852543 0.518398 0.852733 0.515841 0.852565 0.514130 0.811117 0.454064 0.808771 0.454244 0.805693 0.454708 0.798634 0.455871 0.790783 0.457234 0.780004 0.459190 0.772753 0.460601
0 0.223181 0.570598 0.290322 0.614433 0.290839 0.613822 0.291943 0.612285 0.293465 0.610056 0.295174 0.607473 0.352030 0.520390 0.353678 0.517829 0.355025 0.515664 0.355867 0.514221 0.356074 0.513723 0.288934 0.469888 0.288415 0.470373 0.287306 0.471809 0.285775 0.473977 0.277210 0.486627 0.233224 0.553999 0.225306 0.566595 0.224018 0.568743 0.223272 0.570149
0 0.007465 0.671782 0.007503 0.674294 0.007731 0.675899 0.008114 0.676353 0.088044 0.682727 0.088453 0.681959 0.088897 0.680094 0.089307 0.677417 0.089621 0.674334 0.097889 0.570664 0.098062 0.567623 0.098069 0.565068 0.097909 0.563385 0.097605 0.562832 0.017675 0.556458 0.017204 0.557117 0.016706 0.558895 0.016258 0.561523 0.014414 0.576704 0.008018 0.656910
0 0.622400 0.856848 0.622696 0.872502 0.623017 0.875317 0.623645 0.877376 0.624484 0.878363 0.701179 0.881436 0.702163 0.881203 0.703082 0.879785 0.703794 0.877397 0.704190 0.874403 0.711267 0.770181 0.711286 0.767057 0.710923 0.764300 0.710235 0.762330 0.709327 0.761446 0.632679 0.757676 0.631749 0.758016 0.630880 0.759526 0.630201 0.761976 0.627845 0.776659
0 0.349616 0.750836 0.480635 0.953934 0.548335 0.910262 0.548114 0.908381 0.417695 0.706214 0.350306 0.749686
0 0.333400 0.511545 0.378458 0.578326 0.379077 0.578502 0.579366 0.443146 0.534454 0.376269 0.533126 0.377018
0 0.615809 0.622205 0.681005 0.652508 0.687785 0.655301 0.787969 0.433858 0.781590 0.430179 0.715221 0.402472
0 0.852915 0.235237 0.927829 0.263306 0.932775 0.260570 0.949812 0.215102 0.942415 0.205199 0.940455 0.203948 0.937108 0.202348 0.932882 0.200644 0.895080 0.186480 0.890637 0.184936 0.886669 0.183796 0.883782 0.183230 0.882416 0.183326 0.874031 0.186708 0.869757 0.190288
0 0.920006 0.837681 0.925846 0.842377 1.000000 0.855399 1.000000 0.811044 0.926428 0.798200
0 0.183372 0.054932 0.185709 0.095421 0.190019 0.100969 0.269886 0.096360 0.267582 0.056426 0.264350 0.050258
