0 0.344691 0.468261 0.386712 0.536767 0.387230 0.536600 0.591809 0.411112 0.592231 0.410703 0.550209 0.342197
0 0.701502 0.442806 0.707326 0.474598 0.708089 0.476495 0.709483 0.479707 0.711297 0.483747 0.713258 0.488005 0.715069 0.491839 0.716456 0.494668 0.717209 0.496062 0.728077 0.499278 0.728397 0.499334 0.742293 0.493616 0.768595 0.482667 0.771790 0.481204 0.801818 0.466465 0.801044 0.463276 0.799378 0.458767 0.795582 0.450207 0.790911 0.440370 0.787957 0.434515 0.785757 0.430578 0.785124 0.429802 0.711809 0.430936 0.710402 0.431541 0.708473 0.432984 0.706316 0.435046 0.704262 0.437411 0.702626 0.439717 0.701657 0.441612
0 0.860833 0.837881 0.865005 0.841788 0.913542 0.843117 0.920511 0.832858 0.921054 0.830609 0.921478 0.826931 0.921716 0.822384 0.922821 0.782030 0.922837 0.777324 0.922627 0.773192 0.922226 0.770267 0.921694 0.768993 0.915758 0.762223 0.911006 0.759226 0.863024 0.757911
0 0.365143 0.213626 0.373930 0.261379 0.375371 0.264107 0.384115 0.269702 0.385169 0.269840 0.387865 0.269624 0.391786 0.269090 0.396342 0.268317 0.435771 0.261062 0.440283 0.260166 0.444079 0.259281 0.446587 0.258539 0.447420 0.258054 0.454050 0.249629 0.453519 0.246735 0.444732 0.198982
0 0.039369 0.188433 0.043371 0.237392 0.054843 0.246875 0.059960 0.249785 0.061454 0.250040 0.064545 0.250106 0.068759 0.249974 0.073459 0.249665 0.077937 0.249224 0.081515 0.248719 0.083652 0.248225 0.093675 0.240136 0.089765 0.192295 0.080169 0.185097
0 0.701932 0.305303 0.737278 0.337779 0.750380 0.336706 0.751333 0.335813 0.753390 0.333697 0.756237 0.330680 0.759440 0.327223 0.762507 0.323856 0.764966 0.321098 0.766442 0.319369 0.766711 0.318931 0.767397 0.306108 0.731642 0.273257 0.728995 0.275848
0 0.031263 0.921388 0.033528 0.931922 0.034844 0.934277 0.037249 0.937404 0.040376 0.940824 0.043745 0.944012 0.046838 0.946479 0.049182 0.947847 0.059627 0.950244 0.094254 0.916206 0.098891 0.911449 0.070851 0.882923 0.065889 0.887350
0 0.559039 0.192167 0.595965 0.207545 0.611344 0.170620 0.612892 0.166040 0.575453 0.150447 0.559860 0.187886
0 0.646644 0.844888 0.662491 0.890611 0.690990 0.884405 0.745317 0.865576 0.770261 0.853259 0.754414 0.807537 0.736096 0.804816 0.734916 0.804714 0.732181 0.805230 0.728311 0.806283 0.723892 0.807714 0.670192 0.826325 0.665877 0.827922 0.662301 0.829449 0.660008 0.830676
0 0.225364 0.312982 0.226623 0.313839 0.266601 0.316930 0.269692 0.276952 0.268632 0.275925 0.228470 0.272820
0 0.304024 0.798604 0.306743 0.838975 0.322891 0.837888 0.331898 0.827344 0.332058 0.825997 0.332070 0.823029 0.331933 0.818894 0.331668 0.814219 0.331314 0.809707 0.330926 0.806041 0.330562 0.803776 0.330276 0.803260 0.322228 0.794117 0.306264 0.795191
0 0.311236 0.613295 0.338183 0.643105 0.338923 0.642450 0.368596 0.615627 0.341772 0.585954 0.341045 0.586348
