0 0.664931 0.590201 0.670052 0.600698 0.670579 0.601079 0.672797 0.601898 0.676375 0.603033 0.680765 0.604308 0.685295 0.605529 0.689267 0.606508 0.692073 0.607095 0.693288 0.607202 0.724565 0.606653 0.725886 0.606568 0.727735 0.605520 0.729832 0.603666 0.731854 0.601289 0.733493 0.598754 0.734498 0.596449 0.734715 0.594725 0.724733 0.523416 0.720934 0.522094 0.717415 0.521037 0.709996 0.518912 0.702182 0.516751 0.691994 0.514035 0.685744 0.512489 0.679801 0.531401 0.675770 0.544274 0.674838 0.547653
0 0.845983 0.453324 0.847716 0.524748 0.849383 0.526337 0.852070 0.527803 0.858458 0.530891 0.865720 0.534141 0.875886 0.538374 0.882940 0.540966 0.884420 0.540964 0.898061 0.511056 0.899455 0.507845 0.910603 0.480946 0.916494 0.466695 0.912480 0.455753 0.911086 0.454717 0.908209 0.453147 0.904290 0.451282 0.899929 0.449408 0.895795 0.447814 0.892525 0.446744 0.890613 0.446359 0.857474 0.442063 0.856625 0.442022 0.855027 0.442846 0.852925 0.444410 0.850639 0.446477 0.848519 0.448729 0.846890 0.450821 0.846000 0.452434
0 0.063296 0.062308 0.064656 0.063869 0.071545 0.067815 0.081550 0.072833 0.088733 0.076116 0.095088 0.078697 0.097787 0.079558 0.099566 0.079180 0.155218 0.034320 0.155746 0.033574 0.156261 0.031711 0.156684 0.029014 0.156950 0.025896 0.157018 0.022833 0.156878 0.020295 0.156551 0.018669 0.156088 0.018201 0.130589 0.000000 0.097953 0.000000 0.091460 0.002683 0.091248 0.003080 0.078567 0.029449 0.077061 0.032606
0 0.655320 0.084791 0.658416 0.091479 0.663859 0.100964 0.668192 0.107669 0.672455 0.113497 0.674578 0.115897 0.677236 0.117174 0.746975 0.108784 0.748068 0.108604 0.749725 0.107459 0.751694 0.105523 0.753674 0.103090 0.755363 0.100534 0.756500 0.098246 0.756914 0.096575 0.748115 0.061555 0.746842 0.058430 0.744822 0.054544 0.742364 0.050494 0.739847 0.046903 0.737656 0.044320 0.736126 0.043141 0.724898 0.040718 0.711394 0.048645 0.685988 0.063624 0.683021 0.065466 0.655748 0.083219
0 0.447661 0.370931 0.500628 0.606747 0.579233 0.589092 0.526266 0.353275
0 0.046979 0.544995 0.275101 0.624842 0.276132 0.624271 0.302625 0.548578 0.075549 0.469098 0.073595 0.468955
0 0.571160 0.879445 0.628006 0.895789 0.639142 0.896582 0.682152 0.656372 0.624594 0.644026 0.613596 0.642443
0 0.494753 0.275509 0.494813 0.278074 0.501531 0.325602 0.510703 0.331938 0.511597 0.332031 0.514168 0.331853 0.518022 0.331433 0.522575 0.330832 0.527140 0.330144 0.531027 0.329471 0.533649 0.328914 0.534603 0.328560 0.541137 0.320004 0.541613 0.317923 0.534817 0.269846
0 0.802742 0.341307 0.839720 0.371911 0.843648 0.370430 0.869446 0.339258 0.832039 0.308301 0.818415 0.310150 0.817411 0.311107 0.815392 0.313329 0.812669 0.316475 0.809653 0.320069 0.806798 0.323569 0.804537 0.326446 0.803211 0.328265 0.803025 0.328746
0 0.498777 0.909312 0.504800 0.917040 0.505704 0.917789 0.508272 0.918823 0.512114 0.919983 0.516643 0.921091 0.521164 0.921978 0.524980 0.922507 0.527511 0.922598 0.528372 0.922238 0.538290 0.918025 0.548745 0.870609 0.548188 0.866373 0.509126 0.857760 0.498791 0.904634
0 0.128117 0.819278 0.138315 0.826850 0.140529 0.827345 0.144182 0.827781 0.148718 0.828093 0.153438 0.828233 0.157618 0.828178 0.160619 0.827938 0.161984 0.827550 0.168532 0.821250 0.172320 0.817578 0.174658 0.769635 0.134706 0.767687 0.130483 0.770781
0 0.656484 0.927087 0.658294 0.932024 0.692539 0.966445 0.749908 0.909369 0.747052 0.904690 0.713197 0.870663 0.702689 0.872407 0.701772 0.872563 0.699696 0.873989 0.696781 0.876463 0.693466 0.879611 0.665045 0.907887 0.661824 0.911241 0.659176 0.914303 0.657501 0.916608 0.657058 0.917806
0 0.650091 0.785858 0.651826 0.789163 0.675474 0.831570 0.746152 0.792155 0.722504 0.749749 0.719961 0.746894 0.710034 0.744766 0.708956 0.744890 0.706443 0.745888 0.702881 0.747606 0.698808 0.749783 0.663793 0.769309 0.659814 0.771622 0.656523 0.773727 0.654415 0.775305 0.653817 0.776116
0 0.383295 0.885520 0.403469 0.929685 0.477078 0.896062 0.477340 0.891535 0.457397 0.847874 0.446281 0.845441 0.445518 0.845367 0.443204 0.846066 0.439697 0.847429 0.435526 0.849251 0.399058 0.865909 0.394844 0.867917 0.391213 0.869815 0.388715 0.871313 0.387732 0.872185 0.384629 0.881114
0 0.374101 0.988430 0.454896 0.993014 0.455412 0.987380 0.458130 0.939457 0.450341 0.932991 0.449491 0.932369 0.446941 0.931739 0.443084 0.931196 0.438504 0.930822 0.398476 0.928551 0.393853 0.928403 0.389874 0.928501 0.387142 0.928832 0.386077 0.929345 0.378259 0.934925 0.376852 0.939953
0 0.937053 0.078895 0.937862 0.081633 0.939473 0.085334 0.941642 0.089438 0.961539 0.124244 0.963944 0.128143 0.966228 0.131255 0.968045 0.133111 0.977791 0.138251 0.983306 0.134055 1.000000 0.114433 1.000000 0.071646 0.985301 0.039706 0.943145 0.063800 0.938089 0.068799 0.937173 0.077541
0 0.354054 0.539920 0.355723 0.547580 0.360197 0.554018 0.366793 0.558254 0.374508 0.559643 0.382169 0.557974 0.382371 0.557875 0.388797 0.553408 0.393026 0.546824 0.394413 0.539121 0.392747 0.531474 0.388281 0.525048 0.381696 0.520819 0.373994 0.519432 0.373777 0.519466 0.366117 0.521135 0.359680 0.525608 0.355443 0.532204
0 0.102639 0.085270 0.103191 0.093072 0.106029 0.099824 0.110714 0.104492 0.116521 0.106375 0.120379 0.106943 0.126422 0.105763 0.132005 0.102921 0.136303 0.099676 0.139412 0.094622 0.140867 0.088526 0.140447 0.082306 0.138214 0.076901 0.134499 0.073132 0.129525 0.068611 0.123733 0.066663 0.119864 0.066141 0.113799 0.067263 0.108388 0.071290 0.104466 0.077617
0 0.489338 0.093679 0.490464 0.098299 0.492682 0.106386 0.494839 0.109545 0.498148 0.112620 0.502110 0.115147 0.506127 0.116744 0.509591 0.117168 0.518587 0.116233 0.522576 0.114875 0.525578 0.110389 0.527173 0.107155 0.528691 0.097883 0.527848 0.094181 0.525003 0.089938 0.520588 0.085805 0.515280 0.082421 0.509897 0.080304 0.505266 0.079780 0.502096 0.080923 0.493887 0.085928 0.490858 0.090409
0 0.410522 0.669420 0.410676 0.679997 0.412593 0.682326 0.416766 0.686037 0.426198 0.689088 0.429275 0.689062 0.433410 0.687132 0.437971 0.683590 0.442257 0.678978 0.445606 0.674007 0.447505 0.669442 0.447669 0.665981 0.443639 0.657116 0.441658 0.654841 0.437511 0.651118 0.433657 0.651224 0.424339 0.652133 0.421253 0.653607 0.417854 0.656267 0.414655 0.659710 0.412139 0.663415 0.410688 0.666824
0 0.370455 0.776488 0.410589 0.779940 0.410999 0.778657 0.414435 0.738707 0.374485 0.735271 0.373908 0.736354
