0 0.889977 0.300747 0.911531 0.344073 0.940651 0.329987 0.992130 0.304376 1.000000 0.298349 1.000000 0.293269 0.992096 0.249943 0.973581 0.249583 0.973383 0.249662 0.971561 0.250552 0.968390 0.252118 0.964354 0.254122 0.913118 0.279612 0.908850 0.281739 0.905021 0.283655 0.902215 0.285068 0.900858 0.285762
0 0.435983 0.135408 0.439286 0.160906 0.446944 0.217892 0.451175 0.248451 0.499134 0.242006 0.505441 0.224594 0.505325 0.223315 0.504981 0.220399 0.504460 0.216286 0.503843 0.211607 0.496221 0.154890 0.495603 0.150378 0.495082 0.146741 0.494738 0.144535 0.494622 0.144093 0.483943 0.128963
0 0.742904 0.847294 0.744329 0.887268 0.747726 0.892653 0.788257 0.891208 0.827342 0.849232 0.825897 0.808702 0.821427 0.804468 0.781453 0.805894
0 0.259690 0.712916 0.312689 0.722508 0.348717 0.723988 0.351767 0.703298 0.352990 0.683884 0.326203 0.679409 0.269968 0.673401 0.263935 0.673077
0 0.664800 0.135596 0.670600 0.165775 0.684937 0.220520 0.686680 0.225579 0.725434 0.215414 0.714626 0.155285 0.703811 0.125364
0 0.606814 0.452002 0.646404 0.479143 0.648097 0.478902 0.658846 0.477220 0.659576 0.476432 0.661238 0.474242 0.663580 0.470983 0.666243 0.467153 0.668819 0.463340 0.670912 0.460130 0.672202 0.458014 0.672494 0.457311 0.670975 0.445528 0.639211 0.421745 0.632459 0.417116 0.629431 0.419010
0 0.568806 0.646504 0.568813 0.650297 0.568864 0.654860 0.568951 0.659505 0.569060 0.663529 0.569177 0.666324 0.569282 0.667462 0.578400 0.676393 0.619463 0.716246 0.627555 0.716125 0.626345 0.635209 0.624901 0.633664 0.576906 0.634382 0.568921 0.643327 0.568844 0.644055
0 0.827129 0.108424 0.827534 0.114663 0.836822 0.170440 0.844225 0.195728 0.862967 0.193868 0.884012 0.189126 0.882097 0.151803 0.866653 0.101865
0 0.891042 0.578448 0.940383 0.641668 0.946522 0.643642 0.978572 0.618628 0.928544 0.554528 0.922652 0.553778
0 0.014704 0.120642 0.031236 0.199860 0.036593 0.203290 0.083581 0.193484 0.088268 0.181621 0.088195 0.179421 0.087704 0.175840 0.086872 0.171419 0.078682 0.132173 0.077631 0.127569 0.076518 0.123468 0.075511 0.120490 0.074763 0.119090 0.062235 0.110723
0 0.361093 0.049274 0.362681 0.054426 0.395261 0.089675 0.454010 0.035374 0.453479 0.030003 0.421430 0.000125 0.420522 0.000000 0.403488 0.000000 0.400059 0.002913 0.370414 0.030314 0.367045 0.033583 0.364263 0.036596 0.362491 0.038894 0.361998 0.040125
0 0.172430 0.947676 0.232885 1.000000 0.265163 0.965198 0.267847 0.959882 0.266185 0.950790 0.265808 0.949586 0.264119 0.947349 0.261379 0.944421 0.258003 0.941245 0.228052 0.914594 0.224542 0.911642 0.221418 0.909352 0.219155 0.908073 0.208082 0.906701 0.176174 0.942560
0 0.712060 0.761908 0.712204 0.768994 0.724207 0.815116 0.735069 0.818656 0.737601 0.818656 0.741395 0.818132 0.745875 0.817163 0.784937 0.807433 0.789438 0.806164 0.793290 0.804784 0.795910 0.803501 0.796896 0.802510 0.802109 0.795711 0.802973 0.788899 0.790555 0.742355
0 0.714894 0.211398 0.734658 0.243351 0.745713 0.253289 0.785944 0.226177 0.784222 0.210486 0.784070 0.209320 0.782910 0.206801 0.780914 0.203309 0.778390 0.199379 0.775723 0.195615 0.773324 0.192594 0.771561 0.190780 0.770699 0.190444 0.754871 0.184456
0 0.856010 0.902412 0.870396 0.939736 0.874679 0.944820 0.919985 0.927357 0.922882 0.914008 0.922413 0.912025 0.921317 0.908669 0.919761 0.904452 0.917984 0.900022 0.916259 0.896060 0.914850 0.893172 0.913973 0.891796 0.900799 0.885149
0 0.865348 0.100585 0.881934 0.136984 0.925613 0.117080 0.930533 0.112653 0.932502 0.104013 0.932692 0.102652 0.932089 0.099820 0.930785 0.095946 0.928976 0.091622 0.926942 0.087513 0.924995 0.084251 0.923432 0.082332 0.913755 0.075833 0.869571 0.095967
0 0.868876 0.476881 0.877959 0.515836 0.882328 0.516019 0.929615 0.504995 0.933644 0.495189 0.934009 0.494287 0.933900 0.491726 0.933333 0.487895 0.932395 0.483378 0.931229 0.478870 0.930015 0.475063 0.928938 0.472540 0.928164 0.471682 0.920427 0.465589 0.915623 0.465982
0 0.655892 0.805211 0.658748 0.845109 0.660583 0.849098 0.709014 0.845631 0.715765 0.835009 0.715985 0.834534 0.716040 0.832293 0.715921 0.828625 0.715647 0.824089 0.715260 0.819381 0.714818 0.815227 0.714390 0.812261 0.714042 0.810933 0.703769 0.801783
0 0.425392 0.517692 0.425495 0.518666 0.426574 0.520211 0.428464 0.522091 0.440114 0.531898 0.505152 0.579123 0.518105 0.587181 0.520486 0.588402 0.522301 0.588959 0.523274 0.588766 0.568727 0.525470 0.568747 0.524506 0.567773 0.522970 0.565955 0.521094 0.563568 0.519166 0.479039 0.457789 0.476464 0.456114 0.474110 0.454960 0.472335 0.454501 0.471410 0.454807
0 0.349608 0.311310 0.349852 0.311626 0.350814 0.312856 0.354218 0.317204 0.361493 0.326495 0.411106 0.389838 0.420552 0.401893 0.422198 0.403993 0.423329 0.405435 0.423772 0.405998 0.486897 0.356555 0.486509 0.355948 0.485425 0.354470 0.483811 0.352346 0.481912 0.349899 0.417488 0.267648 0.415606 0.265268 0.414042 0.263333 0.413033 0.262140 0.412733 0.261868
0 0.568032 0.259752 0.647237 0.272237 0.647461 0.271434 0.647842 0.269544 0.648322 0.266855 0.650877 0.251582 0.663405 0.172104 0.665545 0.157594 0.665869 0.155191 0.666016 0.153729 0.665966 0.153430 0.586760 0.140944 0.586590 0.141861 0.586255 0.143841 0.585808 0.146582 0.585317 0.149667 0.569122 0.252399 0.568658 0.255380 0.568287 0.257824 0.568067 0.259360
0 0.144590 0.562551 0.145005 0.565159 0.145972 0.568073 0.185704 0.664684 0.187069 0.667441 0.188616 0.669603 0.190109 0.670840 0.191319 0.670965 0.261701 0.642276 0.262389 0.641292 0.262506 0.639325 0.262034 0.636676 0.257663 0.622062 0.227092 0.547729 0.219899 0.534222 0.218363 0.531990 0.216886 0.530648 0.215692 0.530403 0.145576 0.559738 0.144791 0.560648
0 0.543543 0.683819 0.546532 0.723805 0.546751 0.724835 0.586920 0.721832 0.583917 0.681662 0.583528 0.680829
0 0.063914 0.600397 0.079787 0.637419 0.081712 0.636790 0.118566 0.620989 0.102765 0.584136 0.100937 0.584524
0 0.546467 0.422205 0.581500 0.441712 0.581875 0.441444 0.601472 0.406250 0.566278 0.386653 0.565975 0.387173
0 0.893857 0.754065 0.896228 0.793995 0.898048 0.795345 0.938161 0.792963 0.935778 0.752850 0.933786 0.751694
0 0.177326 0.115935 0.178801 0.117691 0.211693 0.140453 0.234455 0.107560 0.233236 0.105758 0.200192 0.082892
