0 0.104179 0.790474 0.105550 0.802259 0.106926 0.804703 0.109375 0.808067 0.112525 0.811836 0.140915 0.843918 0.144274 0.847504 0.147317 0.850347 0.149578 0.852013 0.161098 0.854795 0.173962 0.843411 0.196319 0.819863 0.143303 0.759952 0.117043 0.779090
0 0.355273 0.108191 0.367044 0.155298 0.368563 0.159237 0.377686 0.163622 0.378737 0.163843 0.381405 0.163585 0.385280 0.162890 0.389775 0.161862 0.428671 0.152143 0.433119 0.150935 0.436858 0.149728 0.439323 0.148703 0.440134 0.148017 0.446177 0.139843 0.445555 0.135679 0.433783 0.088573
0 0.768400 0.156288 0.783566 0.201829 0.859468 0.176552 0.863624 0.172813 0.848282 0.126745 0.835517 0.123115 0.833404 0.123521 0.829928 0.124479 0.825618 0.125845 0.787317 0.138600 0.782845 0.140159 0.778909 0.141669 0.776111 0.142898 0.774875 0.143660
0 0.693466 0.915011 0.697991 0.924718 0.702890 0.932469 0.704069 0.933250 0.706890 0.934322 0.710924 0.935521 0.715556 0.936663 0.720073 0.937573 0.723780 0.938109 0.726113 0.938193 0.737935 0.933675 0.748683 0.885742 0.742999 0.876925 0.703968 0.868173
0 0.528865 0.536749 0.533535 0.547801 0.534440 0.548189 0.536932 0.549171 0.540634 0.550596 0.544980 0.552248 0.582742 0.566520 0.587054 0.568141 0.590661 0.569477 0.593010 0.570326 0.593746 0.570558 0.604898 0.565784 0.622064 0.520364 0.546365 0.491754 0.545835 0.491848
0 0.826445 0.232470 0.837717 0.258277 0.844741 0.267568 0.879251 0.247095 0.868293 0.221113 0.861135 0.211890 0.842278 0.222500
0 0.538226 0.646491 0.540043 0.686547 0.540227 0.687406 0.580468 0.685581 0.578643 0.645340 0.578283 0.644674
0 0.885297 0.789167 0.914230 0.816927 0.916137 0.818386 0.944026 0.789319 0.914959 0.761431 0.913057 0.760233
0 0.393907 0.463475 0.417034 0.496457 0.417414 0.496473 0.450244 0.473451 0.427223 0.440621 0.426888 0.440348
0 0.455913 0.199262 0.456417 0.202699 0.496152 0.207296 0.501669 0.159614 0.501688 0.155679 0.494668 0.148241 0.493748 0.147671 0.491135 0.146974 0.487227 0.146258 0.482619 0.145632 0.478021 0.145193 0.474139 0.145008 0.471565 0.145104 0.470690 0.145467 0.461494 0.151029
0 0.599576 0.701684 0.602238 0.714395 0.603144 0.715180 0.605460 0.716850 0.608832 0.719152 0.612748 0.721735 0.616604 0.724201 0.619807 0.726171 0.621870 0.727345 0.622480 0.727545 0.634658 0.726059 0.661110 0.685341 0.659268 0.683223 0.625725 0.661432
0 0.884218 0.271711 0.895172 0.310182 0.941337 0.297038 0.946439 0.294692 0.949892 0.285792 0.950235 0.284625 0.950022 0.281861 0.949284 0.277919 0.948133 0.273403 0.946746 0.269007 0.945336 0.265405 0.944120 0.263148 0.935359 0.255776 0.888660 0.269072
0 0.119606 0.835843 0.137829 0.880849 0.175334 0.865663 0.179044 0.861484 0.161029 0.816992 0.148415 0.813910 0.148028 0.813841 0.146001 0.814470 0.142648 0.815701 0.138475 0.817345 0.134112 0.819156 0.130219 0.820860 0.127384 0.822199 0.126041 0.822969
0 0.382096 0.244002 0.387678 0.256056 0.432222 0.273938 0.447124 0.236817 0.446513 0.233774 0.401453 0.215686 0.391089 0.221602 0.390602 0.222087 0.389502 0.224210 0.387956 0.227648 0.386200 0.231877 0.384504 0.236248 0.383128 0.240088 0.382283 0.242810
0 0.665222 0.374536 0.684466 0.409603 0.738776 0.425425 0.742097 0.424388 0.777651 0.404877 0.758139 0.369323 0.703073 0.353280 0.667519 0.372792
0 0.630278 0.489046 0.650720 0.507518 0.693709 0.544287 0.716957 0.563182 0.748410 0.526407 0.741504 0.509224 0.741123 0.508637 0.739396 0.506938 0.736584 0.504384 0.733116 0.501365 0.689626 0.464169 0.686046 0.461159 0.682917 0.458631 0.680715 0.456971 0.679777 0.456429 0.661731 0.452271
0 0.754469 0.509102 0.762451 0.548298 0.809628 0.579512 0.813933 0.580618 0.853674 0.572525 0.845581 0.532785 0.797748 0.501137 0.793665 0.501121
0 0.327221 0.348282 0.343138 0.357749 0.344263 0.357988 0.347049 0.358292 0.351070 0.358615 0.355715 0.358908 0.412461 0.362061 0.417046 0.362281 0.420893 0.362395 0.423419 0.362386 0.424237 0.362255 0.441104 0.354610 0.443789 0.306293 0.414623 0.303107 0.357214 0.299917 0.329906 0.299965
0 0.326115 0.411980 0.327361 0.445173 0.327609 0.448683 0.332478 0.492266 0.340716 0.500326 0.342089 0.500246 0.345085 0.500048 0.349251 0.499760 0.353948 0.499427 0.358455 0.499101 0.362079 0.498830 0.364268 0.498657 0.364693 0.498607 0.394873 0.488298 0.395904 0.487651 0.397147 0.485940 0.398413 0.483428 0.399510 0.480494 0.400273 0.477583 0.400586 0.475135 0.400400 0.473523 0.366401 0.409179 0.362944 0.409171 0.359434 0.409333 0.351829 0.409783 0.343687 0.410336 0.332957 0.411158 0.326297 0.411776
0 0.042087 0.364843 0.042715 0.367105 0.044670 0.370869 0.049565 0.378640 0.055764 0.387875 0.059778 0.393542 0.062873 0.397563 0.063857 0.398553 0.136856 0.387554 0.138037 0.386591 0.139648 0.384769 0.141443 0.382365 0.143147 0.379748 0.144498 0.377318 0.145292 0.375446 0.145408 0.374418 0.134613 0.343308 0.133779 0.341797 0.132074 0.339008 0.129758 0.335365 0.127180 0.331417 0.124731 0.327761 0.122779 0.324949 0.121622 0.323409 0.109740 0.321371 0.096991 0.329267 0.072827 0.344272 0.069874 0.346179
0 0.725354 0.788836 0.725539 0.791509 0.726058 0.794570 0.726829 0.797549 0.727737 0.799989 0.728640 0.801519 0.729402 0.801906 0.759279 0.816806 0.761038 0.817611 0.764319 0.818580 0.768623 0.819564 0.773291 0.820411 0.777605 0.820993 0.780903 0.821218 0.782683 0.821055 0.792037 0.814180 0.795019 0.798986 0.800608 0.770310 0.801214 0.766864 0.806274 0.734472 0.805134 0.733510 0.797892 0.731673 0.787108 0.729552 0.779248 0.728274 0.772174 0.727393 0.769082 0.727198 0.766691 0.727795 0.726037 0.786157 0.725529 0.786956
0 0.926223 0.189390 0.935057 0.220061 0.935689 0.222178 0.937129 0.225480 0.939156 0.229466 0.941465 0.233534 0.943708 0.237072 0.945545 0.239543 0.946697 0.240570 0.957569 0.243150 0.996762 0.223338 0.999842 0.221623 1.000000 0.214740 1.000000 0.168864 0.935696 0.176626 0.934513 0.177160 0.932824 0.178622 0.930888 0.180791 0.929000 0.183335 0.927451 0.185863 0.926475 0.187989
0 0.793790 0.428673 0.799856 0.430267 0.810110 0.432365 0.818121 0.433773 0.825864 0.434919 0.829630 0.435335 0.834034 0.435321 0.873524 0.375967 0.874168 0.374214 0.874328 0.371627 0.873981 0.368599 0.873178 0.365595 0.872043 0.363074 0.870750 0.361422 0.841029 0.345674 0.838371 0.344839 0.834441 0.343910 0.829843 0.343029 0.825283 0.342331 0.821461 0.341923 0.818960 0.341868 0.818158 0.342172 0.808874 0.349534 0.799369 0.392106 0.798746 0.395550 0.796682 0.409018
