0 0.215633 0.113794 0.218160 0.194121 0.219449 0.195520 0.459330 0.187971 0.456814 0.108011 0.456616 0.106210
0 0.537852 0.074392 0.690984 0.259949 0.752836 0.208904 0.754000 0.207565 0.600162 0.021154 0.538025 0.072434
0 0.363877 0.297920 0.363894 0.298891 0.364858 0.300491 0.366622 0.302476 0.368918 0.304542 0.371395 0.306373 0.373671 0.307689 0.375401 0.308289 0.446955 0.299370 0.448490 0.297046 0.449703 0.294050 0.452132 0.287198 0.454592 0.279588 0.457673 0.269151 0.459413 0.262145 0.459149 0.261048 0.428003 0.250498 0.424662 0.249452 0.396657 0.241497 0.381814 0.237322 0.371396 0.242385 0.370468 0.244061 0.369181 0.247220 0.367731 0.251380 0.366342 0.255903 0.365227 0.260094 0.364556 0.263309 0.364431 0.265062
0 0.536490 0.473529 0.536730 0.473957 0.567567 0.485744 0.570878 0.486891 0.612680 0.499501 0.613379 0.499523 0.623501 0.495225 0.623932 0.494937 0.624909 0.492968 0.626286 0.489612 0.627851 0.485381 0.629366 0.480926 0.630595 0.476929 0.631353 0.474006 0.631523 0.472598 0.632981 0.440761 0.632993 0.439569 0.632075 0.437762 0.630368 0.435616 0.628130 0.433459 0.625705 0.431621 0.623464 0.430383 0.621750 0.429934 0.549986 0.435835 0.548378 0.439008 0.547079 0.442270 0.544459 0.449354 0.541787 0.456966 0.538420 0.467088
0 0.140286 0.401841 0.143452 0.413117 0.144837 0.414130 0.147643 0.415817 0.151441 0.417919 0.155648 0.420116 0.159619 0.422068 0.162744 0.423476 0.164548 0.424128 0.197070 0.431202 0.197962 0.431221 0.199655 0.430447 0.201890 0.428997 0.204327 0.427091 0.206592 0.425023 0.208338 0.423108 0.209299 0.421640 0.213075 0.349003 0.211334 0.347636 0.208694 0.346093 0.202482 0.342662 0.195460 0.338921 0.185678 0.333873 0.178944 0.330579 0.177615 0.330217 0.161752 0.359196 0.160126 0.362300 0.147141 0.388156
0 0.306295 0.782732 0.306512 0.794112 0.307765 0.795993 0.310187 0.798726 0.313410 0.801891 0.316939 0.805003 0.320232 0.807584 0.322783 0.809239 0.354486 0.823422 0.356406 0.823402 0.358984 0.822741 0.361827 0.821539 0.364499 0.819981 0.366591 0.818305 0.367784 0.816767 0.389731 0.749063 0.387938 0.745748 0.385609 0.743080 0.380276 0.737704 0.374348 0.732229 0.366210 0.725335 0.360740 0.721392 0.359872 0.721898 0.337214 0.745456 0.334873 0.748052 0.307033 0.781567
0 0.863497 0.153057 0.863674 0.160878 0.866832 0.168034 0.872487 0.173439 0.879781 0.176267 0.887602 0.176090 0.894759 0.172932 0.895438 0.172369 0.900852 0.166704 0.903685 0.159398 0.903508 0.151564 0.900344 0.144395 0.894679 0.138981 0.887373 0.136147 0.879539 0.136325 0.872370 0.139488 0.871730 0.140108 0.866325 0.145763
0 0.610395 0.778506 0.610692 0.786327 0.610883 0.786820 0.614154 0.793944 0.619904 0.799273 0.627255 0.801997 0.635089 0.801699 0.642213 0.798427 0.647542 0.792678 0.650266 0.785327 0.649969 0.777493 0.646697 0.770369 0.646444 0.769904 0.640704 0.764584 0.633366 0.761865 0.625546 0.762162 0.618434 0.765428 0.613114 0.771168
0 0.137886 0.444069 0.139930 0.451637 0.144716 0.457846 0.151513 0.461753 0.159287 0.462759 0.159873 0.462823 0.167429 0.460783 0.173628 0.456005 0.177527 0.449220 0.178532 0.441459 0.176492 0.433903 0.171714 0.427705 0.164929 0.423805 0.164351 0.423674 0.156577 0.422668 0.149009 0.424711 0.142799 0.429497 0.138893 0.436294
0 0.720830 0.334515 0.720904 0.336255 0.721399 0.338790 0.722241 0.341735 0.754552 0.441074 0.755606 0.443961 0.756706 0.446329 0.757683 0.447819 0.758389 0.448205 0.834102 0.423766 0.834367 0.423007 0.834211 0.421199 0.833661 0.418618 0.829663 0.403972 0.804803 0.327539 0.799396 0.313271 0.798314 0.310833 0.797363 0.309239 0.796687 0.308733 0.721190 0.333836
0 0.637872 0.760807 0.637916 0.762737 0.638016 0.763577 0.718155 0.766259 0.718367 0.765882 0.718587 0.764340 0.718783 0.761867 0.719580 0.747074 0.722271 0.666659 0.722483 0.651319 0.722460 0.648640 0.722352 0.646790 0.722178 0.646052 0.642040 0.643369 0.641895 0.643853 0.641732 0.645481 0.641575 0.648003 0.641448 0.651037 0.637969 0.754979 0.637890 0.758084
0 0.018815 0.481425 0.052904 0.502887 0.054952 0.502874 0.076316 0.468941 0.042384 0.447578 0.040277 0.447336
0 0.319720 0.430668 0.331510 0.469186 0.332282 0.469328 0.370623 0.457592 0.358888 0.419250 0.358238 0.418879
0 0.167001 0.877391 0.187130 0.912345 0.196351 0.907771 0.222720 0.890642 0.202696 0.855869 0.193532 0.860568
0 0.078838 0.493337 0.088661 0.532403 0.090546 0.532255 0.129433 0.522477 0.119655 0.483590 0.117904 0.483515
0 0.377393 0.844386 0.401625 0.886273 0.425702 0.875050 0.461496 0.854343 0.475471 0.846258 0.500353 0.829158 0.476121 0.787271 0.457620 0.788075 0.456880 0.788154 0.454663 0.789142 0.451311 0.790885 0.447330 0.793119 0.398136 0.821579 0.394115 0.823974 0.390647 0.826177 0.388257 0.827854 0.387312 0.828748
0 0.609117 0.297985 0.616881 0.337751 0.632608 0.336462 0.669860 0.328611 0.699697 0.281105 0.691967 0.241515 0.676880 0.241577 0.638956 0.249933
0 0.737663 0.750384 0.763918 0.791033 0.790235 0.777825 0.803797 0.769066 0.824972 0.755389 0.838534 0.746629 0.859729 0.729149 0.833474 0.688500 0.815034 0.690209 0.813845 0.690456 0.811297 0.691663 0.807778 0.693642 0.803821 0.696095 0.756081 0.726930 0.752271 0.729493 0.749171 0.731789 0.747250 0.733470
