0 0.660036 0.480371 0.661721 0.482674 0.664224 0.484729 0.670097 0.489012 0.676721 0.493487 0.685933 0.499273 0.692257 0.502766 0.693477 0.502672 0.712082 0.475709 0.713999 0.472787 0.729359 0.447972 0.737464 0.434803 0.735428 0.423440 0.734120 0.422019 0.731474 0.419863 0.727895 0.417302 0.723931 0.414727 0.720192 0.412535 0.717251 0.411062 0.715555 0.410531 0.683120 0.400857 0.681345 0.401304 0.678972 0.402429 0.676363 0.404060 0.673918 0.405948 0.672011 0.407804 0.670932 0.409343
0 0.089829 0.169447 0.090288 0.171699 0.091375 0.174413 0.092923 0.177172 0.094695 0.179555 0.096420 0.181197 0.097835 0.181849 0.128663 0.187177 0.131209 0.187253 0.135072 0.187158 0.139667 0.186907 0.144299 0.186538 0.148270 0.186107 0.150978 0.185679 0.152012 0.185318 0.159195 0.176347 0.157539 0.132538 0.157264 0.129030 0.155906 0.115951 0.153731 0.096355 0.153291 0.095596 0.148491 0.094810 0.142785 0.094570 0.133157 0.095081 0.122673 0.096135 0.116764 0.097028 0.113190 0.097952 0.112868 0.098439 0.090066 0.167999
0 0.728795 0.442367 0.729611 0.446608 0.734556 0.468889 0.735735 0.471186 0.737795 0.473358 0.740421 0.475073 0.743212 0.476068 0.745740 0.476192 0.747621 0.475428 0.805878 0.443418 0.809724 0.440862 0.820327 0.432553 0.822187 0.425872 0.821022 0.417390 0.816900 0.409574 0.809733 0.399995 0.804717 0.395589 0.785345 0.402835 0.776906 0.406308 0.734922 0.425922 0.732015 0.430008 0.728982 0.438936
0 0.572590 0.032213 0.572710 0.039908 0.573320 0.050983 0.573953 0.058887 0.574712 0.065834 0.575177 0.068751 0.576063 0.070539 0.642887 0.096464 0.643716 0.096666 0.645522 0.096295 0.648029 0.095409 0.650856 0.094141 0.653569 0.092686 0.655753 0.091266 0.657074 0.090099 0.657333 0.089362 0.664287 0.056342 0.664542 0.054293 0.664608 0.050757 0.664475 0.046272 0.664164 0.041526 0.663722 0.037248 0.663217 0.034094 0.662726 0.032546 0.653741 0.025044 0.638357 0.025930 0.609306 0.027604 0.605814 0.027843 0.573044 0.030581
0 0.444817 0.962962 0.478575 0.997861 0.491074 0.995565 0.492949 0.994298 0.495767 0.991937 0.499097 0.988845 0.502427 0.985494 0.505247 0.982402 0.507124 0.980040 0.507775 0.978768 0.508609 0.912514 0.508510 0.907800 0.502948 0.902050 0.445448 0.957671
0 0.805185 0.877172 0.829198 0.909242 0.880508 0.881670 0.904343 0.857340 0.891276 0.839806 0.880170 0.825056 0.854557 0.839281 0.809246 0.873157
0 0.834754 0.707572 0.874293 0.714037 0.889731 0.661032 0.891491 0.625517 0.870413 0.621442 0.851689 0.619009 0.844291 0.645812 0.835133 0.701626
0 0.205983 0.754680 0.210412 0.815430 0.218808 0.846306 0.258605 0.839765 0.256002 0.809238 0.246848 0.753393 0.245517 0.748182
0 0.262599 0.764871 0.298056 0.798043 0.310956 0.796295 0.311335 0.796015 0.312915 0.794432 0.315458 0.791784 0.318576 0.788477 0.321790 0.785017 0.324604 0.781937 0.326591 0.779708 0.327447 0.778669 0.327692 0.765427 0.292640 0.732634 0.265312 0.761844
0 0.225592 0.072819 0.225715 0.073036 0.226793 0.074784 0.228664 0.077799 0.231041 0.081623 0.233561 0.085667 0.235834 0.089310 0.237515 0.091994 0.238346 0.093312 0.251285 0.097937 0.292037 0.072573 0.289632 0.067632 0.268252 0.033279 0.227029 0.058936
0 0.562083 0.457001 0.576793 0.502691 0.577681 0.502723 0.616196 0.490323 0.601317 0.444104 0.590456 0.438753 0.589700 0.438954 0.587304 0.439690 0.583631 0.440848 0.579241 0.442253 0.574809 0.443688 0.571017 0.444933 0.568444 0.445797 0.567479 0.446150
0 0.605084 0.207814 0.609765 0.219893 0.654918 0.236179 0.656709 0.233129 0.670437 0.195066 0.624762 0.178592 0.613274 0.185108 0.613111 0.185557 0.609556 0.195411 0.606543 0.203766
0 0.700923 0.661869 0.710925 0.700699 0.713871 0.703496 0.753241 0.693354 0.782471 0.643841 0.772330 0.604470 0.768581 0.603035 0.729751 0.613037
0 0.032544 0.305135 0.032808 0.307423 0.033640 0.311034 0.034913 0.315415 0.052109 0.369998 0.053623 0.374462 0.055141 0.378309 0.056429 0.380950 0.057293 0.381986 0.070399 0.395069 0.116554 0.380528 0.111153 0.354516 0.098928 0.315712 0.094155 0.300562 0.082280 0.271740 0.036125 0.286281
0 0.405395 0.256038 0.406067 0.256408 0.407814 0.257036 0.410368 0.257824 0.413342 0.258654 0.513840 0.285414 0.516801 0.286165 0.519319 0.286727 0.521012 0.287015 0.521620 0.286986 0.542252 0.209503 0.541699 0.209090 0.540048 0.208426 0.537549 0.207610 0.534583 0.206767 0.433623 0.179884 0.430663 0.179149 0.428180 0.178638 0.426552 0.178429 0.426027 0.178554
0 0.293532 0.559674 0.293756 0.562284 0.294347 0.564045 0.295216 0.564689 0.371505 0.574409 0.372460 0.573830 0.373414 0.572123 0.374225 0.569549 0.377356 0.554576 0.386980 0.474780 0.387489 0.459566 0.387311 0.456900 0.386785 0.455056 0.385989 0.454315 0.309617 0.445288 0.308614 0.445756 0.307616 0.447366 0.306775 0.449876 0.306221 0.452902 0.293713 0.556613
0 0.075875 0.494091 0.082650 0.533799 0.084563 0.533644 0.124089 0.526900 0.117345 0.487374 0.115584 0.487316
0 0.558836 0.374081 0.577970 0.409318 0.613208 0.390183 0.613729 0.389678 0.594506 0.354278 0.559107 0.373501
0 0.905520 0.173494 0.941189 0.191809 0.943220 0.190391 0.961620 0.154557 0.925786 0.136157 0.923835 0.137824
0 0.390786 0.745447 0.420845 0.772114 0.447513 0.742055 0.447753 0.740949 0.417831 0.714403 0.391285 0.744325
