0 0.184926 0.895409 0.192336 0.945293 0.232368 0.943670 0.232568 0.937275 0.230254 0.880786 0.226896 0.855558 0.207712 0.854765 0.186598 0.857192
0 0.809876 0.045257 0.836918 0.084914 0.903014 0.039843 0.907673 0.034524 0.903114 0.027838 0.846888 0.017204 0.833111 0.017329 0.831318 0.018266 0.828321 0.020117 0.824578 0.022602 0.820665 0.025338 0.817182 0.027905 0.814662 0.029910 0.813488 0.031048
0 0.493045 0.136999 0.493125 0.141147 0.496127 0.148563 0.548215 0.170628 0.559158 0.173639 0.559930 0.173725 0.562283 0.173110 0.565854 0.171889 0.570103 0.170247 0.574389 0.168433 0.578065 0.166720 0.580574 0.165367 0.581532 0.164581 0.585291 0.155617 0.586277 0.151635 0.568055 0.106629
0 0.613840 0.634411 0.614362 0.635028 0.654137 0.640748 0.659857 0.600974 0.659126 0.600512 0.619534 0.594818
0 0.334550 0.405277 0.335297 0.445552 0.336052 0.445802 0.376143 0.445057 0.375398 0.404967 0.374825 0.404529
0 0.375178 0.395358 0.375909 0.435454 0.416022 0.434758 0.416326 0.434308 0.415587 0.394047 0.375294 0.394727
0 0.678680 0.020543 0.715603 0.035930 0.716593 0.033799 0.732050 0.000000 0.694067 0.000000 0.679501 0.018342
0 0.051310 0.936777 0.132212 0.944941 0.137268 0.938824 0.141295 0.898930 0.061505 0.890877 0.055393 0.896326
0 0.895537 0.622311 0.917503 0.655741 0.927269 0.659384 0.968322 0.632408 0.968472 0.619470 0.967547 0.617388 0.965719 0.614156 0.963269 0.610268 0.960571 0.606321 0.958041 0.602922 0.956067 0.600590 0.954948 0.599679 0.949719 0.598534 0.935652 0.595952
0 0.690122 0.775111 0.690366 0.775521 0.691562 0.777411 0.693524 0.780491 0.695956 0.784294 0.717578 0.818055 0.720118 0.822015 0.722389 0.825544 0.724046 0.828108 0.724837 0.829315 0.737742 0.833396 0.778630 0.807209 0.734985 0.739062 0.732300 0.736330 0.691879 0.762218
0 0.639154 0.512766 0.647199 0.522077 0.648309 0.522189 0.651088 0.522449 0.655113 0.522819 0.659770 0.523242 0.699975 0.526873 0.704537 0.527282 0.708293 0.527615 0.710669 0.527819 0.711306 0.527865 0.721360 0.520191 0.725727 0.471833 0.645130 0.464555 0.643471 0.464960
0 0.750353 0.924259 0.751506 0.926212 0.815259 0.975466 0.963022 0.784205 0.899269 0.734951 0.897439 0.733873
0 0.307548 0.885036 0.309572 0.898645 0.351047 0.923892 0.372087 0.889330 0.373548 0.884880 0.332548 0.859922 0.320099 0.864418 0.319859 0.864721 0.318703 0.866544 0.316809 0.869604 0.314463 0.873439 0.312021 0.877470 0.309850 0.881087 0.308279 0.883745
0 0.057387 0.137205 0.089842 0.173320 0.094529 0.177054 0.103898 0.176178 0.105102 0.175992 0.107484 0.174609 0.110679 0.172243 0.114205 0.169252 0.117528 0.166088 0.120148 0.163228 0.121667 0.161105 0.124281 0.150317 0.092197 0.114615 0.087483 0.110160
0 0.697950 0.627378 0.700702 0.629149 0.738982 0.642546 0.752379 0.604266 0.748918 0.602836 0.711163 0.589623
0 0.817820 0.410104 0.817847 0.413241 0.818042 0.417466 0.818375 0.422140 0.818795 0.426558 0.819240 0.430053 0.819641 0.432094 0.829630 0.462708 0.830448 0.463687 0.832299 0.464883 0.834901 0.466113 0.837856 0.467190 0.840712 0.467949 0.843032 0.468272 0.844462 0.468113 0.909653 0.433660 0.910019 0.432690 0.910303 0.428201 0.910237 0.421664 0.909672 0.410803 0.908767 0.401469 0.907773 0.396694 0.906444 0.393492 0.872856 0.395113 0.869348 0.395379 0.841231 0.398545 0.826429 0.400276 0.825802 0.400450 0.817964 0.408533
