0 0.332829 0.625935 0.356477 0.668342 0.368493 0.670922 0.369122 0.670700 0.371266 0.669614 0.374600 0.667828 0.378615 0.665615 0.413873 0.645954 0.417942 0.643659 0.421432 0.641640 0.423808 0.640206 0.424711 0.639573 0.427988 0.627456 0.404611 0.585533 0.334740 0.624495
0 0.033565 0.713812 0.034594 0.725224 0.035717 0.727520 0.037832 0.730750 0.040617 0.734421 0.065932 0.765866 0.068952 0.769405 0.071737 0.772260 0.073859 0.773996 0.074998 0.774350 0.084313 0.776847 0.089064 0.773683 0.126453 0.743582 0.076285 0.681267 0.071386 0.683363
0 0.834276 0.575738 0.867613 0.597845 0.876212 0.600133 0.903360 0.559194 0.899011 0.547144 0.898769 0.546693 0.897010 0.545279 0.893999 0.543118 0.890197 0.540538 0.886186 0.537936 0.882584 0.535713 0.879942 0.534208 0.878660 0.533649 0.874308 0.533262 0.860804 0.535735
0 0.183960 0.470911 0.226047 0.496244 0.232309 0.496330 0.242244 0.493823 0.243057 0.493046 0.244689 0.490817 0.246892 0.487480 0.249332 0.483540 0.251641 0.479591 0.253470 0.476229 0.254542 0.473964 0.254692 0.473143 0.252936 0.462059 0.211811 0.437305 0.205070 0.435839
0 0.129913 0.682196 0.184865 0.741602 0.188467 0.738841 0.223703 0.706246 0.222927 0.695720 0.222669 0.694788 0.221206 0.692655 0.218764 0.689646 0.215712 0.686218 0.188488 0.656787 0.185280 0.653448 0.182393 0.650696 0.180264 0.648946 0.179218 0.648468 0.169379 0.647519 0.165557 0.649224
0 0.620448 0.127131 0.631488 0.165679 0.670035 0.154640 0.697543 0.105053 0.700302 0.099546 0.689109 0.060461 0.650024 0.071654 0.629964 0.107814 0.622132 0.121932
0 0.226766 0.743003 0.245033 0.787814 0.263470 0.789552 0.264010 0.789587 0.266180 0.788921 0.269650 0.787651 0.273891 0.785974 0.326884 0.764371 0.331231 0.762548 0.335001 0.760866 0.337618 0.759581 0.338685 0.758890 0.350653 0.744758 0.332386 0.699947 0.307549 0.709008 0.292840 0.715004 0.255166 0.730362
0 0.462934 0.047035 0.474182 0.076775 0.480330 0.091421 0.489929 0.114288 0.496078 0.128934 0.507083 0.152203 0.551702 0.133472 0.553249 0.115018 0.552962 0.113658 0.552004 0.110800 0.550519 0.106877 0.548734 0.102489 0.526583 0.049723 0.524779 0.045559 0.523237 0.042273 0.522195 0.040365 0.507553 0.028304
0 0.572548 0.169063 0.572787 0.170353 0.573659 0.173151 0.575030 0.177027 0.576692 0.181396 0.578394 0.185599 0.579879 0.189000 0.580922 0.191086 0.581365 0.191533 0.591734 0.197638 0.636418 0.180105 0.637995 0.176407 0.623215 0.138740 0.578015 0.156476
0 0.538863 0.065879 0.568871 0.092327 0.595319 0.062318 0.596645 0.056232 0.566219 0.029417 0.539403 0.059842
0 0.112373 0.369119 0.132259 0.413414 0.145214 0.418415 0.146518 0.418147 0.149294 0.417170 0.153116 0.415633 0.157406 0.413770 0.161516 0.411861 0.164827 0.410196 0.166836 0.409026 0.167235 0.408529 0.172953 0.398021 0.153294 0.354232 0.149286 0.352546
0 0.399276 0.714316 0.399621 0.715385 0.400871 0.717867 0.402838 0.721386 0.405221 0.725404 0.407654 0.729304 0.409763 0.732485 0.411226 0.734463 0.411820 0.734938 0.422862 0.738742 0.464345 0.713508 0.464752 0.711068 0.443965 0.676894 0.402956 0.701839 0.401834 0.704172
0 0.662332 0.959636 0.662465 0.960373 0.666542 0.962966 0.671632 0.965545 0.680543 0.969232 0.690421 0.972885 0.696094 0.974727 0.699660 0.975562 0.700124 0.975345 0.750785 0.922813 0.751647 0.921571 0.752225 0.919314 0.752432 0.916385 0.752234 0.913233 0.751662 0.910340 0.750804 0.908148 0.749792 0.906992 0.724403 0.888667 0.722112 0.887558 0.718568 0.886012 0.714311 0.884265 0.709981 0.882579 0.706232 0.881209 0.703633 0.880362 0.702579 0.880169 0.692187 0.885178 0.674654 0.925333 0.673378 0.928611 0.668895 0.941027
0 0.132513 0.079382 0.137127 0.090406 0.137338 0.090685 0.139231 0.091575 0.142512 0.092940 0.146683 0.094572 0.151112 0.096224 0.155131 0.097648 0.158134 0.098628 0.159663 0.099014 0.192643 0.102881 0.193532 0.102476 0.195110 0.101236 0.197137 0.099348 0.199303 0.097101 0.201277 0.094839 0.202756 0.092909 0.203516 0.091604 0.197753 0.017669 0.196411 0.016810 0.191582 0.014510 0.185015 0.011728 0.174549 0.007647 0.165963 0.004637 0.162090 0.003729 0.160138 0.003904 0.148203 0.035232 0.146998 0.038535
0 0.695348 0.128987 0.695575 0.129823 0.696663 0.131366 0.698447 0.133380 0.700654 0.135558 0.702946 0.137567 0.704973 0.139098 0.706425 0.139918 0.707082 0.139904 0.779613 0.134515 0.780179 0.133079 0.782088 0.128128 0.784629 0.121488 0.788620 0.110999 0.791839 0.102483 0.793219 0.098761 0.793812 0.097055 0.762874 0.084953 0.759588 0.083722 0.718336 0.068723 0.707418 0.073292 0.706781 0.074716 0.705596 0.077653 0.704045 0.081653 0.702365 0.086105 0.700814 0.090323 0.699631 0.093661 0.698994 0.095611
0 0.420797 0.318088 0.421092 0.319369 0.421901 0.321525 0.423100 0.324227 0.424506 0.327063 0.471748 0.417534 0.473115 0.420011 0.474249 0.421780 0.474976 0.422572 0.546830 0.387469 0.546978 0.387196 0.546586 0.385872 0.545712 0.383698 0.544492 0.381006 0.537624 0.366802 0.501842 0.297168 0.495174 0.285040 0.494046 0.283165 0.493328 0.282246 0.421059 0.317876
0 0.331072 0.739376 0.333324 0.754572 0.359690 0.831308 0.367402 0.845114 0.369295 0.847365 0.371420 0.848671 0.373454 0.848832 0.432797 0.823883 0.434447 0.822870 0.435450 0.820856 0.435653 0.818145 0.435023 0.815152 0.401111 0.716454 0.399749 0.713650 0.397868 0.711476 0.395756 0.710264 0.393736 0.710198 0.333801 0.733424 0.332195 0.734511 0.331238 0.736602
0 0.389887 0.248741 0.417099 0.320182 0.418020 0.320842 0.419945 0.320964 0.422579 0.320529 0.437230 0.316449 0.512312 0.287764 0.526064 0.280993 0.528359 0.279544 0.529777 0.278146 0.530098 0.277011 0.502233 0.205819 0.501388 0.205064 0.499529 0.204860 0.496937 0.205238 0.494009 0.206141 0.396426 0.243423 0.393626 0.244708 0.391401 0.246170 0.390088 0.247587
0 0.538287 0.849525 0.589122 0.911534 0.589673 0.911508 0.591086 0.910711 0.593147 0.909263 0.595542 0.907384 0.676339 0.841147 0.678687 0.839138 0.680613 0.837317 0.681824 0.835963 0.682136 0.835282 0.631301 0.773273 0.630715 0.773420 0.629275 0.774317 0.627204 0.775827 0.624814 0.777720 0.544386 0.843654 0.542026 0.845655 0.540038 0.847473 0.538725 0.848832
