0 0.123857 0.976538 0.124553 0.977044 0.189846 1.000000 0.203980 1.000000 0.243199 0.929957 0.249244 0.916712 0.250013 0.914419 0.250110 0.912872 0.249517 0.912309 0.183239 0.872068 0.181996 0.872539 0.180345 0.874007 0.178536 0.876248 0.176846 0.878920 0.125872 0.970102 0.124570 0.972781 0.123862 0.975041
0 0.262368 0.110986 0.262437 0.111604 0.263626 0.112594 0.265756 0.113805 0.268501 0.115052 0.365110 0.154789 0.368035 0.155875 0.370675 0.156625 0.372626 0.156927 0.373593 0.156735 0.402545 0.082569 0.402357 0.081973 0.401063 0.081002 0.398864 0.079805 0.385443 0.073507 0.311111 0.042933 0.296412 0.037664 0.293731 0.036854 0.291715 0.036464 0.290674 0.036555
0 0.594814 0.566117 0.595063 0.568023 0.595735 0.568876 0.670090 0.588698 0.671141 0.588386 0.672352 0.586940 0.673538 0.584580 0.674517 0.581665 0.701741 0.480813 0.702359 0.477808 0.702517 0.475189 0.702192 0.473356 0.701432 0.472588 0.627259 0.452091 0.626241 0.452522 0.625059 0.454070 0.623894 0.456498 0.618665 0.470858 0.597719 0.548455 0.595024 0.563450
0 0.459624 0.762915 0.459757 0.764163 0.460246 0.767028 0.461014 0.771074 0.461947 0.775683 0.470155 0.815209 0.471105 0.819662 0.471925 0.823266 0.472489 0.825469 0.472712 0.825939 0.482618 0.833998 0.530159 0.824125 0.529814 0.820421 0.513548 0.742092 0.466550 0.751852
0 0.213723 0.561774 0.242980 0.637226 0.288251 0.619671 0.290671 0.618304 0.294529 0.608391 0.294468 0.607393 0.293754 0.604840 0.292497 0.601123 0.290887 0.596805 0.276393 0.559425 0.274670 0.555148 0.273089 0.551547 0.271891 0.549169 0.271258 0.548377 0.261748 0.543715 0.258994 0.544220
0 0.252571 0.369512 0.261885 0.378953 0.263115 0.379129 0.265990 0.379311 0.270066 0.379471 0.274728 0.379585 0.314814 0.380303 0.319368 0.380354 0.323139 0.380335 0.325554 0.380248 0.326242 0.380107 0.335386 0.372436 0.336246 0.324444 0.334353 0.322415 0.253441 0.320964
0 0.141970 0.581018 0.142118 0.585722 0.146354 0.667293 0.148472 0.708078 0.150590 0.748863 0.152708 0.789648 0.153043 0.794252 0.153512 0.797994 0.154042 0.800304 0.161644 0.810315 0.177996 0.809466 0.185356 0.802392 0.172910 0.562715 0.156931 0.563545 0.148906 0.565031 0.142733 0.573230 0.142304 0.574257 0.142036 0.576991
0 0.394157 0.188686 0.394642 0.190114 0.458790 0.238241 0.603174 0.045799 0.603648 0.043707 0.539205 0.000000 0.539026 0.000000
0 0.709557 0.200292 0.942886 0.258935 0.944925 0.257824 0.964561 0.179690 0.730160 0.120778 0.729105 0.122517
0 0.644131 0.178568 0.678325 0.243584 0.705773 0.244634 0.710602 0.239795 0.717844 0.183190 0.708990 0.161652 0.706418 0.157873 0.700913 0.150281 0.673394 0.150054
0 0.735504 0.588906 0.771595 0.606301 0.800964 0.556446 0.812973 0.524909 0.794001 0.515724 0.776642 0.507398 0.762177 0.532686 0.737594 0.583641
0 0.628103 0.770304 0.642234 0.783259 0.657884 0.797502 0.682860 0.774773 0.717894 0.728682 0.688310 0.701665 0.684173 0.705539 0.646038 0.747330
0 0.495675 0.876743 0.503837 0.887429 0.542247 0.929845 0.550330 0.930246 0.554336 0.849420 0.553715 0.845427 0.505773 0.843050 0.496870 0.852635 0.496829 0.853086 0.496703 0.855299 0.496512 0.858932 0.496285 0.863436 0.496056 0.868129 0.495860 0.872305 0.495726 0.875331
0 0.739045 0.011999 0.740682 0.019653 0.745123 0.026096 0.751692 0.030351 0.759389 0.031766 0.767042 0.030130 0.773485 0.025688 0.777740 0.019120 0.778218 0.018292 0.779637 0.010582 0.777997 0.002915 0.773548 0.000000 0.744716 0.000000 0.740875 0.003449 0.740461 0.004302
0 0.963978 0.900955 0.964476 0.907090 0.965630 0.913279 0.967261 0.918569 0.969119 0.922146 0.970917 0.923470 0.981160 0.926219 0.986993 0.925456 0.988792 0.924046 0.995248 0.915485 0.995906 0.912945 0.996052 0.909090 0.995665 0.904506 0.994803 0.899887 0.993598 0.895928 0.992231 0.893229 0.990907 0.892201 0.981567 0.885291 0.975750 0.886077 0.966609 0.891388 0.965135 0.892460 0.964210 0.895816
0 0.543673 0.161596 0.563203 0.165036 0.576533 0.167261 0.580002 0.167760 0.623443 0.172219 0.633253 0.165658 0.633637 0.164882 0.634233 0.162393 0.634950 0.158565 0.635679 0.153983 0.636307 0.149350 0.636737 0.145379 0.636905 0.142677 0.636785 0.141654 0.631838 0.109848 0.630599 0.108043 0.628517 0.106136 0.625907 0.104417 0.623171 0.103150 0.620727 0.102529 0.618949 0.102648 0.549709 0.121054 0.548697 0.125505 0.548035 0.129303 0.546811 0.137106 0.545649 0.145173 0.544302 0.155496
0 0.081678 0.343217 0.083015 0.344051 0.090026 0.347124 0.100252 0.351381 0.107612 0.354344 0.114143 0.356871 0.116931 0.357877 0.118826 0.358265 0.171794 0.309271 0.172316 0.308716 0.172761 0.307021 0.173061 0.304442 0.173168 0.301373 0.173068 0.298284 0.172774 0.295648 0.172332 0.293867 0.171811 0.293212 0.145170 0.272794 0.143406 0.271808 0.140235 0.270303 0.136136 0.268507 0.131739 0.266697 0.127721 0.265151 0.124696 0.264105 0.123126 0.263719 0.112401 0.268537 0.106415 0.282608 0.095103 0.309214 0.093770 0.312456
