0 0.154189 0.063030 0.154200 0.063245 0.155147 0.065013 0.156887 0.068068 0.159156 0.071944 0.161603 0.076045 0.163854 0.079741 0.165564 0.082467 0.166473 0.083809 0.179767 0.088748 0.221087 0.064322 0.200731 0.029889 0.197272 0.024454 0.155474 0.049163
0 0.348469 0.860496 0.393912 0.877600 0.405357 0.870911 0.405556 0.870540 0.406374 0.868501 0.407687 0.865101 0.409295 0.860860 0.410951 0.856428 0.412401 0.852488 0.413422 0.849641 0.413859 0.848320 0.409214 0.835848 0.364291 0.818940 0.362722 0.822627
0 0.835405 0.919945 0.840081 0.925799 0.878351 0.939522 0.892074 0.901251 0.886684 0.895735 0.848939 0.882201
0 0.577955 0.851207 0.578857 0.855267 0.584504 0.863256 0.585515 0.863926 0.588177 0.864878 0.592086 0.865965 0.596644 0.867022 0.601152 0.867885 0.604915 0.868422 0.607361 0.868552 0.608118 0.868256 0.618441 0.863650 0.628500 0.816148 0.627032 0.812535 0.587900 0.804248
0 0.555696 0.615665 0.556340 0.617002 0.586228 0.644277 0.618958 0.608412 0.618094 0.596051 0.617571 0.595558 0.615765 0.593897 0.612951 0.591320 0.609557 0.588220 0.606106 0.585073 0.603127 0.582364 0.601076 0.580505 0.600265 0.579780 0.588053 0.580210
0 0.597177 0.670246 0.597696 0.670825 0.599006 0.672178 0.600907 0.674098 0.611802 0.684991 0.668957 0.741621 0.679480 0.751949 0.681241 0.753658 0.682342 0.754694 0.682616 0.754900 0.739052 0.697941 0.738828 0.697685 0.737769 0.696606 0.736035 0.694869 0.733892 0.692739 0.659675 0.619203 0.657463 0.617018 0.655534 0.615126 0.654182 0.613816 0.653613 0.613287
0 0.171255 0.443488 0.171452 0.443809 0.172592 0.444823 0.174501 0.446377 0.186111 0.455497 0.250068 0.504316 0.262424 0.513489 0.264613 0.515063 0.266171 0.516108 0.266861 0.516464 0.315512 0.452726 0.315189 0.452398 0.313947 0.451380 0.311975 0.449830 0.309574 0.447981 0.226905 0.384879 0.224424 0.383001 0.222223 0.381368 0.220636 0.380226 0.219906 0.379750
0 0.432590 0.054984 0.432893 0.055527 0.500196 0.097366 0.501173 0.096889 0.502622 0.095430 0.504321 0.093209 0.506011 0.090566 0.561480 0.000000 0.474537 0.000000 0.440667 0.038141 0.433929 0.051208 0.432955 0.053467
0 0.325433 0.332506 0.326009 0.333536 0.395170 0.366718 0.396227 0.366620 0.397657 0.365435 0.399245 0.363345 0.407045 0.350424 0.442215 0.278153 0.447720 0.263734 0.448442 0.261079 0.448577 0.259047 0.448102 0.257949 0.378636 0.225395 0.377570 0.225372 0.376129 0.226453 0.374534 0.228472 0.373029 0.231124 0.327318 0.325054 0.326140 0.327916 0.325479 0.330533
0 0.438912 0.927978 0.455539 0.938385 0.493369 0.937449 0.533348 0.896828 0.535198 0.857448 0.519555 0.846041 0.481303 0.847332 0.441135 0.888145
0 0.492334 0.472353 0.540068 0.480301 0.551217 0.465514 0.551437 0.464559 0.551926 0.461926 0.552612 0.458013 0.553389 0.453420 0.562788 0.396970 0.563534 0.392415 0.564132 0.388615 0.564492 0.386150 0.564558 0.385392 0.558801 0.367791 0.511067 0.359843 0.506436 0.387050 0.496993 0.443767
0 0.859017 0.192307 0.862619 0.240563 0.880043 0.248152 0.882227 0.248239 0.885843 0.248136 0.890343 0.247858 0.947018 0.243629 0.951738 0.243218 0.955980 0.242735 0.959102 0.242252 0.960627 0.241842 0.976361 0.232075 0.972760 0.183818 0.947974 0.183361 0.890636 0.187640
0 0.698919 0.401680 0.728173 0.440228 0.752948 0.422357 0.798750 0.387599 0.819031 0.371277 0.789778 0.332729 0.771520 0.335827 0.770429 0.336600 0.768042 0.338364 0.764725 0.340850 0.760981 0.343681 0.715708 0.378037 0.712089 0.380795 0.709128 0.383073 0.707276 0.384525 0.706817 0.384929
0 0.342168 0.452804 0.350751 0.459326 0.356565 0.460965 0.356886 0.461054 0.367183 0.455764 0.367835 0.454089 0.368861 0.450938 0.370105 0.446790 0.371378 0.442273 0.372489 0.438068 0.373270 0.434810 0.373601 0.432996 0.367578 0.423124 0.367281 0.422949 0.361467 0.421310 0.350739 0.422398 0.349837 0.424587 0.348437 0.428779 0.346752 0.434338 0.345041 0.440408 0.343568 0.446053 0.342559 0.450407
0 0.870078 0.421759 0.873094 0.426978 0.881618 0.433688 0.882304 0.433568 0.885026 0.432252 0.889375 0.429936 0.894688 0.426972 0.900148 0.423816 0.904914 0.420955 0.908251 0.418830 0.909655 0.417761 0.908130 0.407050 0.905107 0.401820 0.893809 0.398409 0.893278 0.398546 0.891233 0.399572 0.887987 0.401329 0.884034 0.403549 0.879971 0.405897 0.876411 0.408019 0.873892 0.409594 0.872797 0.410383
0 0.236350 0.146940 0.236620 0.148205 0.237476 0.151021 0.238787 0.154960 0.240353 0.159417 0.241933 0.163709 0.243284 0.167176 0.244200 0.169289 0.244544 0.169733 0.255326 0.174488 0.261012 0.172490 0.269132 0.165368 0.268719 0.163658 0.267545 0.159909 0.265790 0.154693 0.263719 0.148796 0.261642 0.143105 0.259874 0.138476 0.258682 0.135615 0.258249 0.134962 0.247387 0.134490 0.241688 0.136492
0 0.185187 0.353872 0.185485 0.365445 0.189746 0.369726 0.199716 0.374103 0.200255 0.374327 0.202449 0.372844 0.205960 0.369884 0.210253 0.365899 0.214683 0.361489 0.218582 0.357318 0.221364 0.354015 0.222603 0.352080 0.218372 0.342213 0.214120 0.337942 0.213477 0.337579 0.201975 0.337160 0.200324 0.338232 0.197671 0.340434 0.194422 0.343431 0.191073 0.346764 0.188141 0.349921 0.186075 0.352417
0 0.307441 0.375632 0.309141 0.383282 0.313639 0.389698 0.320250 0.393906 0.320559 0.394088 0.328263 0.395442 0.335900 0.393746 0.342305 0.389255 0.346506 0.382656 0.347860 0.374951 0.346163 0.367315 0.341673 0.360909 0.341400 0.360670 0.334789 0.356462 0.327071 0.355106 0.319422 0.356805 0.313005 0.361304 0.308798 0.367914
0 0.187286 0.822226 0.191340 0.838091 0.429307 0.777277 0.430922 0.770939 0.426961 0.755438 0.416629 0.750615 0.415850 0.750512 0.413415 0.750879 0.409698 0.751658 0.405262 0.752732 0.249889 0.792438 0.211046 0.802365 0.206510 0.803584 0.202507 0.804777 0.199643 0.805765 0.198356 0.806396 0.194849 0.809959
0 0.030006 0.804989 0.036596 0.853668 0.048835 0.859445 0.050953 0.859497 0.054550 0.859237 0.059078 0.858703 0.063840 0.857979 0.068105 0.857175 0.071221 0.856415 0.072715 0.855814 0.077626 0.851724 0.086827 0.840218 0.080388 0.792652 0.040749 0.798018
0 0.311435 0.599930 0.315437 0.611315 0.361161 0.629269 0.364335 0.626314 0.378955 0.589082 0.334276 0.571538 0.322425 0.576314 0.320360 0.577201 0.319780 0.578170 0.318606 0.580729 0.317016 0.584489 0.315253 0.588876 0.313589 0.593215 0.312279 0.596840 0.311523 0.599198
0 0.388876 0.690791 0.395082 0.730971 0.475441 0.718560 0.475779 0.715555 0.469659 0.675927 0.390404 0.688168
0 0.318639 0.682429 0.341161 0.716277 0.408857 0.671233 0.410110 0.668879 0.387898 0.635496 0.321132 0.679921
0 0.719478 0.859835 0.720984 0.873641 0.721959 0.874750 0.724154 0.876928 0.727238 0.879843 0.730738 0.883048 0.760705 0.910098 0.764076 0.913095 0.766791 0.915415 0.768437 0.916705 0.768765 0.916771 0.782087 0.918220 0.814621 0.882177 0.811026 0.877809 0.751641 0.824204
