0 0.413657 0.400706 0.414557 0.411988 0.416510 0.414000 0.453291 0.444841 0.478992 0.414191 0.478500 0.412183 0.440859 0.380620 0.429347 0.381995 0.428654 0.382550 0.426868 0.384450 0.424260 0.387407 0.421227 0.390970 0.418236 0.394591 0.415747 0.397713 0.414139 0.399860
0 0.282490 0.454762 0.282682 0.455789 0.283813 0.457412 0.285706 0.459383 0.297201 0.469655 0.360597 0.519060 0.373086 0.527478 0.375355 0.528750 0.377046 0.529327 0.377903 0.529117 0.426307 0.467739 0.426237 0.466727 0.425214 0.465116 0.423391 0.463152 0.421047 0.461134 0.338650 0.396922 0.336157 0.395171 0.333912 0.393965 0.332257 0.393488 0.331444 0.393812
0 0.840325 0.702658 0.840368 0.703417 0.841567 0.704451 0.843736 0.705602 0.857266 0.711269 0.933446 0.736894 0.948735 0.740921 0.951567 0.741453 0.953759 0.741560 0.954976 0.741225 0.977087 0.666292 0.977160 0.665505 0.976063 0.664447 0.973962 0.663279 0.971176 0.662180 0.872166 0.628875 0.869139 0.628019 0.866353 0.627543 0.864231 0.627518 0.863097 0.627948
0 0.769520 0.430880 0.769862 0.431132 0.771309 0.431730 0.773639 0.432581 0.776497 0.433557 0.875205 0.466309 0.878177 0.467267 0.880829 0.468069 0.882760 0.468592 0.883675 0.468757 0.908927 0.392654 0.908706 0.392367 0.907357 0.391739 0.905086 0.390864 0.891245 0.385949 0.814879 0.360611 0.800104 0.356031 0.797482 0.355282 0.795610 0.354842 0.794771 0.354777
0 0.740756 0.966428 0.741865 0.968576 0.789969 0.999706 0.790633 1.000000 0.807623 1.000000 0.963983 0.843799 0.904339 0.789642 0.902485 0.788314
0 0.427640 0.326880 0.429734 0.331668 0.510586 0.331923 0.519198 0.101557 0.517530 0.095817 0.437661 0.096185
0 0.424108 0.539830 0.472411 0.544767 0.481893 0.537375 0.482010 0.536413 0.482295 0.533776 0.482705 0.529868 0.483178 0.525282 0.483642 0.520708 0.484027 0.516838 0.484275 0.514257 0.484347 0.513362 0.476794 0.504463 0.429043 0.499582 0.428223 0.499577
0 0.013868 0.499288 0.015961 0.547798 0.056386 0.546054 0.061456 0.545528 0.059387 0.497572 0.048448 0.489364 0.046932 0.489390 0.043804 0.489491 0.039538 0.489652 0.034786 0.489849 0.030279 0.490052 0.026710 0.490228 0.024623 0.490352 0.024332 0.490404
0 0.412825 0.266918 0.413821 0.269582 0.433219 0.313488 0.443650 0.316984 0.444563 0.316855 0.447012 0.316004 0.450622 0.314564 0.454845 0.312753 0.459044 0.310843 0.462586 0.309124 0.464935 0.307854 0.465729 0.307230 0.469807 0.297323 0.490231 0.244570 0.490118 0.241617 0.486847 0.234215
0 0.826089 0.504748 0.833196 0.531103 0.852780 0.584159 0.855323 0.589637 0.892902 0.575747 0.879537 0.523257 0.863918 0.490765 0.843704 0.497373
0 0.162497 0.111911 0.166354 0.116346 0.201022 0.149544 0.211043 0.147631 0.212059 0.147433 0.214185 0.145941 0.217097 0.143386 0.220355 0.140155 0.223466 0.136735 0.225961 0.133643 0.227462 0.131347 0.227738 0.130197 0.228687 0.120653 0.227461 0.064098 0.224311 0.059059 0.218466 0.053462
