0 0.311880 0.772798 0.312230 0.775536 0.313062 0.778538 0.347331 0.877219 0.348511 0.880009 0.349853 0.882143 0.351151 0.883296 0.352208 0.883294 0.425073 0.859917 0.425670 0.858776 0.425772 0.856652 0.425367 0.853869 0.421600 0.838739 0.395233 0.762813 0.389025 0.749220 0.387699 0.747017 0.386423 0.745762 0.385390 0.745647 0.312754 0.769684 0.312064 0.770743
0 0.050885 0.225749 0.051884 0.226861 0.053869 0.228193 0.056539 0.229541 0.151929 0.272121 0.154858 0.273272 0.157582 0.274043 0.159685 0.274315 0.160846 0.274049 0.190686 0.201475 0.190707 0.200770 0.189604 0.199673 0.187549 0.198352 0.174607 0.191505 0.101213 0.158743 0.086390 0.153197 0.083626 0.152367 0.081461 0.152005 0.080227 0.152168 0.051024 0.225027
0 0.050273 0.325333 0.050420 0.325463 0.051627 0.326142 0.053712 0.327267 0.056358 0.328665 0.148882 0.377192 0.151666 0.378642 0.154147 0.379913 0.155945 0.380810 0.156787 0.381198 0.194030 0.310189 0.193221 0.309738 0.191450 0.308788 0.188988 0.307482 0.175161 0.300192 0.103907 0.262820 0.091034 0.256107 0.088930 0.255018 0.087695 0.254392 0.087516 0.254324
0 0.140440 0.879424 0.140702 0.882214 0.141499 0.885236 0.175582 0.983981 0.176785 0.986756 0.178206 0.988841 0.179625 0.989919 0.180827 0.989828 0.252742 0.967211 0.253488 0.965979 0.253718 0.963778 0.253401 0.960943 0.249883 0.945668 0.223659 0.869692 0.217257 0.856225 0.215853 0.854072 0.214454 0.852891 0.213275 0.852866 0.141588 0.876143 0.140751 0.877293
0 0.089677 0.522058 0.090025 0.523014 0.136548 0.584107 0.137814 0.584248 0.139843 0.583600 0.142324 0.582264 0.155306 0.573590 0.218020 0.523325 0.228762 0.512983 0.230398 0.511019 0.231161 0.509429 0.230933 0.508457 0.183874 0.447792 0.182653 0.447536 0.180662 0.448084 0.178205 0.449352 0.175656 0.451149 0.094139 0.516486 0.091903 0.518524 0.090337 0.520481
0 0.366252 0.494487 0.366328 0.498249 0.366585 0.502812 0.366985 0.507475 0.367465 0.511522 0.367953 0.514334 0.377307 0.543119 0.378177 0.544591 0.380064 0.546179 0.382677 0.547640 0.385623 0.548755 0.388455 0.549354 0.390743 0.549347 0.392140 0.548733 0.457859 0.516630 0.458010 0.513602 0.457887 0.508169 0.457362 0.498176 0.456612 0.488633 0.455844 0.482464 0.454841 0.476671 0.454328 0.475458 0.434600 0.476472 0.417935 0.477742 0.374484 0.482767 0.366662 0.491452 0.366370 0.492102
0 0.162571 0.693870 0.162912 0.695419 0.192256 0.761878 0.192683 0.762074 0.196412 0.762295 0.202437 0.762381 0.213009 0.762303 0.222615 0.762031 0.228187 0.761632 0.232745 0.761041 0.233010 0.760686 0.233359 0.740925 0.233526 0.727627 0.233471 0.724114 0.231020 0.680412 0.223069 0.671988 0.221955 0.671947 0.219177 0.671949 0.215159 0.671995 0.210509 0.672077 0.205928 0.672183 0.202107 0.672297 0.199628 0.672401 0.198870 0.672481 0.169334 0.680998 0.168020 0.681634 0.166483 0.683312 0.164958 0.685775 0.163678 0.688649 0.162840 0.691492
0 0.363196 0.925529 0.369619 0.959318 0.370003 0.961282 0.371195 0.964536 0.373013 0.968587 0.375179 0.972812 0.377361 0.976562 0.379222 0.979262 0.380480 0.980501 0.391604 0.983778 0.405508 0.976831 0.431717 0.963707 0.434818 0.962092 0.463542 0.946467 0.463705 0.944823 0.460823 0.937842 0.455971 0.927945 0.452188 0.920948 0.448538 0.914869 0.446768 0.912367 0.444714 0.911038 0.373839 0.914040 0.372864 0.914176 0.371239 0.915227 0.369211 0.917034 0.367090 0.919323 0.365202 0.921743 0.363834 0.923922
0 0.722365 0.136381 0.724633 0.143871 0.729595 0.149922 0.736495 0.153615 0.744283 0.154385 0.751774 0.152117 0.757825 0.147155 0.758269 0.146547 0.761968 0.139635 0.762740 0.131834 0.760468 0.124331 0.755497 0.118269 0.748585 0.114569 0.740783 0.113798 0.733280 0.116070 0.727218 0.121041 0.726827 0.121693 0.723135 0.128593
0 0.863996 0.095235 0.865586 0.102898 0.869989 0.109368 0.876532 0.113662 0.884221 0.115123 0.891883 0.113533 0.898353 0.109130 0.899040 0.108457 0.903341 0.101903 0.904805 0.094201 0.903212 0.086525 0.898801 0.080044 0.892247 0.075743 0.884545 0.074279 0.876870 0.075872 0.870388 0.080282 0.869751 0.081004 0.865458 0.087547
0 0.347376 0.660315 0.347446 0.668151 0.350510 0.675363 0.356099 0.680854 0.363366 0.683788 0.371202 0.683718 0.378414 0.680654 0.383906 0.675065 0.384105 0.674764 0.387034 0.667510 0.386964 0.659687 0.383906 0.652488 0.378325 0.647005 0.371071 0.644077 0.363249 0.644146 0.356049 0.647205 0.350567 0.652785 0.350310 0.653048
0 0.634170 0.480247 0.634606 0.483758 0.638706 0.491860 0.640758 0.495425 0.646090 0.496871 0.649167 0.497604 0.658758 0.496129 0.661671 0.494345 0.664577 0.490459 0.667029 0.485059 0.668649 0.478975 0.669186 0.473145 0.668561 0.468465 0.666873 0.465648 0.659324 0.459454 0.653989 0.457982 0.650901 0.457331 0.641928 0.463004 0.639766 0.464378 0.637614 0.467309 0.635797 0.471351 0.634588 0.475892
0 0.404752 0.395895 0.411850 0.403805 0.413607 0.405655 0.416889 0.407238 0.421196 0.408314 0.425878 0.408723 0.430226 0.408402 0.433586 0.407400 0.440917 0.401890 0.444024 0.399325 0.444546 0.393801 0.444682 0.390721 0.441612 0.381481 0.439311 0.378976 0.434950 0.376826 0.429190 0.375365 0.422918 0.374817 0.417101 0.375268 0.412630 0.376645 0.410188 0.378736 0.405353 0.387286 0.404804 0.392818
0 0.926068 0.525317 0.935615 0.534814 0.935953 0.534865 0.938062 0.535102 0.941616 0.535488 0.946078 0.535965 0.985945 0.540201 0.990651 0.540698 0.994900 0.541141 0.998052 0.541463 0.999622 0.541615 1.000000 0.534160 1.000000 0.485057 0.980060 0.482280 0.977699 0.481995 0.936124 0.477327 0.931140 0.477586
0 0.483311 0.723324 0.530401 0.737309 0.540832 0.730589 0.541152 0.730005 0.541954 0.727722 0.543117 0.724086 0.544463 0.719651 0.545786 0.715099 0.546882 0.711130 0.547583 0.708350 0.547784 0.707181 0.547235 0.704799 0.541094 0.693540 0.495081 0.679875 0.483693 0.718219
0 0.724213 0.041279 0.747199 0.074133 0.812908 0.028161 0.817270 0.021583 0.793963 0.000000 0.789922 0.000000 0.727338 0.034884
0 0.879105 0.077959 0.916372 0.108778 0.929416 0.094241 0.974909 0.038374 0.937515 0.007451 0.920812 0.014087 0.919845 0.015226 0.917846 0.017617 0.915121 0.020894 0.912082 0.024561 0.909188 0.028064 0.886436 0.055663 0.884099 0.058504 0.882690 0.060233 0.882423 0.060586
0 0.000000 0.144675 0.022926 0.180387 0.042110 0.175441 0.044553 0.174039 0.047780 0.171642 0.051304 0.168615 0.093246 0.130264 0.096545 0.127053 0.099133 0.124132 0.100617 0.121944 0.107101 0.103420 0.074447 0.067708 0.049735 0.083557 0.007302 0.122356 0.000000 0.136978
0 0.378736 0.106923 0.384578 0.154960 0.401910 0.161485 0.402952 0.161821 0.405658 0.161883 0.409612 0.161663 0.414215 0.161195 0.470633 0.154334 0.475206 0.153686 0.479074 0.152954 0.481651 0.152250 0.482540 0.151678 0.497803 0.141190 0.491960 0.093153 0.463356 0.093282 0.406278 0.100223
0 0.692061 0.633262 0.737629 0.649549 0.751224 0.636974 0.751867 0.636287 0.753035 0.633964 0.754550 0.630358 0.756181 0.626017 0.775442 0.572129 0.776932 0.567736 0.778048 0.563980 0.778620 0.561435 0.778561 0.560487 0.776017 0.542144 0.730449 0.525857 0.719068 0.552283 0.713722 0.567240 0.700029 0.605551
0 0.305498 0.633264 0.350094 0.652050 0.364364 0.640247 0.364900 0.639215 0.366067 0.636648 0.367686 0.632941 0.369512 0.628654 0.391575 0.576279 0.393339 0.572046 0.394779 0.568491 0.395678 0.566154 0.395897 0.565393 0.394374 0.546937 0.349778 0.528151 0.337383 0.554876 0.315061 0.607864
