0 0.418730 0.414906 0.425225 0.495011 0.425567 0.495034 0.664782 0.475636 0.665539 0.475523 0.659043 0.395419
0 0.831146 0.323433 0.831567 0.327870 0.832876 0.332383 0.834877 0.336291 0.837269 0.339004 0.844485 0.343986 0.848527 0.345830 0.853694 0.344363 0.857188 0.343240 0.864350 0.337122 0.866279 0.333970 0.867034 0.329049 0.866493 0.323109 0.864739 0.317063 0.862040 0.311843 0.858815 0.308249 0.855558 0.306829 0.846185 0.305325 0.841003 0.306770 0.837540 0.307970 0.835189 0.311952 0.831679 0.319743
0 0.356355 0.330737 0.357339 0.338511 0.361221 0.345318 0.361460 0.345584 0.367642 0.350377 0.375187 0.352441 0.382948 0.351460 0.389743 0.347584 0.394536 0.341402 0.396601 0.333856 0.395619 0.326095 0.391743 0.319300 0.391556 0.318989 0.385364 0.314188 0.377806 0.312120 0.370031 0.313103 0.363225 0.316986 0.358423 0.323179
0 0.138424 0.220849 0.142589 0.230733 0.146826 0.235039 0.147619 0.235631 0.159072 0.236070 0.160777 0.235136 0.163466 0.233058 0.166729 0.230154 0.170074 0.226862 0.172996 0.223680 0.175053 0.221087 0.175933 0.219478 0.175707 0.207989 0.171480 0.203693 0.170741 0.203029 0.160941 0.198691 0.158660 0.199881 0.155049 0.202625 0.150658 0.206507 0.146163 0.210930 0.142257 0.215213 0.139540 0.218696
0 0.648487 0.202448 0.651184 0.207837 0.659239 0.214993 0.661121 0.214391 0.664873 0.212772 0.669926 0.210383 0.675515 0.207586 0.680801 0.204800 0.684989 0.202446 0.687440 0.200880 0.687775 0.200344 0.686843 0.189505 0.684140 0.184103 0.673168 0.180130 0.671768 0.180540 0.668945 0.181730 0.665128 0.183520 0.660903 0.185634 0.656919 0.187749 0.653787 0.189539 0.651985 0.190731 0.651782 0.191146
0 0.430955 0.311063 0.431179 0.318896 0.431297 0.319207 0.434497 0.326345 0.440184 0.331717 0.447494 0.334502 0.455314 0.334279 0.462452 0.331079 0.467824 0.325392 0.470608 0.318082 0.470385 0.310262 0.470334 0.309936 0.467129 0.302785 0.461432 0.297404 0.454110 0.294615 0.446277 0.294838 0.439126 0.298043 0.433745 0.303740
0 0.455120 0.329945 0.464747 0.345765 0.465581 0.346444 0.467860 0.347967 0.471233 0.350102 0.475191 0.352526 0.523849 0.381892 0.527806 0.384245 0.531179 0.386182 0.533457 0.387408 0.534289 0.387734 0.552772 0.388881 0.577776 0.347450 0.553802 0.331342 0.518397 0.309975 0.504574 0.301633 0.480124 0.288515
0 0.663950 0.620780 0.670797 0.677072 0.673181 0.679536 0.705190 0.704604 0.730257 0.672595 0.723315 0.615518 0.691306 0.590451 0.688673 0.589212
0 0.853258 0.108515 0.878575 0.114202 0.894396 0.115620 0.919097 0.117833 0.934918 0.119250 0.966862 0.118692 0.971180 0.070494 0.955278 0.059830 0.953171 0.059101 0.949591 0.058418 0.945082 0.057887 0.888083 0.052780 0.883355 0.052484 0.879148 0.052469 0.876106 0.052737 0.874692 0.053247 0.857576 0.060317
0 0.354650 0.921775 0.375169 0.944082 0.418595 0.981767 0.440794 0.996532 0.472511 0.959983 0.465728 0.942751 0.465079 0.941564 0.463142 0.939355 0.460215 0.936463 0.456741 0.933325 0.413817 0.896075 0.410309 0.893154 0.407284 0.890882 0.405202 0.889603 0.386366 0.885227
0 0.021515 0.481241 0.027366 0.486831 0.032768 0.486982 0.098701 0.485694 0.099863 0.485049 0.102113 0.483179 0.105105 0.480369 0.108388 0.477046 0.111466 0.473711 0.113874 0.470867 0.115248 0.468945 0.115374 0.468240 0.116952 0.456766 0.082244 0.423609 0.077415 0.422726
0 0.564626 0.887733 0.565041 0.895722 0.565793 0.900297 0.608298 0.938608 0.616154 0.944207 0.617226 0.944746 0.619977 0.945109 0.623989 0.945239 0.628650 0.945116 0.633244 0.944759 0.637064 0.944222 0.639526 0.943589 0.648706 0.936510 0.646190 0.888021 0.644519 0.883586
0 0.763302 0.778556 0.764618 0.797605 0.768540 0.818545 0.805621 0.817163 0.856534 0.804682 0.851331 0.764957 0.845129 0.765269 0.789064 0.772638
0 0.577176 0.306471 0.578123 0.378888 0.578372 0.380505 0.579534 0.382609 0.581433 0.384882 0.583779 0.386980 0.586219 0.388585 0.588382 0.389454 0.589941 0.389453 0.619587 0.385267 0.620551 0.384950 0.623063 0.383952 0.626744 0.382423 0.631030 0.380599 0.635262 0.378758 0.638792 0.377184 0.641078 0.376117 0.641776 0.375719 0.645745 0.364672 0.630092 0.323730 0.628705 0.320498 0.623306 0.308205 0.614972 0.290139 0.609669 0.292375 0.600225 0.296417 0.592689 0.299666 0.585299 0.302872 0.581647 0.304469
0 0.822289 0.652288 0.828449 0.662368 0.829208 0.662805 0.831671 0.663519 0.835467 0.664404 0.840016 0.665323 0.844620 0.666135 0.848571 0.666716 0.851263 0.666976 0.852291 0.666877 0.884271 0.663170 0.886124 0.662016 0.888114 0.660018 0.889937 0.657482 0.891313 0.654795 0.892032 0.652370 0.891985 0.650576 0.876381 0.580712 0.871976 0.579469 0.868208 0.578637 0.860461 0.577081 0.852447 0.575592 0.842187 0.573843 0.836117 0.572999 0.831892 0.592379 0.829133 0.605622 0.828494 0.609067
0 0.297398 0.896030 0.297888 0.897058 0.300964 0.900534 0.305719 0.905163 0.313879 0.912438 0.321133 0.918312 0.325149 0.920834 0.328222 0.921925 0.350606 0.896796 0.352880 0.894110 0.370435 0.871965 0.379637 0.860270 0.379840 0.859530 0.379627 0.848327 0.378561 0.847047 0.376271 0.844805 0.373104 0.841941 0.369539 0.838889 0.366115 0.836110 0.363348 0.834022 0.361659 0.832944 0.332761 0.818412 0.331521 0.818355 0.329395 0.818872 0.326708 0.819884 0.323870 0.821238 0.321315 0.822725 0.319436 0.824118 0.318516 0.825204
0 0.926502 0.994657 0.926665 0.996100 0.927008 0.996367 1.000000 1.000000 1.000000 0.887140 0.939626 0.876764 0.939166 0.877610 0.938646 0.879545 0.938147 0.882273 0.937746 0.885380 0.926786 0.989266 0.926544 0.992257
