0 0.223204 0.604062 0.237833 0.610986 0.250509 0.606732 0.251230 0.605762 0.252624 0.603285 0.254478 0.599680 0.256511 0.595494 0.258417 0.591357 0.259907 0.587895 0.260757 0.585631 0.260834 0.584914 0.257940 0.573561 0.243477 0.566717 0.240512 0.567489
0 0.156935 0.788099 0.196523 0.795541 0.197914 0.794187 0.205322 0.754780 0.165915 0.747371 0.164377 0.748510
0 0.565691 0.962511 0.565994 0.964640 0.580232 0.999879 0.580601 1.000000 0.618141 0.987573 0.617600 0.985339 0.603060 0.947970
0 0.148453 0.699495 0.151091 0.747978 0.191493 0.745780 0.195019 0.742971 0.192412 0.695042 0.182146 0.688064 0.181649 0.687866 0.179397 0.687798 0.175739 0.687870 0.171228 0.688071 0.166545 0.688370 0.162396 0.688723 0.159410 0.689076 0.158043 0.689375
0 0.919478 0.133184 0.956657 0.148201 0.963022 0.143297 0.978248 0.105600 0.940551 0.090374 0.934494 0.096005
0 0.909463 0.526441 0.955789 0.539007 0.961058 0.539458 0.968766 0.533704 0.969626 0.532861 0.970839 0.530366 0.972221 0.526598 0.973558 0.522132 0.974647 0.517654 0.975318 0.513853 0.975472 0.511309 0.971651 0.500407 0.924789 0.487696 0.919935 0.487836
0 0.044894 0.629451 0.045126 0.632036 0.047141 0.646976 0.060862 0.726171 0.064036 0.741190 0.064705 0.743805 0.065338 0.745590 0.065839 0.746272 0.144795 0.731605 0.145152 0.731068 0.145246 0.729407 0.145063 0.726874 0.144630 0.723856 0.126798 0.620927 0.126184 0.617904 0.125487 0.615355 0.124813 0.613670 0.124265 0.613104 0.045189 0.627083 0.044916 0.627711
0 0.573109 0.733048 0.573513 0.733718 0.645484 0.766245 0.646318 0.765766 0.647513 0.764237 0.648888 0.761891 0.655811 0.748149 0.687912 0.674464 0.693133 0.660331 0.693866 0.657838 0.694100 0.656087 0.693797 0.655347 0.621547 0.623461 0.620696 0.623817 0.619486 0.625240 0.618100 0.627514 0.616751 0.630293 0.575029 0.726062 0.573929 0.728904 0.573255 0.731357
0 0.765484 0.565912 0.765783 0.567824 0.766568 0.568700 0.839068 0.591503 0.840277 0.591230 0.841669 0.589831 0.843032 0.587518 0.844157 0.584644 0.875393 0.484962 0.876102 0.481984 0.876281 0.479376 0.875904 0.477534 0.875030 0.476740 0.802739 0.453270 0.801556 0.453662 0.800188 0.455165 0.798842 0.457546 0.792821 0.471691 0.768788 0.548388 0.765717 0.563258
0 0.476134 0.776322 0.482944 0.780695 0.538855 0.768514 0.550172 0.764820 0.550736 0.764396 0.552210 0.762486 0.554371 0.759378 0.556890 0.755546 0.559379 0.751580 0.561456 0.748089 0.562803 0.745607 0.563216 0.744510 0.560720 0.734468 0.560026 0.731788 0.519638 0.705850 0.476407 0.773164
0 0.038512 0.133525 0.057758 0.178063 0.078198 0.211574 0.097555 0.203479 0.113815 0.192653 0.103751 0.170299 0.077247 0.120371 0.073894 0.114729
0 0.066807 0.328666 0.071758 0.330624 0.148424 0.353478 0.150709 0.345811 0.123803 0.296051 0.116373 0.284388 0.114984 0.283840 0.112039 0.282849 0.107984 0.281564 0.103439 0.280182 0.099103 0.278916 0.095642 0.277961 0.093584 0.277461 0.093241 0.277493 0.080678 0.282134
0 0.140513 0.038547 0.160692 0.082710 0.164570 0.087479 0.237334 0.054231 0.217385 0.010572 0.214118 0.004914 0.203663 0.003054 0.200945 0.003587 0.197149 0.004847 0.192853 0.006642 0.156136 0.023420 0.152012 0.025471 0.148703 0.027458 0.146713 0.029076
0 0.172331 0.313934 0.196038 0.391504 0.200206 0.392992 0.238460 0.381301 0.215078 0.304794 0.211116 0.302080
0 0.198505 0.090545 0.202640 0.096160 0.233289 0.121864 0.284695 0.060566 0.281702 0.054456 0.250627 0.028395
0 0.191172 0.746560 0.208038 0.825246 0.208439 0.827075 0.445471 0.774416 0.428876 0.695870 0.427473 0.694650
