0 0.403335 0.229318 0.405943 0.236710 0.406105 0.237163 0.411335 0.242985 0.418395 0.246363 0.426210 0.246780 0.433590 0.244177 0.439412 0.238946 0.442789 0.231886 0.443207 0.224072 0.443109 0.223596 0.440501 0.216203 0.435262 0.210372 0.428190 0.206988 0.420362 0.206570 0.412969 0.209178 0.407137 0.214418 0.403754 0.221489
0 0.227964 0.156299 0.229101 0.164053 0.233120 0.170780 0.233578 0.171346 0.239854 0.176016 0.247439 0.177929 0.255179 0.176793 0.261895 0.172782 0.266565 0.166507 0.268478 0.158921 0.267343 0.151181 0.263331 0.144465 0.262924 0.143853 0.256638 0.139175 0.249039 0.137259 0.241286 0.138396 0.234558 0.142415 0.229880 0.148701
0 0.451588 0.910456 0.453626 0.918026 0.458405 0.924241 0.465198 0.928153 0.472972 0.929168 0.480542 0.927130 0.486757 0.922352 0.490669 0.915558 0.491684 0.907784 0.491698 0.907084 0.489664 0.899526 0.484893 0.893322 0.478111 0.889417 0.470351 0.888403 0.462794 0.890438 0.456590 0.895208 0.452685 0.901990 0.451671 0.909750
0 0.554310 0.650877 0.554498 0.653834 0.559510 0.662607 0.564066 0.666059 0.566234 0.667417 0.576957 0.665694 0.579216 0.665001 0.582102 0.662907 0.585175 0.659732 0.587973 0.655957 0.590074 0.652151 0.591158 0.648890 0.591060 0.646667 0.589709 0.635747 0.585147 0.632322 0.583019 0.630891 0.573281 0.628493 0.570258 0.629361 0.566386 0.632121 0.562258 0.636355 0.558510 0.641412 0.555717 0.646515
0 0.314839 0.227616 0.315640 0.228703 0.322512 0.231156 0.332999 0.234170 0.340755 0.236086 0.347847 0.237532 0.351026 0.237966 0.353796 0.237522 0.399301 0.182004 0.399706 0.180135 0.399795 0.177448 0.399554 0.174352 0.399019 0.171321 0.398273 0.168821 0.397430 0.167231 0.366889 0.148468 0.363802 0.147219 0.359655 0.145876 0.355082 0.144645 0.350789 0.143716 0.347431 0.143232 0.345523 0.143264 0.335705 0.149336 0.331382 0.164246 0.323291 0.192386 0.322407 0.195770
0 0.583396 0.849918 0.585280 0.855718 0.588680 0.865542 0.591418 0.873224 0.594143 0.880657 0.595518 0.884278 0.597305 0.888528 0.668928 0.892665 0.670675 0.892447 0.672931 0.891366 0.675354 0.889586 0.677571 0.887379 0.679244 0.885083 0.680116 0.883049 0.680057 0.881588 0.678548 0.850973 0.678428 0.849982 0.677698 0.847395 0.676468 0.843606 0.674927 0.839194 0.673312 0.834837 0.671870 0.831205 0.670822 0.828852 0.670327 0.828132 0.659432 0.823633 0.617739 0.836669 0.614438 0.837850 0.601842 0.842663
0 0.861322 0.763594 0.869930 0.795662 0.870636 0.797092 0.872125 0.799896 0.874171 0.803646 0.876464 0.807777 0.878659 0.811666 0.880424 0.814724 0.881490 0.816486 0.881693 0.816679 0.893232 0.819592 0.906491 0.812504 0.931629 0.799065 0.934710 0.797376 0.963771 0.780883 0.963364 0.778999 0.961716 0.775350 0.957394 0.767328 0.951849 0.757580 0.948222 0.751479 0.945384 0.747011 0.944448 0.745784 0.870790 0.751156 0.869556 0.752119 0.867829 0.753882 0.865873 0.756179 0.863986 0.758658 0.862459 0.760938 0.861523 0.762671
0 0.468188 0.328375 0.468913 0.338833 0.469112 0.341627 0.475330 0.357797 0.476389 0.360076 0.478417 0.362171 0.481105 0.363761 0.484043 0.364601 0.486781 0.364565 0.488900 0.363659 0.518327 0.335845 0.538512 0.316641 0.549329 0.302250 0.550788 0.296763 0.548214 0.289779 0.542007 0.283323 0.531725 0.275389 0.524822 0.271725 0.520126 0.273085 0.507654 0.285627 0.490648 0.303198
0 0.221426 0.216907 0.221580 0.217290 0.222757 0.219133 0.224779 0.222155 0.227338 0.225897 0.250257 0.259129 0.252954 0.263007 0.255367 0.266415 0.257129 0.268834 0.257971 0.269895 0.270893 0.272969 0.310407 0.245717 0.264986 0.179861 0.262269 0.176160 0.222299 0.203728
0 0.232207 0.758942 0.246667 0.796833 0.322449 0.767912 0.324884 0.764238 0.310621 0.726867 0.235879 0.755391
0 0.179049 0.109747 0.179368 0.111315 0.180725 0.113214 0.182911 0.115155 0.185597 0.116843 0.278361 0.165585 0.281153 0.166775 0.283645 0.167292 0.285459 0.167059 0.286317 0.166108 0.323099 0.102319 0.322900 0.100754 0.321650 0.098857 0.319537 0.096917 0.316883 0.095232 0.224458 0.046680 0.221686 0.045515 0.219235 0.045057 0.217478 0.045374 0.216683 0.046417
0 0.259609 0.603240 0.259689 0.681865 0.260521 0.682475 0.262452 0.682968 0.265185 0.683271 0.280637 0.683917 0.360997 0.682397 0.375945 0.681176 0.378489 0.680774 0.380135 0.680213 0.380632 0.679577 0.379854 0.600966 0.379126 0.600289 0.377286 0.599738 0.374613 0.599396 0.371514 0.599317 0.267071 0.601292 0.264039 0.601487 0.261556 0.601926 0.260001 0.602542
0 0.252095 0.533782 0.275777 0.585624 0.311310 0.600667 0.329497 0.592537 0.341336 0.555595 0.317542 0.503508 0.281728 0.487967 0.264124 0.497373
0 0.338252 0.297418 0.356935 0.342235 0.358570 0.344038 0.395490 0.328647 0.377021 0.284342 0.375599 0.281849 0.365598 0.278308 0.364572 0.278369 0.361999 0.279130 0.358270 0.280475 0.353955 0.282201 0.349716 0.284041 0.346207 0.285713 0.343960 0.286961 0.343319 0.287596
0 0.614821 0.587603 0.618954 0.635425 0.620329 0.636991 0.660642 0.633506 0.656460 0.585132 0.646809 0.576818 0.645702 0.576796 0.642939 0.576935 0.638944 0.577214 0.634322 0.577590 0.629770 0.578007 0.625975 0.578401 0.623513 0.578714 0.622761 0.578897
0 0.434511 0.318497 0.435259 0.320571 0.441853 0.328989 0.442841 0.329324 0.445496 0.329827 0.449411 0.330420 0.453994 0.331015 0.458553 0.331521 0.462400 0.331862 0.464953 0.331987 0.465818 0.331875 0.474972 0.325353 0.480710 0.277697 0.480487 0.275127 0.440315 0.270290
0 0.385453 0.113600 0.385897 0.114979 0.386857 0.117882 0.388186 0.121866 0.389683 0.126328 0.391123 0.130593 0.392287 0.134020 0.393000 0.136087 0.393152 0.136478 0.404370 0.143426 0.449863 0.128117 0.449284 0.123818 0.436379 0.085468 0.390359 0.100955
0 0.478084 0.070452 0.478334 0.075361 0.481319 0.123268 0.489773 0.129135 0.490702 0.129567 0.493317 0.129818 0.497218 0.129851 0.501812 0.129662 0.506408 0.129279 0.510311 0.128759 0.512931 0.128182 0.513864 0.127634 0.521241 0.120781 0.521487 0.116397 0.518468 0.067936
