0 0.037529 0.376994 0.040916 0.417789 0.051410 0.419668 0.099245 0.415697 0.104796 0.406486 0.105241 0.405696 0.105465 0.403200 0.105436 0.399382 0.105159 0.394822 0.104675 0.390206 0.104057 0.386232 0.103398 0.383500 0.102799 0.382431 0.095936 0.375834 0.091264 0.374398 0.045689 0.376316
0 0.471803 0.705392 0.520322 0.707257 0.529057 0.698354 0.529131 0.697697 0.529264 0.695298 0.529437 0.691520 0.529623 0.686939 0.529793 0.682259 0.529922 0.678201 0.529989 0.675383 0.529985 0.674234 0.521627 0.664918 0.483193 0.623411 0.475199 0.623103 0.474912 0.624526
0 0.467546 0.796512 0.467707 0.797800 0.468255 0.800691 0.469105 0.804746 0.470129 0.809344 0.471168 0.813780 0.472063 0.817371 0.472678 0.819570 0.472918 0.820044 0.482946 0.827870 0.531399 0.858310 0.539289 0.856509 0.538840 0.852435 0.521033 0.774442 0.474237 0.785126
0 0.222613 0.107532 0.225783 0.112018 0.272805 0.176740 0.279277 0.172037 0.288127 0.116165 0.289096 0.102425 0.288277 0.101156 0.286498 0.098587 0.284029 0.095108 0.281248 0.091252 0.278582 0.087611 0.276441 0.084745 0.275152 0.083090 0.274909 0.082897 0.261895 0.078993
0 0.542505 0.728357 0.542811 0.729499 0.544203 0.730933 0.546468 0.732441 0.549262 0.733792 0.645882 0.773500 0.648760 0.774480 0.651265 0.774932 0.653015 0.774789 0.653743 0.774072 0.684300 0.703482 0.683872 0.702357 0.682374 0.700938 0.680039 0.699442 0.666256 0.692355 0.591915 0.661804 0.577574 0.657333 0.575029 0.656823 0.573217 0.656881 0.572416 0.657501
0 0.062502 0.566857 0.062978 0.581896 0.063178 0.584461 0.063491 0.586138 0.063870 0.586673 0.144052 0.587213 0.144367 0.586526 0.144643 0.584727 0.144836 0.582089 0.144919 0.579013 0.145619 0.475016 0.145578 0.471949 0.145420 0.469339 0.145168 0.467579 0.144861 0.466940 0.064680 0.466401 0.064294 0.466982 0.063958 0.468698 0.063723 0.471289 0.063044 0.486399
0 0.195044 0.718572 0.195289 0.719372 0.241031 0.782556 0.242212 0.782558 0.244183 0.781813 0.246646 0.780437 0.259685 0.771791 0.323447 0.722858 0.334529 0.712992 0.336253 0.711156 0.337119 0.709722 0.336994 0.708911 0.290698 0.646152 0.289564 0.646034 0.287632 0.646678 0.285195 0.647987 0.282625 0.649762 0.199754 0.713360 0.197459 0.715319 0.195805 0.717149
0 0.121617 0.714857 0.152361 0.752227 0.177012 0.732219 0.220697 0.696280 0.240442 0.679763 0.209699 0.642393 0.191576 0.646206 0.190456 0.646985 0.188078 0.648821 0.184803 0.651434 0.181132 0.654426 0.136938 0.690783 0.133447 0.693684 0.130684 0.696038 0.129071 0.697486 0.128851 0.697810
0 0.385241 0.717835 0.432886 0.726299 0.444195 0.711634 0.444429 0.710449 0.444949 0.707638 0.445674 0.703631 0.446496 0.699035 0.456437 0.643078 0.457232 0.638572 0.457885 0.634821 0.458296 0.632393 0.458402 0.631662 0.452836 0.613999 0.405191 0.605534 0.399384 0.634707 0.389327 0.691318
0 0.138259 0.596512 0.159934 0.629543 0.169262 0.634137 0.202711 0.611307 0.214322 0.555175 0.192538 0.521605 0.182905 0.518491 0.149771 0.540855
0 0.567519 0.858991 0.569092 0.867312 0.573385 0.873871 0.579861 0.878289 0.587536 0.879891 0.595239 0.878435 0.601798 0.874142 0.606216 0.867665 0.607818 0.859991 0.606362 0.852288 0.606179 0.851683 0.601893 0.845135 0.595428 0.840725 0.587767 0.839125 0.580077 0.840579 0.573529 0.844865 0.569119 0.851330
0 0.916641 0.131303 0.918832 0.138812 0.923729 0.144912 0.930589 0.148673 0.938365 0.149523 0.945875 0.147332 0.946642 0.146725 0.952753 0.141819 0.956520 0.134948 0.957372 0.127158 0.955177 0.119636 0.950271 0.113525 0.943399 0.109758 0.935610 0.108906 0.928087 0.111101 0.921977 0.116007 0.921252 0.116667 0.917491 0.123526
0 0.470421 0.986099 0.471889 0.993797 0.476191 1.000000 0.504593 1.000000 0.508997 0.994090 0.510587 0.986417 0.510569 0.985581 0.509103 0.977897 0.504809 0.971358 0.498339 0.966961 0.490679 0.965374 0.482995 0.966840 0.476456 0.971134 0.472059 0.977604 0.470472 0.985264
0 0.116414 0.962232 0.116897 0.965360 0.118128 0.969403 0.119917 0.973748 0.121997 0.977740 0.124053 0.980776 0.125774 0.982392 0.136089 0.986241 0.137981 0.986163 0.143406 0.983716 0.150739 0.976008 0.151243 0.973710 0.150637 0.969537 0.149010 0.964124 0.146612 0.958303 0.143812 0.952971 0.141040 0.948946 0.138723 0.946842 0.128367 0.947213 0.126497 0.947372 0.121072 0.949791 0.116752 0.960493
0 0.824887 0.014571 0.826613 0.028454 0.868650 0.051624 0.872912 0.046441 0.892444 0.011005 0.872501 0.001075 0.867214 0.000000 0.832918 0.000000 0.831885 0.001544 0.829576 0.005706 0.827440 0.009609 0.825799 0.012664 0.824901 0.014408
0 0.872644 0.246905 0.877651 0.294643 0.917433 0.290471 0.922259 0.288048 0.917194 0.239758 0.905525 0.233335 0.903371 0.233309 0.899767 0.233519 0.895263 0.233932 0.890550 0.234486 0.886354 0.235094 0.883316 0.235664 0.881897 0.236109
0 0.427663 0.561863 0.459791 0.598268 0.471712 0.598789 0.472364 0.598311 0.474299 0.596685 0.477225 0.594159 0.480694 0.591117 0.484173 0.588027 0.487128 0.585364 0.489107 0.583535 0.489810 0.582817 0.490242 0.570677 0.458480 0.534688 0.458000 0.535089
0 0.205671 0.593537 0.239173 0.616227 0.242154 0.614898 0.269071 0.575156 0.265876 0.563997 0.265425 0.563399 0.263526 0.561864 0.260470 0.559630 0.256722 0.557033 0.252846 0.554466 0.249428 0.552316 0.246985 0.550909 0.245890 0.550462 0.232899 0.553334
