0 0.039992 0.244123 0.048756 0.283440 0.050823 0.284433 0.089960 0.275709 0.081237 0.236572 0.079309 0.235360
0 0.371851 0.223945 0.378844 0.263516 0.379398 0.264597 0.418788 0.257635 0.411826 0.218246 0.411421 0.216952
0 0.319818 0.700135 0.321765 0.740271 0.361901 0.738325 0.362532 0.737235 0.360595 0.697282 0.320642 0.699220
0 0.705622 0.394182 0.741916 0.411227 0.743030 0.410818 0.760153 0.374357 0.723692 0.357233 0.722667 0.357887
0 0.126543 0.778149 0.126948 0.778894 0.178401 0.837215 0.179655 0.837071 0.181607 0.836106 0.183960 0.834470 0.196161 0.824492 0.254558 0.769268 0.264449 0.758354 0.265931 0.756364 0.266579 0.754870 0.266291 0.754101 0.214330 0.696260 0.213112 0.696284 0.211189 0.697144 0.208855 0.698711 0.206465 0.700746 0.130566 0.772521 0.128500 0.774699 0.127088 0.776676
0 0.553822 0.645127 0.628899 0.673284 0.629227 0.672864 0.629935 0.671362 0.630915 0.669007 0.632018 0.666157 0.668706 0.568333 0.669756 0.565441 0.670586 0.562969 0.671070 0.561294 0.671135 0.560668 0.596058 0.532512 0.595759 0.533054 0.595079 0.534654 0.594120 0.537068 0.593029 0.539928 0.556508 0.637305 0.555443 0.640196 0.554559 0.642697 0.553989 0.644429
0 0.277744 0.346360 0.318881 0.413818 0.319648 0.414095 0.321349 0.413703 0.323725 0.412699 0.326413 0.411237 0.416042 0.357580 0.418615 0.355893 0.420664 0.354248 0.421877 0.352896 0.422069 0.352044 0.381532 0.284227 0.380708 0.284059 0.378958 0.284546 0.376550 0.285614 0.363126 0.292660 0.294164 0.333944 0.281501 0.342516 0.279380 0.344159 0.278060 0.345509
0 0.299742 0.840887 0.300515 0.842635 0.302108 0.844775 0.304277 0.846981 0.316333 0.857267 0.378598 0.901050 0.390079 0.907295 0.391990 0.907948 0.393158 0.907735 0.444335 0.849128 0.444618 0.848040 0.443939 0.846288 0.442401 0.844138 0.440239 0.841918 0.437783 0.839969 0.356642 0.784041 0.354332 0.782703 0.352481 0.782147 0.351369 0.782457 0.299907 0.839795
0 0.241081 0.877738 0.374451 0.999040 0.378329 1.000000 0.444357 1.000000 0.448155 0.999698 0.467924 0.993703 0.468070 0.991441 0.299478 0.819810 0.242267 0.876008
0 0.668939 0.037575 0.668960 0.045398 0.671972 0.052617 0.677519 0.058133 0.684753 0.061108 0.692576 0.061087 0.699796 0.058075 0.705312 0.052528 0.705666 0.051758 0.708646 0.044511 0.708624 0.036674 0.705607 0.029442 0.700051 0.023917 0.692804 0.020937 0.684967 0.020958 0.677735 0.023976 0.672210 0.029532 0.669229 0.036779
0 0.142936 0.104552 0.143445 0.109879 0.144564 0.113532 0.148563 0.116503 0.155284 0.121098 0.159044 0.122203 0.163597 0.122468 0.168256 0.121854 0.172317 0.120454 0.175167 0.118478 0.181632 0.112145 0.183647 0.108382 0.183114 0.103068 0.182076 0.099395 0.177382 0.091422 0.174222 0.089003 0.169213 0.087487 0.163120 0.087110 0.156878 0.087933 0.151450 0.089827 0.147670 0.092502 0.146110 0.095543
0 0.780995 0.757695 0.781687 0.765491 0.785308 0.772428 0.785799 0.772898 0.791811 0.777930 0.799290 0.780279 0.807099 0.779586 0.814048 0.775959 0.819080 0.769947 0.821430 0.762468 0.820737 0.754659 0.817109 0.747709 0.811098 0.742677 0.810563 0.742260 0.803096 0.739915 0.795301 0.740607 0.788363 0.744228 0.783340 0.750229
0 0.205143 0.524064 0.206416 0.527122 0.212395 0.534754 0.217241 0.537296 0.220393 0.538501 0.224634 0.536932 0.232706 0.533865 0.235518 0.531407 0.238177 0.527805 0.240282 0.523603 0.241517 0.519437 0.241691 0.515936 0.239578 0.507112 0.238055 0.503258 0.233205 0.500742 0.230082 0.499460 0.220548 0.498922 0.217142 0.500120 0.213361 0.503370 0.209785 0.508178 0.206964 0.513806 0.205334 0.519388
0 0.379640 0.902755 0.435935 0.961151 0.465133 0.933003 0.465611 0.927064 0.410088 0.869470 0.381290 0.897232
0 0.481940 0.997419 0.508426 1.000000 0.558107 1.000000 0.572509 0.992815 0.571515 0.986056 0.498236 0.953958 0.482187 0.990597
0 0.891703 0.585086 0.895462 0.632939 0.900033 0.634476 0.980710 0.628140 0.980076 0.620072 0.936570 0.582902 0.925370 0.574533 0.923895 0.574506 0.920820 0.574628 0.916616 0.574878 0.911918 0.575218 0.907436 0.575598 0.903846 0.575961 0.901692 0.576250 0.901306 0.576423
0 0.576033 0.427589 0.576185 0.428566 0.576820 0.431155 0.577839 0.434958 0.579088 0.439399 0.580379 0.443809 0.581516 0.447521 0.582328 0.449974 0.582689 0.450791 0.592594 0.456418 0.638732 0.443180 0.640336 0.442523 0.618018 0.364737 0.610239 0.366968 0.608979 0.368489
0 0.724293 0.499445 0.730719 0.538926 0.736116 0.539836 0.744197 0.538521 0.781310 0.531575 0.786839 0.522079 0.787070 0.521201 0.786971 0.518635 0.786555 0.514773 0.785886 0.510202 0.785066 0.505626 0.784222 0.501748 0.783483 0.499160 0.782961 0.498255 0.774810 0.491638 0.771669 0.491734
0 0.737258 0.198974 0.794913 0.254435 0.798322 0.251596 0.831983 0.216603 0.830203 0.206493 0.829977 0.205467 0.828456 0.203319 0.825872 0.200373 0.822618 0.197081 0.819193 0.193949 0.816126 0.191457 0.813883 0.189986 0.812807 0.189759 0.802822 0.188552 0.745611 0.189662 0.740001 0.195494
