0 0.167408 0.655742 0.199918 0.720260 0.200948 0.721569 0.202991 0.722914 0.205736 0.724089 0.208762 0.724914 0.211607 0.725262 0.213834 0.725081 0.215106 0.724399 0.240668 0.707283 0.241408 0.706523 0.243233 0.704469 0.245868 0.701430 0.248908 0.697872 0.251886 0.694342 0.254346 0.691381 0.255911 0.689443 0.256346 0.688819 0.254818 0.677251 0.222615 0.647666 0.219936 0.645398 0.209495 0.637019 0.193980 0.624731 0.193702 0.624924 0.190592 0.628380 0.186887 0.632614 0.180626 0.639924 0.173803 0.647974 0.169955 0.652565 0.167624 0.655412
0 0.485574 0.691016 0.502271 0.705177 0.507882 0.709893 0.521018 0.720893 0.547536 0.742800 0.559287 0.742151 0.560232 0.741423 0.562211 0.739387 0.564923 0.736351 0.567953 0.732781 0.570834 0.729225 0.573125 0.726229 0.574477 0.724251 0.574685 0.723589 0.573206 0.711869 0.524313 0.670074 0.511631 0.660304 0.510920 0.660612 0.507372 0.664462 0.501809 0.671000 0.493362 0.681133 0.488125 0.687550
0 0.069410 0.147247 0.070409 0.150459 0.072420 0.155865 0.076288 0.165539 0.080099 0.174491 0.082664 0.179880 0.085151 0.184502 0.085768 0.185031 0.104272 0.178098 0.116649 0.173259 0.119902 0.171931 0.159722 0.153758 0.164593 0.143130 0.164319 0.142284 0.163378 0.139864 0.161914 0.136237 0.160147 0.131954 0.158345 0.127660 0.156779 0.124004 0.155688 0.121540 0.155237 0.120646 0.136803 0.096863 0.135669 0.095738 0.133495 0.094809 0.130614 0.094220 0.127463 0.094060 0.124527 0.094355 0.122255 0.095059 0.120993 0.096064 0.069547 0.147019
0 0.244166 0.155023 0.245338 0.156603 0.301693 0.213659 0.472860 0.044595 0.472735 0.042499 0.416505 0.000000 0.416051 0.000000
0 0.130561 0.898006 0.133698 0.908554 0.135314 0.910677 0.138075 0.913479 0.141560 0.916531 0.145234 0.919363 0.148532 0.921541 0.150950 0.922732 0.161821 0.923697 0.192650 0.886186 0.196163 0.881772 0.165261 0.856374 0.161391 0.860494
0 0.240360 0.063519 0.243921 0.069505 0.265696 0.103058 0.299250 0.081282 0.296458 0.075460 0.274380 0.041440
0 0.613067 0.716123 0.613205 0.764122 0.614514 0.767176 0.654976 0.767060 0.654837 0.718505 0.653067 0.716008 0.645876 0.708724 0.644767 0.708451 0.641995 0.708226 0.637987 0.708082 0.633348 0.708041 0.628779 0.708109 0.624969 0.708275 0.622495 0.708515 0.621739 0.708793
0 0.146762 0.467546 0.146842 0.468243 0.148005 0.470317 0.150075 0.473453 0.152738 0.477174 0.155583 0.480906 0.158174 0.484077 0.160114 0.486201 0.161108 0.486958 0.170874 0.488281 0.174635 0.488415 0.213238 0.459886 0.189464 0.427718 0.185874 0.426882 0.146825 0.455740
0 0.782713 0.331990 0.782877 0.332831 0.783916 0.334373 0.785672 0.336382 0.787877 0.338552 0.864694 0.409344 0.866997 0.411330 0.869034 0.412815 0.870492 0.413575 0.871151 0.413493 0.926192 0.355604 0.925905 0.354740 0.924760 0.353178 0.922933 0.351156 0.912055 0.340234 0.852952 0.285765 0.841471 0.276082 0.839417 0.274527 0.837931 0.273665 0.837241 0.273628
0 0.374994 0.536505 0.375018 0.537456 0.417333 0.602770 0.418344 0.602993 0.420222 0.602505 0.422681 0.601382 0.436046 0.593880 0.503090 0.549552 0.515088 0.540284 0.517032 0.538496 0.518138 0.537010 0.518236 0.536055 0.475338 0.471126 0.474381 0.470792 0.472548 0.471184 0.470119 0.472241 0.467464 0.473804 0.380326 0.531418 0.377867 0.533237 0.375994 0.535024
0 0.662184 0.488977 0.662310 0.491622 0.664632 0.506597 0.684083 0.584582 0.689120 0.599109 0.690270 0.601585 0.691469 0.603193 0.692536 0.603689 0.766707 0.584313 0.767536 0.583605 0.767945 0.581817 0.767869 0.579221 0.767320 0.576214 0.742040 0.474857 0.741105 0.471915 0.739933 0.469507 0.738702 0.468000 0.737602 0.467622 0.663262 0.486320 0.662517 0.487115
0 0.721308 0.438459 0.739831 0.457329 0.749265 0.465020 0.776132 0.435217 0.757857 0.416101 0.748316 0.408500 0.733500 0.423260
0 0.915653 0.104171 0.926755 0.115692 0.931689 0.111249 0.960826 0.083174 0.949596 0.071519 0.935286 0.073408 0.935199 0.073483 0.933798 0.074824 0.931295 0.077231 0.928071 0.080335 0.924622 0.083661 0.921477 0.086696 0.919119 0.088977 0.917904 0.090157
0 0.783371 0.701942 0.785665 0.741974 0.786981 0.743088 0.827196 0.740783 0.824892 0.700567 0.823403 0.699648
0 0.928894 0.122681 0.960729 0.146900 0.962844 0.145279 0.987175 0.113299 0.955195 0.088968 0.953114 0.090847
0 0.135052 0.712551 0.155101 0.747489 0.190039 0.727439 0.191459 0.726397 0.171502 0.691619 0.136724 0.711577
0 0.286035 0.462733 0.295828 0.519246 0.328981 0.542606 0.331326 0.542022 0.354366 0.509324 0.344707 0.453586 0.312009 0.430546 0.309395 0.429581
0 0.057290 0.083698 0.094267 0.115172 0.112324 0.108947 0.114110 0.107881 0.116727 0.105571 0.119779 0.102366 0.157121 0.060486 0.160143 0.056879 0.162703 0.053386 0.164413 0.050534 0.165013 0.048759 0.169238 0.031165 0.132436 0.000000 0.113282 0.013657 0.102664 0.025501 0.075402 0.055911
0 0.141765 0.577309 0.185379 0.598273 0.200215 0.587189 0.201009 0.586245 0.202477 0.583790 0.204394 0.580202 0.206470 0.576022 0.231091 0.524799 0.233020 0.520647 0.234517 0.517133 0.235354 0.514792 0.235403 0.513982 0.234792 0.495473 0.191177 0.474509 0.176186 0.500211 0.151277 0.552033
0 0.183172 0.920086 0.210499 0.970513 0.249376 0.982062 0.252813 0.975451 0.264204 0.937107 0.237252 0.887372 0.198908 0.875981 0.194721 0.881209
