0 0.809644 0.134585 0.847197 0.164482 0.851211 0.160603 0.876413 0.128948 0.838426 0.098705 0.824782 0.101982 0.823782 0.103224 0.821795 0.105709 0.819125 0.109056 0.816174 0.112759 0.813389 0.116260 0.811190 0.119029 0.809910 0.120648 0.809747 0.120866
0 0.041239 0.169364 0.066157 0.211037 0.071116 0.214339 0.079944 0.215905 0.081284 0.215809 0.083992 0.214787 0.087652 0.212996 0.091710 0.210709 0.095555 0.208271 0.098605 0.206049 0.100399 0.204379 0.105446 0.193811 0.080813 0.152614 0.075967 0.148598
0 0.058260 0.096713 0.078199 0.140985 0.083020 0.145088 0.119492 0.128662 0.099781 0.084896 0.095154 0.080097 0.086634 0.078020 0.085249 0.077840 0.082392 0.078444 0.078498 0.079740 0.074161 0.081533 0.070048 0.083546 0.066792 0.085470 0.064888 0.087010
0 0.802402 0.870510 0.802688 0.876530 0.807169 0.886464 0.807722 0.887158 0.810642 0.887687 0.815490 0.887969 0.821528 0.887960 0.827827 0.887661 0.833416 0.887118 0.837437 0.886415 0.839276 0.885660 0.842821 0.875503 0.842535 0.869469 0.841766 0.868642 0.833638 0.860648 0.831426 0.860286 0.827795 0.860102 0.823296 0.860123 0.818608 0.860345 0.814440 0.860736 0.811420 0.861236 0.810010 0.861770
0 0.609769 0.147713 0.609981 0.155533 0.613171 0.162676 0.618850 0.168055 0.626156 0.170851 0.633976 0.170639 0.641119 0.167450 0.646499 0.161770 0.646751 0.161188 0.649551 0.153869 0.649339 0.146036 0.646144 0.138881 0.640455 0.133492 0.633136 0.130691 0.625303 0.130904 0.618148 0.134099 0.612759 0.139788 0.609958 0.147107
0 0.521315 0.075516 0.525542 0.316063 0.605725 0.314654 0.606212 0.313801 0.601965 0.072147 0.521414 0.073562
0 0.184224 0.716645 0.223954 0.721811 0.225131 0.715816 0.232402 0.659733 0.233868 0.632909 0.214883 0.629460 0.193873 0.627709 0.186388 0.663411
0 0.187299 0.966995 0.195321 0.968061 0.240760 0.933281 0.251784 0.923941 0.252232 0.922473 0.252852 0.919414 0.253551 0.915233 0.254221 0.910561 0.254764 0.906105 0.255095 0.902536 0.255166 0.900395 0.248992 0.888677 0.201410 0.882355 0.197958 0.886775
0 0.377717 0.266705 0.379114 0.269371 0.422877 0.289090 0.433533 0.284054 0.433998 0.283502 0.435144 0.281364 0.436795 0.277969 0.438703 0.273830 0.455173 0.237278 0.457052 0.233011 0.458625 0.229251 0.459652 0.226566 0.459976 0.225368 0.455230 0.212870 0.410961 0.192924
0 0.885139 0.913442 0.894148 0.923113 0.930654 0.955982 0.941235 0.952983 0.943511 0.951524 0.946506 0.948914 0.949762 0.945549 0.952779 0.941947 0.955092 0.938661 0.956350 0.936194 0.958045 0.925560 0.947575 0.915833 0.911903 0.883716
0 0.308147 0.631968 0.311113 0.680432 0.320752 0.687436 0.321433 0.687627 0.323851 0.687678 0.327639 0.687578 0.332220 0.687345 0.372514 0.684878 0.377172 0.684546 0.381182 0.684168 0.383930 0.683802 0.385000 0.683503 0.391887 0.675487 0.393123 0.673482 0.390190 0.625571 0.310339 0.630459
0 0.892111 0.568236 0.896644 0.569025 0.977510 0.572125 0.979370 0.523605 0.968902 0.514619 0.968602 0.514603 0.966507 0.514519 0.962932 0.514379 0.958423 0.514206 0.918083 0.512660 0.913343 0.512479 0.909111 0.512319 0.906035 0.512205 0.904581 0.512154 0.893950 0.520272
0 0.376938 0.934199 0.392957 0.960928 0.417451 0.994246 0.425496 1.000000 0.444500 1.000000 0.483488 0.997431 0.480668 0.979128 0.480149 0.977754 0.478621 0.975112 0.476320 0.971605 0.473593 0.967764 0.439929 0.921975 0.437179 0.918367 0.434813 0.915525 0.433189 0.913880 0.415926 0.905535
0 0.394972 0.857881 0.409288 0.904106 0.436005 0.898920 0.490929 0.881910 0.518241 0.870363 0.503925 0.824138 0.485708 0.820809 0.484849 0.820657 0.482366 0.821072 0.478642 0.821990 0.474241 0.823270 0.419952 0.840084 0.415522 0.841538 0.411719 0.842952 0.409118 0.844111 0.408119 0.844838
