0 0.555716 0.068632 0.684564 0.271804 0.752288 0.228855 0.753449 0.227607 0.624008 0.023499 0.555972 0.066647
0 0.776906 0.079402 0.777428 0.080791 0.778509 0.082957 0.779984 0.085571 0.833036 0.175282 0.834674 0.177934 0.836213 0.180196 0.837415 0.181724 0.838099 0.182284 0.907366 0.140311 0.907369 0.139855 0.906748 0.138416 0.905597 0.136215 0.898371 0.123332 0.857509 0.054394 0.849277 0.041197 0.847744 0.038871 0.846547 0.037242 0.845869 0.036557 0.777021 0.079001
0 0.782230 0.230717 0.812261 0.301844 0.812849 0.302514 0.814488 0.302635 0.816929 0.302190 0.831042 0.298025 0.905909 0.268784 0.920117 0.261886 0.922593 0.260411 0.924285 0.258989 0.924936 0.257836 0.894255 0.186962 0.893739 0.186198 0.892162 0.185993 0.889763 0.186381 0.886909 0.187304 0.789605 0.225309 0.786748 0.226617 0.784344 0.228105 0.782757 0.229545
0 0.215448 0.334837 0.249444 0.356780 0.252307 0.358417 0.278338 0.318088 0.274941 0.305497 0.273871 0.304741 0.271413 0.303100 0.267942 0.300822 0.263987 0.298256 0.260156 0.295796 0.257038 0.293821 0.255109 0.292631 0.254660 0.292407 0.241780 0.294042
0 0.712821 0.631676 0.712857 0.632735 0.717700 0.641953 0.720217 0.643595 0.767014 0.656541 0.777803 0.617543 0.774628 0.616200 0.728366 0.603402 0.719293 0.609471 0.718760 0.610211 0.717820 0.612604 0.716617 0.616281 0.715333 0.620687 0.714161 0.625156 0.713280 0.629014
0 0.351933 0.558631 0.388596 0.590465 0.400967 0.589475 0.401699 0.588664 0.403520 0.586595 0.406150 0.583583 0.409193 0.580086 0.412188 0.576630 0.414683 0.573738 0.416301 0.571848 0.416792 0.571249 0.416095 0.559228 0.379851 0.527758 0.378462 0.528079
0 0.256764 0.797061 0.288131 0.822621 0.318803 0.784981 0.320874 0.781724 0.319007 0.771633 0.318535 0.770696 0.316714 0.768745 0.313825 0.766079 0.310305 0.763102 0.306687 0.760262 0.303515 0.757989 0.301270 0.756627 0.300295 0.756385 0.289865 0.756456 0.287436 0.759421
0 0.770194 0.520988 0.772088 0.525827 0.775871 0.533517 0.781947 0.545238 0.785932 0.552532 0.788424 0.556155 0.808025 0.546295 0.814595 0.542959 0.829806 0.535167 0.860550 0.519240 0.864515 0.508174 0.864366 0.506979 0.863387 0.504330 0.861727 0.500629 0.859638 0.496442 0.857442 0.492413 0.855477 0.489161 0.854042 0.487182 0.853355 0.486774 0.841959 0.483570 0.784806 0.512172 0.770562 0.520114
0 0.316828 0.175770 0.322044 0.190473 0.331988 0.218142 0.333290 0.221386 0.346326 0.251310 0.347216 0.252064 0.353899 0.250228 0.363994 0.246546 0.371417 0.243446 0.378161 0.240242 0.381155 0.238546 0.383648 0.236077 0.386707 0.164924 0.386041 0.163076 0.384601 0.160787 0.382605 0.158406 0.380359 0.156299 0.378208 0.154789 0.376479 0.154104 0.341420 0.156551 0.338355 0.157235 0.334315 0.158531 0.329921 0.160241 0.325848 0.162101 0.322720 0.163827 0.321015 0.165153
0 0.863061 0.540673 0.879540 0.581228 0.880993 0.584427 0.886790 0.596384 0.895539 0.614102 0.896040 0.614291 0.900571 0.612851 0.905872 0.610814 0.914702 0.606950 0.924256 0.602509 0.929603 0.599866 0.932790 0.598088 0.933028 0.597739 0.930987 0.525144 0.930665 0.523591 0.929429 0.521553 0.927466 0.519339 0.925076 0.517289 0.922626 0.515717 0.920491 0.514862 0.918995 0.514854 0.888813 0.519750 0.888036 0.520012 0.885699 0.520986 0.882159 0.522522 0.877954 0.524387 0.873719 0.526300 0.870092 0.527971 0.867624 0.529149 0.866689 0.529653
0 0.401171 0.847779 0.401804 0.848754 0.405031 0.852215 0.409834 0.856898 0.417909 0.864337 0.424939 0.870418 0.428648 0.873132 0.431275 0.874457 0.454117 0.849953 0.456453 0.847326 0.474732 0.825555 0.484335 0.814049 0.484389 0.802198 0.483212 0.800947 0.480862 0.798692 0.477699 0.795777 0.474200 0.792642 0.470894 0.789760 0.468279 0.787566 0.466753 0.786395 0.437952 0.771253 0.436809 0.771129 0.434748 0.771564 0.432085 0.772491 0.429226 0.773768 0.426609 0.775202 0.424635 0.776570 0.423604 0.777666
0 0.163579 0.683077 0.196925 0.705499 0.198311 0.704559 0.220630 0.671365 0.187436 0.649046 0.186000 0.649731
0 0.783015 0.966366 0.796009 1.000000 0.797371 1.000000 0.835480 0.993568 0.822427 0.955460 0.820949 0.953373
