0 0.180119 0.388459 0.194248 0.400431 0.195549 0.400765 0.198442 0.401451 0.202483 0.402386 0.207062 0.403427 0.262501 0.415935 0.266941 0.416928 0.270586 0.417728 0.272884 0.418212 0.273481 0.418306 0.291382 0.413560 0.302032 0.366355 0.272361 0.358931 0.216273 0.346277 0.190769 0.341254
0 0.470207 0.013554 0.470848 0.038294 0.471345 0.054432 0.472619 0.095765 0.473720 0.127559 0.522088 0.126069 0.530148 0.109396 0.530159 0.107957 0.530112 0.104888 0.530014 0.100656 0.529878 0.095907 0.528116 0.038707 0.527965 0.034186 0.527823 0.030604 0.527711 0.028506 0.527646 0.028209 0.518575 0.012064
0 0.428618 0.698417 0.445926 0.743607 0.472329 0.735326 0.526023 0.714762 0.552440 0.702814 0.535133 0.657623 0.516737 0.655493 0.515856 0.655616 0.513395 0.656378 0.509732 0.657660 0.505421 0.659269 0.452347 0.679596 0.448025 0.681293 0.444330 0.682829 0.441821 0.683971 0.440885 0.684543
0 0.107051 0.505728 0.142719 0.524832 0.146802 0.524549 0.169465 0.482236 0.164510 0.470799 0.164143 0.470404 0.162217 0.469205 0.159028 0.467385 0.155060 0.465220 0.150911 0.463037 0.147208 0.461166 0.144510 0.459889 0.143232 0.459402 0.129976 0.462926
0 0.466867 0.900136 0.513563 0.913444 0.523911 0.905673 0.524195 0.905324 0.524941 0.903256 0.526036 0.899781 0.527313 0.895429 0.528576 0.890869 0.529630 0.886802 0.530315 0.883849 0.530527 0.882459 0.524370 0.870250 0.478208 0.857095 0.467245 0.895563
0 0.063080 0.135802 0.068073 0.139964 0.110967 0.161509 0.120894 0.155844 0.122489 0.153895 0.124522 0.150666 0.126686 0.146644 0.128655 0.142437 0.130131 0.138680 0.130891 0.135942 0.130816 0.134640 0.128920 0.125764 0.124630 0.121438 0.081241 0.099644
0 0.747087 0.472387 0.752314 0.483334 0.752817 0.483734 0.754913 0.484828 0.758279 0.486448 0.762405 0.488349 0.766669 0.490244 0.770426 0.491846 0.773109 0.492914 0.774306 0.493284 0.786809 0.488747 0.806823 0.444508 0.769958 0.427830 0.766872 0.428655
0 0.321584 0.266053 0.331163 0.296592 0.352296 0.353184 0.390169 0.340115 0.388491 0.334997 0.370028 0.281505 0.359709 0.252897
0 0.233763 0.742692 0.261944 0.782232 0.327844 0.735265 0.329812 0.732576 0.325169 0.726061 0.269380 0.716703 0.256541 0.715656 0.256115 0.715905 0.254261 0.717179 0.251266 0.719282 0.247583 0.721896 0.243767 0.724626 0.240396 0.727060 0.237978 0.728831 0.236884 0.729666
0 0.315151 0.158509 0.317264 0.162412 0.366434 0.225517 0.404297 0.196014 0.405545 0.182666 0.404855 0.181521 0.403137 0.179095 0.400650 0.175756 0.397775 0.172015 0.394954 0.168446 0.392620 0.165599 0.391130 0.163907 0.390709 0.163626 0.378321 0.160583 0.321535 0.153535
0 0.650444 0.889687 0.652181 0.894192 0.656197 0.901217 0.711406 0.916265 0.721420 0.917301 0.722511 0.917396 0.725037 0.916563 0.728616 0.914926 0.732700 0.912735 0.736661 0.910327 0.739891 0.908072 0.741897 0.906314 0.742376 0.905322 0.746534 0.896184 0.722437 0.854031 0.719897 0.849985
0 0.477867 0.632496 0.515264 0.647464 0.530233 0.610067 0.530094 0.609562 0.492868 0.594662 0.477968 0.631888
0 0.253404 0.909903 0.293126 0.915977 0.294072 0.914076 0.300119 0.874535 0.260579 0.868489 0.259479 0.870181
0 0.857628 0.058663 0.873828 0.095236 0.888457 0.088755 0.892948 0.084001 0.895247 0.075573 0.895397 0.074171 0.894778 0.071296 0.893484 0.067383 0.891710 0.063031 0.889730 0.058910 0.887849 0.055652 0.886353 0.053754 0.876560 0.047006 0.861762 0.053561
0 0.391139 0.971323 0.430037 0.981791 0.440505 0.942892 0.440777 0.940863 0.402058 0.930443 0.391637 0.969163
0 0.772750 0.813227 0.773112 0.814476 0.827120 0.866793 0.828378 0.867207 0.830299 0.866682 0.832591 0.865298 0.834904 0.863264 0.907785 0.788427 0.909751 0.786068 0.911057 0.783758 0.911505 0.781850 0.911027 0.780634 0.857507 0.727817 0.856217 0.727520 0.854271 0.728147 0.851963 0.729600 0.840119 0.739332 0.784043 0.796913 0.774674 0.808963 0.773299 0.811291
0 0.652968 0.208933 0.653440 0.209250 0.655053 0.209640 0.657559 0.210045 0.660577 0.210404 0.764048 0.220880 0.767141 0.221140 0.769857 0.221264 0.771785 0.221232 0.772631 0.221049 0.780708 0.141273 0.780347 0.140897 0.778823 0.140454 0.776368 0.140013 0.761663 0.138010 0.681613 0.129906 0.666321 0.128871 0.663646 0.128793 0.661794 0.128894 0.661045 0.129158
0 0.686668 0.335966 0.686975 0.336979 0.688442 0.338053 0.690844 0.339024 0.705288 0.343049 0.784401 0.357230 0.799886 0.358570 0.802679 0.358529 0.804734 0.358087 0.805735 0.357308 0.817659 0.281760 0.817464 0.280705 0.816095 0.279594 0.813759 0.278596 0.810813 0.277864 0.707989 0.259434 0.704900 0.259083 0.702160 0.259172 0.700187 0.259684 0.699280 0.260541
0 0.345036 0.750988 0.345137 0.752665 0.345707 0.755139 0.350070 0.769393 0.378008 0.844742 0.384214 0.858993 0.385479 0.861466 0.386621 0.863142 0.387467 0.863765 0.460866 0.834656 0.461347 0.834107 0.461330 0.832494 0.460817 0.830063 0.459886 0.827184 0.423580 0.729250 0.422380 0.726380 0.421100 0.723977 0.419937 0.722405 0.419067 0.721905 0.345420 0.750364
