0 0.623988 0.832479 0.624613 0.840276 0.624827 0.840862 0.628394 0.847840 0.634360 0.852920 0.641816 0.855332 0.649627 0.854706 0.656604 0.851139 0.661685 0.845173 0.664097 0.837717 0.663470 0.829906 0.663189 0.829339 0.659629 0.822374 0.653673 0.817302 0.646230 0.814894 0.638433 0.815520 0.631467 0.819080 0.626395 0.825036
0 0.097888 0.463174 0.099236 0.466349 0.104864 0.474081 0.109570 0.476726 0.112905 0.478130 0.117392 0.476786 0.125330 0.473838 0.128304 0.471508 0.131114 0.468008 0.133338 0.463868 0.134640 0.459713 0.134821 0.456171 0.133177 0.447402 0.131562 0.443403 0.126852 0.440785 0.123547 0.439303 0.114164 0.438561 0.110563 0.439580 0.106567 0.442658 0.102787 0.447328 0.099808 0.452874 0.098087 0.458441
0 0.728196 0.617578 0.730338 0.625105 0.735198 0.631240 0.742451 0.635280 0.750238 0.636183 0.757779 0.634038 0.763924 0.629169 0.767738 0.622320 0.768641 0.614533 0.766496 0.606993 0.761627 0.600848 0.754778 0.597033 0.754341 0.596867 0.746567 0.595966 0.739040 0.598107 0.732905 0.602967 0.729097 0.609804
0 0.271485 0.703313 0.271561 0.708011 0.272179 0.712443 0.273246 0.715938 0.274603 0.717965 0.282401 0.725445 0.284817 0.725868 0.290572 0.725636 0.299840 0.721264 0.301613 0.719167 0.302932 0.714951 0.303592 0.709259 0.303491 0.702964 0.302644 0.697036 0.301182 0.692388 0.299333 0.689725 0.289937 0.686162 0.287512 0.685821 0.281767 0.686028 0.274222 0.694284 0.272924 0.695885 0.271964 0.699056
0 0.088969 0.676716 0.133386 0.743930 0.335027 0.610680 0.335783 0.610172 0.291570 0.543267 0.290611 0.543467
0 0.377981 0.369606 0.378541 0.370204 0.449489 0.407588 0.561642 0.194744 0.561925 0.193338 0.490651 0.155782
0 0.259303 0.151774 0.294336 0.390317 0.295276 0.390819 0.374427 0.379194 0.339554 0.141742 0.338817 0.140096
0 0.319065 0.757339 0.319111 0.758570 0.319668 0.763396 0.320600 0.770132 0.322261 0.781043 0.323793 0.790165 0.324708 0.794504 0.325487 0.797008 0.358510 0.792368 0.361977 0.791805 0.390081 0.786552 0.404907 0.783747 0.412200 0.774491 0.411931 0.772714 0.411417 0.769431 0.410736 0.765143 0.409993 0.760497 0.409297 0.756196 0.408756 0.752886 0.408451 0.751074 0.395412 0.721024 0.394698 0.720248 0.392905 0.719317 0.390303 0.718374 0.387292 0.717565 0.384331 0.717011 0.381875 0.716799 0.380298 0.716960
0 0.464111 0.605885 0.464388 0.607637 0.465373 0.610006 0.466918 0.612632 0.468786 0.615113 0.470692 0.617069 0.472342 0.618201 0.473487 0.618337 0.505450 0.620683 0.506930 0.620675 0.509973 0.620267 0.514117 0.619521 0.518727 0.618552 0.523094 0.617507 0.526549 0.616549 0.528563 0.615823 0.528836 0.615439 0.534415 0.605892 0.534333 0.605214 0.531842 0.590762 0.526847 0.562199 0.526107 0.558775 0.518171 0.526737 0.517653 0.526464 0.510933 0.527620 0.500439 0.529755 0.492574 0.531493 0.485283 0.533237 0.481943 0.534128 0.478763 0.535322
0 0.370277 0.859240 0.384229 0.872964 0.386615 0.874146 0.390298 0.875570 0.394715 0.877017 0.449480 0.893621 0.453938 0.894865 0.457738 0.895710 0.460299 0.896028 0.479429 0.892334 0.493470 0.846024 0.466455 0.835021 0.412320 0.818608 0.384318 0.812930
0 0.737734 0.225627 0.737806 0.226824 0.738636 0.229505 0.740098 0.233259 0.741970 0.237517 0.765796 0.289115 0.767800 0.293249 0.769642 0.296649 0.771042 0.298800 0.786449 0.310681 0.830382 0.290394 0.821043 0.262572 0.814275 0.247914 0.803707 0.225029 0.796938 0.210371 0.782565 0.186843 0.738632 0.207130
0 0.186595 0.136286 0.222606 0.168610 0.243741 0.150240 0.281528 0.108143 0.298795 0.083730 0.262784 0.051406 0.244488 0.057999 0.242444 0.059459 0.239621 0.062058 0.236449 0.065399 0.198222 0.107987 0.195199 0.111546 0.192800 0.114766 0.191391 0.117153
0 0.170990 0.403540 0.188038 0.423638 0.216447 0.453688 0.227539 0.465420 0.249348 0.486422 0.284512 0.453178 0.279460 0.435361 0.279120 0.434779 0.277570 0.432950 0.275048 0.430158 0.271938 0.426823 0.232894 0.385525 0.229654 0.382141 0.226762 0.379208 0.224656 0.377169 0.223660 0.376338 0.206155 0.370295
0 0.008333 0.057974 0.056750 0.119533 0.089578 0.098377 0.089706 0.095146 0.066668 0.048646 0.042743 0.017782 0.010068 0.039104
0 0.290304 0.835155 0.293959 0.842481 0.314407 0.874727 0.326490 0.876631 0.327084 0.876718 0.329237 0.875969 0.332623 0.874497 0.336726 0.872527 0.340915 0.870360 0.344546 0.868330 0.347065 0.866747 0.348088 0.865853 0.352320 0.852585 0.330889 0.809635 0.295097 0.827494
0 0.057108 0.346789 0.070512 0.393457 0.075421 0.394675 0.113866 0.383632 0.100615 0.337497 0.088226 0.330568 0.086798 0.330598 0.083814 0.331132 0.079727 0.332090 0.075161 0.333325 0.070820 0.334648 0.067369 0.335856 0.065335 0.336763
0 0.818428 0.066028 0.826824 0.105136 0.873755 0.095061 0.878076 0.090379 0.882572 0.083072 0.882885 0.081622 0.882764 0.078588 0.882226 0.074432 0.881354 0.069789 0.880281 0.065372 0.879172 0.061860 0.878197 0.059789 0.869582 0.050818 0.822109 0.061011
0 0.301215 0.640918 0.312557 0.688130 0.351900 0.678679 0.353592 0.676636 0.342380 0.629964 0.331654 0.624278 0.330984 0.624329 0.328635 0.624800 0.324967 0.625619 0.320538 0.626661 0.316014 0.627770 0.312079 0.628777 0.309328 0.629531 0.308184 0.629917
0 0.929271 0.225690 0.958925 0.263434 0.973171 0.263826 0.974519 0.262946 0.977114 0.261060 0.980560 0.258454 0.984331 0.255527 0.987847 0.252729 0.990568 0.250489 0.992078 0.249150 0.992151 0.248914 0.996047 0.235702 0.966050 0.197521 0.960724 0.200978
0 0.796833 0.930742 0.800265 0.935722 0.845407 0.953602 0.855140 0.946398 0.856504 0.944460 0.858218 0.941142 0.860019 0.936949 0.861631 0.932526 0.862805 0.928553 0.863363 0.925637 0.863222 0.924221 0.860308 0.915983 0.856190 0.911229 0.811563 0.893553
