0 0.641065 0.475458 0.647671 0.515008 0.648351 0.515077 0.688083 0.508440 0.681446 0.468708 0.641714 0.475345
0 0.714722 0.218027 0.716173 0.225150 0.755711 0.229291 0.762571 0.193223 0.760930 0.186192 0.721325 0.181994
0 0.050911 0.876252 0.065619 0.883006 0.079242 0.877060 0.080179 0.875730 0.081737 0.872938 0.083677 0.869114 0.085707 0.864834 0.087520 0.860746 0.088842 0.857465 0.089473 0.855490 0.087276 0.842278 0.072735 0.835601 0.067796 0.839481
0 0.885712 0.478381 0.905285 0.513377 0.907150 0.513439 0.942308 0.493776 0.922645 0.458619 0.920708 0.458809
0 0.523521 0.546342 0.523630 0.546556 0.561536 0.560184 0.575165 0.522278 0.537258 0.508649 0.537088 0.508610
0 0.317560 0.064031 0.336700 0.089482 0.372211 0.133561 0.375579 0.137405 0.406774 0.112264 0.369277 0.061239 0.348962 0.038723
0 0.413503 0.954141 0.414058 1.000000 0.426185 1.000000 0.443211 0.991074 0.444392 0.990193 0.446195 0.988571 0.476501 0.959253 0.476769 0.954004 0.442501 0.920394 0.429882 0.922666 0.428133 0.924058 0.425454 0.926528 0.422250 0.929703 0.419006 0.933102 0.416211 0.936213 0.414287 0.938566 0.413531 0.939801
0 0.423404 0.496488 0.424280 0.496529 0.504257 0.498440 0.504306 0.498422 0.504499 0.490332 0.457377 0.440469 0.456401 0.440368 0.453730 0.440239 0.449769 0.440100 0.445122 0.439974 0.440504 0.439879 0.436625 0.439830 0.434077 0.439835 0.433246 0.439892 0.424564 0.447947
0 0.350154 0.349293 0.358145 0.397186 0.359766 0.398361 0.438675 0.385195 0.437358 0.377304 0.436634 0.375886 0.390064 0.342634 0.381353 0.336430 0.380289 0.336366 0.377568 0.336614 0.373602 0.337138 0.368997 0.337858 0.364461 0.338663 0.360691 0.339430 0.358263 0.340041 0.357544 0.340403
0 0.243276 0.745706 0.321896 0.762371 0.322710 0.761172 0.372478 0.526389 0.294217 0.509799 0.293272 0.509845
0 0.636933 0.202964 0.640307 0.274985 0.641459 0.282331 0.881989 0.264846 0.881486 0.192416 0.879367 0.185340
0 0.462038 0.401307 0.462211 0.401758 0.491318 0.476485 0.715496 0.389165 0.716489 0.388656 0.687249 0.313586
0 0.101682 0.767803 0.112778 0.801257 0.114139 0.804098 0.116384 0.807695 0.119170 0.811498 0.122069 0.814920 0.124635 0.817439 0.126477 0.818669 0.137750 0.819985 0.150682 0.811058 0.174955 0.794153 0.177743 0.792052 0.203099 0.771750 0.203840 0.770545 0.200513 0.764459 0.194409 0.755622 0.189455 0.749280 0.184493 0.743671 0.181966 0.741289 0.178607 0.739723 0.109491 0.755091 0.107808 0.756259 0.105922 0.758277 0.104121 0.760838 0.102683 0.763549 0.101827 0.765995
0 0.618602 0.897946 0.618909 0.898837 0.620502 0.900879 0.623142 0.903764 0.626425 0.907049 0.629848 0.910232 0.632885 0.912822 0.635070 0.914424 0.665101 0.928884 0.667237 0.928983 0.669966 0.928428 0.672869 0.927305 0.675503 0.925784 0.677464 0.924099 0.678455 0.922508 0.703203 0.855754 0.700417 0.852032 0.697789 0.849186 0.692221 0.843564 0.686334 0.837923 0.678628 0.830933 0.673868 0.827076 0.659742 0.841041 0.650149 0.850709 0.647738 0.853246 0.618998 0.886061
0 0.376938 0.518745 0.390048 0.549130 0.391521 0.552311 0.404517 0.578111 0.411439 0.591731 0.422176 0.596153 0.424072 0.595506 0.427298 0.594181 0.431362 0.592382 0.435640 0.590385 0.439475 0.588496 0.442279 0.587005 0.443626 0.586139 0.468212 0.565087 0.468941 0.564278 0.469494 0.562371 0.469787 0.559658 0.469773 0.556550 0.469456 0.553526 0.468884 0.551048 0.468145 0.549493 0.413510 0.501887 0.410670 0.502892 0.407607 0.504205 0.400875 0.507213 0.393582 0.510560 0.383809 0.515157 0.377505 0.518249
0 0.498508 0.868766 0.555015 0.912322 0.556686 0.913114 0.559232 0.913478 0.562268 0.913357 0.565327 0.912770 0.567940 0.911807 0.569710 0.910616 0.587390 0.882240 0.588371 0.879680 0.589556 0.875847 0.590763 0.871328 0.591807 0.866817 0.592526 0.863007 0.592813 0.860480 0.592624 0.859616 0.585990 0.849795 0.544200 0.837252 0.540808 0.836382 0.527560 0.833324 0.508177 0.829011 0.506230 0.834886 0.503432 0.844936 0.501438 0.852832 0.499687 0.860508 0.498952 0.864269
0 0.169713 0.512608 0.197110 0.552695 0.200572 0.552093 0.233596 0.529523 0.206512 0.489894 0.193359 0.487318 0.192195 0.487820 0.189684 0.489286 0.186208 0.491494 0.182299 0.494107 0.178557 0.496723 0.175558 0.498940 0.173758 0.500420 0.173431 0.500937
0 0.085931 0.697235 0.099009 0.735731 0.137505 0.722653 0.142488 0.719592 0.129590 0.681625 0.091624 0.694523
0 0.257510 0.127636 0.259659 0.141491 0.260682 0.142548 0.262961 0.144610 0.266146 0.147361 0.269755 0.150386 0.273243 0.153228 0.276085 0.155458 0.277849 0.156738 0.278263 0.156870 0.291112 0.157376 0.321694 0.120380 0.319633 0.115991 0.288446 0.090211
0 0.805287 0.852208 0.805420 0.860029 0.808535 0.867205 0.809066 0.867838 0.814700 0.873284 0.821989 0.876161 0.829824 0.876028 0.837012 0.872908 0.842458 0.867274 0.845335 0.859985 0.845202 0.852150 0.842082 0.844961 0.841495 0.844368 0.835870 0.838932 0.828594 0.836060 0.820772 0.836192 0.813596 0.839307 0.808159 0.844931
0 0.075735 0.310907 0.076847 0.318664 0.080841 0.325406 0.087112 0.330105 0.087822 0.330397 0.095400 0.332336 0.103144 0.331226 0.109874 0.327239 0.114565 0.320979 0.116504 0.313400 0.115394 0.305657 0.111407 0.298927 0.105147 0.294236 0.104467 0.293881 0.096875 0.291939 0.089118 0.293051 0.082377 0.297045 0.077678 0.303316
0 0.385234 0.847464 0.387488 0.859036 0.392382 0.862575 0.402877 0.865192 0.404127 0.863847 0.406617 0.860698 0.409967 0.856225 0.413663 0.851115 0.417134 0.846155 0.419847 0.842109 0.421388 0.839593 0.421528 0.838986 0.415715 0.829830 0.410832 0.826298 0.399249 0.827829 0.398320 0.828880 0.396471 0.831259 0.393983 0.834602 0.391233 0.838405 0.388636 0.842093 0.386583 0.845110 0.385387 0.846998
0 0.176412 0.801491 0.177180 0.807323 0.179475 0.813156 0.182949 0.818109 0.187081 0.821433 0.191245 0.822622 0.199712 0.823101 0.204174 0.821683 0.208642 0.819685 0.211679 0.815574 0.212817 0.809387 0.213680 0.803648 0.213118 0.799270 0.211395 0.794891 0.208777 0.791183 0.205665 0.788712 0.199424 0.784423 0.194209 0.782996 0.189769 0.784475 0.185286 0.786428 0.179679 0.793222 0.177288 0.796540
