0 0.467593 0.288665 0.467706 0.288919 0.468764 0.289882 0.470602 0.291404 0.472943 0.293256 0.554549 0.356656 0.557028 0.358549 0.559306 0.360225 0.561038 0.361431 0.561961 0.361983 0.610699 0.298353 0.610714 0.298108 0.609775 0.297155 0.608024 0.295638 0.605727 0.293789 0.523997 0.229795 0.521497 0.227888 0.519213 0.226246 0.517494 0.225119 0.516602 0.224679
0 0.765711 0.354077 0.766030 0.354465 0.767402 0.355314 0.769616 0.356495 0.772338 0.357827 0.866379 0.402238 0.869211 0.403529 0.871743 0.404590 0.873589 0.405260 0.874469 0.405438 0.908709 0.332933 0.908515 0.332526 0.907245 0.331657 0.905091 0.330461 0.902380 0.329117 0.807908 0.284502 0.805073 0.283227 0.802566 0.282222 0.800767 0.281641 0.799952 0.281572
0 0.738508 0.751655 0.738699 0.751895 0.739659 0.753019 0.741241 0.754855 0.743205 0.757123 0.811348 0.835689 0.813409 0.838060 0.815265 0.840190 0.816638 0.841755 0.817315 0.842515 0.877889 0.789978 0.877820 0.789771 0.876960 0.788672 0.875440 0.786846 0.866012 0.775783 0.813293 0.715000 0.802966 0.703287 0.801109 0.701218 0.799745 0.699754 0.799082 0.699118
0 0.257947 0.477538 0.285319 0.517642 0.287772 0.517440 0.353849 0.472342 0.326790 0.432696 0.324787 0.431918 0.314329 0.429784 0.313324 0.430210 0.310949 0.431610 0.307563 0.433773 0.303684 0.436368 0.270341 0.459126 0.266574 0.461748 0.263507 0.463990 0.261608 0.465507 0.261164 0.466070
0 0.334781 0.595102 0.337181 0.602562 0.342254 0.608535 0.349225 0.612112 0.357036 0.612749 0.364496 0.610349 0.364729 0.610159 0.370691 0.605095 0.374262 0.598136 0.374898 0.590339 0.372502 0.582892 0.367438 0.576930 0.360479 0.573358 0.352682 0.572723 0.345235 0.575118 0.344968 0.575248 0.338996 0.580320 0.335418 0.587292
0 0.631140 0.650632 0.632662 0.658305 0.637005 0.664811 0.637241 0.665095 0.643754 0.669452 0.651439 0.670985 0.659125 0.669460 0.665643 0.665110 0.670000 0.658597 0.671532 0.650912 0.670008 0.643225 0.665657 0.636708 0.665373 0.636473 0.658871 0.632123 0.651199 0.630593 0.643526 0.632115 0.637020 0.636458 0.632670 0.642960
0 0.112799 0.092807 0.114500 0.100456 0.118999 0.106872 0.119654 0.107548 0.126254 0.111746 0.133959 0.113100 0.141595 0.111401 0.148000 0.106911 0.152198 0.100310 0.153552 0.092606 0.151854 0.084969 0.147363 0.078564 0.146756 0.077838 0.140144 0.073633 0.132426 0.072277 0.124777 0.073978 0.118360 0.078477 0.114155 0.085089
0 0.684343 0.788916 0.684572 0.789322 0.685707 0.791238 0.687575 0.794369 0.689891 0.798241 0.692307 0.802268 0.694458 0.805844 0.696018 0.808427 0.696749 0.809622 0.709421 0.813935 0.751072 0.788980 0.730277 0.754270 0.727645 0.751364 0.686470 0.776034
0 0.043075 0.792744 0.053360 0.800700 0.055474 0.801248 0.059055 0.801789 0.063559 0.802241 0.068293 0.802533 0.072528 0.802622 0.075619 0.802493 0.077094 0.802168 0.088168 0.792611 0.092023 0.744767 0.052152 0.741553 0.046975 0.744346
0 0.578372 0.868638 0.579441 0.882480 0.580248 0.883580 0.582340 0.885705 0.585400 0.888531 0.588960 0.891628 0.592473 0.894518 0.595400 0.896758 0.597293 0.898007 0.597865 0.898075 0.610163 0.899041 0.641532 0.861979 0.639915 0.857842 0.609383 0.832000
0 0.007125 0.924388 0.007126 0.928616 0.007434 0.933343 0.008001 0.937842 0.008741 0.941421 0.009539 0.943535 0.016766 0.953673 0.065104 0.949087 0.070074 0.943954 0.066296 0.904133 0.018510 0.908668 0.012944 0.913392 0.007992 0.919834 0.007429 0.921304
0 0.663828 0.686309 0.665722 0.688463 0.700834 0.708570 0.724963 0.666435 0.720937 0.654062 0.719850 0.653403 0.717339 0.651935 0.713791 0.649882 0.709740 0.647555 0.705800 0.645306 0.702564 0.643473 0.700523 0.642335 0.699990 0.642067 0.687681 0.644655
0 0.578565 0.172816 0.667418 0.396391 0.741944 0.366773 0.743057 0.366160 0.653795 0.141555 0.578926 0.171310
0 0.378770 0.271309 0.378971 0.272620 0.382647 0.279036 0.388465 0.288316 0.392856 0.294960 0.396960 0.300821 0.398860 0.303297 0.400748 0.304877 0.472345 0.294623 0.473803 0.293529 0.475610 0.291616 0.477490 0.289176 0.479155 0.286583 0.480349 0.284234 0.480892 0.282488 0.480700 0.281610 0.471119 0.249890 0.470448 0.248145 0.468875 0.245157 0.466638 0.241382 0.464082 0.237397 0.461598 0.233816 0.459567 0.231188 0.458301 0.229913 0.446865 0.227773 0.433749 0.235819 0.408997 0.251055 0.406055 0.252950
0 0.391489 0.101143 0.391930 0.102838 0.393038 0.105174 0.394643 0.107793 0.396499 0.110295 0.398323 0.112296 0.399836 0.113493 0.400807 0.113702 0.470811 0.124777 0.473067 0.123554 0.475128 0.121220 0.479456 0.115541 0.484001 0.108999 0.489910 0.099738 0.493514 0.093199 0.493484 0.091647 0.466711 0.072860 0.463810 0.070907 0.439197 0.055005 0.426134 0.046589 0.414728 0.048577 0.413316 0.049715 0.411147 0.052226 0.408553 0.055726 0.405931 0.059679 0.403684 0.063477 0.402158 0.066538 0.401582 0.068396
