0 0.606347 0.773152 0.606835 0.774406 0.670755 0.823121 0.816898 0.631359 0.752978 0.582645 0.751822 0.582267
0 0.885096 0.862971 0.901018 0.899772 0.902864 0.901612 0.939834 0.885617 0.923839 0.848647 0.921897 0.847050
0 0.159225 0.697772 0.164900 0.737553 0.204681 0.731878 0.206031 0.730818 0.200382 0.691219 0.160783 0.696868
0 0.491168 0.468889 0.503381 0.506683 0.507746 0.507868 0.544476 0.494429 0.532316 0.456546 0.527847 0.455588
0 0.310751 0.563032 0.311313 0.564537 0.312893 0.567269 0.315251 0.570815 0.318027 0.574629 0.320794 0.578127 0.323127 0.580771 0.324669 0.582158 0.337316 0.590220 0.340230 0.591316 0.343393 0.591512 0.346326 0.590778 0.348584 0.589225 0.390781 0.547996 0.394476 0.544243 0.401331 0.535989 0.401095 0.534671 0.398279 0.529661 0.393628 0.522748 0.388376 0.515842 0.381219 0.506941 0.377326 0.502474 0.359840 0.514418 0.351707 0.520343 0.312947 0.551259
0 0.103090 0.244165 0.134773 0.255641 0.138121 0.256727 0.180345 0.268570 0.190675 0.263861 0.191377 0.262717 0.192517 0.260006 0.193922 0.256142 0.195378 0.251709 0.196666 0.247376 0.197593 0.243797 0.198016 0.241516 0.200291 0.209877 0.199919 0.208495 0.198671 0.206552 0.196736 0.204344 0.194409 0.202209 0.192046 0.200474 0.190011 0.199404 0.188612 0.199162 0.115311 0.205647 0.114634 0.206108 0.112716 0.209734 0.110335 0.215522 0.106771 0.225617 0.104068 0.234736 0.103142 0.239962
0 0.229970 0.642561 0.249129 0.711920 0.249953 0.713443 0.251745 0.715185 0.254232 0.716878 0.257034 0.718264 0.259722 0.719129 0.261884 0.719344 0.263191 0.718875 0.291892 0.707195 0.292874 0.706661 0.295149 0.705051 0.298372 0.702608 0.302048 0.699707 0.305613 0.696793 0.308520 0.694314 0.310324 0.692648 0.310756 0.692047 0.311401 0.680351 0.285524 0.645146 0.283335 0.642407 0.274626 0.632130 0.261741 0.617073 0.256744 0.620890 0.248507 0.627368 0.242153 0.632438 0.236087 0.637348 0.233186 0.639741
0 0.210612 0.401265 0.211725 0.402504 0.213786 0.403922 0.216481 0.405303 0.311833 0.447968 0.314735 0.449092 0.317381 0.449780 0.319368 0.449928 0.320394 0.449514 0.351225 0.377987 0.351110 0.377131 0.349893 0.375906 0.347762 0.374498 0.334621 0.367413 0.261256 0.334586 0.246643 0.329252 0.243957 0.328505 0.241908 0.328269 0.240810 0.328582 0.210617 0.400393
0 0.627732 0.826897 0.627906 0.827292 0.628666 0.828699 0.629898 0.830906 0.631415 0.833576 0.639381 0.847460 0.677680 0.913520 0.684073 0.924403 0.685014 0.925972 0.685401 0.926560 0.754936 0.886578 0.754607 0.885956 0.753711 0.884360 0.752385 0.882033 0.703132 0.795964 0.701566 0.793239 0.700028 0.790582 0.698753 0.788400 0.697935 0.787025 0.697698 0.786666
0 0.775516 0.727481 0.776587 0.728091 0.785587 0.732904 0.846754 0.764634 0.860748 0.771747 0.863628 0.773186 0.866260 0.774468 0.868241 0.775399 0.869270 0.775835 0.905656 0.702614 0.905544 0.702557 0.902233 0.700910 0.899540 0.699571 0.824220 0.662124 0.819595 0.659825 0.816786 0.658429 0.814201 0.657145 0.811181 0.655645 0.775522 0.727404
0 0.490987 0.539878 0.491243 0.539980 0.492649 0.540367 0.494991 0.540981 0.497913 0.541728 0.513386 0.545623 0.588292 0.564194 0.600905 0.567263 0.602790 0.567709 0.603618 0.567882 0.623184 0.490102 0.622373 0.489864 0.620501 0.489365 0.617853 0.488681 0.520737 0.463907 0.517684 0.463136 0.514756 0.462411 0.512402 0.461843 0.510981 0.461518 0.510707 0.461486
0 0.464522 0.112545 0.467626 0.152888 0.467996 0.156855 0.515855 0.153173 0.523852 0.142501 0.523813 0.141112 0.523639 0.138094 0.523355 0.133907 0.523006 0.129189 0.522644 0.124667 0.522326 0.121035 0.522100 0.118847 0.522000 0.118435 0.512934 0.108820
0 0.061353 0.886002 0.099983 0.915417 0.113958 0.911807 0.115023 0.910534 0.117034 0.908000 0.119683 0.904590 0.122571 0.900823 0.125262 0.897264 0.127348 0.894453 0.128515 0.892815 0.128581 0.892602 0.128787 0.878845 0.090598 0.849766 0.085865 0.853810
0 0.039074 0.252237 0.044342 0.255068 0.091402 0.264518 0.099729 0.256380 0.100689 0.254093 0.101755 0.250449 0.102765 0.246002 0.103568 0.241421 0.104041 0.237399 0.104113 0.234544 0.103771 0.233293 0.099277 0.225301 0.094644 0.222125 0.047039 0.212566
0 0.737201 0.417309 0.737246 0.418263 0.737997 0.420758 0.739340 0.424412 0.741070 0.428671 0.742926 0.432893 0.744628 0.436441 0.745919 0.438776 0.746601 0.439542 0.756136 0.443945 0.759097 0.443297 0.803819 0.424389 0.788062 0.387121 0.784770 0.388411 0.740559 0.407103
0 0.604366 0.249264 0.631392 0.256117 0.687131 0.265770 0.716752 0.268728 0.725010 0.221046 0.709666 0.209260 0.707311 0.208484 0.703588 0.207593 0.699064 0.206723 0.642676 0.196957 0.638062 0.196245 0.634081 0.195802 0.631343 0.195695 0.630262 0.195940 0.612624 0.201582
0 0.364952 0.686763 0.367439 0.702649 0.371322 0.727452 0.373810 0.743339 0.402948 0.768717 0.426159 0.761989 0.446431 0.730914 0.437615 0.674606 0.408593 0.649795 0.385165 0.655136
0 0.858843 0.799634 0.906391 0.808626 0.918587 0.793572 0.919546 0.791318 0.920593 0.787668 0.921567 0.783180 0.932202 0.726949 0.932951 0.722326 0.933357 0.718293 0.933358 0.715467 0.927587 0.696554 0.880039 0.687562 0.871711 0.713837 0.861199 0.769421
