0 0.396304 0.478838 0.396395 0.480712 0.396999 0.481568 0.469667 0.508334 0.470634 0.508019 0.471875 0.506601 0.473200 0.504298 0.479541 0.490488 0.507218 0.415030 0.511348 0.400294 0.511840 0.397642 0.511831 0.395701 0.511322 0.394768 0.438414 0.368657 0.437424 0.368853 0.436163 0.370167 0.434823 0.372400 0.433608 0.375212 0.397636 0.473285 0.396739 0.476230
0 0.644303 0.413598 0.644852 0.414952 0.646111 0.416972 0.647887 0.419352 0.657922 0.431530 0.710412 0.489359 0.720232 0.499046 0.721902 0.500459 0.722978 0.501005 0.784173 0.449689 0.784544 0.449238 0.784102 0.447902 0.782913 0.445882 0.781158 0.443487 0.779104 0.441083 0.710182 0.366137 0.708189 0.364140 0.706542 0.362830 0.705489 0.362406 0.644547 0.413118
0 0.264062 0.632365 0.264925 0.638245 0.266925 0.644214 0.269756 0.649353 0.272979 0.652875 0.276100 0.654244 0.285682 0.655295 0.290880 0.653605 0.294032 0.652376 0.295981 0.648404 0.299425 0.640365 0.299698 0.636704 0.299037 0.632313 0.297544 0.627857 0.295443 0.624009 0.293052 0.621350 0.285382 0.616778 0.281505 0.614998 0.276325 0.616708 0.273137 0.617862 0.266077 0.624335 0.264468 0.627481
0 0.230992 0.955269 0.231336 0.964586 0.232283 0.968206 0.235399 0.972022 0.240214 0.975448 0.245989 0.977955 0.251833 0.979156 0.256850 0.978871 0.260271 0.977147 0.267206 0.970990 0.268832 0.967383 0.270921 0.962529 0.269666 0.958024 0.265571 0.950516 0.263213 0.947681 0.259606 0.945135 0.255295 0.943264 0.250932 0.942349 0.247175 0.942530 0.239070 0.944741 0.234760 0.946831 0.233062 0.950397
0 0.866790 0.533203 0.869078 0.540683 0.874053 0.546719 0.880961 0.550391 0.881617 0.550478 0.889417 0.551229 0.896910 0.548937 0.902957 0.543953 0.906635 0.537034 0.907386 0.529233 0.905094 0.521740 0.900110 0.515693 0.893191 0.512015 0.885391 0.511264 0.884728 0.511245 0.877248 0.513533 0.871212 0.518508 0.867540 0.525416
0 0.398290 0.120253 0.398988 0.128061 0.399161 0.128701 0.402788 0.135635 0.408793 0.140655 0.416261 0.142993 0.424056 0.142297 0.430991 0.138670 0.436010 0.132665 0.438349 0.125197 0.437653 0.117402 0.437546 0.116743 0.433912 0.109796 0.427897 0.104768 0.420416 0.102426 0.412607 0.103123 0.405661 0.106757 0.400633 0.112772
0 0.342257 0.063364 0.344060 0.068354 0.376239 0.103970 0.388059 0.102552 0.390120 0.101246 0.393098 0.098927 0.396541 0.095946 0.426289 0.069068 0.429686 0.065869 0.432532 0.062927 0.434395 0.060687 0.434990 0.059491 0.435599 0.050338 0.434855 0.045140 0.402304 0.009112
0 0.569722 0.532049 0.571353 0.532799 0.620458 0.534108 0.628620 0.526004 0.628817 0.525109 0.629034 0.522485 0.629238 0.518530 0.629397 0.513847 0.629487 0.509158 0.629495 0.505182 0.629419 0.502526 0.629271 0.501594 0.621549 0.493187 0.572444 0.491878 0.570788 0.492063
0 0.227780 0.939063 0.306069 0.959547 0.308286 0.954295 0.320436 0.907858 0.313784 0.899895 0.313142 0.899136 0.310825 0.898030 0.307190 0.896745 0.302788 0.895476 0.264002 0.885328 0.259486 0.884264 0.255528 0.883562 0.252727 0.883329 0.251512 0.883602 0.243041 0.887608 0.240070 0.892089
0 0.635862 0.655318 0.639040 0.658951 0.682751 0.681364 0.693098 0.677013 0.693781 0.676421 0.695211 0.674260 0.697173 0.670857 0.699364 0.666730 0.701450 0.662514 0.703109 0.658858 0.704088 0.656319 0.704240 0.655284 0.701429 0.644938 0.696825 0.641625 0.654113 0.619724
0 0.332590 0.783869 0.406924 0.814933 0.500116 0.591930 0.500115 0.591509 0.426122 0.560587 0.425782 0.560866
0 0.250098 0.247829 0.324141 0.479702 0.324951 0.479796 0.401885 0.455229 0.328184 0.224427 0.327389 0.223149
0 0.262370 0.373192 0.263455 0.373771 0.342745 0.384408 0.374655 0.146539 0.374080 0.144916 0.294426 0.134230
0 0.270768 0.702916 0.278086 0.716202 0.291984 0.741329 0.293748 0.744362 0.311033 0.772749 0.313203 0.771575 0.316986 0.769418 0.324959 0.764776 0.334503 0.759175 0.340400 0.755691 0.344631 0.753163 0.345715 0.752492 0.338301 0.679744 0.337371 0.678385 0.335610 0.676595 0.333286 0.674648 0.330756 0.672841 0.328406 0.671452 0.326596 0.670691 0.325601 0.670675 0.293886 0.679488 0.292273 0.680332 0.289341 0.681966 0.285536 0.684143 0.281440 0.686529 0.277684 0.688757 0.274844 0.690486 0.273352 0.691451
0 0.105733 0.884546 0.106544 0.895843 0.107615 0.897787 0.109956 0.900506 0.113210 0.903583 0.116880 0.906545 0.120400 0.908938 0.123230 0.910395 0.156348 0.922933 0.158122 0.922902 0.160582 0.922181 0.163353 0.920879 0.166011 0.919196 0.168149 0.917389 0.169440 0.915735 0.187905 0.847589 0.186694 0.844031 0.184502 0.841348 0.179203 0.836078 0.173124 0.830813 0.164544 0.824322 0.158515 0.820779 0.157130 0.821558 0.135708 0.845851 0.133478 0.848533 0.115330 0.872022
0 0.032276 0.196486 0.032499 0.199428 0.033207 0.202502 0.034293 0.205238 0.035590 0.207219 0.036898 0.208142 0.063531 0.222111 0.064494 0.222404 0.067114 0.223053 0.070990 0.223959 0.075534 0.224984 0.080060 0.225973 0.083885 0.226777 0.086431 0.227275 0.087308 0.227390 0.096922 0.220739 0.107842 0.178350 0.108580 0.174915 0.111180 0.161886 0.114768 0.142455 0.114132 0.141929 0.109137 0.140271 0.103377 0.138678 0.093894 0.136490 0.083695 0.134380 0.078023 0.133353 0.074692 0.132941 0.074495 0.133124 0.033342 0.192714 0.032572 0.194129
0 0.497566 0.842415 0.497629 0.843255 0.498701 0.845508 0.500621 0.848835 0.503097 0.852726 0.505748 0.856585 0.508167 0.859819 0.509984 0.861932 0.536276 0.882885 0.538318 0.883398 0.541088 0.883421 0.544164 0.882949 0.547073 0.882055 0.549371 0.880875 0.550707 0.879592 0.589278 0.819553 0.587475 0.815555 0.585566 0.812286 0.581392 0.805668 0.576883 0.798900 0.570858 0.790339 0.566992 0.785398 0.550154 0.795933 0.538659 0.803218 0.535754 0.805171 0.500570 0.830968
0 0.609940 0.766502 0.610137 0.767690 0.632698 0.791316 0.635180 0.793778 0.656692 0.813766 0.668142 0.824328 0.679592 0.824590 0.681407 0.823571 0.684163 0.821389 0.687439 0.818375 0.690732 0.814992 0.693536 0.811759 0.695421 0.809173 0.711584 0.777718 0.711588 0.775879 0.711010 0.773321 0.709938 0.770435 0.708538 0.767662 0.707022 0.765428 0.705624 0.764073 0.638677 0.739273 0.635629 0.740508 0.632968 0.742571 0.627455 0.747500 0.621724 0.753120 0.614349 0.761007
0 0.749544 0.380088 0.789160 0.386279 0.790491 0.385756 0.796711 0.345957 0.756912 0.339737 0.755734 0.340472
0 0.370566 0.337563 0.389059 0.373349 0.389568 0.373930 0.425189 0.355520 0.406780 0.319899 0.406351 0.319070
0 0.746713 0.472904 0.778680 0.497109 0.779963 0.497095 0.804279 0.464981 0.772164 0.440665 0.770917 0.440936
