0 0.217731 0.193767 0.221612 0.197977 0.300681 0.211364 0.307375 0.171830 0.304690 0.167255 0.224518 0.153681
0 0.144818 0.862679 0.164680 0.906985 0.238524 0.873882 0.241513 0.869609 0.221877 0.825809 0.209440 0.823171 0.208986 0.823121 0.206929 0.823828 0.203586 0.825183 0.199463 0.826981 0.162879 0.843381 0.158590 0.845354 0.154771 0.847210 0.152001 0.848666 0.150704 0.849502
0 0.373357 0.335740 0.397462 0.413188 0.398869 0.414378 0.437061 0.402491 0.413287 0.326105 0.412081 0.323687
0 0.852687 0.324059 0.891512 0.352283 0.905408 0.349953 0.906484 0.349011 0.908482 0.346720 0.911098 0.343428 0.913932 0.339638 0.937669 0.306985 0.940278 0.303288 0.942256 0.300261 0.943301 0.298365 0.943622 0.285119 0.904348 0.256568 0.899727 0.259350
0 0.942596 0.642241 0.942605 0.644643 0.943027 0.648365 0.943799 0.652843 0.951527 0.692183 0.952532 0.696751 0.953622 0.700730 0.954633 0.703518 0.955410 0.704688 0.962690 0.709730 0.968039 0.712155 1.000000 0.702796 1.000000 0.623388 0.994370 0.621978 0.947270 0.631230
0 0.481478 0.577598 0.481862 0.578128 0.482989 0.579501 0.484688 0.581510 0.486701 0.583848 0.555160 0.662771 0.557165 0.665066 0.558844 0.666952 0.559940 0.668142 0.560288 0.668455 0.620859 0.615915 0.620565 0.615556 0.619514 0.614327 0.617865 0.612415 0.608095 0.601120 0.555374 0.540340 0.545388 0.528859 0.543659 0.526876 0.542486 0.525542 0.542049 0.525058
0 0.452740 0.356312 0.465224 0.435518 0.465842 0.435482 0.467570 0.435262 0.470142 0.434891 0.473168 0.434426 0.476191 0.433938 0.478753 0.433500 0.552895 0.420321 0.554700 0.419983 0.555380 0.419812 0.542628 0.338912 0.542065 0.338862 0.540353 0.339014 0.537752 0.339345 0.534659 0.339804 0.531547 0.340322 0.528894 0.340818 0.455014 0.355708 0.453316 0.356088
0 0.328889 0.792460 0.329064 0.793200 0.330197 0.794558 0.332113 0.796324 0.343784 0.805900 0.408325 0.853800 0.421071 0.862345 0.423393 0.863723 0.425133 0.864498 0.426025 0.864550 0.472692 0.800140 0.472640 0.799410 0.471613 0.798061 0.469769 0.796298 0.467386 0.794392 0.383501 0.732137 0.380960 0.730389 0.378664 0.729078 0.376963 0.728403 0.376117 0.728467
0 0.500881 0.913128 0.501455 0.914281 0.503164 0.915318 0.505748 0.916080 0.508813 0.916450 0.613158 0.921406 0.616217 0.921327 0.618784 0.920809 0.620468 0.919933 0.621012 0.918833 0.625417 0.843314 0.624734 0.842216 0.622932 0.841229 0.620285 0.840501 0.605072 0.838181 0.524788 0.834368 0.509630 0.835245 0.507005 0.835723 0.505234 0.836541 0.504588 0.837576
0 0.096292 0.720129 0.124411 0.749493 0.129571 0.746067 0.158532 0.718334 0.159760 0.661641 0.132028 0.632681 0.126903 0.634527 0.097538 0.662646 0.097188 0.678787
0 0.580330 0.815522 0.598087 0.834530 0.635740 0.828988 0.646505 0.817044 0.674078 0.786451 0.675054 0.749131 0.656358 0.731166 0.619102 0.736292 0.580945 0.778629
0 0.525407 0.392597 0.566497 0.418158 0.582229 0.393074 0.612599 0.344252 0.626744 0.321309 0.585654 0.295748 0.569706 0.305162 0.569312 0.305686 0.568001 0.307700 0.565972 0.310899 0.563536 0.314794 0.533308 0.363386 0.530846 0.367366 0.528745 0.370806 0.527325 0.373181 0.526803 0.374131
0 0.644719 0.831154 0.644847 0.831579 0.645594 0.833661 0.646845 0.837081 0.648410 0.841318 0.668160 0.894609 0.669808 0.899040 0.671296 0.903009 0.672398 0.905917 0.672945 0.907317 0.686686 0.919733 0.732061 0.902916 0.723976 0.879269 0.718366 0.864130 0.709606 0.840493 0.703995 0.825354 0.692424 0.795966 0.647049 0.812783
0 0.807880 0.140978 0.842127 0.161646 0.846082 0.157735 0.871171 0.116164 0.866263 0.105899 0.864428 0.104101 0.861339 0.101775 0.857466 0.099275 0.853405 0.096987 0.849779 0.095261 0.847144 0.094360 0.845900 0.094421 0.836528 0.095257 0.832682 0.099882
0 0.156408 0.179177 0.156460 0.182135 0.156797 0.183465 0.162315 0.190754 0.166174 0.194288 0.213786 0.200379 0.218862 0.160702 0.215612 0.156780 0.167449 0.150619 0.159294 0.159985 0.158579 0.162205 0.157824 0.165848 0.157146 0.170357 0.156649 0.175040
0 0.111623 0.306928 0.112652 0.308888 0.114554 0.312003 0.117039 0.315799 0.119726 0.319692 0.122202 0.323084 0.124087 0.325456 0.125096 0.326449 0.138756 0.329334 0.178584 0.302543 0.156258 0.269353 0.152284 0.266687 0.111996 0.293788 0.111623 0.306420
0 0.922186 0.763350 0.922245 0.765612 0.922723 0.769236 0.923548 0.773672 0.924594 0.778252 0.925704 0.782283 0.926710 0.785157 0.927460 0.786433 0.939994 0.794266 0.987536 0.784403 0.979317 0.744784 0.973839 0.741986 0.926840 0.751737
0 0.139937 0.534779 0.139994 0.538672 0.140255 0.541245 0.140680 0.542107 0.146749 0.550898 0.195232 0.553534 0.198715 0.552922 0.200887 0.512981 0.152958 0.510375 0.148946 0.510495 0.141990 0.518005 0.141467 0.518947 0.140923 0.521587 0.140440 0.525525 0.140094 0.530160
0 0.081881 0.824287 0.082349 0.827101 0.083438 0.831015 0.084983 0.835432 0.086747 0.839672 0.088458 0.843083 0.089854 0.845146 0.099279 0.852035 0.144633 0.834699 0.148695 0.830874 0.120131 0.756147 0.112659 0.759003 0.108181 0.761997 0.084832 0.814240 0.082105 0.823002
0 0.765867 0.775118 0.790582 0.851205 0.793942 0.855265 0.840121 0.840264 0.843982 0.827574 0.843557 0.825446 0.842601 0.821955 0.841260 0.817632 0.839738 0.813141 0.838271 0.809174 0.837083 0.806336 0.836354 0.805058 0.823877 0.798332 0.773476 0.772647
0 0.389772 0.488992 0.394638 0.500006 0.395351 0.500352 0.397663 0.501341 0.401225 0.502821 0.405492 0.504568 0.409809 0.506313 0.413512 0.507787 0.416036 0.508765 0.416997 0.509099 0.480207 0.482205 0.483221 0.474794 0.483027 0.474503 0.408065 0.444015
0 0.329019 0.268701 0.329398 0.271002 0.330125 0.274663 0.331090 0.279128 0.332143 0.283708 0.333123 0.287701 0.333880 0.290496 0.334299 0.291669 0.345284 0.298817 0.392133 0.288369 0.383426 0.249328 0.380699 0.243464 0.372708 0.245246 0.334687 0.256999 0.329045 0.268110
0 0.756172 0.187865 0.758430 0.195540 0.808095 0.222621 0.819998 0.226957 0.820456 0.227058 0.822602 0.226626 0.826106 0.225728 0.830436 0.224500 0.834940 0.223128 0.838936 0.221819 0.841822 0.220771 0.843154 0.220143 0.850474 0.207992 0.836767 0.161412 0.759134 0.184256
0 0.213879 0.503792 0.229888 0.540756 0.231126 0.540569 0.267921 0.524633 0.251984 0.487838 0.250843 0.487782
0 0.520592 0.077831 0.541989 0.111742 0.575900 0.090344 0.576249 0.088458 0.554753 0.054391 0.520687 0.075887
0 0.493258 0.166283 0.493289 0.167813 0.514041 0.202122 0.548350 0.181369 0.548573 0.179902 0.527725 0.145435
0 0.501523 0.450705 0.534682 0.473250 0.534842 0.473127 0.557490 0.439815 0.524179 0.417167 0.501530 0.450478
0 0.770855 0.936580 0.772099 0.938585 0.812098 0.942432 0.815946 0.902433 0.814501 0.900593 0.774685 0.896764
