0 0.232847 0.673520 0.233372 0.675230 0.234466 0.677611 0.241583 0.690963 0.282898 0.759906 0.291411 0.772635 0.293030 0.774780 0.294343 0.776139 0.295151 0.776501 0.362886 0.735021 0.363120 0.734299 0.362690 0.732637 0.361661 0.730287 0.360189 0.727609 0.306491 0.638005 0.304811 0.635424 0.303190 0.633349 0.301874 0.632098 0.301065 0.631861 0.232970 0.672741
0 0.679384 0.260327 0.697075 0.337027 0.698018 0.337490 0.700006 0.337587 0.702736 0.337305 0.705791 0.336686 0.807183 0.311506 0.810079 0.310648 0.812354 0.309687 0.813663 0.308771 0.813806 0.308039 0.796789 0.231169 0.795757 0.230795 0.793693 0.230774 0.790914 0.231108 0.775578 0.233972 0.697569 0.253346 0.683394 0.257811 0.681051 0.258749 0.679642 0.259632
0 0.094177 0.531982 0.094237 0.534591 0.095220 0.549708 0.103294 0.629762 0.105337 0.644642 0.105794 0.647162 0.106262 0.648784 0.106669 0.649261 0.186447 0.641214 0.186661 0.640484 0.186719 0.638653 0.186614 0.636002 0.186361 0.632932 0.175924 0.529457 0.175561 0.526415 0.175139 0.523845 0.174724 0.522134 0.174377 0.521546 0.094599 0.529593 0.094304 0.530227
0 0.815104 0.529182 0.833833 0.532643 0.854937 0.535498 0.863863 0.501538 0.866768 0.445844 0.827198 0.439570 0.825782 0.445283 0.816950 0.501153
0 0.208587 0.506782 0.240139 0.511571 0.300209 0.519045 0.305655 0.479353 0.300334 0.478613 0.244270 0.470920 0.214070 0.466825
0 0.487209 0.651569 0.526883 0.657147 0.535306 0.603008 0.539752 0.567942 0.519775 0.564504 0.499814 0.562326 0.495898 0.589685 0.488021 0.645694
0 0.125633 0.084595 0.171217 0.325942 0.178732 0.329920 0.194454 0.326951 0.199605 0.316464 0.199831 0.315804 0.199681 0.313445 0.199181 0.309749 0.198405 0.305276 0.183524 0.226485 0.161202 0.108300 0.160259 0.103673 0.159280 0.099540 0.158415 0.096525 0.157793 0.095090 0.153814 0.090382 0.141723 0.081556
0 0.205231 0.435610 0.440273 0.491911 0.440547 0.491949 0.459228 0.413961 0.459041 0.413564 0.223998 0.357262
0 0.204121 0.302976 0.205478 0.303879 0.285599 0.307304 0.295876 0.066940 0.294935 0.064946 0.214445 0.061505
0 0.341218 0.716461 0.342829 0.717836 0.420242 0.738281 0.483942 0.505015 0.406823 0.483807 0.404924 0.483498
0 0.245175 0.949094 0.286915 0.973578 0.299710 0.952670 0.328801 0.903075 0.344623 0.875195 0.302883 0.850712 0.287185 0.860537 0.286437 0.861809 0.284866 0.864484 0.282712 0.868154 0.249066 0.925515 0.247264 0.928589 0.246219 0.930373 0.246089 0.930598
0 0.478895 0.697183 0.503622 0.738780 0.528364 0.726051 0.542243 0.717801 0.577789 0.696670 0.601666 0.680498 0.576939 0.638901 0.558448 0.639924 0.557581 0.640209 0.555268 0.641389 0.551863 0.643282 0.547884 0.645602 0.499031 0.674643 0.495064 0.677047 0.491695 0.679180 0.489434 0.680719 0.488628 0.681428
0 0.579915 0.086518 0.602298 0.129422 0.621472 0.129490 0.623656 0.128695 0.627032 0.127162 0.631089 0.125126 0.681477 0.098839 0.685617 0.096599 0.689227 0.094487 0.691761 0.092821 0.692831 0.091857 0.703422 0.076666 0.681040 0.033762 0.657038 0.043230 0.606060 0.069825
0 0.173397 0.557339 0.204750 0.583221 0.261986 0.577751 0.265254 0.576680 0.290781 0.545758 0.259859 0.520232 0.256516 0.520515 0.215351 0.524449 0.199279 0.525986
0 0.031189 0.702175 0.044260 0.725778 0.052908 0.734341 0.070711 0.721784 0.084759 0.709592 0.071392 0.686198 0.062874 0.677555
0 0.320965 0.582569 0.349870 0.610626 0.350558 0.610119 0.378486 0.581346 0.349714 0.553419 0.349022 0.553665
0 0.874357 0.535021 0.876905 0.550816 0.881262 0.551404 0.921208 0.544959 0.918630 0.528980 0.906919 0.521656 0.905477 0.521773 0.902448 0.522165 0.898295 0.522770 0.893647 0.523497 0.889205 0.524237 0.885639 0.524877 0.883490 0.525321 0.883090 0.525501
0 0.169639 0.120820 0.169917 0.161101 0.171430 0.162654 0.211526 0.162376 0.211249 0.122280 0.209920 0.120541
0 0.804357 0.622738 0.827838 0.655241 0.829347 0.655956 0.862000 0.632367 0.838412 0.599714 0.836861 0.599257
0 0.684337 0.803848 0.684365 0.805592 0.684486 0.808873 0.684683 0.813193 0.684926 0.817900 0.685179 0.822282 0.685402 0.825679 0.685563 0.827572 0.685636 0.827668 0.694708 0.835267 0.709752 0.834849 0.738266 0.834019 0.741775 0.833851 0.775102 0.831629 0.775499 0.829302 0.775583 0.825033 0.775212 0.815844 0.774530 0.804759 0.773979 0.797865 0.773431 0.792865 0.773156 0.791537 0.704699 0.764479 0.703154 0.764708 0.700818 0.765468 0.698047 0.766643 0.695266 0.768053 0.692900 0.769483 0.691310 0.770714 0.690738 0.771558
0 0.498648 0.500478 0.500423 0.511546 0.500636 0.511884 0.502353 0.513161 0.505319 0.515184 0.509079 0.517644 0.513058 0.520164 0.516644 0.522357 0.519286 0.523885 0.520585 0.524519 0.551118 0.533752 0.552295 0.533950 0.554282 0.533403 0.556777 0.532195 0.559398 0.530509 0.561744 0.528603 0.563455 0.526770 0.564272 0.525289 0.575321 0.453697 0.572527 0.451764 0.569628 0.449866 0.563320 0.445794 0.556532 0.441456 0.547491 0.435733 0.541723 0.432146 0.541313 0.432001 0.522642 0.459406 0.520756 0.462363 0.498759 0.500129
0 0.824854 0.348835 0.825054 0.356458 0.825691 0.364515 0.827079 0.375056 0.828585 0.381564 0.829760 0.381652 0.862277 0.379718 0.865755 0.379393 0.908903 0.373587 0.910461 0.373081 0.917950 0.364592 0.918394 0.362299 0.918527 0.358604 0.918330 0.354072 0.917831 0.349397 0.917108 0.345299 0.916272 0.342405 0.902215 0.310714 0.900840 0.309396 0.898528 0.308116 0.895630 0.307071 0.892591 0.306421 0.889875 0.306266 0.887899 0.306627 0.826212 0.341417 0.825032 0.345238
0 0.374244 0.303177 0.374343 0.303212 0.393672 0.307463 0.406745 0.310336 0.410197 0.310968 0.453500 0.317094 0.463393 0.311058 0.463562 0.310486 0.464036 0.308191 0.464744 0.304518 0.465576 0.300027 0.466406 0.295409 0.467105 0.291373 0.467568 0.288537 0.467723 0.287331 0.464878 0.256263 0.464576 0.254947 0.463285 0.253189 0.461202 0.251260 0.458644 0.249453 0.456002 0.248046 0.453683 0.247255 0.452038 0.247198 0.381414 0.263379 0.381253 0.263932 0.380468 0.267789 0.379312 0.273848 0.377381 0.284330 0.375711 0.293725 0.374843 0.299019
0 0.005453 0.991541 0.005904 0.994631 0.006852 0.997560 0.008150 0.999880 0.009601 1.000000 0.071797 1.000000 0.073580 0.997150 0.079367 0.967975 0.079834 0.964518 0.081411 0.950674 0.083469 0.930817 0.077583 0.928820 0.067354 0.926882 0.059254 0.925924 0.051324 0.925514 0.047400 0.925657 0.042576 0.927032 0.006227 0.986725 0.005567 0.988765
