0 0.648744 0.247005 0.728299 0.257113 0.729351 0.255994 0.759814 0.016230 0.679893 0.006075 0.679068 0.008339
0 0.418432 0.217464 0.482746 0.452279 0.544937 0.435960 0.554349 0.433192 0.490679 0.200728 0.427502 0.213841
0 0.927487 0.740769 0.930926 0.780621 0.932905 0.781910 0.972940 0.778455 0.969485 0.738420 0.967339 0.737330
0 0.610134 0.108828 0.643903 0.130448 0.665523 0.096679 0.666285 0.094822 0.632361 0.073102 0.610641 0.107027
0 0.925106 0.695232 0.927063 0.696131 0.967304 0.697955 0.969128 0.657714 0.966978 0.656992 0.926922 0.655176
0 0.127124 0.925977 0.167348 0.928147 0.168872 0.926185 0.171033 0.886146 0.130993 0.883986 0.129295 0.885753
0 0.773076 0.646935 0.776276 0.686904 0.777548 0.687764 0.817701 0.684550 0.814487 0.644397 0.813046 0.643735
0 0.610314 0.727585 0.611129 0.737867 0.612414 0.740617 0.649816 0.771580 0.675618 0.740412 0.673611 0.737664 0.636637 0.707055 0.625706 0.708992 0.624955 0.709423 0.623151 0.711200 0.620571 0.714049 0.617604 0.717538 0.614699 0.721142 0.612294 0.724315 0.610753 0.726579
0 0.214407 0.149333 0.227310 0.196142 0.230426 0.199615 0.238905 0.203992 0.240134 0.204138 0.242940 0.203775 0.246894 0.202958 0.251398 0.201813 0.255771 0.200511 0.259354 0.199250 0.261605 0.198220 0.262175 0.197577 0.268988 0.188985 0.256232 0.142711 0.253414 0.138581
0 0.157586 0.809708 0.183579 0.840717 0.220790 0.809526 0.223981 0.805988 0.223777 0.796089 0.223552 0.794996 0.222184 0.792666 0.219884 0.789457 0.217000 0.785854 0.213968 0.782400 0.211246 0.779618 0.209245 0.777927 0.208271 0.777590 0.198285 0.775333 0.161499 0.806168
0 0.528829 0.790172 0.529162 0.793526 0.564110 0.813919 0.588581 0.771982 0.585431 0.758980 0.584527 0.758176 0.582178 0.756573 0.578746 0.754414 0.574750 0.752028 0.570793 0.749774 0.567472 0.747991 0.565290 0.746951 0.564583 0.746814 0.553021 0.748714
0 0.592289 0.571286 0.592779 0.571876 0.594415 0.573741 0.596946 0.576596 0.599988 0.580008 0.626707 0.609898 0.629808 0.613360 0.632508 0.616356 0.634398 0.618434 0.635187 0.619275 0.647772 0.620268 0.683972 0.587909 0.630040 0.527575 0.628554 0.527260 0.592768 0.559249
0 0.217044 0.056371 0.219258 0.105444 0.225675 0.114463 0.232521 0.120424 0.233790 0.120883 0.236695 0.121189 0.240790 0.121295 0.245456 0.121187 0.249989 0.120880 0.253704 0.120421 0.256039 0.119879 0.265634 0.112660 0.263470 0.064708 0.257938 0.054526
0 0.393175 0.421685 0.394396 0.422580 0.441542 0.431597 0.451114 0.424907 0.451351 0.424105 0.451895 0.421626 0.452664 0.417851 0.453541 0.413351 0.461073 0.373974 0.461927 0.369418 0.462633 0.365485 0.463082 0.362768 0.463205 0.361685 0.456068 0.351322 0.408377 0.342201
0 0.628561 0.832488 0.628776 0.834744 0.629482 0.837566 0.630570 0.840524 0.631875 0.843164 0.633196 0.845082 0.634331 0.845986 0.702428 0.873587 0.703234 0.873391 0.706592 0.870913 0.711356 0.866768 0.719148 0.859376 0.725735 0.852555 0.728963 0.848473 0.730953 0.844998 0.708066 0.820362 0.705589 0.817864 0.673498 0.788004 0.662155 0.787392 0.661011 0.788169 0.658760 0.790120 0.655743 0.792949 0.652416 0.796227 0.649282 0.799460 0.646814 0.802160 0.645387 0.803916 0.628868 0.831143
0 0.794503 0.877533 0.796738 0.883130 0.797406 0.883990 0.807776 0.888834 0.809838 0.888648 0.813235 0.887780 0.817451 0.886362 0.821839 0.884610 0.825724 0.882794 0.828511 0.881193 0.829775 0.880051 0.834087 0.869345 0.831847 0.863735 0.831102 0.862921 0.823791 0.855132 0.821028 0.855435 0.816514 0.856626 0.810934 0.858524 0.805130 0.860841 0.799973 0.863230 0.796242 0.865331 0.794505 0.866824
0 0.740196 0.290108 0.742240 0.297662 0.747018 0.303860 0.753805 0.307757 0.761567 0.308761 0.769121 0.306717 0.769585 0.306384 0.775793 0.301597 0.779697 0.294799 0.780702 0.287024 0.778655 0.279456 0.773868 0.273248 0.767070 0.269344 0.759295 0.268339 0.751727 0.270386 0.745519 0.275173 0.745096 0.275559 0.741200 0.282346
0 0.910801 0.527462 0.911496 0.535257 0.915121 0.542194 0.921124 0.547214 0.928591 0.549556 0.929329 0.549641 0.937138 0.548945 0.944086 0.545315 0.949115 0.539301 0.951461 0.531821 0.950765 0.524012 0.947135 0.517064 0.941121 0.512035 0.933641 0.509688 0.932895 0.509672 0.925100 0.510367 0.918164 0.513991 0.913143 0.519995
0 0.411898 0.729189 0.412808 0.736975 0.416628 0.743821 0.422778 0.748683 0.430320 0.750823 0.438107 0.749912 0.444952 0.746092 0.449814 0.739942 0.451954 0.732400 0.452037 0.732001 0.451128 0.724228 0.447314 0.717394 0.441175 0.712540 0.433646 0.710404 0.425873 0.711313 0.419039 0.715127 0.414185 0.721266 0.414037 0.721647
