0 0.691315 0.208545 0.693860 0.216129 0.769704 0.190681 0.772822 0.187105 0.757377 0.141072 0.745003 0.137403 0.742791 0.137831 0.739249 0.138809 0.734918 0.140188 0.730464 0.141757 0.726570 0.143274 0.723832 0.144507 0.722666 0.145268
0 0.230279 0.751640 0.267023 0.795507 0.275624 0.803032 0.276243 0.803513 0.278605 0.804085 0.282352 0.804658 0.286911 0.805147 0.291583 0.805474 0.295648 0.805591 0.298487 0.805479 0.299668 0.805157 0.307328 0.799068 0.309530 0.795650 0.313755 0.747836 0.234065 0.740795 0.230991 0.743579
0 0.299025 0.260966 0.307856 0.285772 0.328821 0.339312 0.340612 0.367173 0.385672 0.349529 0.387665 0.331117 0.387479 0.330484 0.386651 0.328238 0.385309 0.324723 0.383657 0.320473 0.362935 0.267552 0.361216 0.263194 0.359685 0.259372 0.358573 0.256663 0.358050 0.255484 0.344085 0.243322
0 0.911093 0.679329 0.921300 0.734969 0.954223 0.757685 0.960539 0.761268 0.983572 0.727887 0.973223 0.671473 0.939842 0.648441 0.933809 0.646405
0 0.471152 0.749457 0.510973 0.776952 0.527352 0.768312 0.527912 0.767909 0.529438 0.766046 0.531697 0.763006 0.534345 0.759253 0.566861 0.712161 0.569483 0.708283 0.571666 0.704889 0.573078 0.702498 0.573504 0.701473 0.575781 0.683094 0.535960 0.655599 0.519598 0.677616 0.487456 0.724166
0 0.308662 0.857278 0.312869 0.938482 0.353471 0.936378 0.355485 0.930379 0.351336 0.850291 0.311293 0.852366
0 0.045075 0.134144 0.055473 0.142507 0.100036 0.160345 0.109520 0.153704 0.110926 0.151668 0.112666 0.148304 0.114478 0.144123 0.116089 0.139755 0.117254 0.135861 0.117797 0.133028 0.117634 0.131691 0.114901 0.123210 0.105893 0.114396 0.060288 0.096141
0 0.397255 0.356815 0.399637 0.405311 0.408670 0.413999 0.409706 0.414067 0.412414 0.414035 0.416377 0.413908 0.420997 0.413705 0.461040 0.411737 0.465628 0.411488 0.469504 0.411231 0.472079 0.411003 0.472960 0.410841 0.480688 0.402468 0.478333 0.354526 0.478082 0.352844
0 0.676028 0.270870 0.676647 0.278040 0.678267 0.288786 0.679755 0.296650 0.681400 0.303759 0.682336 0.306888 0.683914 0.309394 0.753312 0.327458 0.755185 0.327086 0.757668 0.326076 0.760384 0.324579 0.762916 0.322826 0.764877 0.321085 0.765967 0.319622 0.770338 0.284257 0.770196 0.280983 0.769694 0.276684 0.768910 0.272020 0.767964 0.267707 0.767002 0.264408 0.766170 0.262625 0.756567 0.256261 0.741204 0.258487 0.712241 0.262764 0.708796 0.263370 0.676699 0.269820
0 0.109210 0.489908 0.111359 0.501232 0.123734 0.510635 0.147111 0.528313 0.149953 0.530350 0.176971 0.548787 0.178279 0.548496 0.183035 0.543011 0.189608 0.534322 0.194175 0.527760 0.198063 0.521627 0.199605 0.518784 0.200175 0.515950 0.164653 0.453677 0.163052 0.452610 0.160574 0.451550 0.157596 0.450661 0.154576 0.450077 0.151975 0.449888 0.150190 0.450124 0.121721 0.471805 0.119446 0.474212 0.116705 0.477587 0.113918 0.481412 0.111514 0.485099 0.109860 0.488083
0 0.832223 0.895798 0.837015 0.915176 0.840402 0.928685 0.841355 0.932041 0.854926 0.973350 0.856172 0.975071 0.865782 0.980807 0.868306 0.980936 0.872100 0.980472 0.876584 0.979485 0.881072 0.978127 0.884873 0.976606 0.887404 0.975155 0.915322 0.955121 0.916472 0.953591 0.917371 0.951123 0.917882 0.948093 0.917927 0.944964 0.917499 0.942216 0.916664 0.940268 0.871737 0.886388 0.867242 0.885611 0.863496 0.885989 0.855863 0.887479 0.848017 0.889559 0.838042 0.892939
0 0.058515 0.200858 0.058701 0.203568 0.059397 0.207495 0.060495 0.212037 0.061827 0.216495 0.063189 0.220187 0.064372 0.222548 0.065195 0.223222 0.074276 0.227829 0.075904 0.228645 0.118502 0.219529 0.121887 0.218659 0.135127 0.214970 0.154243 0.209426 0.153472 0.203350 0.151242 0.193199 0.149141 0.185316 0.146777 0.177738 0.145406 0.174080 0.143025 0.169904 0.073230 0.158936 0.071249 0.159042 0.068745 0.159945 0.066101 0.161510 0.063721 0.163497 0.061970 0.165601 0.061115 0.167501
0 0.867327 0.303331 0.867820 0.305999 0.868896 0.309806 0.870391 0.314174 0.872081 0.318446 0.873709 0.321975 0.875031 0.324228 0.875843 0.324858 0.884438 0.330425 0.929475 0.313822 0.934440 0.311670 0.920445 0.273705 0.874887 0.290499 0.870602 0.292894 0.867494 0.302210
0 0.343402 0.783529 0.380145 0.800475 0.400480 0.756384 0.401618 0.753454 0.397326 0.743778 0.396629 0.743072 0.394374 0.741708 0.390909 0.739893 0.386757 0.737903 0.382547 0.736037 0.378913 0.734577 0.376404 0.733745 0.375407 0.733669 0.365295 0.736701 0.363737 0.739438
0 0.032902 0.520781 0.068453 0.540102 0.073385 0.539644 0.096305 0.497470 0.090998 0.486102 0.090731 0.485682 0.088894 0.484452 0.085772 0.482600 0.081836 0.480406 0.077681 0.478203 0.073935 0.476321 0.071163 0.475047 0.069790 0.474576 0.056087 0.478119
0 0.869533 0.265078 0.908952 0.271874 0.914638 0.268702 0.921529 0.228736 0.881562 0.221845 0.876329 0.225660
