0 0.374555 0.148405 0.377422 0.156442 0.407684 0.193700 0.438733 0.168482 0.437300 0.160728 0.406330 0.122597 0.395104 0.123210 0.394242 0.123293 0.392062 0.124538 0.388896 0.126758 0.385227 0.129615 0.381619 0.132669 0.378626 0.135451 0.376707 0.137535 0.376150 0.138605
0 0.708920 0.286808 0.708966 0.287949 0.709645 0.290631 0.710852 0.294444 0.712406 0.298810 0.714070 0.303071 0.715595 0.306584 0.716749 0.308816 0.717356 0.309424 0.726873 0.315039 0.771847 0.298265 0.778206 0.293546 0.763901 0.255191 0.717875 0.272357 0.712895 0.277561
0 0.643919 0.813420 0.647843 0.822293 0.649553 0.826019 0.694333 0.844788 0.725615 0.770154 0.723036 0.767066 0.715658 0.763974 0.663306 0.785402 0.653250 0.791159 0.652693 0.791621 0.651514 0.793703 0.649892 0.797083 0.648074 0.801251 0.646333 0.805576 0.644932 0.809406 0.644084 0.812161
0 0.761325 0.089030 0.791341 0.163186 0.835834 0.145176 0.839716 0.141074 0.842670 0.132471 0.842777 0.131133 0.842178 0.128288 0.840961 0.124369 0.839311 0.119974 0.837484 0.115779 0.835758 0.112429 0.834399 0.110434 0.824535 0.103568 0.771848 0.081242 0.764346 0.084279
0 0.021528 0.535667 0.045701 0.583726 0.069384 0.611411 0.087710 0.600127 0.102797 0.588825 0.090266 0.564790 0.058621 0.517920 0.054720 0.513230
0 0.060445 0.046852 0.089533 0.286193 0.091410 0.287170 0.170825 0.277518 0.141870 0.039271 0.140225 0.037155
0 0.409032 0.700819 0.409562 0.701033 0.411232 0.701290 0.413790 0.701550 0.416845 0.701774 0.521125 0.708183 0.524191 0.708335 0.526779 0.708391 0.528496 0.708343 0.529080 0.708198 0.533999 0.628166 0.533361 0.628016 0.531604 0.627814 0.528997 0.627592 0.525936 0.627382 0.422132 0.621002 0.419062 0.620835 0.416430 0.620736 0.414634 0.620719 0.413951 0.620787
0 0.075719 0.269206 0.076200 0.271238 0.077151 0.272232 0.150475 0.291685 0.151693 0.291476 0.153050 0.290107 0.154341 0.287791 0.159951 0.273679 0.181357 0.195617 0.183846 0.180197 0.183961 0.177388 0.183557 0.175281 0.182693 0.174199 0.109182 0.155429 0.107933 0.155521 0.106548 0.156787 0.105236 0.159035 0.104200 0.161923 0.076378 0.263379 0.075781 0.266446
0 0.547390 0.768383 0.547757 0.769052 0.617376 0.806418 0.618247 0.805968 0.619548 0.804498 0.621079 0.802234 0.628903 0.788937 0.665778 0.717521 0.671903 0.703800 0.672794 0.701376 0.673135 0.699667 0.672873 0.698936 0.602933 0.662190 0.602053 0.662515 0.600744 0.663878 0.599207 0.666071 0.597676 0.668761 0.549750 0.761580 0.548468 0.764339 0.547639 0.766728
0 0.763728 0.738741 0.764159 0.740764 0.765001 0.741746 0.838995 0.758129 0.840177 0.757931 0.841460 0.756573 0.842649 0.754260 0.843561 0.751345 0.867499 0.649663 0.867991 0.646609 0.867984 0.643902 0.867479 0.641955 0.866554 0.641064 0.792720 0.624000 0.791574 0.624313 0.790322 0.625771 0.789156 0.628151 0.784182 0.642449 0.765764 0.720684 0.763771 0.735983
0 0.683480 0.348231 0.703054 0.401452 0.739452 0.418275 0.742787 0.417141 0.759845 0.380236 0.754273 0.365083 0.739999 0.326273 0.703094 0.309215 0.700304 0.311834
0 0.129686 0.513113 0.147328 0.549631 0.201487 0.568508 0.205581 0.567568 0.241599 0.550168 0.224199 0.514151 0.170782 0.495533 0.166204 0.495471
0 0.165969 0.252334 0.166200 0.260199 0.168667 0.267552 0.172982 0.273263 0.178481 0.276462 0.184319 0.276673 0.188376 0.276282 0.193664 0.273482 0.198693 0.269419 0.201850 0.265113 0.203455 0.259395 0.203270 0.253130 0.201322 0.247263 0.197904 0.242680 0.193528 0.240080 0.187213 0.236891 0.181373 0.236614 0.177318 0.237053 0.171995 0.239803 0.168005 0.245168
0 0.088869 0.661674 0.093439 0.672378 0.098991 0.674758 0.109888 0.675053 0.110588 0.674738 0.112177 0.672244 0.114409 0.667961 0.116947 0.662538 0.119408 0.656793 0.121423 0.651590 0.122688 0.647713 0.123008 0.645754 0.115411 0.638142 0.109871 0.635768 0.108995 0.636075 0.098199 0.639902 0.096986 0.641737 0.095286 0.644942 0.093358 0.649030 0.091497 0.653372 0.089990 0.657302 0.089068 0.660218
0 0.631575 0.366327 0.633529 0.373901 0.638234 0.380151 0.644972 0.384126 0.652718 0.385218 0.660293 0.383264 0.660569 0.383063 0.666829 0.378350 0.670811 0.371600 0.671904 0.363841 0.669947 0.356253 0.665234 0.349993 0.658484 0.346011 0.650725 0.344917 0.643137 0.346875 0.636877 0.351588 0.636642 0.351843 0.632667 0.358581
