0 0.284159 0.807982 0.316728 0.832316 0.373633 0.824081 0.397967 0.791512 0.399366 0.787501 0.367244 0.763501 0.311123 0.771623 0.287122 0.803744
0 0.655820 0.301960 0.680930 0.343303 0.704858 0.329130 0.739726 0.307927 0.753349 0.299642 0.778703 0.283846 0.753553 0.242437 0.735014 0.243685 0.734343 0.243944 0.732188 0.245129 0.728876 0.247061 0.724915 0.249445 0.675882 0.279315 0.671898 0.281772 0.668510 0.283921 0.666236 0.285434 0.665420 0.286081
0 0.199246 0.263683 0.223250 0.309202 0.251026 0.316541 0.283425 0.322475 0.291652 0.282840 0.274167 0.250352 0.267381 0.237744 0.239800 0.229464 0.207472 0.224053
0 0.284049 0.308491 0.284204 0.309046 0.285217 0.311135 0.286935 0.314442 0.289096 0.318464 0.291369 0.322580 0.293403 0.326159 0.294888 0.328655 0.295598 0.329688 0.308057 0.333619 0.350207 0.310654 0.331070 0.275529 0.329117 0.272934 0.286480 0.296165
0 0.528348 0.037601 0.531356 0.077488 0.579220 0.073879 0.587595 0.062764 0.587641 0.061269 0.587542 0.058162 0.587313 0.053914 0.586987 0.049175 0.586616 0.044673 0.586256 0.041100 0.585962 0.039002 0.585780 0.038694 0.577093 0.028605 0.528676 0.032255
0 0.603764 0.799362 0.603983 0.847362 0.605185 0.851378 0.612666 0.857870 0.613734 0.858339 0.616485 0.858729 0.620500 0.858980 0.625166 0.859053 0.629767 0.858938 0.633594 0.858651 0.636065 0.858237 0.636803 0.857760 0.645647 0.851193 0.645426 0.802639 0.643764 0.799180
0 0.720991 0.502408 0.727189 0.542023 0.730356 0.542609 0.770524 0.536325 0.764240 0.496157 0.760607 0.496210
0 0.182675 0.288645 0.183827 0.296396 0.187859 0.303116 0.194154 0.307782 0.194679 0.308112 0.202269 0.310010 0.210006 0.308860 0.216714 0.304836 0.221373 0.298551 0.223270 0.290962 0.222120 0.283224 0.218096 0.276516 0.217610 0.276132 0.211315 0.271465 0.203713 0.269564 0.195962 0.270716 0.189242 0.274748 0.184576 0.281043
0 0.634297 0.518599 0.635784 0.526283 0.640096 0.532813 0.646581 0.537195 0.646833 0.537260 0.654514 0.538831 0.662210 0.537341 0.668752 0.533021 0.673142 0.526526 0.674713 0.518845 0.673223 0.511149 0.668904 0.504607 0.662408 0.500217 0.654727 0.498646 0.654462 0.498648 0.646778 0.500135 0.640248 0.504447 0.635865 0.510932
0 0.916997 0.809658 0.919968 0.816894 0.925484 0.822442 0.926216 0.822997 0.933447 0.826017 0.941283 0.826040 0.948531 0.823063 0.954088 0.817538 0.957109 0.810308 0.957132 0.802472 0.954155 0.795223 0.948630 0.789666 0.947859 0.789168 0.940641 0.786152 0.932818 0.786130 0.925582 0.789101 0.920034 0.794617 0.917019 0.801835
0 0.509429 0.149699 0.510026 0.157502 0.513563 0.164484 0.519503 0.169579 0.526940 0.172015 0.534744 0.171418 0.541725 0.167881 0.546820 0.161941 0.549256 0.154504 0.549341 0.153909 0.548744 0.146092 0.545201 0.139099 0.539251 0.133995 0.531801 0.131555 0.523984 0.132152 0.516990 0.135695 0.511886 0.141645 0.509446 0.149095
0 0.761201 0.267139 0.762610 0.269825 0.765940 0.273204 0.770685 0.276758 0.776117 0.279940 0.781399 0.282260 0.785720 0.283362 0.788419 0.283082 0.796779 0.276969 0.799809 0.271976 0.800630 0.269980 0.797947 0.259314 0.796850 0.257312 0.794331 0.254798 0.790776 0.252155 0.786721 0.249779 0.782779 0.248031 0.779545 0.247175 0.777512 0.247344 0.766615 0.250055 0.763612 0.255052 0.762715 0.257015
0 0.157803 0.145491 0.157807 0.147378 0.160970 0.226714 0.161153 0.229494 0.161484 0.232656 0.161913 0.235714 0.162374 0.238201 0.162796 0.239739 0.163115 0.240093 0.244218 0.231326 0.244317 0.230455 0.244255 0.228485 0.239652 0.149412 0.239444 0.146722 0.239117 0.143632 0.238722 0.140611 0.238317 0.138116 0.237965 0.136526 0.237718 0.136086 0.157972 0.144706
0 0.487240 0.882760 0.487322 0.884343 0.487874 0.884840 0.561844 0.911734 0.562723 0.911047 0.563853 0.909302 0.565065 0.906766 0.570870 0.892258 0.596267 0.816001 0.600069 0.801662 0.600526 0.799190 0.600525 0.797541 0.600067 0.796967 0.525876 0.770736 0.524970 0.771300 0.523815 0.772940 0.522586 0.775406 0.521472 0.778321 0.488464 0.877431 0.487641 0.880333
0 0.113023 0.514782 0.113084 0.529884 0.113198 0.532473 0.113434 0.534188 0.113755 0.534768 0.193902 0.537160 0.194189 0.536518 0.194467 0.534756 0.194696 0.532145 0.194841 0.529079 0.197943 0.425125 0.197982 0.422051 0.197910 0.419417 0.197738 0.417621 0.197491 0.416939 0.117343 0.414547 0.116989 0.415082 0.116652 0.416759 0.116384 0.419323 0.115424 0.434358
0 0.394266 0.866998 0.400639 0.906553 0.455563 0.904164 0.489956 0.894762 0.487204 0.873531 0.483541 0.854944 0.455894 0.856536 0.400050 0.865504
0 0.040818 0.818070 0.058308 0.848077 0.101193 0.886032 0.132198 0.860658 0.129188 0.855677 0.093328 0.811927 0.072029 0.792527 0.057646 0.803954
0 0.778204 0.582388 0.784497 0.600871 0.793474 0.619717 0.828508 0.607740 0.875331 0.584646 0.860162 0.547565 0.854320 0.549641 0.801989 0.571065
0 0.837316 0.357687 0.843491 0.437449 0.891347 0.433744 0.895872 0.432978 0.901499 0.424681 0.901958 0.423665 0.902207 0.420964 0.902205 0.416989 0.901953 0.412346 0.901490 0.407749 0.900886 0.403905 0.900235 0.401401 0.899636 0.400615 0.892749 0.392636 0.849284 0.355417 0.841215 0.356042
0 0.749751 0.878806 0.752638 0.883186 0.829607 0.908177 0.832106 0.900480 0.806117 0.849500 0.799345 0.836875 0.798079 0.836148 0.795263 0.834967 0.791331 0.833512 0.786877 0.832003 0.782573 0.830668 0.779069 0.829709 0.776896 0.829270 0.776387 0.829421 0.764574 0.833153
0 0.071207 0.176359 0.076107 0.180057 0.123886 0.184660 0.131580 0.175173 0.132241 0.172937 0.132889 0.169296 0.133427 0.164801 0.137271 0.124894 0.137617 0.120213 0.137721 0.116042 0.137567 0.113012 0.137177 0.111587 0.131557 0.105028 0.127297 0.100462 0.078966 0.095807
0 0.418144 0.370477 0.425567 0.451060 0.426418 0.451620 0.474215 0.447217 0.481842 0.438117 0.481782 0.437285 0.481562 0.434756 0.481218 0.430918 0.480801 0.426353 0.477123 0.386430 0.476695 0.381816 0.476319 0.377839 0.476053 0.375100 0.475937 0.374021 0.466494 0.366023
0 0.758637 0.662706 0.778589 0.697375 0.785106 0.701992 0.827681 0.677490 0.829212 0.665090 0.829188 0.664504 0.828238 0.662391 0.826505 0.659070 0.824253 0.655048 0.821829 0.650944 0.819604 0.647388 0.817920 0.644924 0.817032 0.643925 0.813388 0.642271 0.800240 0.638764
0 0.440407 0.519016 0.446635 0.528935 0.493962 0.539786 0.512047 0.460908 0.464720 0.450057 0.454792 0.456276 0.454527 0.457115 0.453890 0.459623 0.452978 0.463421 0.451929 0.467929 0.442908 0.507277 0.441887 0.511792 0.441054 0.515608 0.440534 0.518145
