0 0.128987 0.173782 0.134545 0.244678 0.138745 0.246941 0.142362 0.248436 0.149816 0.251209 0.157541 0.253850 0.167447 0.256928 0.173329 0.258385 0.180248 0.239763 0.184848 0.226938 0.185967 0.223622 0.198219 0.181761 0.193542 0.170798 0.192846 0.170094 0.190504 0.168892 0.186867 0.167372 0.182492 0.165768 0.178050 0.164325 0.174223 0.163267 0.171599 0.162754 0.138402 0.162368 0.136402 0.163166 0.134148 0.164810 0.131984 0.167051 0.130243 0.169544 0.129191 0.171908
0 0.138341 0.058513 0.142475 0.072134 0.165015 0.134822 0.175450 0.140271 0.176764 0.140497 0.179604 0.140079 0.183536 0.139085 0.187966 0.137664 0.192224 0.136031 0.195668 0.134433 0.197777 0.133111 0.198225 0.132267 0.202970 0.121481 0.192247 0.090273 0.186527 0.073904 0.184166 0.067218 0.176906 0.046917 0.175827 0.045337 0.172158 0.045297 0.165984 0.046377 0.161241 0.047645 0.149650 0.051719 0.145371 0.053622 0.140464 0.056437
0 0.660940 0.976520 0.660993 0.978680 0.661150 0.982301 0.661387 0.986833 0.661668 0.991580 0.661949 0.995812 0.662188 0.998881 0.662347 1.000000 0.751988 1.000000 0.750602 0.978029 0.750126 0.970818 0.749736 0.965344 0.749593 0.963674 0.681781 0.936419 0.681175 0.936286 0.679558 0.936700 0.677176 0.937599 0.674392 0.938846 0.671632 0.940250 0.669319 0.941596 0.667806 0.942678 0.667323 0.943331 0.660998 0.976145
0 0.818697 0.224094 0.818815 0.227233 0.819127 0.230069 0.819584 0.232169 0.820117 0.233214 0.846753 0.252038 0.848356 0.252991 0.851393 0.254435 0.855402 0.256150 0.859777 0.257877 0.863860 0.259356 0.867032 0.260363 0.868810 0.260744 0.879612 0.255231 0.885532 0.241599 0.896717 0.215681 0.898032 0.212416 0.909947 0.180923 0.907975 0.178827 0.904119 0.176520 0.895614 0.172873 0.885266 0.169035 0.878782 0.166952 0.874025 0.165796 0.872713 0.165799 0.819524 0.217462 0.819081 0.218805 0.818790 0.221134
0 0.201786 0.074470 0.202220 0.076474 0.236372 0.138153 0.240545 0.139465 0.244262 0.139696 0.252006 0.139564 0.260094 0.138966 0.270551 0.137587 0.276859 0.136038 0.275789 0.116129 0.275017 0.102299 0.274709 0.098821 0.269103 0.055667 0.268288 0.054002 0.259901 0.046506 0.257482 0.046012 0.253694 0.045834 0.249116 0.046000 0.244450 0.046485 0.240414 0.047215 0.237626 0.048076 0.206328 0.062162 0.204932 0.063508 0.203599 0.065801 0.202532 0.068692 0.201896 0.071737
0 0.131741 0.331342 0.136095 0.371765 0.180873 0.407833 0.185259 0.409095 0.225126 0.404800 0.220831 0.364934 0.176670 0.329361 0.172163 0.326988
0 0.411675 0.078335 0.412890 0.084137 0.425522 0.122192 0.476209 0.147616 0.514265 0.134985 0.514462 0.129892 0.501655 0.091306 0.450261 0.065528
0 0.620023 0.887139 0.627020 0.901521 0.652929 0.949016 0.671560 0.981588 0.714203 0.957629 0.714534 0.940328 0.714029 0.939351 0.712689 0.936896 0.710720 0.933339 0.684627 0.886448 0.682354 0.882381 0.680084 0.878348 0.678159 0.874958 0.676871 0.872725 0.676416 0.871990 0.662007 0.863550
0 0.543938 0.829537 0.544549 0.834119 0.570398 0.865371 0.595144 0.892079 0.626037 0.866527 0.625749 0.865689 0.574761 0.804043
0 0.104163 0.544360 0.104316 0.546200 0.105230 0.548624 0.106768 0.551260 0.165603 0.637578 0.167518 0.640009 0.169508 0.641847 0.171268 0.642813 0.172529 0.642760 0.235112 0.599636 0.235635 0.598607 0.235387 0.596723 0.234408 0.594271 0.227189 0.580989 0.181922 0.514575 0.172015 0.502732 0.170022 0.500823 0.168255 0.499751 0.166984 0.499682 0.104794 0.543383
0 0.066262 0.923480 0.068331 0.931042 0.073137 0.937235 0.079946 0.941120 0.087724 0.942101 0.095286 0.940033 0.101479 0.935227 0.102165 0.934479 0.106042 0.927681 0.107022 0.919917 0.104957 0.912368 0.100160 0.906185 0.093362 0.902307 0.085598 0.901327 0.078049 0.903392 0.071866 0.908190 0.071128 0.908893 0.067244 0.915702
0 0.016814 0.311836 0.017562 0.313711 0.021305 0.318274 0.030574 0.323264 0.033050 0.323195 0.037011 0.321547 0.041854 0.318569 0.046833 0.314717 0.051182 0.310584 0.054234 0.306806 0.055523 0.303962 0.052530 0.294116 0.051710 0.292283 0.047994 0.287713 0.036638 0.286421 0.034777 0.286516 0.031815 0.287779 0.028203 0.290019 0.024487 0.292894 0.021226 0.295972 0.018914 0.298788 0.017905 0.300914
0 0.522768 0.798491 0.524100 0.809617 0.524430 0.811631 0.526175 0.814421 0.529066 0.817563 0.532666 0.820583 0.536432 0.823024 0.539795 0.824518 0.542245 0.824836 0.552971 0.823823 0.554927 0.822303 0.558504 0.817793 0.561237 0.807910 0.560854 0.805217 0.558562 0.801476 0.554709 0.797258 0.549886 0.793212 0.544835 0.789962 0.540334 0.788006 0.537070 0.787640 0.528257 0.792423 0.526358 0.794005
0 0.495478 0.517047 0.497759 0.524543 0.502736 0.530596 0.509650 0.534284 0.517449 0.535044 0.524946 0.532764 0.530999 0.527787 0.534687 0.520872 0.535447 0.513073 0.533166 0.505577 0.528189 0.499524 0.521275 0.495836 0.513476 0.495075 0.505979 0.497356 0.505969 0.497361 0.499926 0.502329 0.496245 0.509232 0.496238 0.509248
0 0.088654 0.291893 0.091223 0.299296 0.096430 0.305153 0.103481 0.308571 0.104162 0.308900 0.111971 0.309359 0.119362 0.306795 0.125209 0.301598 0.128621 0.294558 0.129080 0.286749 0.126516 0.279359 0.121319 0.273512 0.120667 0.273122 0.113615 0.269704 0.105793 0.269244 0.098390 0.271813 0.092533 0.277019 0.089115 0.284070
