0 0.672840 0.188414 0.689986 0.198384 0.701740 0.205067 0.704823 0.206733 0.744047 0.225921 0.755532 0.223143 0.756181 0.222535 0.757618 0.220394 0.759627 0.217041 0.761899 0.212988 0.764086 0.208858 0.765852 0.205285 0.766927 0.202817 0.767148 0.201827 0.773444 0.170295 0.772915 0.168168 0.771625 0.165654 0.769772 0.163139 0.767638 0.161008 0.765551 0.159586 0.763829 0.159090 0.692550 0.152422 0.690014 0.156280 0.688064 0.159626 0.684204 0.166537 0.680324 0.173710 0.675508 0.182925
0 0.097797 0.176789 0.098112 0.179716 0.098890 0.182775 0.100014 0.185496 0.101310 0.187465 0.102581 0.188381 0.129832 0.201553 0.130704 0.201865 0.133252 0.202485 0.137086 0.203320 0.141623 0.204243 0.146180 0.205114 0.150069 0.205802 0.152700 0.206203 0.153673 0.206256 0.163048 0.199393 0.172922 0.156729 0.173575 0.153275 0.175782 0.140212 0.178857 0.120705 0.178394 0.120114 0.173628 0.118468 0.167985 0.116953 0.158499 0.114985 0.148187 0.113160 0.142385 0.112323 0.138891 0.112062 0.138590 0.112297 0.098675 0.173031 0.097996 0.174441
0 0.920401 0.893277 0.920482 0.897041 0.921893 0.902159 0.924420 0.907849 0.927678 0.913236 0.931164 0.917489 0.934342 0.919957 0.936724 0.920267 0.947088 0.919475 0.952183 0.916829 0.953689 0.914477 0.956521 0.904442 0.956419 0.901611 0.955333 0.897782 0.953430 0.893537 0.950998 0.889516 0.948405 0.886327 0.946040 0.884451 0.936264 0.881208 0.933289 0.880746 0.928217 0.883409 0.921657 0.891437
0 0.216137 0.151094 0.218978 0.158397 0.219461 0.158984 0.224872 0.164634 0.232033 0.167783 0.239853 0.167952 0.247144 0.165116 0.252793 0.159705 0.255943 0.152544 0.256111 0.144723 0.253275 0.137433 0.252850 0.136809 0.247430 0.131149 0.240257 0.127994 0.232423 0.127826 0.225120 0.130667 0.219461 0.136087 0.216306 0.143260
0 0.348612 0.435955 0.349943 0.443678 0.354126 0.450304 0.360527 0.454824 0.360767 0.454901 0.368397 0.456626 0.376107 0.455298 0.382721 0.451121 0.387233 0.444731 0.388957 0.437101 0.387629 0.429392 0.383453 0.422777 0.377063 0.418265 0.376851 0.418124 0.369208 0.416397 0.361485 0.417727 0.354859 0.421911 0.350340 0.428312
0 0.746220 0.736016 0.746598 0.743830 0.749939 0.750903 0.750369 0.751335 0.756172 0.756602 0.763549 0.759246 0.771376 0.758867 0.778461 0.755520 0.783728 0.749717 0.786372 0.742341 0.785993 0.734514 0.782646 0.727428 0.776843 0.722162 0.776368 0.721780 0.769004 0.719141 0.761190 0.719519 0.754117 0.722860 0.748859 0.728653
0 0.676489 0.111436 0.676608 0.116008 0.677525 0.120617 0.679103 0.124567 0.681103 0.127262 0.688215 0.133346 0.691760 0.135066 0.697140 0.134201 0.700366 0.132878 0.708238 0.127701 0.710170 0.124354 0.711145 0.119230 0.711008 0.113110 0.709779 0.106935 0.707647 0.101658 0.704942 0.098087 0.702080 0.096764 0.692658 0.094158 0.687264 0.095001 0.684064 0.096403 0.678601 0.105060 0.677188 0.107592
0 0.167669 0.065323 0.167843 0.069836 0.168192 0.074575 0.168662 0.078813 0.169181 0.081900 0.169669 0.083369 0.180495 0.093257 0.222689 0.130935 0.230676 0.130484 0.226161 0.050611 0.222995 0.045416 0.174517 0.048157 0.167920 0.059605 0.167696 0.061730
0 0.357453 0.544973 0.380300 0.570290 0.421590 0.609508 0.450280 0.581543 0.446391 0.577340 0.406898 0.536835 0.386334 0.516821 0.372032 0.530495
0 0.289696 0.690154 0.293415 0.738566 0.374102 0.732368 0.375541 0.729712 0.374928 0.721736 0.331982 0.684917 0.322340 0.678072 0.321659 0.677908 0.319256 0.677909 0.315499 0.678075 0.310958 0.678381 0.306318 0.678781 0.302279 0.679213 0.299453 0.679614 0.298272 0.679921
0 0.772089 0.337147 0.799576 0.410030 0.800687 0.410442 0.802763 0.410335 0.805490 0.409723 0.808451 0.408698 0.905310 0.369576 0.908035 0.368304 0.910090 0.366985 0.911162 0.365821 0.911089 0.364989 0.884250 0.291845 0.883063 0.291531 0.880921 0.291725 0.878152 0.292396 0.863200 0.297246 0.788675 0.327347 0.775434 0.333884 0.773310 0.335190 0.772135 0.336336
0 0.487812 0.240627 0.493329 0.320620 0.493943 0.320735 0.495679 0.320749 0.498271 0.320659 0.501325 0.320480 0.605079 0.313324 0.608152 0.313081 0.610797 0.312809 0.612612 0.312551 0.613319 0.312344 0.607802 0.232351 0.607287 0.232158 0.605630 0.232079 0.603082 0.232125 0.600032 0.232289 0.495802 0.239478 0.492735 0.239735 0.490139 0.240044 0.488411 0.240357
0 0.056513 0.879559 0.060635 0.892114 0.107676 0.904143 0.112160 0.899524 0.122069 0.860771 0.075566 0.848880 0.062851 0.856562 0.062045 0.857924 0.060904 0.860867 0.059602 0.864943 0.058338 0.869529 0.057306 0.873921 0.056666 0.877443
0 0.530153 0.115007 0.536281 0.122911 0.537128 0.123611 0.539632 0.124609 0.543408 0.125752 0.547886 0.126869 0.552388 0.127790 0.556236 0.128377 0.558847 0.128540 0.559821 0.128253 0.569161 0.123859 0.579784 0.077049 0.580706 0.072159 0.541247 0.063205 0.530502 0.110556
0 0.332784 0.149351 0.334081 0.189987 0.336362 0.194249 0.376439 0.192969 0.375159 0.152892 0.373419 0.148054
0 0.442704 0.409219 0.443359 0.410257 0.489852 0.422191 0.500074 0.416076 0.500302 0.415298 0.500951 0.412864 0.501921 0.409149 0.503065 0.404714 0.504210 0.400230 0.505184 0.396372 0.505840 0.393725 0.506076 0.392696 0.499795 0.382099 0.452764 0.370027
