0 0.274181 0.660970 0.282084 0.662517 0.351943 0.667511 0.377012 0.427699 0.307470 0.419679 0.299468 0.419077
0 0.000000 1.000000 0.063613 0.999866 0.079308 0.998647 0.082121 0.998303 0.084170 0.997868 0.085144 0.997409 0.082186 0.917280 0.081943 0.916937 0.080519 0.916692 0.078133 0.916581 0.075147 0.916622 0.000000 0.920420
0 0.182578 0.694814 0.182864 0.695218 0.184237 0.696028 0.186489 0.697120 0.200076 0.703160 0.274449 0.733860 0.288731 0.739323 0.291245 0.740198 0.293008 0.740683 0.293754 0.740705 0.324347 0.666587 0.323938 0.666209 0.322464 0.665423 0.320153 0.664351 0.317354 0.663154 0.221222 0.623473 0.218343 0.622327 0.215803 0.621396 0.213986 0.620824 0.213172 0.620697
0 0.369072 0.561402 0.369247 0.564069 0.369675 0.565908 0.370293 0.566636 0.448402 0.572197 0.449177 0.571709 0.449928 0.570075 0.450542 0.567544 0.450923 0.564501 0.458929 0.460346 0.459018 0.457276 0.458800 0.454665 0.458309 0.452913 0.457620 0.452285 0.379564 0.446027 0.378844 0.446625 0.378142 0.448353 0.377562 0.450948 0.375395 0.466008 0.369235 0.546146
0 0.189825 0.452241 0.190257 0.453257 0.191700 0.454703 0.193932 0.456359 0.207059 0.464670 0.277666 0.503071 0.291249 0.509288 0.293653 0.510154 0.295354 0.510417 0.296090 0.510035 0.334338 0.441818 0.334031 0.440796 0.332695 0.439345 0.330535 0.437685 0.327878 0.436070 0.236111 0.386159 0.233381 0.384845 0.231011 0.384041 0.229363 0.383870 0.228687 0.384356
0 0.696499 0.014930 0.719147 0.047901 0.752117 0.025253 0.753275 0.023072 0.730523 0.000000 0.729469 0.000000 0.697401 0.012703
0 0.584692 0.420850 0.624673 0.423908 0.625247 0.423558 0.628318 0.383393 0.588154 0.380321 0.587750 0.380869
0 0.897312 0.574324 0.906789 0.613285 0.908662 0.613807 0.947802 0.604286 0.938281 0.565145 0.936273 0.564847
0 0.574697 0.566618 0.581632 0.606012 0.582007 0.606499 0.621582 0.599532 0.614615 0.559957 0.614091 0.559683
0 0.693803 0.183643 0.694262 0.191630 0.774130 0.187047 0.777299 0.183429 0.774518 0.134954 0.763849 0.128540 0.761526 0.128274 0.757801 0.128220 0.753241 0.128388 0.748549 0.128751 0.744444 0.129254 0.741555 0.129820 0.740319 0.130361 0.734122 0.137272 0.696044 0.179986
0 0.346837 0.078505 0.348588 0.083322 0.424085 0.109783 0.439961 0.064485 0.439267 0.059450 0.434851 0.051253 0.433897 0.050356 0.431348 0.048984 0.427589 0.047347 0.423196 0.045695 0.418844 0.044281 0.415201 0.043325 0.412823 0.042970 0.401082 0.046067 0.349514 0.070868
0 0.197881 0.180596 0.198145 0.182791 0.198822 0.186375 0.199808 0.190803 0.200952 0.195394 0.202079 0.199442 0.203015 0.202329 0.203618 0.203615 0.215423 0.211141 0.262137 0.200106 0.252942 0.161177 0.247163 0.153252 0.239195 0.155134 0.202831 0.168422 0.198069 0.180124
0 0.519853 0.575807 0.520393 0.581343 0.526082 0.637635 0.529148 0.666989 0.569275 0.662934 0.566463 0.629972 0.559714 0.571779
0 0.084525 0.092603 0.117676 0.127855 0.141370 0.111485 0.182579 0.072732 0.200765 0.049716 0.167614 0.014464 0.148649 0.019464 0.146338 0.020725 0.143204 0.023062 0.139726 0.026118 0.098037 0.065323 0.094760 0.068620 0.092198 0.071639 0.090743 0.073919
0 0.301490 0.369734 0.301982 0.388247 0.345460 0.409492 0.359126 0.384810 0.383961 0.333985 0.395535 0.307013 0.352056 0.285768 0.337150 0.296756 0.336529 0.297315 0.335191 0.299449 0.333339 0.302836 0.331255 0.306958 0.306131 0.358375 0.304143 0.362585 0.302563 0.366224 0.301632 0.368734
0 0.514283 0.156674 0.514383 0.158036 0.514706 0.161005 0.515202 0.165128 0.515795 0.169779 0.516397 0.174258 0.516916 0.177888 0.517275 0.180119 0.517417 0.180607 0.526784 0.189261 0.574378 0.183030 0.575237 0.179366 0.569985 0.139246 0.521841 0.145549
0 0.634124 0.658103 0.635675 0.659931 0.675609 0.666447 0.683428 0.618525 0.675809 0.608111 0.674672 0.607821 0.671901 0.607280 0.667921 0.606572 0.663335 0.605803 0.658833 0.605089 0.655097 0.604539 0.652691 0.604235 0.651986 0.604224 0.641854 0.610730
0 0.462537 0.682727 0.467781 0.722848 0.515926 0.716555 0.523269 0.706224 0.523119 0.705043 0.522755 0.702226 0.522232 0.698205 0.521630 0.693589 0.521039 0.689075 0.520548 0.685343 0.520233 0.682959 0.520140 0.682290 0.510560 0.674417 0.462965 0.680638
0 0.376117 0.612201 0.376416 0.624613 0.412610 0.656979 0.439582 0.626818 0.440273 0.625369 0.404492 0.593372 0.392208 0.594208 0.391452 0.595018 0.389582 0.597080 0.386881 0.600080 0.383762 0.603561 0.380704 0.606988 0.378177 0.609833 0.376567 0.611663
