0 0.474217 0.917805 0.497085 0.950847 0.530127 0.927980 0.529989 0.926023 0.507227 0.893132 0.474335 0.915895
0 0.431175 0.342733 0.431490 0.343454 0.462949 0.368317 0.487811 0.336858 0.487755 0.336107 0.456152 0.311130
0 0.275335 0.071767 0.276362 0.073724 0.308109 0.098059 0.332443 0.066312 0.331674 0.064321 0.299781 0.039874
0 0.620576 0.479768 0.649601 0.507433 0.650290 0.507468 0.678082 0.478309 0.648923 0.450517 0.648241 0.450743
0 0.000000 0.477050 0.001823 0.478670 0.027183 0.490926 0.040548 0.497337 0.041557 0.497269 0.052358 0.494606 0.053473 0.493239 0.055233 0.490473 0.057371 0.486729 0.059564 0.482572 0.061480 0.478631 0.062831 0.475500 0.063410 0.473655 0.071360 0.442169 0.071073 0.440976 0.070042 0.439042 0.068424 0.436661 0.066466 0.434198 0.064467 0.432029 0.062735 0.430487 0.061533 0.429806 0.000000 0.425068
0 0.561372 0.743117 0.561633 0.745303 0.562431 0.748055 0.563644 0.750951 0.565087 0.753549 0.566537 0.755449 0.567774 0.756364 0.636736 0.780520 0.637410 0.780164 0.640479 0.777360 0.644930 0.772883 0.652307 0.765072 0.658633 0.758015 0.661849 0.753969 0.663981 0.750713 0.640114 0.727260 0.637529 0.724880 0.604147 0.696542 0.592712 0.696368 0.591710 0.697302 0.589633 0.699439 0.586797 0.702452 0.583631 0.705886 0.580613 0.709223 0.578198 0.711959 0.576753 0.713679 0.576502 0.714118 0.561686 0.741828
0 0.498264 0.491794 0.501389 0.523671 0.501668 0.524803 0.502943 0.526405 0.505021 0.528230 0.507584 0.530001 0.510240 0.531446 0.512583 0.532344 0.514254 0.532559 0.584664 0.515186 0.585335 0.511987 0.585963 0.508624 0.587292 0.501279 0.588694 0.493356 0.590526 0.482782 0.591653 0.476008 0.591664 0.475482 0.559178 0.468790 0.555723 0.468182 0.527178 0.464273 0.512079 0.462274 0.502510 0.468230 0.502296 0.468507 0.501791 0.470539 0.501070 0.474021 0.500245 0.478422 0.499440 0.483067 0.498782 0.487241 0.498369 0.490305
0 0.474638 0.220425 0.498439 0.251099 0.520949 0.249164 0.547670 0.222799 0.550563 0.165608 0.526757 0.134346 0.504176 0.137683 0.477518 0.163503
0 0.148398 0.320274 0.179293 0.368765 0.183703 0.370564 0.222851 0.379241 0.231527 0.340094 0.201056 0.292269 0.196888 0.289379 0.157195 0.280581
0 0.690412 0.761752 0.693066 0.765401 0.773643 0.776310 0.779098 0.736022 0.775261 0.732777 0.695791 0.722017
0 0.787455 0.423666 0.788014 0.426208 0.789115 0.429938 0.790590 0.434290 0.804100 0.472037 0.805731 0.476364 0.807275 0.480024 0.808499 0.482462 0.809215 0.483303 0.818147 0.488067 0.821825 0.487929 0.867540 0.471567 0.840271 0.395375 0.836382 0.396571 0.791189 0.412746 0.787525 0.422700
0 0.537872 0.808614 0.539160 0.822079 0.539936 0.823071 0.542047 0.825049 0.545172 0.827713 0.548835 0.830654 0.580633 0.855525 0.584261 0.858286 0.587290 0.860436 0.589256 0.861646 0.589861 0.861735 0.602052 0.862039 0.631966 0.823793 0.630458 0.820092 0.567444 0.770806
0 0.273843 0.122876 0.277551 0.203398 0.319281 0.203790 0.339718 0.199914 0.341775 0.185372 0.342032 0.180663 0.340180 0.140452 0.339498 0.135938 0.336002 0.119228 0.293996 0.118184
0 0.858758 0.694604 0.880325 0.737485 0.884722 0.740231 0.920870 0.722050 0.899054 0.678673 0.894493 0.676631 0.885731 0.673624 0.884403 0.673807 0.881642 0.674786 0.877871 0.676409 0.873660 0.678431 0.869645 0.680547 0.866431 0.682436 0.864506 0.683814
0 0.637365 0.133935 0.637641 0.173934 0.677640 0.173657 0.680110 0.169120 0.679830 0.128564 0.639275 0.128844
0 0.764926 0.321075 0.764946 0.323474 0.765199 0.324154 0.771292 0.334011 0.819024 0.339076 0.822712 0.337216 0.826981 0.296979 0.778698 0.291856 0.775512 0.294234 0.767746 0.300151 0.767296 0.301326 0.766722 0.304143 0.766112 0.308170 0.765556 0.312798 0.765140 0.317327
0 0.726786 0.898538 0.730959 0.912212 0.732068 0.913204 0.734620 0.914943 0.738227 0.917166 0.742339 0.919530 0.746324 0.921674 0.749568 0.923268 0.751577 0.924069 0.764758 0.922832 0.788383 0.880412 0.785087 0.876065 0.750141 0.856602
0 0.363363 0.080910 0.364925 0.085700 0.390939 0.116085 0.427401 0.084867 0.428245 0.070810 0.427552 0.069544 0.425765 0.067069 0.423155 0.063760 0.420120 0.060125 0.417128 0.056721 0.414638 0.054072 0.413029 0.052581 0.400247 0.049332
0 0.162923 0.242700 0.219539 0.289739 0.227362 0.290314 0.356429 0.090363 0.297999 0.044134 0.290390 0.042504
