0 0.128820 0.926809 0.129607 0.929060 0.131464 0.932277 0.134106 0.935969 0.137130 0.939569 0.140070 0.942523 0.142476 0.944379 0.172195 0.962560 0.174004 0.962947 0.176595 0.962760 0.179574 0.962025 0.182485 0.960857 0.184880 0.959433 0.186397 0.957973 0.217939 0.895072 0.217128 0.890965 0.215388 0.887783 0.211095 0.881466 0.206113 0.875102 0.199014 0.867181 0.193952 0.862768 0.192675 0.863556 0.166864 0.883129 0.164157 0.885330 0.131563 0.914117 0.130255 0.915647
0 0.324399 0.390480 0.331359 0.404231 0.344598 0.430148 0.346295 0.433210 0.363021 0.461545 0.363880 0.461702 0.370193 0.458683 0.379712 0.453612 0.386704 0.449664 0.393049 0.445860 0.395861 0.444018 0.398183 0.441893 0.392178 0.370182 0.391322 0.368573 0.389633 0.366581 0.387367 0.364512 0.384871 0.362681 0.382529 0.361370 0.380697 0.360777 0.379654 0.360993 0.347967 0.367947 0.346409 0.368362 0.343501 0.369616 0.339683 0.371520 0.335540 0.373783 0.331711 0.376056 0.328781 0.377991 0.327199 0.379292
0 0.620282 0.127656 0.625049 0.132975 0.632998 0.140339 0.639163 0.145461 0.645084 0.149828 0.647937 0.151563 0.651179 0.152224 0.715835 0.122593 0.717146 0.121058 0.718497 0.118659 0.719682 0.115762 0.720519 0.112811 0.720879 0.110257 0.720709 0.108491 0.702244 0.077999 0.700194 0.075469 0.697163 0.072408 0.693616 0.069286 0.690099 0.066582 0.687151 0.064711 0.685223 0.063957 0.673852 0.065053 0.663240 0.076584 0.643323 0.098364 0.641045 0.101011 0.620465 0.126206
0 0.035363 0.075674 0.051926 0.112592 0.057047 0.117019 0.100841 0.097371 0.103201 0.083928 0.102576 0.082010 0.101274 0.078761 0.099494 0.074672 0.097505 0.070360 0.095606 0.066476 0.094085 0.063607 0.093173 0.062193 0.079664 0.055799
0 0.412286 0.458117 0.412457 0.458935 0.413174 0.461382 0.414331 0.465086 0.415749 0.469482 0.417213 0.473894 0.418495 0.477643 0.419402 0.480158 0.419794 0.481058 0.430019 0.485965 0.430819 0.486125 0.476438 0.471197 0.463997 0.433180 0.463581 0.432408 0.417434 0.447509
0 0.359642 0.759725 0.361661 0.769910 0.362209 0.770824 0.364140 0.772719 0.367161 0.775305 0.370811 0.778189 0.374529 0.780926 0.377744 0.783096 0.379964 0.784368 0.380852 0.784550 0.391813 0.784266 0.421262 0.745662 0.422162 0.742854 0.390359 0.718593 0.361246 0.756757
0 0.363296 0.795997 0.374581 0.835055 0.413640 0.823771 0.414827 0.819319 0.403697 0.780798 0.365176 0.791927
0 0.371735 0.310734 0.373201 0.312897 0.421076 0.316357 0.429729 0.307893 0.429888 0.307231 0.430154 0.304843 0.430487 0.301095 0.430837 0.296556 0.431151 0.291911 0.431381 0.287860 0.431493 0.285017 0.431469 0.283817 0.423080 0.273876 0.374652 0.270377
0 0.137321 0.530014 0.148389 0.609814 0.387789 0.576610 0.388303 0.576258 0.377286 0.496824 0.376721 0.496810
0 0.641906 0.308194 0.735382 0.529242 0.736462 0.529376 0.810483 0.498075 0.716578 0.276012 0.642557 0.307313
0 0.142147 0.812261 0.175531 0.885425 0.212643 0.869232 0.213113 0.867557 0.199030 0.823221 0.182591 0.787059 0.145906 0.803086
0 0.530673 0.353177 0.585543 0.411394 0.591365 0.405907 0.592421 0.404820 0.594114 0.347622 0.594276 0.336779 0.593770 0.335894 0.592076 0.333802 0.589451 0.330819 0.586296 0.327401 0.583095 0.324075 0.580341 0.321351 0.578454 0.319644 0.577721 0.319214 0.566362 0.318177 0.531028 0.351479
0 0.382030 0.936920 0.413454 0.962201 0.434378 0.939675 0.470777 0.888604 0.439560 0.863490 0.436093 0.867336 0.400626 0.911446
0 0.812308 0.607035 0.866380 0.665994 0.867220 0.666374 0.896767 0.639276 0.873952 0.611001 0.846540 0.581111 0.841787 0.579999
0 0.422045 0.322401 0.426195 0.363126 0.427882 0.366254 0.475634 0.361389 0.483184 0.351721 0.483113 0.351004 0.482867 0.348573 0.482484 0.344804 0.482022 0.340265 0.481551 0.335643 0.481141 0.331635 0.480855 0.328847 0.480737 0.327707 0.480513 0.325704 0.470915 0.317421
0 0.491032 0.686068 0.491465 0.687134 0.492727 0.689675 0.494624 0.693307 0.496869 0.697475 0.499115 0.701537 0.501018 0.704869 0.502286 0.706964 0.502728 0.707503 0.514302 0.711737 0.557422 0.688206 0.556110 0.683904 0.536950 0.648792 0.494815 0.671784 0.491135 0.683930
0 0.225440 0.107153 0.225641 0.188077 0.228776 0.191642 0.276776 0.191523 0.284022 0.181683 0.284305 0.181185 0.284539 0.178931 0.284690 0.175268 0.284735 0.170750 0.284635 0.130658 0.284568 0.125957 0.284397 0.121773 0.284150 0.118737 0.283863 0.117316 0.273995 0.107032
0 0.447583 0.028715 0.448182 0.034101 0.450316 0.042908 0.451165 0.043987 0.453450 0.045853 0.456819 0.048219 0.460763 0.050729 0.495016 0.071563 0.498949 0.073843 0.502285 0.075555 0.504520 0.076439 0.516532 0.075673 0.541475 0.034662 0.541955 0.029283 0.504721 0.008438 0.502485 0.007325 0.500992 0.006786 0.479914 0.000000 0.472814 0.000000
0 0.468474 0.883557 0.472038 0.899345 0.481930 0.903617 0.482803 0.903947 0.485342 0.903823 0.489163 0.903261 0.493681 0.902346 0.498202 0.901220 0.502032 0.900055 0.504585 0.899030 0.505475 0.898301 0.511507 0.890434 0.511376 0.885972 0.507852 0.870365 0.468834 0.879173
0 0.577548 0.465428 0.579488 0.481310 0.619193 0.476461 0.620571 0.476189 0.618609 0.460123 0.608904 0.452842 0.608135 0.452891 0.605653 0.453157 0.601833 0.453598 0.597260 0.454147 0.592635 0.454721 0.588669 0.455231 0.585969 0.455599 0.584944 0.455769
0 0.690017 0.138539 0.700405 0.177267 0.739134 0.166878 0.740234 0.165344 0.729798 0.126438 0.690891 0.136874
0 0.875952 0.119747 0.903840 0.148422 0.905695 0.146808 0.934502 0.118792 0.906486 0.089985 0.877679 0.118001
0 0.750545 0.962203 0.751699 0.964331 0.787450 0.982891 0.806010 0.947140 0.804608 0.945091 0.769021 0.926616
