0 0.161190 0.736381 0.163416 0.743894 0.168347 0.749984 0.175234 0.753723 0.183027 0.754542 0.190540 0.752316 0.196630 0.747385 0.197152 0.746960 0.200884 0.740085 0.201702 0.732305 0.199480 0.724805 0.194557 0.718725 0.187682 0.714993 0.179902 0.714175 0.172402 0.716397 0.171838 0.716770 0.165748 0.721701 0.162009 0.728588
0 0.327363 0.154341 0.328332 0.157998 0.334181 0.165394 0.337036 0.167469 0.341855 0.169958 0.345915 0.169236 0.354350 0.165724 0.357142 0.163689 0.359873 0.160359 0.362133 0.156239 0.363578 0.151949 0.363992 0.148139 0.363307 0.145386 0.360806 0.135391 0.357999 0.133247 0.353160 0.130777 0.343496 0.130339 0.340239 0.130857 0.336486 0.133539 0.332814 0.137981 0.329787 0.143502 0.327873 0.149250
0 0.032880 0.265491 0.035347 0.272932 0.040475 0.278862 0.047482 0.282379 0.048260 0.282753 0.056065 0.283319 0.063493 0.280856 0.069413 0.275737 0.072924 0.268743 0.073490 0.260938 0.071027 0.253509 0.065908 0.247590 0.065161 0.247154 0.058154 0.243637 0.050336 0.243071 0.042894 0.245538 0.036964 0.250665 0.033447 0.257672
0 0.797268 0.235952 0.799605 0.243418 0.804620 0.249422 0.811551 0.253048 0.819342 0.253747 0.826808 0.251411 0.827370 0.250983 0.833385 0.245959 0.837017 0.239016 0.837718 0.231211 0.835377 0.223733 0.830353 0.217719 0.823410 0.214086 0.815606 0.213385 0.808127 0.215726 0.802113 0.220750 0.801594 0.221230 0.797967 0.228161
0 0.607092 0.833497 0.607585 0.835033 0.626177 0.870768 0.661912 0.852176 0.661170 0.850562 0.642664 0.814991
0 0.362967 0.122821 0.363593 0.124545 0.394149 0.150359 0.419963 0.119803 0.419595 0.118057 0.388899 0.092125
0 0.839280 0.625266 0.873329 0.646443 0.875048 0.647117 0.896322 0.612911 0.862116 0.591637 0.860457 0.591217
0 0.725100 0.606750 0.756746 0.631373 0.757928 0.631978 0.782665 0.600186 0.750873 0.575449 0.749723 0.575104
0 0.007343 0.880812 0.045097 0.911345 0.059418 0.908100 0.060575 0.906849 0.062707 0.904366 0.065487 0.901030 0.068495 0.897346 0.071277 0.893870 0.073413 0.891127 0.074580 0.889532 0.074596 0.889332 0.075448 0.875542 0.069500 0.819287 0.063279 0.814256 0.058230 0.817889
0 0.598185 0.898588 0.609443 0.937038 0.666241 0.928167 0.697638 0.914336 0.691728 0.893544 0.686305 0.875630 0.657786 0.880486 0.603484 0.896349
0 0.618009 0.116991 0.692090 0.147189 0.694311 0.143111 0.712640 0.098148 0.707194 0.089504 0.706616 0.088614 0.704419 0.087163 0.700935 0.085371 0.696696 0.083512 0.692353 0.081872 0.688575 0.080704 0.685938 0.080185 0.684842 0.080392 0.675171 0.082874 0.622428 0.105069 0.619373 0.112563
0 0.670425 0.821713 0.670591 0.822091 0.674670 0.824279 0.679729 0.826701 0.688542 0.830552 0.698290 0.834616 0.703875 0.836830 0.707369 0.838070 0.707807 0.838078 0.759904 0.787607 0.760818 0.786284 0.761474 0.783970 0.761772 0.781015 0.761664 0.777873 0.761168 0.775026 0.760360 0.772907 0.759364 0.771840 0.735277 0.752768 0.734576 0.752436 0.732292 0.751431 0.728777 0.749907 0.724563 0.748094 0.720287 0.746268 0.716593 0.744702 0.714042 0.743635 0.713021 0.743229 0.702467 0.748064 0.683772 0.787630 0.682401 0.790864 0.677537 0.803266
0 0.903858 0.901922 0.903920 0.906206 0.904139 0.910923 0.904483 0.915364 0.904899 0.918855 0.905326 0.920866 0.914852 0.928837 0.929677 0.928475 0.957846 0.927779 0.961364 0.927649 0.995025 0.925882 0.996263 0.923895 0.996866 0.919822 0.996735 0.910692 0.995969 0.899522 0.995162 0.892490 0.994194 0.887293 0.993600 0.885826 0.924549 0.857746 0.923169 0.858029 0.920945 0.858814 0.918214 0.859983 0.915395 0.861357 0.912920 0.862725 0.911167 0.863878 0.910402 0.864640 0.904220 0.897085 0.903963 0.898719
0 0.766758 0.164171 0.766847 0.167310 0.767287 0.170274 0.768009 0.172609 0.768902 0.173959 0.818059 0.217400 0.821542 0.220279 0.824916 0.220457 0.832127 0.219261 0.839792 0.216841 0.849877 0.212168 0.856168 0.207521 0.856367 0.204321 0.845909 0.175980 0.844698 0.172891 0.833547 0.145823 0.827592 0.131403 0.817340 0.127302 0.815198 0.126498 0.811722 0.126598 0.807443 0.127588 0.803017 0.129317 0.799124 0.131520 0.796361 0.133857 0.768455 0.158201 0.767629 0.159240 0.767033 0.161336
