0 0.529196 0.701942 0.534300 0.719743 0.581709 0.729445 0.588144 0.703164 0.596434 0.662651 0.599670 0.646834 0.604575 0.617701 0.557166 0.608000 0.545480 0.622366 0.545235 0.623105 0.544660 0.625531 0.543843 0.629270 0.542906 0.633756 0.531513 0.689435 0.530596 0.694006 0.529834 0.697987 0.529342 0.700774
0 0.107747 0.901909 0.119740 0.948790 0.144468 0.945352 0.200172 0.931102 0.230240 0.920523 0.218248 0.873642 0.199724 0.869148 0.197526 0.869384 0.193961 0.870078 0.189572 0.871124 0.134512 0.885209 0.129945 0.886453 0.125875 0.887713 0.122919 0.888796 0.121528 0.889538
0 0.010284 0.734303 0.037567 0.764310 0.043909 0.760685 0.073505 0.733777 0.074260 0.717910 0.075438 0.693138 0.076192 0.677272 0.049284 0.647676 0.043016 0.649729 0.013009 0.677012
0 0.221893 0.236217 0.223167 0.237426 0.259463 0.254467 0.276505 0.218171 0.275476 0.216874 0.239013 0.199754
0 0.434847 0.043322 0.435146 0.045415 0.453861 0.080877 0.489323 0.062161 0.489274 0.060145 0.470472 0.024520
0 0.827386 0.493256 0.866197 0.503330 0.867883 0.503346 0.878004 0.464356 0.839014 0.454235 0.837461 0.454445
0 0.131062 0.607167 0.164461 0.629687 0.165999 0.629093 0.188416 0.595848 0.155171 0.573430 0.153583 0.573768
0 0.509892 0.535772 0.510007 0.536186 0.516923 0.545421 0.517859 0.545591 0.520483 0.545953 0.524399 0.546454 0.529007 0.547016 0.569091 0.551809 0.573673 0.552345 0.577515 0.552772 0.580030 0.553024 0.580836 0.553063 0.590359 0.545793 0.596123 0.497581 0.515771 0.487974 0.515590 0.488112
0 0.363064 0.205084 0.366194 0.211825 0.411447 0.227830 0.421681 0.221531 0.422090 0.221033 0.423047 0.218884 0.424406 0.215414 0.425961 0.211149 0.427476 0.206733 0.428725 0.202832 0.429516 0.200036 0.429730 0.198775 0.428912 0.195272 0.423026 0.182871 0.376714 0.166491
0 0.281703 0.104519 0.281842 0.106695 0.282256 0.110328 0.282882 0.114862 0.283624 0.119602 0.284367 0.123819 0.284998 0.126867 0.285421 0.128285 0.287887 0.132557 0.298675 0.141331 0.346162 0.134329 0.340326 0.094757 0.336591 0.085277 0.287994 0.092444 0.281858 0.104127
0 0.363258 0.558830 0.386823 0.592303 0.426990 0.564026 0.428659 0.562562 0.430608 0.551422 0.430171 0.550604 0.428747 0.548413 0.426553 0.545186 0.423923 0.541410 0.421252 0.537656 0.418945 0.534491 0.417351 0.532392 0.416713 0.531684 0.405633 0.529855 0.403426 0.530553
0 0.041564 0.471785 0.042091 0.473617 0.043455 0.475881 0.045449 0.478229 0.047766 0.480302 0.050053 0.481783 0.051959 0.482446 0.122719 0.482953 0.125694 0.480200 0.127654 0.477158 0.131288 0.470436 0.134744 0.463126 0.138767 0.453296 0.140666 0.446915 0.139650 0.446274 0.110496 0.431777 0.107318 0.430329 0.066998 0.413916 0.065349 0.413602 0.054642 0.417239 0.053099 0.419018 0.051132 0.422164 0.049044 0.426198 0.047155 0.430501 0.045754 0.434412 0.045057 0.437331
0 0.214016 0.548103 0.214996 0.582516 0.215909 0.584278 0.217670 0.586329 0.220010 0.588356 0.222572 0.590050 0.224963 0.591149 0.226817 0.591489 0.297524 0.581560 0.299473 0.578252 0.300760 0.574904 0.303150 0.567666 0.305425 0.559910 0.308078 0.549624 0.309335 0.543111 0.308674 0.542735 0.277435 0.532706 0.274070 0.531750 0.231679 0.521540 0.230515 0.521601 0.220974 0.526439 0.220351 0.526770 0.219300 0.528810 0.217979 0.532252 0.216591 0.536571 0.215350 0.541105 0.214445 0.545156
0 0.869172 0.231682 0.879736 0.261930 0.880539 0.263924 0.882207 0.267076 0.884485 0.270905 0.887029 0.274835 0.889457 0.278273 0.891401 0.280697 0.892564 0.281739 0.903607 0.283601 0.917261 0.275674 0.941528 0.261506 0.944498 0.259612 0.972467 0.240625 0.971915 0.236896 0.970026 0.232263 0.965209 0.224183 0.959076 0.215240 0.955088 0.210115 0.951994 0.206905 0.950996 0.206498 0.877844 0.218410 0.876667 0.219064 0.875049 0.220660 0.873237 0.222957 0.871509 0.225601 0.870130 0.228189 0.869309 0.230324
0 0.000000 0.142384 0.033220 0.220137 0.034301 0.222249 0.035770 0.224857 0.037401 0.227561 0.038944 0.229947 0.040165 0.231651 0.040875 0.232413 0.110128 0.191998 0.110162 0.191741 0.109577 0.190471 0.108462 0.188382 0.106987 0.185792 0.054568 0.095969 0.052947 0.093254 0.051417 0.090809 0.050208 0.089005 0.049506 0.088118 0.000000 0.128533
0 0.772709 0.258706 0.773852 0.339072 0.775587 0.353999 0.776197 0.356534 0.777081 0.358168 0.778104 0.358649 0.854079 0.358362 0.855145 0.357620 0.856032 0.355767 0.856606 0.353085 0.856776 0.349983 0.855290 0.245532 0.855033 0.242503 0.854386 0.240028 0.853450 0.238485 0.852368 0.238108 0.776383 0.237697 0.775379 0.238545 0.774547 0.240488 0.774012 0.243230
0 0.237283 0.332691 0.248236 0.410670 0.248722 0.411288 0.250349 0.411664 0.252869 0.411740 0.255899 0.411505 0.359585 0.398800 0.362642 0.398290 0.365240 0.397587 0.366984 0.396798 0.367609 0.396043 0.357349 0.317980 0.356768 0.317438 0.355058 0.317129 0.352483 0.317098 0.337511 0.318014 0.257733 0.327789 0.242526 0.330571 0.239862 0.331243 0.238021 0.331988
0 0.745670 0.862338 0.746801 0.864006 0.919359 0.998324 0.923468 1.000000 0.931552 1.000000 0.932640 0.999813 0.936307 0.996884 0.983494 0.958248 0.981278 0.956149 0.797373 0.801036
0 0.285719 0.712882 0.454108 0.886260 0.511901 0.830130 0.511845 0.828618 0.344228 0.656034 0.286700 0.711907
