0 0.816980 0.080931 0.843670 0.130807 0.881953 0.142400 0.887264 0.137428 0.899018 0.098612 0.871957 0.048043 0.833141 0.036289 0.828572 0.042648
0 0.065330 0.799005 0.085600 0.817528 0.133281 0.849661 0.159915 0.862748 0.186958 0.822619 0.177796 0.805419 0.175987 0.803616 0.172985 0.801202 0.169244 0.798545 0.122115 0.766783 0.118189 0.764274 0.114657 0.762284 0.112053 0.761114 0.110777 0.760945 0.092374 0.758876
0 0.432084 0.625138 0.480445 0.626819 0.489580 0.610709 0.489625 0.609644 0.489728 0.606907 0.489871 0.602917 0.490034 0.598279 0.492009 0.541481 0.492167 0.536879 0.492297 0.532994 0.492379 0.530413 0.492401 0.529534 0.484407 0.512829 0.436045 0.511148 0.434522 0.539971 0.433085 0.581299 0.432524 0.597434
0 0.335257 0.170641 0.337517 0.175158 0.362341 0.206522 0.418530 0.213062 0.449895 0.188238 0.449198 0.183903 0.424029 0.152102 0.367058 0.145471
0 0.435954 0.940739 0.435988 0.944342 0.436050 0.946469 0.436131 0.946799 0.444639 0.963248 0.493030 0.963427 0.493191 0.931397 0.493250 0.915513 0.493400 0.874829 0.493452 0.849368 0.445061 0.849190 0.436431 0.865575 0.436344 0.866981 0.436262 0.870022 0.436200 0.874238 0.436166 0.878982 0.435954 0.936209
0 0.004348 0.875473 0.007590 0.915406 0.056553 0.917641 0.095153 0.910795 0.095298 0.889353 0.091889 0.870596 0.067158 0.869862 0.010812 0.874409
0 0.802268 0.266208 0.803387 0.272039 0.819382 0.326291 0.830006 0.352085 0.848299 0.347306 0.868697 0.340700 0.862512 0.305810 0.840703 0.254898
0 0.798645 0.838113 0.798785 0.839442 0.803037 0.847539 0.806540 0.851557 0.853204 0.864974 0.864385 0.826087 0.860220 0.822360 0.814089 0.809097 0.804799 0.816708 0.803738 0.818864 0.802433 0.822377 0.801082 0.826716 0.799889 0.831227 0.799033 0.835227
0 0.517285 0.247017 0.548846 0.271592 0.573421 0.240031 0.574441 0.236416 0.542442 0.211500 0.517525 0.243499
0 0.126951 0.081432 0.159232 0.117703 0.163127 0.122072 0.193006 0.095478 0.189457 0.090802 0.157176 0.054532 0.146300 0.056080 0.143944 0.057326 0.140743 0.059605 0.137186 0.062571 0.133821 0.065766 0.131163 0.068701 0.129619 0.070926
0 0.878777 0.387578 0.884612 0.389526 0.894701 0.392093 0.902668 0.393818 0.910451 0.395225 0.914290 0.395737 0.918968 0.395726 0.960573 0.338272 0.961350 0.336507 0.961662 0.333900 0.961460 0.330848 0.960774 0.327819 0.959710 0.325276 0.958431 0.323608 0.929735 0.306414 0.927198 0.305415 0.923361 0.304291 0.918812 0.303213 0.914250 0.302349 0.910375 0.301830 0.907780 0.301735 0.906855 0.302077 0.897196 0.309097 0.885962 0.351215 0.885199 0.354629 0.882507 0.368046
0 0.816222 0.729726 0.820660 0.733823 0.828520 0.740587 0.834797 0.745807 0.840993 0.750795 0.844092 0.753183 0.848014 0.755839 0.911564 0.723158 0.913008 0.722062 0.914439 0.719969 0.915638 0.717199 0.916421 0.714174 0.916668 0.711360 0.916342 0.709185 0.898381 0.681429 0.896507 0.679541 0.893565 0.676882 0.890004 0.673860 0.886373 0.670940 0.883228 0.668568 0.881050 0.667108 0.880168 0.666779 0.868435 0.668460 0.839158 0.700845 0.836916 0.703537 0.828449 0.714103
0 0.830370 0.188578 0.836200 0.198625 0.877579 0.212963 0.880944 0.213979 0.893698 0.217555 0.912769 0.222679 0.913410 0.222286 0.915558 0.217727 0.917665 0.212281 0.920629 0.203058 0.923534 0.192995 0.924978 0.187313 0.925604 0.183861 0.925401 0.183535 0.869230 0.137404 0.867901 0.136580 0.865588 0.136136 0.862645 0.136138 0.859520 0.136589 0.856695 0.137417 0.854599 0.138496 0.853552 0.139661 0.837573 0.165371 0.837169 0.166202 0.836280 0.168667 0.835042 0.172390 0.833643 0.176803 0.832295 0.181243 0.831199 0.185038 0.830523 0.187614
0 0.569308 0.696116 0.569628 0.697019 0.626232 0.754347 0.798217 0.584535 0.741613 0.527207 0.740505 0.527081
