0 0.623318 0.925025 0.626565 1.000000 0.709023 1.000000 0.706525 0.934599 0.705151 0.920049 0.704729 0.917654 0.704164 0.916231 0.703542 0.915997 0.624815 0.916006 0.624167 0.916994 0.623654 0.919055 0.623356 0.921875
0 0.798345 0.029601 0.813693 0.108004 0.814725 0.108292 0.816795 0.108268 0.819586 0.107934 0.822674 0.107341 0.924576 0.084358 0.927470 0.083601 0.929709 0.082800 0.930952 0.082078 0.931012 0.081544 0.916345 0.002986 0.915221 0.002787 0.913073 0.002888 0.910231 0.003273 0.894687 0.006100 0.816283 0.023784 0.802165 0.027647 0.799860 0.028423 0.798517 0.029109
0 0.850340 0.678509 0.850353 0.680503 0.851315 0.682933 0.853080 0.685430 0.922134 0.764957 0.924445 0.767155 0.926964 0.768735 0.929309 0.769456 0.931123 0.769206 0.980596 0.719514 0.981631 0.718304 0.981705 0.716352 0.980808 0.713954 0.979074 0.711478 0.910462 0.632460 0.908168 0.630296 0.905675 0.628790 0.903365 0.628168 0.901590 0.628525 0.851282 0.677255
0 0.909165 0.657461 0.948014 0.684238 0.966697 0.679534 0.968994 0.678125 0.971801 0.675404 0.974687 0.671786 0.977211 0.667827 0.995853 0.634615 0.997607 0.630957 0.998335 0.628144 1.000000 0.612064 0.962684 0.585058 0.946620 0.591664
0 0.018198 0.277231 0.041894 0.320260 0.052365 0.324369 0.060965 0.326966 0.062347 0.326752 0.065122 0.325686 0.068864 0.323933 0.073009 0.321759 0.076930 0.319491 0.080036 0.317472 0.081856 0.316008 0.087404 0.305073 0.064248 0.263027 0.054055 0.257484
0 0.496423 0.152197 0.496891 0.153447 0.498213 0.156087 0.500185 0.159711 0.502510 0.163773 0.504836 0.167658 0.506813 0.170781 0.508140 0.172669 0.508615 0.173029 0.519943 0.177509 0.561369 0.153264 0.562079 0.149255 0.541641 0.114334 0.499735 0.138859
0 0.266769 0.030660 0.269033 0.045060 0.270053 0.046234 0.272345 0.048374 0.275558 0.051154 0.279206 0.054152 0.282739 0.056918 0.285623 0.059032 0.287421 0.060175 0.300629 0.061062 0.330675 0.023629 0.328717 0.018122 0.303927 0.000000 0.297163 0.000000 0.289807 0.002835
0 0.361278 0.103255 0.363185 0.108709 0.377159 0.146293 0.414742 0.132320 0.413554 0.127195 0.399386 0.089087
0 0.375719 0.245080 0.377140 0.247994 0.409541 0.283408 0.420728 0.283040 0.421509 0.282706 0.423522 0.281187 0.426459 0.278715 0.429874 0.275666 0.433253 0.272500 0.436084 0.269694 0.437941 0.267673 0.438537 0.266746 0.439053 0.256407 0.438348 0.253591 0.405573 0.217767
0 0.747040 0.403978 0.795030 0.404955 0.798441 0.403856 0.805436 0.396538 0.805859 0.395482 0.806255 0.392742 0.806565 0.388735 0.806740 0.384072 0.806753 0.379470 0.806603 0.375636 0.806313 0.373156 0.805927 0.372405 0.799264 0.363402 0.750719 0.362414 0.747854 0.363987
0 0.783919 0.684627 0.912663 0.887866 0.914562 0.889651 0.982620 0.846539 0.853284 0.642365 0.851665 0.641713
0 0.539737 0.657174 0.540290 0.659359 0.564124 0.692173 0.620772 0.701152 0.653586 0.677318 0.629751 0.644504 0.627972 0.642522 0.612283 0.640035 0.572101 0.633666
0 0.149538 0.457168 0.181556 0.480183 0.238613 0.475302 0.264084 0.447368 0.265064 0.425808 0.233632 0.402784 0.176845 0.407642 0.151916 0.435489
0 0.759513 0.301789 0.782264 0.334688 0.786189 0.332390 0.819546 0.309322 0.829836 0.252898 0.806768 0.219540 0.773411 0.242608 0.769661 0.246138
0 0.722556 0.770263 0.727694 0.826737 0.730871 0.831287 0.762105 0.857313 0.788131 0.826078 0.782921 0.768817 0.779029 0.765126 0.748223 0.739458
0 0.463801 0.595836 0.464081 0.598927 0.464653 0.601584 0.465427 0.603403 0.466287 0.604106 0.492438 0.622964 0.493768 0.623757 0.496624 0.625027 0.500573 0.626581 0.505010 0.628181 0.509252 0.629580 0.512650 0.630564 0.514683 0.630984 0.524917 0.625622 0.530628 0.611381 0.541307 0.584427 0.542479 0.581125 0.552636 0.549723 0.552208 0.549174 0.545785 0.546592 0.535691 0.542879 0.528101 0.540229 0.521039 0.537902 0.517787 0.536924 0.514626 0.536327 0.464881 0.588594 0.464234 0.590243 0.463855 0.592785
0 0.458517 0.107862 0.458941 0.110134 0.459846 0.112933 0.461092 0.115828 0.462489 0.118377 0.463823 0.120191 0.464891 0.120993 0.495886 0.129141 0.498011 0.129485 0.501573 0.129775 0.506030 0.129968 0.510709 0.130034 0.514906 0.129964 0.517985 0.129767 0.519476 0.129474 0.527159 0.121242 0.528092 0.105635 0.529767 0.077462 0.529834 0.073942 0.529500 0.040248 0.526030 0.038925 0.521092 0.038096 0.511684 0.037682 0.500856 0.037766 0.494403 0.038135 0.490051 0.038770 0.489184 0.039261 0.458637 0.106462
0 0.353105 0.018303 0.353640 0.020083 0.374677 0.058169 0.376487 0.061153 0.394298 0.088316 0.395079 0.089401 0.401212 0.086882 0.410509 0.081782 0.417359 0.077474 0.423596 0.073007 0.426375 0.070634 0.428726 0.067154 0.419942 0.000000 0.367022 0.000000 0.363679 0.000522 0.359923 0.003095 0.357038 0.005471 0.355466 0.007285
0 0.272397 0.175295 0.319255 0.232240 0.320613 0.232847 0.322950 0.233366 0.325911 0.233718 0.329040 0.233849 0.331860 0.233738 0.333940 0.233404 0.334962 0.232897 0.356078 0.208064 0.357070 0.206456 0.358691 0.203482 0.360696 0.199596 0.362783 0.195383 0.364635 0.191479 0.365974 0.188475 0.366595 0.186828 0.362135 0.175763 0.348958 0.168676 0.323921 0.155296 0.320777 0.153721 0.290468 0.139378 0.288493 0.141444 0.286039 0.145257 0.281760 0.153485 0.277025 0.163421 0.274311 0.169606 0.272613 0.174098
