0 0.386344 0.658442 0.421326 0.678413 0.441298 0.643430 0.441567 0.642773 0.406744 0.622893 0.406315 0.623459
0 0.926219 0.754142 0.928181 0.755312 0.968460 0.755805 0.968954 0.715526 0.966805 0.714538 0.926710 0.714047
0 0.261287 0.611168 0.301644 0.614086 0.303911 0.612782 0.305065 0.596824 0.296536 0.588274 0.295889 0.588091 0.293514 0.587804 0.289775 0.587458 0.285239 0.587103 0.280591 0.586793 0.276532 0.586576 0.273676 0.586485 0.272461 0.586533 0.262454 0.595025
0 0.833091 0.572503 0.869507 0.589054 0.873779 0.590083 0.880475 0.575348 0.874501 0.563804 0.874158 0.563507 0.872190 0.562493 0.868894 0.560915 0.864771 0.559013 0.860457 0.557081 0.856614 0.555414 0.853829 0.554268 0.852526 0.553816 0.839711 0.557937
0 0.204004 0.282674 0.204082 0.285203 0.204645 0.288184 0.230554 0.389382 0.231511 0.392341 0.232711 0.394808 0.233971 0.396406 0.235097 0.396893 0.309160 0.376940 0.309923 0.376258 0.310265 0.374493 0.310136 0.371915 0.307756 0.357131 0.287822 0.279268 0.282660 0.264596 0.281482 0.262062 0.280252 0.260361 0.279159 0.259755 0.205269 0.280385 0.204421 0.280982
0 0.763329 0.411187 0.763839 0.491371 0.764170 0.491375 0.765666 0.491371 0.768100 0.491359 0.771101 0.491341 0.774216 0.491320 0.776972 0.491299 0.778952 0.491281 0.829292 0.490766 0.830265 0.490753 0.830270 0.429458 0.829740 0.408321 0.829459 0.408242 0.827966 0.408182 0.825486 0.408151 0.822397 0.408153 0.819173 0.408189 0.816307 0.408252 0.814237 0.408333 0.764218 0.411105
0 0.300769 0.162858 0.330361 0.237829 0.330658 0.238214 0.332053 0.238122 0.334336 0.237566 0.337158 0.236630 0.340088 0.235457 0.433136 0.194943 0.435670 0.193738 0.437447 0.192674 0.438198 0.191913 0.409387 0.117205 0.409021 0.116927 0.407571 0.117113 0.405259 0.117736 0.402435 0.118700 0.399527 0.119859 0.306131 0.159857 0.303525 0.161060 0.301642 0.162114
0 0.665581 0.548191 0.744637 0.562814 0.744769 0.562116 0.745103 0.560320 0.745588 0.557698 0.763589 0.460368 0.764161 0.457274 0.764717 0.454256 0.765173 0.451777 0.765459 0.450214 0.765532 0.449804 0.685629 0.435216 0.685485 0.435613 0.685138 0.437161 0.684641 0.439629 0.684068 0.442638 0.683509 0.445729 0.666368 0.543053 0.665920 0.545678 0.665644 0.547481
0 0.777716 0.205595 0.778680 0.235941 0.785129 0.292159 0.786240 0.297482 0.826041 0.292898 0.824878 0.232552 0.817782 0.200980
0 0.874376 0.565729 0.906236 0.587469 0.957072 0.533292 0.957086 0.508981 0.925385 0.487081 0.900242 0.514303 0.874542 0.561607
0 0.433509 0.831146 0.436282 0.844438 0.477801 0.869611 0.519757 0.800412 0.519531 0.796979 0.512690 0.792831 0.457748 0.806297 0.446023 0.810506 0.445619 0.810881 0.444326 0.812766 0.442344 0.815870 0.439973 0.819724 0.437570 0.823744 0.435499 0.827325 0.434072 0.829926
0 0.627382 0.629699 0.642897 0.675122 0.644549 0.677147 0.654096 0.681618 0.655170 0.681560 0.657826 0.680916 0.661661 0.679782 0.666090 0.678331 0.670431 0.676787 0.674017 0.675386 0.676302 0.674342 0.676938 0.673815 0.682840 0.664067 0.708050 0.612698 0.705435 0.605040 0.703087 0.603839
0 0.488218 0.887190 0.489508 0.901323 0.502015 0.911892 0.660555 0.724299 0.656885 0.719172 0.644665 0.708844 0.633773 0.710672 0.633005 0.711095 0.631172 0.712853 0.628555 0.715675 0.625550 0.719134 0.496157 0.872238 0.493184 0.875852 0.490658 0.879115 0.488961 0.881535 0.488353 0.882740
0 0.124520 0.022188 0.127554 0.036641 0.128757 0.037829 0.131201 0.039987 0.134509 0.042785 0.138182 0.045800 0.141666 0.048578 0.144435 0.050699 0.146069 0.051841 0.159903 0.052814 0.190101 0.015504 0.186519 0.009903 0.180966 0.005954 0.164461 0.000000 0.150575 0.000000
0 0.000000 0.902760 0.043420 0.903141 0.048638 0.898534 0.054656 0.892846 0.055250 0.891411 0.055767 0.888364 0.056128 0.884172 0.056281 0.879468 0.056201 0.874964 0.055900 0.871338 0.055425 0.869140 0.048952 0.858535 0.000953 0.858159 0.000000 0.862299
0 0.259891 0.162592 0.259898 0.163901 0.263873 0.172478 0.266571 0.176221 0.311756 0.192419 0.325254 0.154765 0.323234 0.150774 0.277527 0.134389 0.267426 0.141571 0.266280 0.143638 0.264780 0.147068 0.263154 0.151338 0.261652 0.155792 0.260507 0.159744
0 0.054467 0.789192 0.078692 0.821601 0.117584 0.792532 0.121954 0.789188 0.121812 0.779288 0.121761 0.778185 0.120620 0.775784 0.118566 0.772452 0.115910 0.768694 0.113053 0.765077 0.110427 0.762146 0.108427 0.760346 0.107360 0.759954 0.098006 0.757149 0.093359 0.760122
0 0.699486 0.413553 0.721929 0.446664 0.724494 0.446047 0.764687 0.418805 0.765728 0.407815 0.765563 0.406932 0.764389 0.404656 0.762384 0.401334 0.759852 0.397471 0.757184 0.393663 0.754790 0.390494 0.753034 0.388447 0.752185 0.387834 0.741985 0.385311 0.739219 0.386622
0 0.802575 0.461925 0.802927 0.462251 0.811543 0.468828 0.817348 0.470481 0.827698 0.465169 0.828412 0.463664 0.829499 0.460645 0.830795 0.456573 0.832103 0.452064 0.833226 0.447797 0.833994 0.444416 0.834290 0.442437 0.828328 0.432624 0.827943 0.432150 0.822122 0.430503 0.811370 0.431600 0.810387 0.433558 0.808906 0.437568 0.807153 0.443018 0.805397 0.449072 0.803910 0.454796 0.802919 0.459309
0 0.769076 0.391814 0.770969 0.397098 0.772587 0.399550 0.779246 0.406662 0.782691 0.407607 0.787759 0.407374 0.793675 0.405996 0.799530 0.403682 0.804422 0.400790 0.807600 0.397765 0.808583 0.395071 0.809305 0.385042 0.807432 0.379739 0.805740 0.377327 0.796082 0.373196 0.793483 0.372528 0.789687 0.372733 0.785269 0.373778 0.780899 0.375505 0.777235 0.377653 0.774831 0.379898 0.770377 0.388465
0 0.847919 0.819583 0.850879 0.826825 0.856383 0.832383 0.856996 0.832955 0.864222 0.835988 0.872058 0.836026 0.879312 0.833061 0.884880 0.827548 0.887913 0.820322 0.887951 0.812486 0.884986 0.805232 0.879472 0.799665 0.878820 0.799150 0.871607 0.796122 0.863784 0.796084 0.856543 0.799043 0.850985 0.804548 0.847957 0.811761
0 0.837881 0.452661 0.838454 0.460466 0.841971 0.467457 0.847896 0.472571 0.855326 0.475027 0.855938 0.474984 0.863756 0.474410 0.870760 0.470887 0.875882 0.464952 0.878342 0.457509 0.877769 0.449691 0.874245 0.442687 0.868310 0.437565 0.860867 0.435105 0.853049 0.435679 0.852442 0.435789 0.845451 0.439306 0.840337 0.445231
0 0.126948 0.422266 0.127732 0.424511 0.131031 0.429270 0.139746 0.434812 0.142361 0.435178 0.146553 0.434040 0.151682 0.431564 0.156960 0.428132 0.161572 0.424272 0.164813 0.420577 0.166188 0.417615 0.164127 0.407747 0.163267 0.405538 0.159995 0.400774 0.148903 0.398756 0.146934 0.398523 0.143798 0.399406 0.139971 0.401271 0.136031 0.403833 0.132574 0.406706 0.130122 0.409456 0.129049 0.411668
