0 0.661193 0.907988 0.663434 0.913661 0.699863 0.986133 0.736099 0.967918 0.699670 0.895446 0.696932 0.890023
0 0.020638 0.643273 0.078235 0.700119 0.083055 0.697832 0.116773 0.663669 0.114704 0.652028 0.113276 0.650024 0.110787 0.647171 0.107612 0.643899 0.079078 0.615737 0.075691 0.612533 0.072595 0.609873 0.070257 0.608161 0.069037 0.607658 0.059835 0.607473 0.054746 0.608715
0 0.651324 0.761559 0.687844 0.832737 0.690456 0.837363 0.726540 0.818850 0.689512 0.746682 0.686913 0.743299
0 0.850620 0.358986 0.853327 0.398894 0.901217 0.395646 0.910602 0.393205 0.916293 0.385120 0.916786 0.384038 0.917080 0.381259 0.917127 0.377204 0.916921 0.372494 0.916493 0.367851 0.915908 0.363990 0.915258 0.361499 0.907832 0.352363 0.858822 0.355687
0 0.518172 0.616960 0.518425 0.618586 0.549321 0.644858 0.575593 0.613962 0.574557 0.612399 0.544084 0.586487
0 0.567647 0.489896 0.611157 0.510165 0.612442 0.510282 0.622943 0.506540 0.623494 0.505715 0.624740 0.503343 0.626492 0.499786 0.628483 0.495584 0.630405 0.491385 0.631965 0.487834 0.632923 0.485473 0.633136 0.484659 0.629529 0.473604 0.585515 0.453101 0.584538 0.453637
0 0.238773 0.739960 0.243531 0.780142 0.291749 0.774432 0.300489 0.763860 0.300645 0.762601 0.300560 0.759716 0.300250 0.755647 0.299761 0.751009 0.299167 0.746503 0.298558 0.742808 0.298026 0.740484 0.297651 0.739889 0.289426 0.731574 0.241759 0.737217
0 0.386879 0.437371 0.396428 0.484978 0.406594 0.491863 0.407616 0.491694 0.410278 0.491190 0.414172 0.490429 0.418707 0.489526 0.423200 0.488618 0.426972 0.487841 0.429453 0.487314 0.430260 0.487116 0.436831 0.477283 0.427391 0.430220 0.426552 0.429413
0 0.693081 0.304397 0.697309 0.315899 0.742539 0.331968 0.745343 0.330026 0.758889 0.291898 0.713136 0.275643 0.701162 0.281652 0.700590 0.282804 0.699492 0.285506 0.698037 0.289344 0.696444 0.293736 0.694954 0.298020 0.693792 0.301550 0.693134 0.303791
0 0.789526 0.866791 0.792273 0.882436 0.799310 0.922507 0.803472 0.928382 0.836678 0.951667 0.859963 0.918461 0.850043 0.861971 0.845242 0.857007 0.812492 0.834041
0 0.313649 0.724997 0.322166 0.781859 0.354856 0.806032 0.379028 0.773343 0.380694 0.769581 0.372295 0.713500 0.340055 0.689660 0.337822 0.692308
0 0.864855 0.829187 0.880751 0.861739 0.907296 0.871854 0.937500 0.849080 0.951832 0.793638 0.936070 0.760549 0.909174 0.751792 0.879120 0.774006
0 0.398398 0.817134 0.424024 0.830979 0.438884 0.837291 0.476946 0.853458 0.503379 0.861727 0.522298 0.817187 0.510537 0.802881 0.509677 0.802122 0.507258 0.800761 0.503652 0.799007 0.499405 0.797125 0.447095 0.774906 0.442834 0.773173 0.439187 0.771847 0.436708 0.771127 0.435777 0.771126 0.417317 0.772595
0 0.345453 0.647461 0.371228 0.688610 0.439810 0.645651 0.440498 0.643987 0.436251 0.637207 0.381118 0.624542 0.369078 0.622284 0.368473 0.622610 0.366408 0.623858 0.363200 0.625838 0.359335 0.628248 0.355397 0.630726 0.351979 0.632897 0.349599 0.634432 0.348622 0.635097
0 0.638982 0.060026 0.639018 0.060352 0.645330 0.072125 0.678391 0.118027 0.686287 0.119311 0.688441 0.114910 0.701430 0.035034 0.653504 0.027241 0.642893 0.036527 0.642557 0.038044 0.641979 0.041135 0.641247 0.045329 0.640471 0.049992 0.639769 0.054418 0.639246 0.057941
0 0.379736 0.344808 0.379919 0.345457 0.380760 0.347718 0.382130 0.351250 0.383822 0.355514 0.385575 0.359853 0.387120 0.363602 0.388221 0.366187 0.388710 0.367216 0.400210 0.372242 0.444770 0.354398 0.444132 0.352714 0.414048 0.277589 0.406535 0.280598 0.384015 0.333202
0 0.875641 0.226437 0.876053 0.231688 0.916095 0.233044 0.924917 0.171364 0.921948 0.140181 0.881640 0.138816 0.877587 0.169873
0 0.388505 0.116147 0.389585 0.123912 0.389775 0.124559 0.393738 0.131307 0.399981 0.136026 0.407555 0.137996 0.415307 0.136918 0.422055 0.132955 0.426774 0.126712 0.428744 0.119138 0.427666 0.111386 0.427542 0.110717 0.423572 0.103957 0.417318 0.099230 0.409731 0.097257 0.401966 0.098336 0.395206 0.102306 0.390479 0.108560
0 0.238503 0.178807 0.240666 0.186339 0.245547 0.192470 0.245984 0.192998 0.252828 0.196787 0.260600 0.197670 0.268119 0.195510 0.274240 0.190638 0.278028 0.183794 0.278911 0.176022 0.276751 0.168503 0.276367 0.167932 0.271487 0.161801 0.264631 0.158006 0.256845 0.157121 0.249314 0.159285 0.243183 0.164166 0.239387 0.171021
0 0.492323 0.053554 0.492337 0.054321 0.494718 0.061776 0.499772 0.067752 0.506728 0.071339 0.514527 0.071990 0.521981 0.069609 0.527957 0.064555 0.531544 0.057599 0.532196 0.049800 0.532251 0.049025 0.529865 0.041557 0.524802 0.035572 0.517835 0.031978 0.510023 0.031326 0.502555 0.033711 0.496569 0.038774 0.492976 0.045742
0 0.611154 0.084804 0.611250 0.091099 0.612147 0.097160 0.613705 0.102055 0.615682 0.105039 0.624969 0.108349 0.627569 0.109124 0.633261 0.108791 0.635599 0.106512 0.642100 0.098911 0.643137 0.095923 0.643659 0.091767 0.643587 0.087068 0.642932 0.082537 0.641793 0.078859 0.640341 0.076591 0.632659 0.069376 0.630067 0.068518 0.624365 0.068877 0.615200 0.073501 0.613295 0.075277 0.611873 0.079246
0 0.266285 0.607634 0.267049 0.609304 0.305297 0.663274 0.307013 0.664162 0.309437 0.664150 0.312200 0.663243 0.326029 0.655730 0.389704 0.605698 0.399947 0.594296 0.401358 0.591924 0.401758 0.589717 0.401083 0.588011 0.361590 0.535022 0.359934 0.534052 0.357568 0.533984 0.354851 0.534828 0.352199 0.536459 0.270109 0.600959 0.267940 0.603116 0.266598 0.605460
