0 0.226550 0.506467 0.285678 0.560899 0.286657 0.560621 0.449206 0.384049 0.448974 0.383517 0.389846 0.329085
0 0.060911 0.859813 0.110871 0.923015 0.300479 0.773136 0.301393 0.771884 0.251661 0.708971 0.062922 0.858164
0 0.576073 0.764696 0.591616 0.843371 0.592038 0.844951 0.829147 0.798108 0.813532 0.719071 0.812096 0.718068
0 0.370702 0.754200 0.370911 0.794856 0.411567 0.794647 0.412782 0.790596 0.412576 0.750499 0.372479 0.750706
0 0.397224 0.885474 0.410233 0.923993 0.448752 0.910983 0.449457 0.905333 0.436626 0.867344 0.398637 0.880174
0 0.383795 0.804472 0.393220 0.843821 0.440439 0.832512 0.447221 0.820785 0.447077 0.819470 0.446528 0.816575 0.445659 0.812544 0.444601 0.807986 0.443514 0.803589 0.442562 0.800017 0.441889 0.797811 0.441599 0.797311 0.431803 0.789812 0.385123 0.800992
0 0.715747 0.627993 0.715748 0.630738 0.715949 0.631825 0.722444 0.639818 0.725016 0.641435 0.773365 0.645895 0.777082 0.605604 0.773915 0.604397 0.726118 0.599988 0.718166 0.607789 0.717794 0.608560 0.717312 0.611038 0.716791 0.614842 0.716312 0.619395 0.715945 0.624011
0 0.576576 0.410474 0.612527 0.428009 0.613828 0.427177 0.635114 0.383536 0.630854 0.372995 0.630200 0.372424 0.627989 0.371131 0.624554 0.369313 0.620421 0.367246 0.616225 0.365250 0.612611 0.363630 0.610130 0.362635 0.609159 0.362413 0.598747 0.365798 0.597618 0.367332
0 0.774313 0.870829 0.774638 0.877825 0.775390 0.885717 0.776906 0.896693 0.778465 0.904230 0.779595 0.905687 0.812083 0.902493 0.815554 0.902098 0.844651 0.898453 0.860082 0.896519 0.867460 0.887540 0.867850 0.885900 0.867917 0.882686 0.867651 0.878391 0.867091 0.873673 0.866324 0.869256 0.865468 0.865818 0.864654 0.863882 0.851072 0.832076 0.849668 0.831149 0.847333 0.830137 0.844422 0.829194 0.841380 0.828464 0.838676 0.828059 0.836719 0.828040 0.835809 0.828410 0.775488 0.865846 0.774422 0.867849
0 0.107575 0.576196 0.107595 0.579206 0.108068 0.581669 0.108922 0.583211 0.155232 0.638020 0.159624 0.636961 0.163319 0.635913 0.170875 0.633660 0.178659 0.631256 0.188583 0.628079 0.194404 0.626082 0.189171 0.606960 0.185500 0.593977 0.184468 0.590627 0.169923 0.549440 0.159817 0.543395 0.158976 0.543408 0.156494 0.543958 0.152744 0.544964 0.148298 0.546273 0.143840 0.547684 0.140054 0.548979 0.137520 0.549961 0.136622 0.550480 0.111112 0.567673 0.109927 0.568487 0.108838 0.570392 0.108012 0.573100
0 0.647785 0.620388 0.666494 0.655853 0.667261 0.656571 0.702889 0.637776 0.684094 0.602147 0.683250 0.601679
0 0.451583 0.389165 0.455887 0.404768 0.456392 0.405856 0.494951 0.395218 0.494893 0.394007 0.490589 0.378405 0.480613 0.373002 0.479701 0.373079 0.477149 0.373634 0.473346 0.374584 0.468871 0.375784 0.464413 0.377049 0.460656 0.378184 0.458174 0.379018 0.457344 0.379422
0 0.575817 0.551895 0.576166 0.552134 0.616429 0.553375 0.617670 0.513113 0.617131 0.513052 0.577053 0.511817
0 0.898756 0.616746 0.923064 0.648636 0.925012 0.649320 0.957048 0.624901 0.932628 0.592864 0.930646 0.592439
0 0.898338 0.087986 0.900057 0.128047 0.940117 0.126328 0.942143 0.124608 0.940417 0.084363 0.900172 0.086089
0 0.066140 0.876963 0.129521 0.928201 0.133784 0.923272 0.164173 0.885681 0.161072 0.875044 0.159409 0.872970 0.156608 0.870219 0.153094 0.867208 0.121695 0.841825 0.117990 0.839000 0.114644 0.836782 0.112164 0.835507 0.110929 0.835371 0.101521 0.835033 0.096883 0.838934
0 0.845286 0.957419 0.863801 0.960373 0.903574 0.966366 0.925097 0.969447 0.934489 0.936286 0.934438 0.907064 0.854636 0.895038 0.846022 0.928265
0 0.889685 0.455357 0.890010 0.458646 0.890718 0.462907 0.891700 0.467496 0.892809 0.471721 0.893878 0.474942 0.894744 0.476672 0.904566 0.482602 0.905474 0.482562 0.911381 0.481297 0.920304 0.475333 0.920498 0.472936 0.920101 0.468543 0.919170 0.462824 0.917850 0.456657 0.916343 0.450994 0.914882 0.446705 0.913691 0.444443 0.903112 0.442675 0.902210 0.442805 0.896316 0.444067 0.889792 0.453540
0 0.100684 0.116297 0.103108 0.123753 0.108202 0.129711 0.108876 0.130348 0.115850 0.133899 0.123653 0.134509 0.131095 0.132089 0.137043 0.127003 0.140594 0.120030 0.141205 0.112227 0.138784 0.104785 0.133699 0.098836 0.133068 0.098145 0.126082 0.094588 0.118266 0.093977 0.110811 0.096402 0.104852 0.101496 0.101295 0.108481
0 0.050749 0.548347 0.055183 0.557985 0.056874 0.560011 0.060005 0.562199 0.064098 0.564219 0.068535 0.565767 0.072647 0.566608 0.075811 0.566615 0.085067 0.562718 0.087973 0.561328 0.090078 0.555993 0.090168 0.553402 0.089946 0.543473 0.087741 0.540745 0.083589 0.537794 0.078120 0.535072 0.072176 0.532999 0.066671 0.531895 0.062452 0.531926 0.060162 0.533086 0.052891 0.540402 0.050757 0.545738
0 0.086393 0.343512 0.086791 0.351338 0.090155 0.358415 0.095971 0.363667 0.103354 0.366293 0.104036 0.366523 0.111848 0.366125 0.118914 0.362766 0.124157 0.356960 0.126777 0.349590 0.126379 0.341778 0.123021 0.334712 0.117215 0.329469 0.116556 0.329176 0.109173 0.326550 0.101347 0.326949 0.094270 0.330313 0.089018 0.336129
0 0.446622 0.110521 0.449705 0.115473 0.451160 0.117075 0.459462 0.123025 0.462572 0.122913 0.467145 0.121410 0.472484 0.118743 0.477768 0.115320 0.482181 0.111668 0.485048 0.108350 0.485933 0.105873 0.484292 0.095608 0.481224 0.090633 0.479705 0.089085 0.469036 0.086638 0.466696 0.086764 0.463275 0.087919 0.459291 0.089926 0.455348 0.092481 0.452039 0.095199 0.449866 0.097669 0.449160 0.099516
