0 0.674679 0.441721 0.675184 0.444331 0.679651 0.458836 0.710298 0.533137 0.717426 0.546741 0.718933 0.549010 0.720367 0.550409 0.721508 0.550723 0.791956 0.520845 0.792686 0.520003 0.792840 0.518157 0.792393 0.515589 0.791412 0.512690 0.751580 0.416121 0.750222 0.413351 0.748703 0.411152 0.747254 0.409858 0.746096 0.409665 0.675383 0.438898 0.674748 0.439813
0 0.639096 0.121370 0.639629 0.121947 0.707910 0.159441 0.709054 0.158960 0.710582 0.157463 0.712260 0.155177 0.713833 0.152451 0.761374 0.059434 0.762592 0.056700 0.763260 0.054394 0.763278 0.052867 0.762644 0.052351 0.694680 0.014236 0.693543 0.014842 0.692022 0.016447 0.690350 0.018805 0.682180 0.032364 0.645602 0.103933 0.639934 0.117448 0.639204 0.119789
0 0.153040 0.772433 0.205530 0.780871 0.217859 0.780719 0.220435 0.759575 0.225989 0.678729 0.234320 0.557460 0.234578 0.537358 0.181795 0.532843 0.169545 0.532180
0 0.451478 0.390363 0.502068 0.626701 0.580847 0.609837 0.530257 0.373500
0 0.210031 0.687609 0.220080 0.691184 0.250151 0.695922 0.259719 0.657007 0.249619 0.653572 0.219635 0.648505
0 0.208696 0.053349 0.223652 0.090752 0.224919 0.092627 0.262150 0.077740 0.247262 0.040509 0.246099 0.038393
0 0.031250 0.694464 0.066634 0.713716 0.068620 0.712737 0.087783 0.677515 0.052562 0.658352 0.050502 0.659081
0 0.233847 0.708233 0.265350 0.756328 0.289189 0.780642 0.305818 0.767431 0.320619 0.755368 0.304442 0.731365 0.269010 0.687262 0.265069 0.683126
0 0.341164 0.054995 0.380084 0.064503 0.400916 0.000000 0.352135 0.000000
0 0.077112 0.129394 0.077253 0.132545 0.077833 0.135428 0.078761 0.137605 0.079895 0.138742 0.103490 0.157341 0.104407 0.157791 0.106887 0.158893 0.110551 0.160478 0.114841 0.162305 0.119111 0.164099 0.122717 0.165589 0.125112 0.166549 0.125931 0.166834 0.136608 0.162026 0.155022 0.122322 0.156369 0.119077 0.161302 0.106727 0.168356 0.088266 0.167782 0.087657 0.163105 0.085158 0.157691 0.082568 0.148750 0.078705 0.139117 0.074772 0.133752 0.072721 0.130587 0.071692 0.130386 0.071821 0.079185 0.122930 0.078158 0.124189 0.077429 0.126459
0 0.886805 0.867447 0.912622 0.898000 0.918359 0.903534 0.949337 0.877359 0.923162 0.846381 0.917358 0.841630
0 0.095761 0.968137 0.126725 0.994184 0.157982 0.957027 0.161891 0.951804 0.159041 0.941505 0.157424 0.939333 0.154692 0.936493 0.151260 0.933416 0.147646 0.930565 0.144394 0.928372 0.141997 0.927168 0.131281 0.926055 0.127018 0.930980
0 0.075307 0.875681 0.082884 0.885035 0.084896 0.886322 0.088297 0.887893 0.092570 0.889506 0.097058 0.890915 0.101070 0.891902 0.103994 0.892317 0.105384 0.892099 0.113557 0.888876 0.117974 0.884432 0.133626 0.839055 0.095813 0.826012 0.091140 0.829781
0 0.054722 0.314264 0.058079 0.362703 0.069236 0.371464 0.070719 0.371570 0.073802 0.371533 0.078013 0.371359 0.082715 0.371075 0.087199 0.370723 0.090788 0.370356 0.092937 0.370031 0.093316 0.369796 0.103034 0.361507 0.099715 0.313622 0.095088 0.311467
