0 0.814718 0.821024 0.876266 0.836752 0.906432 0.839731 0.913765 0.800072 0.882733 0.792518 0.827076 0.782208 0.822003 0.781627
0 0.298090 0.428659 0.336053 0.441464 0.338134 0.436170 0.356203 0.382560 0.364093 0.354717 0.345637 0.348385 0.325877 0.341826 0.313064 0.373188
0 0.895443 0.491081 0.975001 0.499480 0.980493 0.499474 0.985590 0.451188 0.975696 0.442122 0.975410 0.441949 0.973334 0.441609 0.969783 0.441152 0.965298 0.440650 0.960567 0.440179 0.956319 0.439812 0.953203 0.439605 0.951691 0.439588 0.940262 0.447546 0.896283 0.483126
0 0.402931 0.070128 0.404040 0.075041 0.467508 0.123743 0.496729 0.085662 0.496691 0.080872 0.495531 0.071600 0.494796 0.070475 0.492709 0.068396 0.489588 0.065681 0.485908 0.062745 0.453881 0.038170 0.450217 0.035471 0.447141 0.033430 0.445122 0.032357 0.432490 0.031608
0 0.374183 0.838815 0.376861 0.879663 0.425879 0.876449 0.434407 0.865572 0.435161 0.861370 0.435186 0.859979 0.435088 0.856972 0.434881 0.852812 0.434597 0.848127 0.434278 0.843623 0.433974 0.839982 0.433729 0.837755 0.433581 0.837284 0.424956 0.827930 0.377058 0.831071
0 0.631199 0.310548 0.653387 0.353112 0.665355 0.356130 0.665950 0.355895 0.668080 0.354849 0.671415 0.353154 0.675452 0.351064 0.711003 0.332532 0.715141 0.330360 0.718765 0.328428 0.721327 0.327029 0.722433 0.326376 0.726920 0.314007 0.704476 0.270951 0.632716 0.308358
0 0.530472 0.647932 0.530895 0.649989 0.545008 0.688011 0.583029 0.673899 0.606939 0.621765 0.592827 0.583743 0.591554 0.582595 0.554053 0.596513
0 0.555175 0.376929 0.582340 0.406423 0.638999 0.408751 0.640933 0.407475 0.670837 0.379931 0.643293 0.350027 0.585845 0.347666 0.555941 0.375210
0 0.785853 0.547341 0.824184 0.559109 0.825677 0.559381 0.837500 0.520873 0.798992 0.509051 0.797621 0.509009
0 0.302966 0.292598 0.303869 0.293548 0.343966 0.293681 0.344100 0.253584 0.343382 0.252450 0.303100 0.252316
0 0.247589 0.310419 0.251268 0.350434 0.252405 0.351118 0.292237 0.347456 0.288575 0.307624 0.287604 0.306740
0 0.223917 0.928920 0.244452 0.963575 0.279107 0.943039 0.280119 0.941009 0.259677 0.906513 0.225182 0.926955
0 0.430182 0.380970 0.460158 0.395263 0.463373 0.396668 0.504106 0.412540 0.515128 0.409033 0.515434 0.408651 0.516432 0.406649 0.517970 0.403326 0.519816 0.399190 0.521684 0.394876 0.523288 0.391046 0.524382 0.388288 0.524801 0.387021 0.529143 0.355753 0.529158 0.354486 0.528311 0.352548 0.526730 0.350234 0.524656 0.347899 0.522407 0.345899 0.520327 0.344542 0.518734 0.344032 0.446310 0.343943 0.444823 0.347302 0.443397 0.350562 0.440354 0.357529 0.437127 0.364935 0.432888 0.374683 0.430252 0.380768
0 0.740795 0.179376 0.741253 0.181169 0.742223 0.183651 0.743559 0.186442 0.745056 0.189115 0.746484 0.191260 0.747625 0.192551 0.748306 0.192792 0.818083 0.212001 0.819437 0.210740 0.821399 0.208550 0.825986 0.203288 0.831146 0.197268 0.838307 0.188797 0.843206 0.182869 0.844124 0.181547 0.819177 0.159774 0.816501 0.157508 0.794291 0.139105 0.782549 0.129376 0.770778 0.130022 0.769616 0.131102 0.767450 0.133433 0.764611 0.136660 0.761535 0.140288 0.758694 0.143759 0.756524 0.146541 0.755355 0.148211 0.740920 0.178544
0 0.595174 0.512936 0.595477 0.513482 0.623788 0.530287 0.626854 0.531978 0.665887 0.551489 0.666735 0.551727 0.677328 0.549143 0.677874 0.548977 0.679238 0.547241 0.681213 0.544197 0.683497 0.540308 0.685740 0.536170 0.687597 0.532421 0.688784 0.529634 0.689121 0.528234 0.696017 0.495838 0.695457 0.493924 0.694162 0.491534 0.692329 0.489031 0.690239 0.486800 0.688212 0.485183 0.686557 0.484425 0.615045 0.478183 0.612738 0.480926 0.610842 0.483884 0.606994 0.490382 0.603054 0.497421 0.598063 0.506852
0 0.833280 0.751758 0.836286 0.763139 0.836738 0.763493 0.838744 0.764682 0.842001 0.766527 0.846014 0.768746 0.850167 0.771000 0.853821 0.772941 0.856416 0.774272 0.857558 0.774791 0.868743 0.771161 0.871624 0.765852 0.872871 0.755062 0.872204 0.754605 0.869482 0.753042 0.865130 0.750613 0.859805 0.747688 0.854311 0.744707 0.849475 0.742118 0.846024 0.740312 0.844487 0.739565 0.836155 0.746460
0 0.378160 0.378408 0.380144 0.385989 0.384878 0.392234 0.385076 0.392419 0.391828 0.396369 0.399578 0.397436 0.407145 0.395455 0.413380 0.390729 0.417330 0.383977 0.418396 0.376228 0.416415 0.368660 0.416271 0.368434 0.411537 0.362189 0.404774 0.358232 0.397011 0.357163 0.389430 0.359148 0.383185 0.363882 0.379229 0.370645
0 0.222135 0.407937 0.223852 0.415583 0.228363 0.421990 0.234983 0.426183 0.235439 0.426309 0.243146 0.427648 0.250779 0.425935 0.257175 0.421431 0.261360 0.414822 0.262699 0.407115 0.260985 0.399482 0.256482 0.393086 0.249873 0.388901 0.249442 0.388709 0.241722 0.387368 0.234076 0.389085 0.227668 0.393596 0.223476 0.400216
0 0.035311 0.685047 0.036214 0.687523 0.043335 0.695333 0.045626 0.696734 0.049323 0.697849 0.053864 0.698508 0.058562 0.698614 0.062709 0.698150 0.065676 0.697185 0.073387 0.690619 0.075627 0.688410 0.076019 0.682683 0.075200 0.680199 0.071995 0.670816 0.068979 0.668906 0.064059 0.667382 0.057985 0.666479 0.051691 0.666337 0.046146 0.666979 0.042203 0.668304 0.040458 0.670106 0.035730 0.679311
