0 0.000000 0.842330 0.000576 0.842590 0.007380 0.844827 0.086127 0.860916 0.100673 0.863273 0.103127 0.863542 0.104683 0.863513 0.105102 0.863188 0.122907 0.785054 0.122142 0.784420 0.120295 0.783637 0.117646 0.782824 0.114599 0.782106 0.012249 0.761194 0.009288 0.760685 0.006885 0.760465 0.005405 0.760569 0.005073 0.760979 0.000000 0.838580
0 0.000000 0.729423 0.065746 0.769555 0.068408 0.771015 0.071343 0.772102 0.074103 0.772650 0.076264 0.772577 0.077500 0.771894 0.107360 0.702438 0.107458 0.701305 0.106426 0.699837 0.104421 0.698259 0.091637 0.690677 0.018477 0.657397 0.003584 0.652388 0.000785 0.651781 0.000000 0.651767
0 0.789735 0.846680 0.791066 0.848272 0.845724 0.907191 0.999497 0.754074 1.000000 0.751602 1.000000 0.731759 0.967821 0.684297 0.965682 0.683455
0 0.756971 0.271652 0.771848 0.284924 0.789058 0.296086 0.812943 0.266446 0.841998 0.225404 0.810123 0.201131 0.806179 0.206136 0.771931 0.251120
0 0.221992 0.327257 0.225339 0.386420 0.265394 0.387257 0.265890 0.381753 0.267052 0.325183 0.265737 0.295388 0.225415 0.294545
0 0.291810 0.323613 0.297325 0.326242 0.348845 0.349561 0.373451 0.360030 0.382543 0.342362 0.390085 0.323289 0.357361 0.307226 0.308335 0.287115
0 0.000000 0.505675 0.045237 0.517024 0.050434 0.516830 0.058043 0.511101 0.058840 0.510195 0.059942 0.507646 0.061182 0.503845 0.062373 0.499369 0.063335 0.494892 0.063922 0.491091 0.064046 0.488540 0.063685 0.487632 0.059783 0.477937 0.030241 0.429696 0.022462 0.427826 0.016941 0.426992 0.001072 0.497812
0 0.891396 0.894897 0.918331 0.935099 0.938084 0.933141 0.940760 0.932164 0.944363 0.930298 0.948340 0.927826 0.995883 0.895973 0.999611 0.893283 1.000000 0.890798 1.000000 0.871614 0.986154 0.831411 0.958727 0.844476 0.911731 0.875962
0 0.417272 0.332032 0.442592 0.361631 0.499350 0.369237 0.531218 0.347300 0.533797 0.327079 0.509035 0.297600 0.452546 0.290030 0.421242 0.311996
0 0.628157 0.710523 0.657477 0.717491 0.714012 0.727967 0.740306 0.731305 0.749123 0.683724 0.734542 0.672307 0.733328 0.671912 0.730495 0.671243 0.726476 0.670402 0.721880 0.669517 0.665998 0.659162 0.661504 0.658363 0.657775 0.657768 0.655376 0.657467 0.654677 0.657508 0.636973 0.662942
0 0.138996 0.333680 0.143121 0.335581 0.191088 0.337376 0.198156 0.328720 0.198588 0.328029 0.199022 0.325613 0.199392 0.321843 0.199643 0.317290 0.199737 0.312641 0.199659 0.308598 0.199421 0.305773 0.199059 0.304599 0.192584 0.297404 0.189030 0.295061 0.140509 0.293246
0 0.487031 0.107808 0.487179 0.112291 0.509297 0.145619 0.549292 0.119078 0.552249 0.105457 0.551810 0.104170 0.550417 0.101540 0.548283 0.097969 0.545733 0.094001 0.543159 0.090247 0.540956 0.087284 0.539462 0.085564 0.538902 0.085345 0.527488 0.080960
0 0.548978 0.359554 0.576188 0.399097 0.588100 0.400999 0.588740 0.400609 0.590791 0.399241 0.593938 0.397104 0.597706 0.394521 0.601524 0.391884 0.604817 0.389589 0.607087 0.387985 0.607985 0.387316 0.610402 0.374994 0.582878 0.334994 0.549545 0.357931
0 0.833313 0.419390 0.849703 0.464505 0.862194 0.469588 0.863537 0.469234 0.866410 0.468304 0.870376 0.466939 0.874830 0.465348 0.912773 0.451563 0.917019 0.449993 0.920396 0.448691 0.922387 0.447854 0.922693 0.447609 0.929806 0.436461 0.913227 0.390825 0.908504 0.392072
