0 0.149121 0.752899 0.174894 0.794049 0.209186 0.772572 0.212510 0.769457 0.187031 0.728777 0.173876 0.727117 0.173528 0.727305 0.171681 0.728437 0.168618 0.730338 0.164803 0.732721 0.160814 0.735226 0.157251 0.737474 0.154653 0.739126 0.153419 0.739929
0 0.345814 0.510552 0.356750 0.549509 0.403497 0.536385 0.404600 0.535969 0.410108 0.526119 0.409979 0.525202 0.409374 0.522660 0.408386 0.518886 0.407166 0.514450 0.405898 0.510021 0.404772 0.506268 0.403959 0.503759 0.403584 0.502880 0.393789 0.497458 0.392561 0.497429
0 0.499357 0.058699 0.499462 0.060192 0.499759 0.063276 0.500203 0.067479 0.500726 0.072165 0.501249 0.076628 0.501694 0.080192 0.501992 0.082319 0.502099 0.082681 0.511441 0.092048 0.559130 0.086595 0.559814 0.081816 0.555218 0.041616 0.506977 0.047131
0 0.145593 0.937765 0.146294 0.939864 0.147828 0.942235 0.149962 0.944513 0.152369 0.946350 0.154679 0.947465 0.156541 0.947690 0.227623 0.945907 0.230085 0.941509 0.231752 0.937862 0.234880 0.930444 0.237890 0.922830 0.241440 0.913162 0.243179 0.907537 0.224911 0.899755 0.212323 0.894624 0.209064 0.893343 0.167841 0.879055 0.156665 0.883287 0.155930 0.884073 0.154616 0.886466 0.152923 0.890108 0.151111 0.894440 0.149456 0.898798 0.148215 0.902513 0.147576 0.905015
0 0.081130 0.370763 0.081247 0.371225 0.082604 0.372966 0.084995 0.375721 0.088055 0.379071 0.091315 0.382500 0.094273 0.385482 0.096477 0.387561 0.097592 0.388421 0.109403 0.388432 0.134953 0.365463 0.152864 0.348806 0.168848 0.333870 0.166341 0.330888 0.160833 0.324882 0.151831 0.315226 0.145830 0.308887 0.141838 0.304899 0.140802 0.304180 0.128379 0.314238 0.081968 0.359004
0 0.715593 0.689356 0.719632 0.732958 0.720097 0.736441 0.722304 0.749523 0.725607 0.768999 0.725726 0.769440 0.730037 0.769535 0.735442 0.769211 0.744930 0.768087 0.755463 0.766550 0.761520 0.765495 0.765337 0.764615 0.765845 0.764281 0.785286 0.694003 0.785335 0.692458 0.784675 0.690174 0.783406 0.687499 0.781722 0.684842 0.779880 0.682611 0.778163 0.681145 0.776833 0.680669 0.746072 0.676826 0.745414 0.676792 0.743039 0.676995 0.739311 0.677406 0.734798 0.677960 0.730179 0.678575 0.726152 0.679158 0.723327 0.679620 0.722133 0.679891
0 0.439479 0.415802 0.445554 0.425840 0.447532 0.427702 0.450944 0.429528 0.455273 0.431042 0.482471 0.437274 0.484620 0.437650 0.487300 0.437174 0.490104 0.435917 0.492602 0.434072 0.494411 0.431920 0.495257 0.429792 0.497316 0.359630 0.497218 0.349648 0.495366 0.346427 0.488966 0.341782 0.480386 0.338437 0.472089 0.337558 0.461655 0.338009 0.456636 0.339456 0.448894 0.368627 0.447640 0.374150
0 0.214297 0.636812 0.215918 0.651855 0.219040 0.680338 0.219497 0.683819 0.224498 0.716730 0.226968 0.716623 0.231299 0.716174 0.240448 0.714993 0.251411 0.713475 0.258190 0.712481 0.263059 0.711701 0.264313 0.711444 0.285523 0.641321 0.285192 0.639737 0.284260 0.637426 0.282869 0.634742 0.281231 0.632095 0.279597 0.629890 0.278218 0.628464 0.277303 0.628034 0.244659 0.624071 0.242850 0.624276 0.239519 0.624691 0.235170 0.625255 0.230472 0.625880 0.226145 0.626470 0.222854 0.626936 0.221101 0.627205
0 0.291744 0.641630 0.531382 0.673072 0.541863 0.593193 0.541671 0.592767 0.303131 0.561469 0.302225 0.561751
0 0.214622 0.226955 0.288994 0.252039 0.293009 0.252534 0.366432 0.022548 0.292311 0.000000 0.288269 0.000000
0 0.093341 0.507134 0.139281 0.560041 0.145714 0.564998 0.321814 0.397927 0.274211 0.346882 0.268373 0.341077
0 0.337225 0.246761 0.380483 0.484550 0.381029 0.484621 0.459929 0.470268 0.416870 0.233569 0.416489 0.232342
0 0.909707 0.044027 0.910141 0.083967 0.950302 0.124788 0.990334 0.125979 1.000000 0.114919 1.000000 0.075434 0.960173 0.034806 0.920593 0.033967
0 0.742169 0.875765 0.788733 0.888937 0.802097 0.875083 0.803152 0.872974 0.804452 0.869466 0.805797 0.865093 0.821374 0.810027 0.822553 0.805476 0.823382 0.801461 0.823733 0.798595 0.823556 0.797314 0.819779 0.779185 0.773215 0.766013 0.763308 0.791080 0.758984 0.806364 0.752234 0.830228 0.747911 0.845512
0 0.132032 0.204922 0.170738 0.233965 0.188410 0.225604 0.190329 0.223818 0.192909 0.220895 0.195758 0.217278 0.229868 0.171819 0.232567 0.168042 0.234717 0.164662 0.235992 0.162192 0.236196 0.161009 0.239195 0.142734 0.200488 0.113691 0.180774 0.133513 0.171084 0.146426 0.155954 0.166589 0.146264 0.179503
0 0.910620 0.929261 0.913918 0.947375 0.920806 0.968285 0.958551 0.964111 0.999311 0.943049 1.000000 0.942324 0.995507 0.903558 0.989209 0.904345 0.934511 0.918667
0 0.681496 0.622446 0.735984 0.649614 0.764599 0.663253 0.782297 0.627012 0.753855 0.613017 0.699076 0.586445
0 0.305900 0.464949 0.341667 0.485796 0.362184 0.475325 0.369061 0.470701 0.371277 0.460867 0.371955 0.437631 0.345435 0.387216 0.339514 0.383635 0.312467 0.399257
0 0.841323 0.785248 0.841974 0.798554 0.842117 0.798860 0.843424 0.800516 0.845694 0.803268 0.848582 0.806698 0.851653 0.810288 0.854442 0.813497 0.856529 0.815839 0.857594 0.816956 0.871453 0.819394 0.908471 0.787973 0.856103 0.726277 0.852033 0.723691 0.845934 0.728868
0 0.120488 0.615016 0.120549 0.615462 0.192360 0.651134 0.192901 0.650456 0.193901 0.648790 0.195207 0.646391 0.196622 0.643624 0.242891 0.550483 0.244208 0.547749 0.245237 0.545447 0.245820 0.543926 0.245869 0.543418 0.174058 0.507745 0.173500 0.508299 0.172483 0.509865 0.171160 0.512204 0.163985 0.525787 0.128190 0.597845 0.121951 0.611264 0.120980 0.613542
0 0.382476 0.707598 0.383628 0.710578 0.385832 0.712890 0.388753 0.714183 0.492615 0.737436 0.495808 0.737513 0.498788 0.736361 0.501100 0.734157 0.502393 0.731236 0.502469 0.728042 0.502413 0.722830 0.501287 0.719918 0.499134 0.717659 0.479375 0.700977 0.478508 0.700511 0.475984 0.699717 0.472194 0.698716 0.467709 0.697658 0.428586 0.688899 0.424075 0.687942 0.420207 0.687229 0.417568 0.686867 0.416563 0.686913 0.391671 0.693599 0.388760 0.694724 0.386500 0.696878 0.383845 0.701483 0.382553 0.704405
0 0.276804 0.179283 0.276910 0.181136 0.277897 0.182159 0.332972 0.229301 0.334709 0.229370 0.336903 0.228449 0.339219 0.226678 0.341304 0.224327 0.402582 0.140960 0.404096 0.138416 0.404812 0.136066 0.404622 0.134269 0.403555 0.133298 0.349551 0.085129 0.347790 0.085164 0.345574 0.086174 0.343242 0.088004 0.332202 0.099425 0.284559 0.163919 0.277593 0.176884
