0 0.457415 0.655696 0.459739 0.663179 0.464751 0.669203 0.471687 0.672852 0.479490 0.673567 0.486973 0.671243 0.492997 0.666231 0.496645 0.659295 0.497361 0.651492 0.497365 0.651232 0.495045 0.643761 0.490042 0.637748 0.483118 0.634106 0.475328 0.633392 0.467858 0.635712 0.461844 0.640715 0.458202 0.647639 0.458130 0.647893
0 0.367871 0.250190 0.370858 0.257438 0.371080 0.257855 0.376605 0.263398 0.383830 0.266405 0.391656 0.266417 0.398892 0.263435 0.404434 0.257910 0.407442 0.250685 0.407454 0.242858 0.407295 0.242415 0.404307 0.235168 0.398772 0.229616 0.391535 0.226603 0.383695 0.226591 0.376447 0.229579 0.370895 0.235113 0.367883 0.242351
0 0.629283 0.685691 0.631281 0.693258 0.631507 0.693591 0.636256 0.699828 0.643031 0.703773 0.650799 0.704826 0.658379 0.702824 0.664616 0.698076 0.668561 0.691301 0.669614 0.683532 0.667612 0.675953 0.662864 0.669715 0.662583 0.669423 0.655820 0.665485 0.648065 0.664434 0.640498 0.666432 0.634271 0.671173 0.630333 0.677936
0 0.214254 0.594192 0.214942 0.596480 0.220181 0.605992 0.222349 0.607021 0.227919 0.608532 0.238074 0.607159 0.240379 0.605615 0.242880 0.601928 0.245193 0.596659 0.246962 0.590617 0.247914 0.584733 0.247904 0.579912 0.246936 0.576887 0.239011 0.570645 0.236809 0.569692 0.231257 0.568159 0.221596 0.573750 0.219889 0.574945 0.218038 0.577728 0.216323 0.581672 0.215003 0.586182 0.214276 0.590577
0 0.328002 0.219789 0.329324 0.227513 0.329618 0.227981 0.333789 0.234599 0.340175 0.239118 0.347804 0.240847 0.355514 0.239527 0.362132 0.235356 0.366650 0.228970 0.368380 0.221341 0.367060 0.213631 0.366831 0.213138 0.362653 0.206508 0.356256 0.201982 0.348614 0.200249 0.340890 0.201572 0.334261 0.205750 0.329735 0.212147
0 0.505728 0.895070 0.505795 0.899637 0.525873 0.934766 0.568028 0.910672 0.571067 0.897084 0.570518 0.895764 0.569144 0.893057 0.567156 0.889375 0.564854 0.885277 0.562586 0.881381 0.560695 0.878275 0.559466 0.876428 0.559089 0.876128 0.547401 0.871251
0 0.521912 0.464922 0.568990 0.474283 0.569788 0.473986 0.579341 0.467911 0.579625 0.466967 0.580226 0.464357 0.581052 0.460478 0.581977 0.455922 0.582859 0.451389 0.583562 0.447576 0.583980 0.445065 0.584048 0.444237 0.577679 0.434301 0.530056 0.424831 0.529713 0.425690
0 0.273435 0.604809 0.273695 0.605677 0.275035 0.607879 0.277254 0.611078 0.280013 0.614788 0.282888 0.618436 0.285436 0.621464 0.287269 0.623408 0.288108 0.623975 0.298630 0.625890 0.300932 0.624451 0.339044 0.595272 0.314728 0.563511 0.312586 0.564246 0.274033 0.593762
0 0.312265 0.546127 0.351996 0.553787 0.353687 0.553172 0.362775 0.506041 0.355704 0.496158 0.354993 0.495989 0.352592 0.495499 0.348870 0.494764 0.344390 0.493894 0.339828 0.493021 0.335874 0.492276 0.333124 0.491773 0.332002 0.491588 0.321457 0.498450
0 0.539137 0.692960 0.539681 0.695643 0.567971 0.724702 0.597031 0.696412 0.595700 0.693718 0.567797 0.665057
0 0.074348 0.875625 0.114091 0.882191 0.115859 0.880440 0.122395 0.840879 0.082834 0.834343 0.080913 0.835882
0 0.629351 0.396569 0.664281 0.416257 0.665038 0.415872 0.684817 0.380780 0.649726 0.361001 0.649039 0.361638
0 0.292532 0.341084 0.292722 0.342208 0.335936 0.394136 0.337811 0.395346 0.345777 0.396078 0.353097 0.316414 0.351399 0.314291 0.303047 0.309849 0.294930 0.318172 0.294575 0.318847 0.294105 0.321256 0.293591 0.325033 0.293113 0.329602 0.292743 0.334261 0.292539 0.338294
0 0.627661 0.536784 0.630942 0.593257 0.632019 0.605528 0.632531 0.605999 0.634332 0.607616 0.637147 0.610131 0.640549 0.613163 0.644025 0.616254 0.647050 0.618937 0.649166 0.620808 0.650049 0.621578 0.662677 0.621239 0.694962 0.584973 0.634518 0.531164 0.632981 0.530808
0 0.885461 0.557844 0.903681 0.562489 0.924799 0.566739 0.936632 0.533512 0.941957 0.477990 0.902879 0.469155 0.900978 0.474751 0.888535 0.529928
0 0.380650 0.037167 0.381073 0.039544 0.381961 0.042408 0.417729 0.140556 0.418940 0.143452 0.420283 0.145921 0.421553 0.147586 0.422555 0.148193 0.495427 0.119430 0.495952 0.118912 0.495975 0.117322 0.495497 0.114903 0.491418 0.100779 0.463898 0.025263 0.457565 0.010819 0.456237 0.008279 0.454988 0.006508 0.454009 0.005777 0.381376 0.035197 0.380757 0.035641
0 0.512066 0.792667 0.517261 0.872237 0.517909 0.872655 0.519681 0.872929 0.522306 0.873016 0.537453 0.872709 0.617654 0.867431 0.632847 0.865741 0.635488 0.865307 0.637286 0.864799 0.637964 0.864294 0.632073 0.784769 0.631525 0.784279 0.629839 0.783942 0.627272 0.783812 0.624215 0.783908 0.519978 0.790768 0.516917 0.791075 0.514338 0.791544 0.512635 0.792103
0 0.483250 0.170818 0.483392 0.172081 0.484566 0.173778 0.486589 0.175651 0.499002 0.184824 0.568016 0.226018 0.581712 0.232429 0.584220 0.233261 0.586119 0.233398 0.587118 0.232817 0.626382 0.167737 0.626361 0.166477 0.625294 0.164781 0.623341 0.162907 0.620801 0.161141 0.531103 0.107600 0.528378 0.106223 0.525903 0.105454 0.524054 0.105410 0.523113 0.106096
0 0.175106 0.427661 0.203330 0.467170 0.206721 0.467545 0.271816 0.421042 0.243914 0.381984 0.240954 0.380620 0.230926 0.379027 0.229822 0.379402 0.227385 0.380791 0.223985 0.382985 0.220141 0.385648 0.187293 0.409115 0.183605 0.411832 0.180648 0.414180 0.178874 0.415799 0.178550 0.416444
0 0.110011 0.496478 0.112235 0.545550 0.153129 0.543697 0.161057 0.542698 0.158884 0.494747 0.148499 0.486541 0.144411 0.486385 0.143007 0.486409 0.139951 0.486513 0.135708 0.486683 0.130927 0.486892 0.126343 0.487108 0.122660 0.487297 0.120439 0.487432 0.120018 0.487490
0 0.584495 0.140116 0.662874 0.156137 0.664757 0.152162 0.674481 0.104591 0.667307 0.096876 0.666627 0.096160 0.664245 0.095181 0.660520 0.094091 0.656021 0.093056 0.616470 0.084971 0.611899 0.084153 0.607970 0.083678 0.605282 0.083620 0.604244 0.083985 0.595196 0.088384 0.594108 0.093088
