0 0.837815 0.366846 0.866372 0.405428 0.880030 0.406969 0.884449 0.405887 0.885711 0.405208 0.888281 0.403521 0.891770 0.401084 0.895643 0.398269 0.899306 0.395507 0.902194 0.393224 0.903869 0.391768 0.904077 0.391360 0.907845 0.378862 0.878621 0.339378 0.869967 0.343049
0 0.629173 0.568447 0.629214 0.569446 0.635766 0.578165 0.637336 0.579069 0.685409 0.585895 0.696786 0.505774 0.648713 0.498948 0.647014 0.498960 0.638263 0.505718 0.637952 0.506619 0.637431 0.509195 0.636780 0.513053 0.636097 0.517606 0.630461 0.557300 0.629848 0.561873 0.629395 0.565786
0 0.684616 0.932006 0.686750 0.937000 0.708610 0.980356 0.780870 0.943924 0.759010 0.900568 0.756050 0.895990 0.746488 0.894254 0.745345 0.894148 0.742740 0.894883 0.739074 0.896346 0.734902 0.898314 0.699103 0.916363 0.695044 0.918545 0.691702 0.920616 0.689583 0.922262 0.689013 0.923233
0 0.611548 0.666790 0.616908 0.706528 0.618537 0.709407 0.699120 0.698538 0.693686 0.658247 0.691023 0.656071
0 0.743984 0.602225 0.744571 0.603001 0.769094 0.624622 0.771792 0.626845 0.806510 0.653170 0.807757 0.653776 0.819103 0.653069 0.820947 0.651701 0.823584 0.649136 0.826609 0.645764 0.829558 0.642102 0.831980 0.638713 0.833501 0.636118 0.846184 0.603924 0.846089 0.601989 0.845321 0.599432 0.843995 0.596643 0.842315 0.594049 0.840538 0.592048 0.838936 0.590944 0.770384 0.571943 0.767097 0.573972 0.764516 0.576448 0.759365 0.582046 0.754156 0.588220 0.747646 0.596635
0 0.931986 0.507000 0.936884 0.517230 1.000000 0.547795 1.000000 0.496894 0.974805 0.458565 0.973606 0.457851 0.971380 0.457369 0.968464 0.457192 0.965305 0.457349 0.962387 0.457815 0.960156 0.458518 0.958952 0.459351 0.940592 0.485124 0.939408 0.487159 0.937797 0.490513 0.936002 0.494673 0.934294 0.499013 0.932932 0.502878 0.932121 0.505682
0 0.200444 0.360433 0.205024 0.371254 0.206615 0.371967 0.209681 0.373189 0.213753 0.374733 0.218207 0.376363 0.222358 0.377827 0.225570 0.378902 0.227355 0.379424 0.260266 0.382470 0.261211 0.382297 0.262834 0.381245 0.264888 0.379474 0.267059 0.377254 0.269014 0.374925 0.270454 0.372844 0.271161 0.371328 0.265568 0.298483 0.263427 0.297659 0.260528 0.296580 0.253837 0.294104 0.246362 0.291348 0.236058 0.287562 0.229083 0.285014 0.227895 0.284603 0.215905 0.315551 0.214701 0.318846 0.205359 0.346051
0 0.852282 0.466408 0.852685 0.469778 0.854185 0.477038 0.856245 0.484800 0.859559 0.495069 0.862328 0.501544 0.863654 0.501870 0.895207 0.493865 0.898567 0.492914 0.926664 0.483936 0.941564 0.479115 0.947360 0.469293 0.947457 0.467171 0.946976 0.463669 0.945992 0.459321 0.944654 0.454795 0.943168 0.450785 0.941763 0.447908 0.921979 0.418521 0.920431 0.417592 0.917951 0.416825 0.914919 0.416338 0.911798 0.416204 0.909067 0.416445 0.907143 0.417023 0.852959 0.463034
0 0.208609 0.781348 0.217001 0.821026 0.256679 0.812635 0.298690 0.800758 0.299151 0.800070 0.290874 0.760936 0.212605 0.777489
0 0.772114 0.866141 0.774452 0.870515 0.802087 0.919923 0.818408 0.948123 0.853609 0.928438 0.840127 0.902328 0.807082 0.846586
0 0.442726 0.901327 0.474155 0.938791 0.486737 0.937626 0.488746 0.936422 0.491768 0.934210 0.495342 0.931325 0.498918 0.928211 0.501947 0.925348 0.503966 0.923172 0.504670 0.922015 0.510404 0.855189 0.510285 0.851101 0.505107 0.844928 0.443386 0.896707
0 0.899393 0.313877 0.906204 0.353358 0.911154 0.352627 0.966938 0.342999 0.998719 0.336890 0.991863 0.297146 0.962462 0.301059
0 0.588296 0.930340 0.588702 0.932317 0.626265 0.946589 0.640538 0.909026 0.639895 0.907156 0.602504 0.892949
0 0.413934 0.110159 0.414328 0.111946 0.433884 0.146951 0.468889 0.127394 0.468746 0.125679 0.449100 0.090513
0 0.579461 0.768914 0.579827 0.770152 0.611948 0.794461 0.636256 0.762340 0.635632 0.761138 0.603658 0.736941
0 0.320802 0.859126 0.336163 0.896364 0.373401 0.881003 0.373981 0.879257 0.358690 0.842189 0.321623 0.857480
0 0.486945 0.201309 0.487005 0.202674 0.501143 0.240092 0.538561 0.225954 0.538738 0.224696 0.524535 0.187106
0 0.829794 0.651225 0.830279 0.656696 0.831321 0.659870 0.835937 0.668182 0.839103 0.670250 0.844118 0.671515 0.850219 0.671781 0.856467 0.671004 0.861898 0.669305 0.865681 0.666946 0.867239 0.664291 0.870499 0.655000 0.870038 0.649516 0.868914 0.646362 0.860651 0.640196 0.858252 0.638681 0.854487 0.637763 0.849928 0.637581 0.845264 0.638160 0.841200 0.639415 0.838350 0.641154 0.831806 0.647944
0 0.726532 0.078941 0.726971 0.088313 0.727681 0.091776 0.730142 0.096632 0.733519 0.098574 0.742702 0.100736 0.746017 0.100821 0.750125 0.099817 0.754405 0.097876 0.758211 0.095291 0.760967 0.092453 0.762253 0.089790 0.766045 0.080349 0.765414 0.076860 0.762926 0.072007 0.755260 0.065913 0.752587 0.064306 0.748162 0.064149 0.742660 0.065471 0.736926 0.068071 0.731844 0.071549 0.728194 0.075368
0 0.653626 0.143665 0.654258 0.151463 0.657826 0.158424 0.663786 0.163491 0.671232 0.165890 0.679029 0.165258 0.685991 0.161689 0.691057 0.155730 0.691386 0.155137 0.693790 0.147678 0.693157 0.139867 0.689582 0.132894 0.683612 0.127819 0.676153 0.125416 0.668342 0.126049 0.661369 0.129623 0.656294 0.135593 0.656025 0.136220
0 0.336480 0.791983 0.517348 0.952300 0.570787 0.892012 0.570463 0.890214 0.390424 0.730631 0.337230 0.790644
0 0.549256 0.999626 0.549594 0.999919 0.549700 1.000000 0.549791 1.000000 0.551278 0.998361 0.550834 0.997864 0.550749 0.997827
