0 0.602792 0.478769 0.605262 0.490027 0.639449 0.517305 0.642279 0.519381 0.669732 0.538186 0.672122 0.535194 0.675243 0.531100 0.680880 0.523485 0.687219 0.514808 0.690912 0.509686 0.693300 0.506292 0.693679 0.505673 0.657126 0.442933 0.655909 0.441839 0.653708 0.440742 0.650857 0.439809 0.647793 0.439184 0.644985 0.438962 0.642862 0.439176 0.641747 0.439794 0.617002 0.459385 0.616156 0.460432 0.614353 0.462801 0.611865 0.466133 0.609075 0.469918 0.606411 0.473574 0.604281 0.476540 0.603012 0.478363
0 0.513949 0.229626 0.513998 0.231474 0.514538 0.234065 0.515487 0.237003 0.516699 0.239837 0.517988 0.242135 0.519159 0.243545 0.585607 0.271717 0.588000 0.270576 0.590521 0.268628 0.596031 0.263960 0.601977 0.258628 0.609915 0.251132 0.615003 0.245898 0.615403 0.244746 0.593748 0.220001 0.591385 0.217418 0.571229 0.196411 0.560531 0.185309 0.548959 0.184465 0.547350 0.185413 0.544676 0.187471 0.541344 0.190325 0.537865 0.193538 0.534775 0.196617 0.532546 0.199087 0.531517 0.200575 0.514397 0.228801
0 0.167597 0.065296 0.172039 0.075592 0.173295 0.077082 0.212412 0.096143 0.215610 0.097543 0.228452 0.102742 0.246973 0.110127 0.250414 0.104763 0.255041 0.095347 0.258194 0.087855 0.260815 0.080487 0.261806 0.076820 0.261964 0.072238 0.214330 0.020427 0.212585 0.019330 0.209971 0.018528 0.206887 0.018146 0.203805 0.018241 0.201197 0.018799 0.199462 0.019734 0.176210 0.044639 0.174525 0.046942 0.172559 0.050497 0.170612 0.054757 0.168985 0.059069 0.167926 0.062771
0 0.815964 0.212244 0.816327 0.212985 0.868073 0.270767 0.869361 0.270711 0.871340 0.269819 0.873707 0.268226 0.876102 0.266175 0.951666 0.194047 0.953707 0.191864 0.955070 0.189896 0.955548 0.188444 0.955069 0.187727 0.903828 0.129463 0.902503 0.129640 0.900495 0.130637 0.898110 0.132299 0.885848 0.142374 0.827709 0.197870 0.817976 0.208790 0.816544 0.210771
0 0.540895 0.355675 0.541451 0.355948 0.543105 0.356471 0.545604 0.357164 0.548568 0.357923 0.649536 0.382853 0.652535 0.383567 0.655132 0.384131 0.656933 0.384462 0.657663 0.384506 0.676884 0.306661 0.676446 0.306345 0.674887 0.305783 0.672443 0.305062 0.669488 0.304290 0.568056 0.279246 0.565059 0.278548 0.562497 0.278033 0.560761 0.277781 0.560116 0.277830
0 0.119813 0.200411 0.162107 0.268750 0.163651 0.269807 0.367730 0.143507 0.367123 0.141871 0.324830 0.073532
0 0.166639 0.299032 0.166936 0.301047 0.223493 0.358189 0.396950 0.190491 0.395623 0.188976 0.339964 0.131101
0 0.519488 0.759939 0.542349 0.788812 0.578443 0.826820 0.608800 0.800674 0.604914 0.795882 0.568004 0.753042 0.550047 0.733619 0.534379 0.745637
0 0.883693 0.044696 0.908092 0.054284 0.963373 0.066160 0.969688 0.066654 0.978073 0.027476 0.929953 0.007669 0.892134 0.005258 0.886207 0.026481
0 0.704640 0.201953 0.784204 0.210296 0.787490 0.206947 0.792553 0.158657 0.783222 0.150720 0.780931 0.150055 0.777235 0.149383 0.772699 0.148808 0.768019 0.148417 0.763914 0.148271 0.761013 0.148392 0.759755 0.148760 0.752312 0.154437 0.707850 0.190459 0.705475 0.193997
0 0.647593 0.122400 0.669570 0.174674 0.706696 0.189822 0.709575 0.185503 0.724935 0.147860 0.718678 0.132977 0.702651 0.094857 0.665008 0.079497 0.649648 0.117141
0 0.864107 0.444606 0.902076 0.457189 0.907667 0.456594 0.958923 0.430856 0.971682 0.392359 0.933185 0.379600 0.927244 0.381251 0.890886 0.399508 0.876691 0.406637
0 0.746480 0.298502 0.793292 0.309116 0.805094 0.302063 0.805701 0.300904 0.806624 0.298123 0.807722 0.294141 0.808828 0.289567 0.817755 0.250197 0.818696 0.245744 0.819325 0.242107 0.819546 0.239841 0.819328 0.239288 0.814578 0.227988 0.767225 0.217251 0.764171 0.220483
0 0.420140 0.505145 0.430285 0.585431 0.478457 0.579343 0.486054 0.569833 0.485957 0.568831 0.485645 0.566165 0.485167 0.562243 0.484594 0.557661 0.479567 0.517885 0.478985 0.513322 0.478479 0.509457 0.478128 0.506875 0.477984 0.505973 0.468674 0.499068 0.468311 0.499057
