0 0.461685 0.252897 0.486845 0.268108 0.536799 0.294672 0.541888 0.297014 0.560688 0.261635 0.511095 0.230805 0.480610 0.217282
0 0.542133 0.000000 0.550550 0.057043 0.554829 0.081520 0.574612 0.080596 0.594784 0.076026 0.590983 0.037448 0.582467 0.000000
0 0.745668 0.425202 0.751645 0.430519 0.821623 0.426476 0.822660 0.425692 0.824765 0.423649 0.827619 0.420657 0.830786 0.417174 0.833779 0.413734 0.836138 0.410866 0.837503 0.409009 0.837668 0.408443 0.838575 0.396152 0.802299 0.363877 0.798845 0.365433
0 0.426898 0.112369 0.426921 0.114664 0.427448 0.116031 0.444407 0.141698 0.444848 0.142296 0.446582 0.144036 0.449343 0.146652 0.452710 0.149745 0.456176 0.152850 0.459218 0.155498 0.461375 0.157288 0.462319 0.157947 0.473790 0.156819 0.504292 0.125391 0.506637 0.122772 0.515170 0.112641 0.527835 0.097490 0.528017 0.096969 0.525176 0.093424 0.521353 0.089406 0.514313 0.082887 0.506325 0.075929 0.501630 0.072093 0.498544 0.069883 0.498005 0.069797 0.432073 0.100911 0.430845 0.101836 0.429521 0.103792 0.428306 0.106482 0.427385 0.109495
0 0.441011 0.471229 0.441119 0.471652 0.446254 0.481520 0.446716 0.481786 0.460330 0.487503 0.486996 0.498686 0.490280 0.499910 0.521611 0.510522 0.521989 0.510206 0.524541 0.503905 0.528360 0.493907 0.531153 0.486351 0.533675 0.479281 0.534784 0.476000 0.535667 0.472713 0.483950 0.422277 0.482365 0.421573 0.479866 0.421130 0.476832 0.421017 0.473730 0.421251 0.471034 0.421796 0.469156 0.422569 0.468381 0.423450 0.449358 0.449139 0.448633 0.450403 0.447388 0.453196 0.445812 0.457095 0.444147 0.461501 0.442649 0.465737 0.441548 0.469154
0 0.052910 0.864048 0.052994 0.866993 0.053538 0.869298 0.054459 0.870614 0.101466 0.925726 0.101662 0.925913 0.104906 0.925197 0.110423 0.923618 0.120340 0.920485 0.129557 0.917323 0.135151 0.915110 0.139997 0.912886 0.140607 0.912253 0.135039 0.893298 0.131103 0.880620 0.130016 0.877279 0.114804 0.836229 0.104545 0.830617 0.103701 0.830800 0.101234 0.831539 0.097519 0.832722 0.093120 0.834169 0.088700 0.835662 0.084926 0.836976 0.082371 0.837912 0.081426 0.838325 0.056418 0.854893 0.055200 0.855960 0.054106 0.858075 0.053301 0.860915
0 0.443497 0.844268 0.443500 0.845545 0.444502 0.847335 0.446349 0.849366 0.448762 0.851327 0.534040 0.911658 0.536634 0.913239 0.538996 0.914186 0.540767 0.914357 0.541677 0.913727 0.586990 0.852421 0.586865 0.851132 0.585757 0.849333 0.583838 0.847298 0.572052 0.837161 0.506438 0.790741 0.493402 0.783317 0.491012 0.782305 0.489199 0.782038 0.488240 0.782559
0 0.018346 0.491780 0.055612 0.507074 0.057649 0.507041 0.072872 0.469946 0.035777 0.454723 0.033640 0.454514
0 0.144403 0.236702 0.171549 0.266463 0.173054 0.267533 0.202679 0.240511 0.175657 0.210887 0.174163 0.209556
0 0.144494 0.739699 0.182767 0.753413 0.197365 0.746517 0.234755 0.728854 0.238406 0.725710 0.251932 0.687963 0.214185 0.674437 0.162912 0.698658 0.158209 0.701425
0 0.830406 0.567822 0.836152 0.585427 0.836365 0.585957 0.837859 0.587690 0.840404 0.590360 0.843613 0.593562 0.884245 0.633300 0.887645 0.636561 0.890734 0.639401 0.893044 0.641388 0.894222 0.642219 0.911951 0.647571 0.945786 0.612975 0.928894 0.593802 0.917351 0.582513 0.887787 0.553600 0.864241 0.533226
