0 0.567185 0.848876 0.567962 0.852909 0.608570 0.879529 0.619506 0.875306 0.620169 0.875032 0.621741 0.873259 0.623986 0.870255 0.626559 0.866476 0.648691 0.832714 0.651192 0.828751 0.653231 0.825223 0.654496 0.822667 0.654795 0.821473 0.652936 0.811850 0.651188 0.808286 0.611044 0.781970
0 0.348315 0.850975 0.408433 0.905148 0.440937 0.869078 0.441612 0.864860 0.441022 0.855220 0.440418 0.854137 0.438545 0.851995 0.435692 0.849120 0.432289 0.845947 0.402506 0.819109 0.399060 0.816110 0.396084 0.813732 0.394026 0.812333 0.393204 0.812130 0.382181 0.811306 0.350049 0.846964
0 0.779056 0.380763 0.857199 0.397901 0.861328 0.396720 0.871729 0.349293 0.863565 0.340085 0.863147 0.339676 0.860992 0.338935 0.857427 0.337973 0.852994 0.336937 0.813562 0.328289 0.808953 0.327342 0.804888 0.326631 0.801987 0.326264 0.800692 0.326296 0.789338 0.333878
0 0.064089 0.561408 0.064115 0.561974 0.106080 0.621675 0.107192 0.622718 0.109338 0.623680 0.112194 0.624415 0.115321 0.624810 0.118241 0.624804 0.120507 0.624399 0.121775 0.623657 0.144122 0.602514 0.144652 0.601994 0.146085 0.600004 0.148202 0.596849 0.150680 0.593009 0.153146 0.589062 0.155228 0.585605 0.156611 0.583160 0.157083 0.582101 0.154024 0.571003 0.117843 0.546311 0.114862 0.544448 0.103433 0.537782 0.086345 0.527895 0.085769 0.527770 0.082716 0.531125 0.079383 0.535549 0.074154 0.543591 0.068674 0.552661 0.065714 0.557961
0 0.587405 0.353703 0.589170 0.356759 0.591426 0.359410 0.596570 0.364889 0.602278 0.370576 0.610098 0.377881 0.615338 0.382234 0.616142 0.382013 0.639795 0.359267 0.642242 0.356766 0.661815 0.335082 0.671447 0.324383 0.672134 0.323541 0.672407 0.312093 0.671193 0.310279 0.668856 0.307536 0.665752 0.304283 0.662357 0.301018 0.659193 0.298244 0.656746 0.296386 0.625789 0.280504 0.623848 0.280512 0.621231 0.281108 0.618338 0.282202 0.615611 0.283627 0.613470 0.285164 0.612239 0.286578
0 0.808023 0.303919 0.808160 0.307678 0.808469 0.310076 0.808906 0.310745 0.817248 0.319076 0.850509 0.320468 0.867796 0.321053 0.874932 0.321288 0.896551 0.321895 0.897961 0.321329 0.899020 0.317835 0.899997 0.311615 0.900440 0.306708 0.900841 0.294429 0.900709 0.289778 0.900115 0.284258 0.899257 0.281617 0.884694 0.280429 0.818559 0.278866 0.809694 0.286617 0.809196 0.287814 0.808715 0.290659 0.808324 0.294715 0.808081 0.299369
0 0.330160 0.261148 0.360889 0.274234 0.364168 0.275495 0.405620 0.289545 0.416382 0.285425 0.416873 0.284272 0.417940 0.281588 0.419419 0.277781 0.421087 0.273427 0.422692 0.269185 0.423993 0.265692 0.424791 0.263482 0.424963 0.262892 0.428231 0.231918 0.428110 0.230550 0.427111 0.228569 0.425386 0.226277 0.423197 0.224026 0.420881 0.222159 0.418792 0.220963 0.417249 0.220619 0.344530 0.223353 0.344146 0.223834 0.342486 0.227433 0.340109 0.233141 0.336199 0.243065 0.332873 0.252003 0.331216 0.257092
0 0.701208 0.435522 0.733154 0.459754 0.734228 0.459569 0.758572 0.427475 0.726478 0.403132 0.725440 0.403575
0 0.417732 0.948908 0.447978 0.975513 0.474583 0.945267 0.474699 0.943226 0.444592 0.916744 0.418109 0.946851
0 0.038535 0.523299 0.071137 0.546958 0.073102 0.546743 0.096652 0.514290 0.064200 0.490740 0.062193 0.490697
0 0.565770 0.943377 0.566530 0.948502 0.576203 0.961479 0.608644 0.937296 0.607402 0.932299 0.597840 0.919470 0.585992 0.919831 0.583804 0.920922 0.580612 0.922941 0.576901 0.925581 0.573229 0.928444 0.570153 0.931098 0.568136 0.933141 0.567489 0.934262
0 0.879634 0.737036 0.881529 0.777088 0.883285 0.778364 0.923522 0.776461 0.921619 0.736224 0.919687 0.735141
0 0.597949 0.880254 0.613841 0.958846 0.614539 0.959128 0.616331 0.959125 0.618944 0.958836 0.621980 0.958307 0.724384 0.937600 0.727359 0.936914 0.729800 0.936180 0.731334 0.935511 0.731730 0.935008 0.715838 0.856415 0.715051 0.856224 0.713190 0.856304 0.710540 0.856641 0.707503 0.857186 0.605566 0.877799 0.602583 0.878472 0.600088 0.879174 0.598460 0.879800
0 0.263413 0.864237 0.264155 0.878942 0.272652 0.958865 0.275124 0.974397 0.275729 0.977176 0.276407 0.979189 0.277054 0.980126 0.355496 0.969151 0.356078 0.968860 0.356443 0.967397 0.356535 0.964984 0.356339 0.961989 0.345296 0.858112 0.344844 0.855010 0.344207 0.852295 0.343482 0.850381 0.342782 0.849559 0.264266 0.859839 0.263759 0.860224 0.263460 0.861769
0 0.468857 0.656807 0.469225 0.657844 0.470720 0.659034 0.473116 0.660197 0.476047 0.661153 0.577091 0.687654 0.580092 0.688253 0.582684 0.688399 0.584474 0.688070 0.585189 0.687317 0.605481 0.612919 0.604995 0.611915 0.603398 0.610755 0.600934 0.609613 0.586464 0.604505 0.508720 0.584115 0.493778 0.581510 0.491137 0.581312 0.489274 0.581565 0.488474 0.582231
0 0.455963 0.249471 0.528031 0.285326 0.528243 0.284949 0.528967 0.283534 0.530090 0.281299 0.531444 0.278582 0.577857 0.185117 0.579244 0.182314 0.580462 0.179832 0.581327 0.178047 0.581707 0.177234 0.509654 0.141346 0.509426 0.141597 0.508686 0.142910 0.507547 0.145085 0.506182 0.147791 0.459542 0.241715 0.458169 0.244521 0.457007 0.246981 0.456232 0.248719
0 0.456694 0.493452 0.528551 0.527444 0.529096 0.527512 0.530102 0.526485 0.531418 0.524519 0.532843 0.521913 0.579585 0.428878 0.580904 0.426023 0.581894 0.423395 0.582405 0.421396 0.582360 0.420330 0.510358 0.385793 0.509826 0.385850 0.508830 0.386995 0.507522 0.389051 0.506099 0.391705 0.459698 0.484806 0.458380 0.487650 0.457347 0.490290 0.456754 0.492328
0 0.948780 0.785725 0.949211 0.788955 0.952813 0.798359 0.954699 0.800799 0.957926 0.803378 0.962007 0.805709 0.966326 0.807438 0.970230 0.808305 0.973126 0.808175 0.983014 0.805275 0.985445 0.803421 0.987927 0.798349 0.988389 0.788143 0.988104 0.785553 0.985623 0.782274 0.981318 0.778806 0.975851 0.775684 0.970063 0.773389 0.964845 0.772271 0.960996 0.772500 0.959094 0.774033 0.951280 0.780675
0 0.644362 0.396150 0.645552 0.401677 0.646508 0.404264 0.652233 0.412315 0.655291 0.413696 0.660176 0.414161 0.666142 0.413636 0.672271 0.412199 0.677620 0.410074 0.681368 0.407587 0.682945 0.405120 0.684947 0.395258 0.683780 0.389716 0.682745 0.387158 0.673611 0.381618 0.671297 0.380620 0.667632 0.380302 0.663176 0.380710 0.658601 0.381782 0.654597 0.383355 0.651770 0.385194 0.646401 0.393096
0 0.898500 0.204000 0.898529 0.208366 0.899409 0.214030 0.901005 0.220119 0.903073 0.225697 0.905292 0.229908 0.907323 0.232107 0.917622 0.233287 0.919518 0.233116 0.925212 0.231525 0.930914 0.221664 0.931494 0.219840 0.931443 0.216563 0.930771 0.212332 0.929579 0.207786 0.928048 0.203612 0.926408 0.200440 0.924908 0.198754 0.915214 0.193392 0.913307 0.193480 0.907610 0.195098 0.899324 0.201595
0 0.484700 0.402443 0.484833 0.410281 0.484860 0.410436 0.487979 0.417614 0.493607 0.423052 0.500887 0.425922 0.508712 0.425788 0.515890 0.422669 0.521328 0.417042 0.524198 0.409761 0.524239 0.409605 0.524106 0.401767 0.520981 0.394577 0.515344 0.389129 0.508050 0.386254 0.500212 0.386388 0.493022 0.389512 0.487574 0.395150
0 0.513096 0.458480 0.514031 0.461340 0.754372 0.486684 0.764824 0.407379 0.762755 0.404767 0.522543 0.379008
0 0.363580 0.439656 0.438509 0.469181 0.439588 0.467246 0.527195 0.243217 0.451891 0.213539 0.450859 0.214324
