0 0.018602 0.478574 0.020234 0.518724 0.022428 0.518639 0.062395 0.517014 0.060770 0.477047 0.058753 0.476942
0 0.707620 0.311649 0.747515 0.315679 0.748654 0.314830 0.752703 0.274752 0.712625 0.270704 0.711650 0.271754
0 0.276139 0.113524 0.277165 0.115295 0.313556 0.132132 0.330393 0.095741 0.329612 0.093879 0.293053 0.076965
0 0.000000 0.674733 0.025524 0.684537 0.027694 0.683691 0.037452 0.644900 0.000000 0.635141
0 0.134615 0.843807 0.138438 0.883907 0.178538 0.880084 0.180011 0.878342 0.176206 0.838426 0.136289 0.842231
0 0.076175 0.218217 0.094231 0.263901 0.103506 0.269298 0.140706 0.254595 0.123062 0.209955 0.114245 0.203171 0.105739 0.199845 0.104347 0.199786 0.101430 0.200421 0.097433 0.201654 0.092965 0.203298 0.088714 0.205100 0.085333 0.206783 0.083338 0.208090
0 0.252821 0.852069 0.252856 0.856303 0.253053 0.861080 0.253382 0.865664 0.253792 0.869351 0.254219 0.871579 0.262309 0.881872 0.311354 0.879118 0.315666 0.870452 0.313423 0.830515 0.265499 0.833207 0.256067 0.843634 0.253230 0.847630 0.252952 0.849024
0 0.626371 0.719731 0.629327 0.724871 0.663717 0.747075 0.690362 0.705806 0.687108 0.692929 0.684957 0.690712 0.683943 0.689963 0.681545 0.688335 0.678131 0.686078 0.674217 0.683532 0.670395 0.681083 0.667241 0.679100 0.665232 0.677882 0.664679 0.677619 0.652407 0.679406
0 0.721189 0.349166 0.721843 0.350954 0.723327 0.353141 0.733217 0.364589 0.791532 0.419901 0.803703 0.429377 0.806047 0.430821 0.807989 0.431496 0.809233 0.431295 0.860842 0.375398 0.861238 0.374310 0.860687 0.372545 0.859272 0.370372 0.857207 0.368122 0.781416 0.296233 0.779031 0.294264 0.776705 0.292888 0.774792 0.292316 0.773584 0.292634 0.721468 0.348050
0 0.745763 0.937404 0.746516 0.938598 0.748374 0.939713 0.751055 0.940579 0.754149 0.941062 0.858250 0.949742 0.861266 0.949768 0.863725 0.949331 0.865251 0.948498 0.865614 0.947398 0.874221 0.872227 0.873356 0.871084 0.871401 0.870015 0.868657 0.869181 0.853202 0.866288 0.773106 0.859609 0.758260 0.859976 0.755745 0.860371 0.754135 0.861143 0.753675 0.862175
0 0.470421 0.807059 0.470532 0.808234 0.548936 0.822491 0.549354 0.822494 0.549950 0.821311 0.550632 0.819121 0.573833 0.732097 0.574513 0.729172 0.575063 0.726039 0.575400 0.723179 0.575472 0.721028 0.575269 0.719913 0.495811 0.705211 0.495434 0.705313 0.494873 0.706604 0.491636 0.716944 0.474672 0.783967 0.471494 0.798938 0.470942 0.802029 0.470565 0.804880
0 0.364081 0.696027 0.364504 0.697723 0.365523 0.700097 0.372411 0.713452 0.413414 0.782580 0.422038 0.795377 0.423711 0.797542 0.425114 0.798923 0.426032 0.799309 0.493192 0.757999 0.493540 0.757298 0.493212 0.755651 0.492257 0.753308 0.490819 0.750628 0.437527 0.660782 0.435837 0.658189 0.434161 0.656096 0.432757 0.654822 0.431837 0.654560 0.364321 0.695270
0 0.446133 0.270755 0.446928 0.271634 0.505482 0.318374 0.507025 0.318292 0.509042 0.317229 0.511226 0.315348 0.513242 0.312934 0.573506 0.228362 0.575029 0.225811 0.575824 0.223515 0.575772 0.221825 0.574882 0.220997 0.517164 0.173450 0.515604 0.173646 0.513574 0.174805 0.511381 0.176749 0.509359 0.179182 0.448607 0.264094 0.447043 0.266675 0.446174 0.269014
0 0.770233 0.289118 0.807875 0.318901 0.821341 0.316855 0.822336 0.315892 0.824325 0.313628 0.827006 0.310408 0.829968 0.306724 0.832756 0.303141 0.834942 0.300211 0.836192 0.298380 0.836318 0.297926 0.836541 0.285076 0.798463 0.254949 0.795052 0.257749
0 0.427857 0.237150 0.431047 0.250067 0.431936 0.250850 0.434282 0.252416 0.437724 0.254528 0.441743 0.256865 0.445732 0.259075 0.449088 0.260823 0.451303 0.261846 0.452038 0.261985 0.463466 0.259904 0.487166 0.218163 0.487017 0.214905 0.451831 0.194926
0 0.870250 0.353018 0.870432 0.353690 0.873661 0.364903 0.918913 0.380911 0.923756 0.379534 0.937250 0.341388 0.891475 0.325195 0.878482 0.330934 0.877678 0.332021 0.876386 0.334670 0.874804 0.338472 0.873170 0.342854 0.871733 0.347153 0.870707 0.350721
0 0.543195 0.900319 0.543695 0.904947 0.549072 0.912923 0.550026 0.913700 0.552621 0.914826 0.556461 0.916129 0.560960 0.917408 0.565428 0.918467 0.569176 0.919144 0.571634 0.919336 0.582847 0.915159 0.595101 0.868176 0.594015 0.863968 0.555309 0.853873
0 0.559362 0.680957 0.560048 0.683049 0.597025 0.714518 0.608193 0.712698 0.608932 0.712279 0.610754 0.710519 0.613382 0.707686 0.616416 0.704211 0.619388 0.700629 0.621843 0.697490 0.623404 0.695273 0.623837 0.694316 0.623249 0.683704 0.621841 0.681604 0.585286 0.650495
0 0.590735 0.958734 0.592991 0.963275 0.596777 0.966297 0.601024 0.968507 0.609137 0.970061 0.613608 0.969700 0.618475 0.967271 0.623002 0.963146 0.626508 0.957951 0.628464 0.952468 0.628572 0.947525 0.625271 0.940407 0.623069 0.935841 0.619258 0.932859 0.615047 0.930593 0.609462 0.930986 0.602752 0.933593 0.599094 0.935390 0.595687 0.938474 0.593055 0.942375 0.591600 0.946494 0.590827 0.952549
0 0.164188 0.320459 0.164282 0.325183 0.164543 0.329634 0.164929 0.333131 0.165382 0.335139 0.173945 0.342793 0.174676 0.343143 0.180701 0.343023 0.190596 0.338846 0.191060 0.336714 0.191362 0.332497 0.191457 0.326838 0.191332 0.320589 0.191006 0.314690 0.190526 0.310030 0.189966 0.307318 0.189409 0.306974 0.179195 0.303182 0.173156 0.303303 0.164908 0.311456 0.164527 0.313028 0.164274 0.316189
0 0.209726 0.666843 0.211619 0.674448 0.216279 0.680747 0.222995 0.684785 0.230745 0.685945 0.238349 0.684052 0.238799 0.683735 0.245087 0.679083 0.249119 0.672380 0.250276 0.664643 0.248386 0.657052 0.243734 0.650763 0.237030 0.646732 0.229294 0.645574 0.221703 0.647464 0.221224 0.647718 0.214924 0.652378 0.210886 0.659093
0 0.352574 0.910854 0.353858 0.918587 0.358002 0.925241 0.364379 0.929802 0.372015 0.931577 0.379748 0.930293 0.386403 0.926148 0.390963 0.919772 0.391151 0.919050 0.392922 0.911427 0.391640 0.903707 0.387503 0.897064 0.381137 0.892511 0.373514 0.890740 0.365794 0.892021 0.359151 0.896159 0.354598 0.902525 0.354348 0.903217
0 0.032018 0.389432 0.034487 0.400901 0.035446 0.401722 0.037850 0.403374 0.041332 0.405606 0.045360 0.408076 0.049314 0.410405 0.052586 0.412234 0.054680 0.413285 0.055278 0.413401 0.066659 0.410282 0.069810 0.405144 0.071607 0.394497 0.070271 0.393419 0.067043 0.391241 0.062417 0.388296 0.057089 0.385029 0.051860 0.381929 0.047520 0.379465 0.044725 0.378011 0.043908 0.377793 0.035176 0.384283
0 0.836700 0.242444 0.854151 0.278544 0.907703 0.297195 0.943804 0.279745 0.949988 0.276670 0.932294 0.240066 0.877996 0.221155 0.841391 0.238849
0 0.451062 0.680746 0.472600 0.712711 0.527981 0.726175 0.561409 0.707574 0.567501 0.688220 0.545419 0.656076 0.529795 0.652277 0.505400 0.646346 0.489776 0.642548 0.455790 0.661061
0 0.693674 0.689058 0.699180 0.728775 0.701951 0.731965 0.742223 0.726383 0.776912 0.680529 0.771330 0.640258 0.767604 0.638329 0.727887 0.643835
0 0.176530 0.272465 0.198333 0.306780 0.202476 0.309439 0.236320 0.287935 0.248660 0.232588 0.227156 0.198745 0.223357 0.194543 0.189042 0.216346 0.185528 0.232104 0.180043 0.256707
