0 0.412026 0.764982 0.478574 0.996718 0.555820 0.974535 0.555564 0.972366 0.489319 0.741690 0.412427 0.763771
0 0.517337 0.322131 0.519345 0.333744 0.520054 0.334515 0.522188 0.336171 0.525418 0.338459 0.529256 0.341033 0.533122 0.343504 0.536433 0.345500 0.538688 0.346718 0.539540 0.346970 0.550994 0.344172 0.578910 0.301667 0.582809 0.295622 0.594555 0.277374 0.594937 0.276545 0.592592 0.274278 0.587861 0.270581 0.583928 0.267785 0.573650 0.261054 0.569583 0.258611 0.564487 0.255873 0.561697 0.254776 0.553212 0.267141
0 0.885951 0.769562 0.891243 0.772149 0.900545 0.776584 0.907949 0.780072 0.915235 0.783466 0.918863 0.785133 0.923405 0.787135 0.976475 0.738878 0.977610 0.737547 0.978474 0.735227 0.978934 0.732272 0.978920 0.729135 0.978434 0.726296 0.977551 0.724188 0.976407 0.723133 0.953903 0.702952 0.953215 0.702445 0.950946 0.701227 0.947437 0.699481 0.943228 0.697477 0.938964 0.695521 0.935300 0.693914 0.932796 0.692901 0.931831 0.692635 0.920890 0.697125 0.900816 0.735939 0.899333 0.739117 0.893811 0.751378
0 0.711592 0.533903 0.713756 0.545155 0.747485 0.573071 0.750280 0.575200 0.777540 0.594576 0.780382 0.591823 0.783809 0.587901 0.789656 0.580425 0.796058 0.571818 0.799686 0.566687 0.801908 0.563225 0.802137 0.562534 0.766311 0.498935 0.765196 0.497859 0.763072 0.496750 0.760264 0.495777 0.757200 0.495091 0.754350 0.494795 0.752150 0.494935 0.750935 0.495488 0.726242 0.514825 0.725851 0.515181 0.724408 0.516931 0.722133 0.519807 0.719373 0.523370 0.716544 0.527085 0.714073 0.530389 0.712334 0.532784
0 0.691544 0.179458 0.691741 0.183224 0.692580 0.190982 0.693777 0.199020 0.695749 0.209324 0.697440 0.215439 0.717186 0.212984 0.730800 0.211226 0.734253 0.210679 0.776977 0.202115 0.778133 0.201077 0.784654 0.193003 0.785137 0.192218 0.785281 0.189726 0.785063 0.185902 0.784517 0.181331 0.783726 0.176714 0.782811 0.172760 0.781913 0.170076 0.766324 0.139982 0.764782 0.138658 0.762339 0.137470 0.759365 0.136602 0.756319 0.136186 0.753664 0.136286 0.751808 0.136885 0.692058 0.175081
0 0.794090 0.181208 0.812952 0.225772 0.836470 0.216963 0.851098 0.210772 0.888565 0.194914 0.917990 0.181314 0.899128 0.136750 0.880325 0.135134 0.878331 0.135748 0.874989 0.137009 0.870810 0.138724 0.818109 0.161030 0.813748 0.162930 0.809889 0.164717 0.807123 0.166117 0.805869 0.166917
0 0.521620 0.707967 0.548816 0.719499 0.587679 0.733630 0.602852 0.739147 0.628813 0.746942 0.645348 0.701464 0.632848 0.687801 0.631808 0.687239 0.629202 0.686135 0.625429 0.684659 0.621060 0.683034 0.567648 0.663614 0.563329 0.662080 0.559697 0.660863 0.557302 0.660148 0.556512 0.660045 0.538155 0.662489
0 0.044445 0.114884 0.044968 0.116541 0.048140 0.121606 0.056748 0.127841 0.059216 0.127851 0.063348 0.126520 0.068511 0.124050 0.073913 0.120818 0.078723 0.117322 0.082200 0.114100 0.083817 0.111646 0.082019 0.101337 0.081419 0.099713 0.078274 0.094644 0.067155 0.091827 0.065294 0.091861 0.062202 0.092887 0.058348 0.094747 0.054316 0.097159 0.050713 0.099761 0.048084 0.102157 0.046830 0.103986
0 0.864061 0.899794 0.866663 0.907174 0.871891 0.912998 0.872531 0.913710 0.879603 0.917094 0.887431 0.917517 0.894824 0.914910 0.900658 0.909673 0.904043 0.902602 0.904465 0.894774 0.901859 0.887381 0.896622 0.881547 0.895940 0.880890 0.888881 0.877512 0.881067 0.877090 0.873686 0.879692 0.867862 0.884920 0.864483 0.891979
0 0.039977 0.714353 0.040583 0.722166 0.044133 0.729152 0.050086 0.734248 0.057536 0.736676 0.065349 0.736071 0.072335 0.732520 0.073070 0.732121 0.078157 0.726178 0.080581 0.718740 0.079977 0.710941 0.076432 0.703968 0.070490 0.698880 0.063052 0.696456 0.055253 0.697060 0.054487 0.697400 0.047502 0.700950 0.042406 0.706903
0 0.816981 0.909060 0.817405 0.916871 0.820788 0.923924 0.821340 0.924654 0.827174 0.929887 0.834566 0.932487 0.842390 0.932062 0.849456 0.928674 0.854688 0.922840 0.857289 0.915448 0.856864 0.907624 0.853476 0.900558 0.852868 0.899869 0.847045 0.894646 0.839665 0.892050 0.831854 0.892475 0.824800 0.895857 0.819577 0.901680
0 0.604814 0.789615 0.605001 0.790137 0.610665 0.799429 0.615480 0.803077 0.627014 0.801811 0.628261 0.800750 0.630399 0.798376 0.633102 0.795051 0.635955 0.791285 0.638519 0.787657 0.640402 0.784723 0.641317 0.782930 0.639329 0.771594 0.639018 0.770984 0.634214 0.767344 0.623855 0.764480 0.622205 0.765951 0.619381 0.769139 0.615813 0.773557 0.612039 0.778539 0.608626 0.783335 0.606089 0.787225
0 0.570246 0.582938 0.574952 0.594337 0.575905 0.594803 0.578426 0.595882 0.582133 0.597411 0.586458 0.599155 0.623949 0.614126 0.628219 0.615814 0.631768 0.617183 0.634054 0.618023 0.634730 0.618208 0.646213 0.613908 0.664219 0.568815 0.662343 0.568028 0.588047 0.538360
0 0.446151 0.336765 0.450655 0.348591 0.493918 0.369382 0.511244 0.333330 0.511374 0.331403 0.467611 0.310371 0.456607 0.315009 0.456151 0.315594 0.454966 0.317751 0.453231 0.321155 0.451211 0.325285 0.449216 0.329507 0.447554 0.333172 0.446478 0.335721
0 0.064658 0.539852 0.102498 0.554720 0.107963 0.553968 0.122626 0.516648 0.085307 0.501984 0.079526 0.502012
0 0.740361 0.635366 0.743704 0.637249 0.784002 0.641817 0.788570 0.601519 0.784613 0.600127 0.744867 0.595621
