0 0.698900 0.390177 0.746900 0.390213 0.749754 0.388944 0.756874 0.381542 0.757214 0.380466 0.757504 0.377709 0.757700 0.373690 0.757772 0.369022 0.757802 0.328653 0.757737 0.324064 0.757547 0.320271 0.757261 0.317853 0.756922 0.317175 0.749815 0.308019 0.701260 0.307983 0.698960 0.310177
0 0.622529 0.520385 0.653595 0.556976 0.655371 0.557634 0.666144 0.558612 0.667065 0.558095 0.669252 0.556462 0.672373 0.553962 0.675951 0.550977 0.706725 0.524849 0.710203 0.521844 0.713037 0.519287 0.714796 0.517570 0.715212 0.516952 0.717060 0.505258 0.685635 0.468245 0.683513 0.468608
0 0.181440 0.731230 0.181623 0.733586 0.181983 0.734194 0.188187 0.744192 0.236635 0.747413 0.239645 0.744585 0.244951 0.664761 0.197056 0.661578 0.193554 0.663446 0.186251 0.669968 0.185776 0.671110 0.185250 0.673919 0.184753 0.677968 0.184363 0.682640 0.181685 0.722920 0.181462 0.727485
0 0.207622 0.876054 0.252768 0.910285 0.285182 0.923112 0.296090 0.904366 0.304898 0.887929 0.281936 0.871021 0.232607 0.843335 0.227208 0.841104
0 0.507767 0.196994 0.581250 0.228621 0.584412 0.221273 0.585388 0.218051 0.564218 0.164888 0.559838 0.155781 0.559073 0.154962 0.556730 0.153539 0.553164 0.151726 0.548921 0.149802 0.544652 0.148062 0.541014 0.146775 0.538561 0.146134 0.537667 0.146238 0.527052 0.148892 0.507856 0.193491
0 0.662315 0.614336 0.664191 0.615657 0.671755 0.618534 0.723957 0.595094 0.733520 0.590065 0.734155 0.589324 0.735350 0.586973 0.736923 0.583367 0.738632 0.579056 0.740216 0.574704 0.741431 0.570980 0.742092 0.568452 0.742099 0.567503 0.738337 0.557273 0.692953 0.540016 0.690747 0.539559
0 0.679460 0.213594 0.684727 0.215265 0.740018 0.227286 0.769703 0.231092 0.778290 0.191685 0.747082 0.181261 0.687990 0.174448
0 0.245493 0.738604 0.245757 0.767866 0.245930 0.783379 0.253767 0.791864 0.255595 0.792393 0.258957 0.792815 0.263342 0.793065 0.268077 0.793104 0.272434 0.792925 0.275744 0.792558 0.277506 0.792058 0.310201 0.782695 0.311437 0.781382 0.312824 0.779167 0.314150 0.776389 0.315211 0.773473 0.315846 0.770866 0.315957 0.768964 0.286958 0.703254 0.284415 0.702121 0.281238 0.701700 0.274020 0.701207 0.266034 0.700981 0.255121 0.701070 0.247840 0.701575 0.246773 0.702382 0.245546 0.735107
0 0.763734 0.494127 0.764565 0.494604 0.795367 0.505580 0.798697 0.506643 0.840712 0.518188 0.842091 0.518256 0.852364 0.513392 0.853567 0.511424 0.855060 0.508053 0.856615 0.503794 0.857994 0.499299 0.858983 0.495260 0.859433 0.492296 0.859250 0.457739 0.858442 0.455970 0.856779 0.453877 0.854511 0.451779 0.851988 0.449998 0.849596 0.448806 0.847699 0.448384 0.776989 0.456172 0.774695 0.459312 0.773220 0.462582 0.770519 0.469705 0.767977 0.477376 0.765059 0.487598
0 0.762943 0.280415 0.763052 0.282575 0.763457 0.283717 0.785676 0.307324 0.787185 0.308591 0.789973 0.310612 0.793615 0.313082 0.797561 0.315625 0.801216 0.317860 0.804027 0.319448 0.805566 0.320146 0.816355 0.317108 0.817024 0.316805 0.825585 0.304603 0.841761 0.281382 0.843683 0.278435 0.861352 0.249838 0.859449 0.247336 0.855895 0.244287 0.848193 0.239043 0.838878 0.233280 0.833072 0.230000 0.828847 0.227976 0.827713 0.227749 0.765885 0.268143 0.765113 0.269361 0.764320 0.271580 0.763629 0.274462 0.763145 0.277565
0 0.892196 0.944603 0.892934 0.945289 0.897810 0.947989 0.903313 0.950757 0.912210 0.954844 0.921688 0.958975 0.926904 0.961113 0.929896 0.962162 0.982091 0.911989 0.983200 0.910772 0.984018 0.908533 0.984420 0.905612 0.984343 0.902456 0.983800 0.899549 0.982875 0.897335 0.981709 0.896151 0.958812 0.877106 0.957812 0.876601 0.955274 0.875412 0.951587 0.873721 0.947310 0.871785 0.943090 0.869896 0.939562 0.868338 0.937261 0.867348 0.936538 0.867077 0.925688 0.871613 0.906390 0.910892 0.904971 0.914105 0.899693 0.926317
0 0.737473 0.795130 0.737504 0.797883 0.737641 0.801884 0.737862 0.806527 0.738134 0.811112 0.738417 0.814947 0.738667 0.817449 0.738847 0.818234 0.748066 0.847406 0.748790 0.848718 0.750554 0.850218 0.753088 0.851675 0.756006 0.852867 0.758861 0.853612 0.761215 0.853794 0.762711 0.853388 0.828444 0.822076 0.828712 0.821677 0.828937 0.817991 0.828918 0.811999 0.828561 0.801455 0.827951 0.791846 0.827256 0.786240 0.826313 0.781620 0.825805 0.781308 0.806058 0.781581 0.792811 0.781848 0.789300 0.782011 0.745672 0.785813 0.737553 0.794044
0 0.238227 0.267891 0.253978 0.304966 0.255105 0.305860 0.292010 0.290182 0.276332 0.253277 0.275303 0.252141
0 0.657204 0.807312 0.657926 0.808723 0.682338 0.840642 0.714256 0.816230 0.713277 0.814784 0.688977 0.783012
0 0.287497 0.154653 0.288471 0.156236 0.324809 0.173189 0.341761 0.136851 0.341033 0.135179 0.304528 0.118149
0 0.687701 0.679442 0.687854 0.680592 0.694415 0.688390 0.696662 0.690568 0.712762 0.692228 0.716913 0.651979 0.714434 0.650242 0.698519 0.648601 0.690330 0.656581 0.689985 0.657288 0.689506 0.659708 0.688964 0.663472 0.688442 0.668007 0.688019 0.672631 0.687759 0.676645
0 0.573124 0.762032 0.573460 0.763235 0.596994 0.795806 0.629565 0.772272 0.628973 0.771028 0.605547 0.738605
0 0.877964 0.434951 0.882662 0.446042 0.882945 0.446583 0.884759 0.447981 0.887823 0.450020 0.891674 0.452393 0.895729 0.454741 0.899378 0.456710 0.902067 0.458001 0.903386 0.458417 0.917074 0.454943 0.941967 0.413254 0.907227 0.392510 0.902573 0.393739
0 0.318848 0.585379 0.338955 0.629575 0.375785 0.612819 0.377204 0.611530 0.357327 0.567839 0.345643 0.563779 0.344602 0.564244 0.342040 0.565403 0.338347 0.567078 0.334085 0.569015 0.329912 0.570916 0.326467 0.572488 0.324276 0.573492 0.323672 0.573775
0 0.611044 0.052383 0.611062 0.055489 0.611192 0.059717 0.611414 0.064428 0.611694 0.068911 0.611990 0.072490 0.612257 0.074621 0.612455 0.074977 0.620736 0.084931 0.668665 0.082315 0.670615 0.077487 0.668410 0.037084 0.619927 0.039730 0.611140 0.050875
0 0.340503 0.132746 0.342325 0.136943 0.380003 0.150375 0.396121 0.105162 0.394920 0.100598 0.390816 0.092139 0.389805 0.091291 0.387211 0.089952 0.383427 0.088326 0.379031 0.086661 0.374698 0.085214 0.371095 0.084207 0.368772 0.083793 0.356807 0.087010
0 0.270640 0.681307 0.316165 0.698190 0.328035 0.692479 0.328580 0.691366 0.329679 0.688705 0.331163 0.684905 0.332808 0.680541 0.334365 0.676271 0.335600 0.672741 0.336325 0.670484 0.336428 0.669848 0.332175 0.658421 0.287170 0.641730 0.284709 0.643369
0 0.478195 0.111504 0.478232 0.112172 0.480443 0.119675 0.485355 0.125763 0.492225 0.129506 0.500003 0.130337 0.507507 0.128126 0.513594 0.123214 0.517338 0.116344 0.518168 0.108566 0.518200 0.107892 0.515985 0.100375 0.511064 0.094277 0.504183 0.090528 0.496391 0.089696 0.488874 0.091910 0.482776 0.096831 0.479027 0.103712
0 0.644396 0.264747 0.645731 0.266944 0.648450 0.270575 0.652140 0.275088 0.656243 0.279802 0.660143 0.284010 0.663252 0.287076 0.665098 0.288534 0.675225 0.284959 0.679772 0.281003 0.680174 0.280510 0.681362 0.269037 0.680403 0.267387 0.678382 0.264646 0.675609 0.261232 0.672507 0.257668 0.669554 0.254502 0.667203 0.252221 0.665811 0.251169 0.654244 0.250716 0.649688 0.254682 0.649353 0.255233
0 0.670330 0.411792 0.671889 0.419458 0.676263 0.425943 0.682785 0.430262 0.690464 0.431755 0.698130 0.430197 0.698471 0.430077 0.704968 0.425695 0.709294 0.419162 0.710790 0.411470 0.709229 0.403790 0.704847 0.397294 0.698314 0.392968 0.690621 0.391472 0.682942 0.393033 0.682628 0.393217 0.676142 0.397591 0.671824 0.404113
0 0.377643 0.727631 0.378207 0.735446 0.381718 0.742452 0.387644 0.747580 0.395080 0.750051 0.402896 0.749487 0.409901 0.745976 0.415029 0.740050 0.415175 0.739638 0.417642 0.732214 0.417079 0.724412 0.413574 0.717418 0.407659 0.712299 0.400235 0.709832 0.392433 0.710396 0.385439 0.713900 0.380320 0.719816 0.380114 0.720194
0 0.691392 0.160145 0.693870 0.167565 0.698999 0.173471 0.705998 0.176966 0.713801 0.177515 0.721221 0.175037 0.727127 0.169908 0.727518 0.169340 0.731019 0.162329 0.731569 0.154512 0.729087 0.147079 0.723949 0.141163 0.716938 0.137663 0.709121 0.137112 0.701688 0.139594 0.695772 0.144733 0.695436 0.145343 0.691941 0.152342
