0 0.422585 0.275661 0.422915 0.276729 0.428166 0.281648 0.436437 0.288704 0.442663 0.293729 0.448464 0.298136 0.451140 0.299979 0.453760 0.301077 0.518473 0.269428 0.519607 0.267978 0.520804 0.265630 0.521881 0.262742 0.522671 0.259757 0.523055 0.257131 0.522975 0.255266 0.522442 0.254446 0.504082 0.227230 0.503043 0.225828 0.500743 0.223501 0.497529 0.220600 0.493895 0.217573 0.490399 0.214884 0.487577 0.212945 0.485860 0.212052 0.474383 0.213507 0.464219 0.225121 0.445091 0.247098 0.442866 0.249800
0 0.704179 0.352718 0.704465 0.355704 0.705009 0.358781 0.705729 0.361476 0.706513 0.363380 0.707242 0.364201 0.735975 0.379711 0.737780 0.380236 0.741048 0.381111 0.745281 0.382203 0.749841 0.383347 0.754040 0.384372 0.757242 0.385120 0.758960 0.385480 0.768777 0.378925 0.772897 0.364453 0.780637 0.337002 0.781502 0.333596 0.788999 0.301037 0.786491 0.299853 0.782202 0.298450 0.773236 0.296087 0.762532 0.293517 0.755936 0.292070 0.751224 0.291198 0.750035 0.291121 0.704511 0.348761 0.704196 0.350280
0 0.601165 0.674468 0.601518 0.675419 0.630926 0.689969 0.634103 0.691436 0.661002 0.702810 0.675279 0.708786 0.686195 0.705146 0.687441 0.703523 0.689203 0.700496 0.691212 0.696528 0.693160 0.692228 0.694748 0.688255 0.695731 0.685220 0.695963 0.683583 0.700565 0.650296 0.699876 0.648540 0.698420 0.646317 0.696417 0.643967 0.694175 0.641849 0.692037 0.640287 0.690329 0.639520 0.618577 0.638938 0.616449 0.641270 0.614758 0.644162 0.611367 0.650721 0.607927 0.657972 0.603611 0.667872
0 0.875747 0.272833 0.887911 0.288519 0.896374 0.299129 0.898600 0.301832 0.927687 0.334366 0.939465 0.336109 0.940427 0.335785 0.942683 0.334338 0.945892 0.331983 0.949563 0.329081 0.953133 0.326078 0.956053 0.323433 0.957877 0.321554 0.975736 0.293886 0.976112 0.291714 0.975905 0.288898 0.975143 0.285870 0.973945 0.283093 0.972494 0.280993 0.971011 0.279888 0.907856 0.246886 0.903724 0.249519 0.900547 0.251890 0.894258 0.256845 0.887938 0.262033 0.880094 0.268756
0 0.823173 0.838720 0.871542 0.903366 0.872181 0.903281 0.873706 0.902478 0.875885 0.901082 0.888252 0.892491 0.952806 0.844608 0.964859 0.835084 0.966920 0.833337 0.968268 0.832008 0.968697 0.831301 0.919766 0.767071 0.919171 0.767040 0.917684 0.767742 0.915530 0.769071 0.913039 0.770825 0.829138 0.833058 0.826705 0.834958 0.824717 0.836701 0.823477 0.838022
0 0.774655 0.724406 0.844367 0.764025 0.844971 0.763726 0.846088 0.762408 0.847548 0.760273 0.855493 0.747447 0.895248 0.677495 0.902201 0.664108 0.903288 0.661761 0.903848 0.660128 0.903795 0.659458 0.834083 0.619839 0.833490 0.620264 0.832385 0.621684 0.830937 0.623880 0.829367 0.626520 0.777981 0.716938 0.776516 0.719638 0.775370 0.722005 0.774716 0.723680
0 0.010933 0.145184 0.048119 0.216654 0.050189 0.217952 0.263614 0.106909 0.226599 0.035767 0.225341 0.033630
0 0.593031 0.242195 0.594415 0.247777 0.595348 0.250023 0.601371 0.258087 0.604396 0.259145 0.609236 0.259287 0.615153 0.258488 0.621237 0.256869 0.626550 0.254680 0.630279 0.252259 0.631854 0.249977 0.633500 0.239872 0.632138 0.234273 0.631127 0.232059 0.621770 0.226599 0.619481 0.225843 0.615851 0.225766 0.611431 0.226379 0.606890 0.227587 0.602912 0.229209 0.600100 0.230999 0.598882 0.232688
0 0.951615 0.955883 0.952502 0.960762 0.955610 0.963614 0.959553 0.967022 0.968397 0.969438 0.972300 0.969748 0.977012 0.968025 0.981809 0.964526 0.985953 0.959787 0.988807 0.954538 0.989931 0.949588 0.989162 0.945694 0.985543 0.937305 0.982375 0.934510 0.978454 0.931088 0.973573 0.930775 0.965401 0.932541 0.961886 0.933863 0.958313 0.936490 0.955219 0.940028 0.953072 0.943940 0.952199 0.947638
0 0.692330 0.829613 0.692771 0.830368 0.732232 0.850287 0.769459 0.866378 0.785550 0.829151 0.781634 0.824637 0.708200 0.792896
0 0.793191 0.902789 0.796580 0.907445 0.836966 0.909935 0.837962 0.893780 0.828515 0.882490 0.827166 0.881929 0.824196 0.881342 0.820059 0.880818 0.815381 0.880435 0.810868 0.880251 0.807202 0.880295 0.804937 0.880559 0.794175 0.886819
0 0.194982 0.740809 0.196576 0.781060 0.236827 0.779466 0.238033 0.778185 0.236446 0.738119 0.196380 0.739706
0 0.809164 0.274512 0.846890 0.287805 0.848483 0.286831 0.861838 0.248931 0.823938 0.235577 0.822457 0.236786
