0 0.785761 0.319894 0.788832 0.348975 0.799650 0.404507 0.801224 0.409943 0.840546 0.402264 0.835198 0.344413 0.825344 0.312165 0.804449 0.316237
0 0.489266 0.177316 0.489535 0.185404 0.489655 0.188999 0.530963 0.227647 0.539467 0.234358 0.540331 0.234678 0.542895 0.234887 0.546764 0.234955 0.551352 0.234871 0.555967 0.234649 0.559912 0.234321 0.562591 0.233937 0.563591 0.233555 0.570941 0.226317 0.571761 0.223153 0.570146 0.174625
0 0.286884 0.509785 0.293234 0.549613 0.325508 0.544630 0.384008 0.535029 0.377699 0.495464 0.319094 0.504411
0 0.696809 0.708764 0.723244 0.738869 0.769991 0.705016 0.793214 0.680324 0.779284 0.664343 0.766603 0.650018 0.743293 0.667366 0.700765 0.704676
0 0.086438 0.597164 0.121960 0.616265 0.138357 0.590537 0.165178 0.540707 0.167336 0.535757 0.132049 0.516782 0.098827 0.567524
0 0.763872 0.183682 0.764062 0.186600 0.764591 0.190668 0.765378 0.195272 0.772830 0.234665 0.773758 0.239119 0.774688 0.242762 0.775480 0.245042 0.776015 0.245608 0.784276 0.253342 0.831440 0.244419 0.835272 0.241465 0.820228 0.161950 0.772519 0.170977 0.769405 0.174737 0.764049 0.182362
0 0.805101 0.412605 0.846326 0.481407 0.847257 0.481226 0.849097 0.480436 0.851565 0.479156 0.854285 0.477583 0.943890 0.423215 0.946429 0.421598 0.948383 0.420194 0.949454 0.419219 0.949480 0.418819 0.908401 0.349938 0.907416 0.350234 0.905535 0.351120 0.903046 0.352460 0.900326 0.354050 0.811005 0.408237 0.808450 0.409847 0.806430 0.411242 0.805254 0.412211
0 0.466259 0.566867 0.498990 0.638008 0.499875 0.638337 0.501735 0.638097 0.504287 0.637328 0.518493 0.631825 0.591362 0.597913 0.604723 0.590586 0.606956 0.589129 0.608339 0.587859 0.608660 0.586969 0.575295 0.516123 0.574479 0.515693 0.572677 0.515843 0.570164 0.516553 0.567323 0.517713 0.472614 0.561789 0.469897 0.563216 0.467734 0.564682 0.466457 0.565965
0 0.147484 0.399950 0.147684 0.400638 0.226575 0.414976 0.226924 0.414450 0.227437 0.412806 0.228036 0.410296 0.228630 0.407299 0.247226 0.304975 0.247730 0.301928 0.248069 0.299275 0.248193 0.297417 0.248081 0.296639 0.169190 0.282302 0.168791 0.282712 0.168233 0.284263 0.167602 0.286720 0.164453 0.301342 0.150066 0.380505 0.147824 0.395547 0.147533 0.398163
0 0.706827 0.050100 0.706894 0.051635 0.707388 0.054033 0.708234 0.056928 0.740747 0.156201 0.741810 0.159133 0.742922 0.161636 0.743912 0.163329 0.744630 0.163954 0.820213 0.137712 0.820488 0.137197 0.820339 0.135595 0.819790 0.133153 0.815780 0.118879 0.790763 0.042497 0.785310 0.027875 0.784216 0.025302 0.783252 0.023504 0.782563 0.022756 0.707197 0.049661
0 0.432753 0.317210 0.433086 0.318310 0.496280 0.362504 0.497272 0.362572 0.498822 0.361631 0.500695 0.359826 0.510418 0.348353 0.557021 0.282869 0.564927 0.269568 0.566115 0.267074 0.566638 0.265100 0.566417 0.263949 0.502819 0.220324 0.501837 0.220135 0.500294 0.220972 0.498425 0.222706 0.496516 0.225075 0.435947 0.310185 0.434300 0.312812 0.433179 0.315279
0 0.772958 0.912625 0.780369 0.922369 0.794914 0.925476 0.822545 0.931343 0.826000 0.932013 0.859145 0.937819 0.860706 0.935837 0.862163 0.931817 0.864094 0.922836 0.865910 0.911861 0.866761 0.904960 0.867054 0.899866 0.866848 0.898436 0.806089 0.855739 0.804661 0.855634 0.802303 0.855845 0.799372 0.856342 0.796317 0.857049 0.793607 0.857856 0.791655 0.858641 0.790759 0.859284 0.777300 0.889260 0.776710 0.890900 0.775902 0.894073 0.775000 0.898296 0.774138 0.902931 0.773448 0.907279 0.773033 0.910683
0 0.822479 0.829116 0.823124 0.830439 0.840514 0.857790 0.842484 0.860669 0.868481 0.895535 0.869857 0.896948 0.880872 0.899305 0.883163 0.898700 0.886511 0.897111 0.890403 0.894780 0.894242 0.892065 0.897438 0.889383 0.899501 0.887145 0.920136 0.859057 0.920661 0.857282 0.920683 0.854682 0.920196 0.851651 0.919276 0.848656 0.918062 0.846153 0.916742 0.844526 0.856613 0.807865 0.852500 0.808354 0.849201 0.809832 0.842566 0.813593 0.835815 0.818034 0.827323 0.824448
0 0.188295 0.826502 0.190992 0.832155 0.198466 0.836219 0.211120 0.840412 0.219780 0.841694 0.226034 0.839006 0.228333 0.833468 0.234167 0.816379 0.248236 0.768964 0.247691 0.763264 0.244489 0.746200 0.243244 0.744138 0.241043 0.742305 0.238222 0.740982 0.235212 0.740373 0.232473 0.740569 0.230424 0.741540 0.214403 0.752235 0.209697 0.756195 0.199851 0.787724 0.193802 0.807832
0 0.460675 0.154049 0.460743 0.154644 0.462716 0.162217 0.467438 0.168458 0.474188 0.172418 0.481940 0.173492 0.489513 0.171519 0.495754 0.166797 0.499714 0.160047 0.500788 0.152295 0.500790 0.151696 0.498813 0.144110 0.494083 0.137858 0.487322 0.133892 0.479556 0.132815 0.471970 0.134792 0.465718 0.139522 0.461751 0.146284
0 0.062593 0.891114 0.064090 0.898806 0.068417 0.905339 0.074915 0.909719 0.082594 0.911280 0.090286 0.909782 0.096819 0.905455 0.097512 0.904759 0.101884 0.898272 0.103442 0.890606 0.101947 0.882927 0.097628 0.876405 0.091141 0.872033 0.083476 0.870475 0.075797 0.871970 0.069274 0.876289 0.068533 0.876937 0.064153 0.883435
0 0.576301 0.829076 0.576432 0.829643 0.579019 0.837040 0.584240 0.842884 0.591299 0.846285 0.599123 0.846726 0.606520 0.844139 0.612364 0.838919 0.615765 0.831859 0.616206 0.824036 0.613619 0.816639 0.613424 0.816095 0.608213 0.810260 0.601165 0.806866 0.593355 0.806425 0.585971 0.809007 0.580137 0.814219 0.576742 0.821266
0 0.866147 0.329350 0.868813 0.336707 0.874091 0.342485 0.881180 0.345803 0.888998 0.346156 0.896355 0.343490 0.897038 0.343220 0.902826 0.337933 0.906150 0.330833 0.906504 0.323001 0.903833 0.315631 0.898545 0.309843 0.891445 0.306520 0.883613 0.306166 0.876243 0.308837 0.875596 0.309165 0.869818 0.314443 0.866500 0.321532
