0 0.338298 0.565082 0.338910 0.576841 0.339062 0.577245 0.340594 0.578763 0.343275 0.581167 0.346696 0.584089 0.350333 0.587081 0.353626 0.589682 0.356072 0.591496 0.357297 0.592245 0.368948 0.590749 0.391362 0.564750 0.406990 0.545927 0.420934 0.529070 0.418124 0.526508 0.411953 0.521291 0.401874 0.512888 0.395160 0.507364 0.390694 0.503861 0.389535 0.503188 0.378485 0.514676
0 0.797031 0.254805 0.798058 0.298403 0.798283 0.301895 0.799491 0.315485 0.801401 0.335265 0.807608 0.335402 0.818038 0.334992 0.826161 0.334426 0.833991 0.333648 0.837785 0.333118 0.842168 0.331961 0.866094 0.264948 0.866322 0.263073 0.865873 0.260509 0.864815 0.257648 0.863310 0.254928 0.861588 0.252765 0.859913 0.251489 0.827416 0.243247 0.824669 0.243051 0.820652 0.243079 0.815980 0.243327 0.811372 0.243757 0.807535 0.244303 0.805054 0.244880 0.804303 0.245402
0 0.298928 0.810834 0.300288 0.814894 0.302484 0.819818 0.306954 0.828253 0.312238 0.837507 0.315465 0.842764 0.317737 0.845997 0.318280 0.846346 0.390944 0.838942 0.392378 0.838428 0.394250 0.836985 0.396274 0.834832 0.398142 0.832298 0.399566 0.829771 0.400330 0.827638 0.400317 0.826224 0.392613 0.796173 0.392449 0.795545 0.391435 0.793403 0.389727 0.790077 0.387585 0.786071 0.385333 0.781991 0.383309 0.778452 0.381821 0.775989 0.381094 0.774978 0.369931 0.772318 0.330756 0.791910 0.327678 0.793608 0.316317 0.800411 0.299377 0.810557
0 0.416659 0.638147 0.417574 0.645933 0.421398 0.652776 0.427550 0.657635 0.435093 0.659770 0.442879 0.658856 0.449723 0.655032 0.454581 0.648879 0.454659 0.648623 0.456791 0.641093 0.455878 0.633320 0.452060 0.626488 0.445919 0.621638 0.438389 0.619506 0.430616 0.620420 0.423784 0.624237 0.418934 0.630379 0.418794 0.630604
0 0.911439 0.256800 0.912623 0.264533 0.916677 0.271223 0.922982 0.275853 0.930580 0.277718 0.938312 0.276534 0.939067 0.276149 0.945768 0.272088 0.950407 0.265772 0.952275 0.258162 0.951088 0.250416 0.947028 0.243714 0.940712 0.239076 0.933101 0.237208 0.925355 0.238394 0.918654 0.242455 0.917934 0.242898 0.913304 0.249203
0 0.033152 0.655762 0.035531 0.663228 0.040588 0.669215 0.047550 0.672811 0.055358 0.673469 0.062825 0.671089 0.063576 0.670795 0.069552 0.665747 0.073142 0.658797 0.073799 0.651002 0.071423 0.643549 0.066375 0.637573 0.059425 0.633982 0.051630 0.633326 0.050858 0.633555 0.043392 0.635935 0.037406 0.640992 0.033809 0.647954
0 0.326046 0.200934 0.327428 0.208647 0.327725 0.209148 0.331947 0.215733 0.338367 0.220202 0.346010 0.221873 0.353710 0.220494 0.360295 0.216271 0.364764 0.209851 0.366435 0.202209 0.365056 0.194509 0.364823 0.193983 0.360594 0.187386 0.354163 0.182909 0.346507 0.181235 0.338794 0.182618 0.332197 0.186847 0.327720 0.193278
0 0.504904 0.403605 0.507829 0.410765 0.509624 0.415114 0.513564 0.418812 0.519050 0.421303 0.525251 0.422212 0.531233 0.421403 0.536092 0.418994 0.539088 0.415347 0.543894 0.409322 0.544742 0.403903 0.545331 0.399632 0.543142 0.394172 0.538240 0.389510 0.533953 0.387478 0.529842 0.385596 0.525187 0.384913 0.520700 0.385535 0.516084 0.386262 0.510021 0.389316 0.506322 0.393912 0.505688 0.398177
0 0.478093 0.588364 0.554131 0.616060 0.556901 0.608457 0.527907 0.545478 0.527009 0.545104 0.524526 0.544161 0.520841 0.542792 0.516510 0.541205 0.512189 0.539640 0.508528 0.538333 0.506082 0.537482 0.505227 0.537217 0.494771 0.542253 0.478344 0.587354
0 0.834219 0.081391 0.847881 0.127406 0.860431 0.131394 0.862531 0.131063 0.866003 0.130227 0.870319 0.129013 0.874830 0.127606 0.878853 0.126217 0.881782 0.125055 0.883166 0.124299 0.890691 0.111581 0.883610 0.067796 0.881279 0.059947 0.842037 0.071599
0 0.005412 0.643871 0.053183 0.654170 0.066005 0.642067 0.066728 0.641223 0.067741 0.638702 0.068890 0.634888 0.082711 0.583886 0.083810 0.579408 0.084712 0.574873 0.085282 0.570965 0.085431 0.568277 0.081034 0.551937 0.033934 0.541783 0.026001 0.555380 0.011628 0.606719
0 0.708420 0.313257 0.708447 0.317823 0.708580 0.321602 0.708798 0.324021 0.709069 0.324709 0.717540 0.341177 0.765931 0.341464 0.768286 0.311413 0.768627 0.253916 0.766608 0.227407 0.718217 0.227120 0.709551 0.243486 0.709269 0.244744 0.709019 0.247646 0.708840 0.251746 0.708757 0.256425
0 0.296741 0.539955 0.329611 0.563883 0.331953 0.563004 0.379150 0.498169 0.346733 0.474571 0.344596 0.474216
0 0.070094 0.683256 0.104963 0.703967 0.110381 0.701170 0.151235 0.632388 0.116844 0.611961 0.111516 0.613518
0 0.800918 0.820345 0.804397 0.824048 0.865243 0.877402 0.897255 0.840894 0.894558 0.827203 0.894388 0.827029 0.892858 0.825666 0.890200 0.823321 0.886818 0.820350 0.856465 0.793735 0.852887 0.790603 0.849672 0.787798 0.847310 0.785748 0.846161 0.784765 0.832564 0.784255
0 0.897369 0.767927 0.931718 0.801455 0.936709 0.804940 0.964972 0.775985 0.930226 0.742069 0.925309 0.739302 0.916015 0.740464 0.914826 0.740804 0.912540 0.742403 0.909507 0.745015 0.906184 0.748245 0.903075 0.751604 0.900647 0.754587 0.899270 0.756741
0 0.087071 0.110509 0.087381 0.111911 0.091241 0.119688 0.095913 0.124035 0.142320 0.136298 0.152539 0.097625 0.148522 0.092973 0.101579 0.080569 0.092776 0.088920 0.091649 0.090994 0.090339 0.094485 0.089047 0.098859 0.087972 0.103445 0.087278 0.107536
0 0.163353 0.530358 0.210216 0.543064 0.213528 0.542572 0.222238 0.537288 0.222844 0.536353 0.223836 0.533793 0.225063 0.530002 0.226340 0.525551 0.227473 0.521114 0.228292 0.517360 0.228672 0.514858 0.228554 0.513991 0.223995 0.503965 0.177668 0.491405 0.173941 0.491305
0 0.374384 0.298517 0.375820 0.300820 0.401812 0.331223 0.438297 0.300033 0.439212 0.287213 0.438534 0.286232 0.436760 0.283999 0.434161 0.280852 0.431132 0.277271 0.428139 0.273808 0.425642 0.270994 0.424023 0.269259 0.423526 0.268865 0.411290 0.266966
