0 0.411753 0.681768 0.414365 0.692468 0.415139 0.694550 0.417377 0.697181 0.420736 0.699960 0.424709 0.702470 0.428696 0.704331 0.432094 0.705260 0.434389 0.705116 0.445081 0.702822 0.446498 0.700817 0.449534 0.695939 0.451108 0.685920 0.450131 0.683129 0.447178 0.679596 0.442697 0.675860 0.437375 0.672498 0.432031 0.670027 0.427488 0.668826 0.424439 0.669074 0.416157 0.674855 0.414804 0.676912
0 0.267624 0.373876 0.268564 0.381655 0.272410 0.388483 0.278576 0.393319 0.278956 0.393503 0.286491 0.395607 0.294257 0.394669 0.301072 0.390829 0.305901 0.384674 0.308005 0.377140 0.307067 0.369374 0.303227 0.362558 0.297072 0.357730 0.296723 0.357485 0.289176 0.355377 0.281396 0.356317 0.274569 0.360163 0.269732 0.366329
0 0.555941 0.030086 0.562006 0.047584 0.562592 0.048812 0.564426 0.051112 0.567224 0.054132 0.570563 0.057414 0.611909 0.096407 0.615296 0.099468 0.618231 0.101854 0.620269 0.103206 0.638920 0.108342 0.672121 0.073137 0.652620 0.049906 0.622536 0.021534 0.610790 0.010457 0.597440 0.002707 0.589142 0.000000
0 0.457168 0.146537 0.457756 0.151384 0.497288 0.157485 0.542920 0.124053 0.549020 0.084521 0.549702 0.078743 0.509620 0.072558 0.463353 0.106455
0 0.697147 0.350278 0.723232 0.380731 0.726344 0.379069 0.757221 0.352620 0.730772 0.321743 0.727600 0.324193
0 0.426443 0.580384 0.458058 0.617237 0.488768 0.590891 0.488896 0.589852 0.457643 0.553421 0.445727 0.552479 0.445102 0.553007 0.443182 0.554647 0.440262 0.557147 0.436784 0.560129 0.433273 0.563143 0.430259 0.565733 0.428198 0.567508 0.427406 0.568195
0 0.229650 0.953126 0.247922 0.998112 0.285410 0.982886 0.287862 0.977367 0.269800 0.932895 0.257275 0.930268 0.255127 0.930770 0.251694 0.931918 0.247494 0.933537 0.243163 0.935383 0.239352 0.937177 0.236640 0.938649 0.235442 0.939574
0 0.081123 0.188810 0.081289 0.192475 0.081745 0.196994 0.082421 0.201672 0.083214 0.205791 0.084001 0.208721 0.084662 0.210017 0.091784 0.215322 0.096449 0.218575 0.144089 0.212710 0.139201 0.173009 0.135030 0.169229 0.086839 0.175163 0.081272 0.186558
0 0.118505 0.653023 0.144514 0.694024 0.157931 0.695818 0.159156 0.695068 0.161741 0.693452 0.165288 0.691218 0.169263 0.688702 0.173064 0.686285 0.176118 0.684332 0.177963 0.683138 0.178314 0.682887 0.182354 0.670379 0.156641 0.629847 0.152672 0.631348
0 0.366915 0.876209 0.371922 0.915966 0.426649 0.915599 0.461494 0.907304 0.459524 0.885961 0.456452 0.867283 0.428889 0.867859 0.372771 0.874902
0 0.059764 0.446889 0.063112 0.481793 0.084655 0.482815 0.103428 0.482887 0.107414 0.454898 0.108982 0.398355 0.108507 0.392498 0.068458 0.391410
0 0.456607 0.704028 0.482266 0.735436 0.513673 0.709777 0.544565 0.682009 0.544463 0.681593 0.519156 0.650616 0.457202 0.701230
0 0.166811 0.840358 0.224737 0.896868 0.258643 0.862112 0.261401 0.857974 0.260240 0.848293 0.259900 0.847194 0.258299 0.844984 0.255686 0.842001 0.252455 0.838698 0.249095 0.835571 0.246112 0.833094 0.243958 0.831642 0.242962 0.831438 0.232769 0.830042 0.176205 0.830742 0.172462 0.834566
0 0.365844 0.556737 0.366388 0.557067 0.368629 0.558426 0.381133 0.566006 0.384103 0.567806 0.390568 0.571724 0.400299 0.577621 0.459958 0.536063 0.460855 0.534667 0.461693 0.532316 0.462342 0.529366 0.462703 0.526270 0.462721 0.523503 0.462394 0.521486 0.461771 0.520527 0.439635 0.497196 0.438375 0.496299 0.435741 0.494596 0.432132 0.492345 0.428102 0.489892 0.424270 0.487613 0.421223 0.485859 0.419428 0.484896 0.419154 0.484869 0.408256 0.488156 0.399871 0.500830 0.384101 0.524879 0.382281 0.527879
0 0.462864 0.386510 0.463512 0.388378 0.464787 0.391605 0.466496 0.395699 0.468377 0.400031 0.470140 0.403936 0.471515 0.406815 0.472293 0.408231 0.492539 0.433493 0.493363 0.434212 0.495282 0.434790 0.498005 0.435137 0.501115 0.435201 0.504138 0.434971 0.506608 0.434484 0.508151 0.433813 0.557331 0.380293 0.556262 0.377551 0.554983 0.374497 0.552105 0.367730 0.548938 0.360362 0.544633 0.350443 0.541786 0.343990 0.541410 0.343317 0.510634 0.355685 0.507414 0.357076 0.481348 0.369339 0.467594 0.375868 0.462941 0.386281
0 0.751973 0.976196 0.753198 0.977211 0.757607 0.980261 0.763602 0.984146 0.773157 0.990068 0.780996 0.994671 0.784533 0.996405 0.786316 0.996798 0.803845 0.968338 0.805647 0.965321 0.827647 0.927773 0.825149 0.916118 0.824933 0.915877 0.823182 0.914717 0.820168 0.912816 0.816350 0.910464 0.812305 0.908017 0.808643 0.905842 0.805916 0.904270 0.804541 0.903539 0.772761 0.893689 0.771850 0.893875 0.770099 0.894761 0.767773 0.896213 0.765229 0.898008 0.762855 0.899872 0.761016 0.901520 0.759992 0.902700
0 0.265706 0.716076 0.459576 0.860400 0.507684 0.795777 0.507649 0.794421 0.314668 0.650758 0.313814 0.651453
0 0.334520 0.980037 0.341260 0.992843 0.361061 1.000000 0.371966 1.000000 0.388541 0.994425 0.394180 0.991606 0.572232 0.894483 0.565035 0.882170 0.542448 0.851116 0.527860 0.856292 0.523629 0.858392 0.454548 0.901224 0.385468 0.944056 0.350928 0.965472 0.347267 0.968265
