0 0.824860 0.719625 0.826257 0.722648 0.831306 0.731205 0.833792 0.733193 0.837552 0.735063 0.842015 0.736532 0.846510 0.737380 0.850356 0.737476 0.852970 0.736805 0.862306 0.731952 0.863958 0.729711 0.865487 0.724227 0.864120 0.714098 0.863058 0.711662 0.859769 0.708978 0.854749 0.706458 0.848769 0.704489 0.842750 0.703376 0.837618 0.703287 0.834157 0.704234 0.827987 0.711883 0.826410 0.714159
0 0.972280 0.992228 0.974572 0.999711 0.975389 1.000000 1.000000 1.000000 1.000000 0.974673 0.998867 0.971813 0.998009 0.971002 0.990219 0.970255 0.982736 0.972546 0.976699 0.977526 0.973028 0.984438
0 0.497292 0.872124 0.500287 0.879368 0.505826 0.884916 0.513067 0.887921 0.520906 0.887927 0.528151 0.884932 0.533699 0.879392 0.536704 0.872151 0.536710 0.864312 0.536646 0.863686 0.533656 0.856454 0.528126 0.850915 0.520898 0.847916 0.513072 0.847910 0.505840 0.850900 0.500302 0.856430 0.497302 0.863658 0.497298 0.864284
0 0.722226 0.129504 0.722398 0.130741 0.723717 0.132144 0.725980 0.133500 0.739835 0.139473 0.816757 0.162776 0.832002 0.165618 0.834790 0.165793 0.836894 0.165427 0.837995 0.164575 0.858539 0.092256 0.858483 0.090992 0.857265 0.089564 0.855070 0.088191 0.852232 0.087082 0.752257 0.056795 0.749227 0.056126 0.746487 0.056004 0.744454 0.056448 0.743438 0.057387
0 0.356884 0.626517 0.395276 0.696912 0.395720 0.696792 0.397171 0.696105 0.399409 0.694954 0.412574 0.687959 0.483211 0.649434 0.496515 0.641993 0.498804 0.640675 0.500332 0.639737 0.500868 0.639322 0.462475 0.568928 0.461973 0.569160 0.460477 0.569940 0.458218 0.571148 0.455538 0.572601 0.364234 0.622398 0.361522 0.623885 0.359174 0.625190 0.357544 0.626115
0 0.541965 0.677683 0.542089 0.680241 0.544221 0.695029 0.561876 0.773440 0.566423 0.788316 0.567459 0.790906 0.568534 0.792676 0.569486 0.793353 0.644778 0.774616 0.645522 0.774084 0.645885 0.772438 0.645811 0.769930 0.645311 0.766942 0.622364 0.665031 0.621518 0.662038 0.620459 0.659515 0.619350 0.657847 0.618360 0.657288 0.542914 0.675344 0.542254 0.675963
0 0.794731 0.689889 0.868702 0.723846 0.868807 0.723691 0.869406 0.722447 0.870409 0.720302 0.871663 0.717583 0.872976 0.714705 0.914836 0.622473 0.915981 0.619935 0.916795 0.618097 0.917156 0.617238 0.843601 0.583801 0.843179 0.584631 0.842317 0.586441 0.841146 0.588959 0.798809 0.680687 0.797494 0.683555 0.796265 0.686276 0.795308 0.688436 0.794769 0.689704
0 0.574468 0.315939 0.614416 0.319389 0.614943 0.318557 0.618408 0.278425 0.578276 0.274959 0.577917 0.275991
0 0.033243 0.222477 0.046773 0.260420 0.048851 0.261515 0.086618 0.248047 0.073150 0.210279 0.071184 0.208948
0 0.680356 0.092560 0.681223 0.132677 0.692302 0.133576 0.721557 0.129904 0.720685 0.089577 0.709602 0.088531
0 0.494002 0.242019 0.494030 0.243201 0.505372 0.281661 0.543832 0.270318 0.544034 0.269261 0.532639 0.230624
0 0.606848 0.785749 0.612552 0.825439 0.613070 0.826937 0.652943 0.821207 0.647213 0.781335 0.646538 0.780046
0 0.649387 0.667976 0.660375 0.691968 0.684889 0.742925 0.687656 0.748448 0.723758 0.731076 0.702616 0.683269 0.685730 0.650488 0.666817 0.658324
0 0.292214 0.822065 0.349911 0.878810 0.383957 0.844192 0.385284 0.840259 0.384882 0.830477 0.384380 0.829399 0.382648 0.827201 0.379953 0.824220 0.376703 0.820908 0.373388 0.817763 0.370509 0.815262 0.368501 0.813782 0.367673 0.813552 0.356765 0.812211 0.300199 0.812681 0.294589 0.818385
0 0.087765 0.315850 0.115579 0.344723 0.116458 0.345078 0.174073 0.289577 0.146322 0.260769 0.141404 0.257442 0.112196 0.285579
0 0.519924 0.555915 0.522380 0.567741 0.523192 0.568314 0.525448 0.569771 0.528807 0.571891 0.532755 0.574349 0.536686 0.576769 0.539996 0.578777 0.542179 0.580068 0.542904 0.580445 0.554558 0.577859 0.610259 0.564751 0.614519 0.557871 0.545710 0.515277 0.545188 0.515102
0 0.342316 0.513004 0.377196 0.558079 0.414938 0.564910 0.431728 0.551906 0.434540 0.513529 0.399495 0.468240 0.361371 0.460984 0.345440 0.475098
0 0.230378 0.748895 0.237023 0.796828 0.255048 0.803337 0.257377 0.803317 0.261095 0.803004 0.265634 0.802446 0.322319 0.794589 0.326966 0.793873 0.330993 0.793112 0.333785 0.792423 0.334916 0.791910 0.350001 0.781167 0.343357 0.733235 0.316606 0.735233 0.260574 0.743000
0 0.044028 0.411742 0.049239 0.412751 0.088680 0.419413 0.096674 0.372083 0.087846 0.361578 0.086395 0.361242 0.083345 0.360650 0.079160 0.359891 0.074479 0.359082 0.070022 0.358348 0.066474 0.357800 0.064376 0.357523 0.064046 0.357558 0.052114 0.363866
0 0.527900 0.383454 0.534157 0.422962 0.581566 0.415454 0.582509 0.414476 0.589220 0.405684 0.589194 0.404651 0.588884 0.401953 0.588336 0.398000 0.587635 0.393396 0.586887 0.388847 0.586208 0.385054 0.585701 0.382595 0.585445 0.381843 0.576180 0.374512 0.528223 0.382106
0 0.527281 0.097074 0.536788 0.136028 0.575742 0.126522 0.576798 0.121316 0.567159 0.081818 0.527662 0.091457
