0 0.234165 0.701017 0.234205 0.705703 0.234384 0.710281 0.234675 0.714047 0.235034 0.716427 0.235406 0.717059 0.242663 0.726202 0.291204 0.725056 0.293591 0.722484 0.291704 0.642507 0.283706 0.642695 0.281206 0.644345 0.234836 0.692928 0.234508 0.694102 0.234272 0.696942
0 0.140464 0.872548 0.172318 0.896893 0.173067 0.895986 0.221645 0.832423 0.189864 0.808134 0.185551 0.812419 0.160924 0.844642
0 0.445947 0.418369 0.450878 0.451872 0.460540 0.508319 0.500106 0.502019 0.499212 0.496401 0.490317 0.440531 0.485777 0.412028 0.465911 0.415071
0 0.520829 0.948303 0.521405 0.949634 0.522992 0.952244 0.525350 0.955737 0.528119 0.959579 0.530873 0.963179 0.533189 0.965983 0.534713 0.967565 0.547146 0.971763 0.586136 0.942826 0.585151 0.937765 0.537474 0.873525 0.531050 0.878292 0.522768 0.934251
0 0.437377 0.679999 0.439127 0.720145 0.479273 0.718395 0.479367 0.717397 0.477626 0.677435 0.437664 0.679176
0 0.923307 0.067739 0.932896 0.106572 0.971730 0.096983 0.973896 0.095132 0.964263 0.056120 0.925251 0.065753
0 0.932307 0.885107 0.944813 0.923101 0.946856 0.925044 0.985025 0.912481 0.972461 0.874311 0.970301 0.872600
0 0.469512 0.037110 0.469652 0.039231 0.481982 0.077386 0.520136 0.065056 0.520229 0.063054 0.507842 0.024723
0 0.418594 0.254640 0.418967 0.255762 0.456509 0.269566 0.470313 0.232023 0.470177 0.230792 0.432462 0.216925
0 0.319268 0.557645 0.319379 0.560308 0.319935 0.563341 0.344958 0.664762 0.345871 0.667682 0.346995 0.670025 0.348159 0.671435 0.349185 0.671697 0.424076 0.654000 0.424748 0.653087 0.425024 0.651124 0.424862 0.648411 0.422466 0.633250 0.403213 0.555216 0.398325 0.540856 0.397223 0.538446 0.396091 0.536935 0.395100 0.536557 0.320376 0.554932 0.319618 0.555757
0 0.548111 0.460041 0.548302 0.460981 0.549528 0.462383 0.551603 0.464031 0.554212 0.465675 0.645106 0.517159 0.647833 0.518537 0.650244 0.519430 0.651973 0.519703 0.652757 0.519314 0.692105 0.451523 0.691791 0.450586 0.690458 0.449188 0.688311 0.447544 0.675479 0.439137 0.605544 0.399525 0.591920 0.392946 0.589475 0.391990 0.587695 0.391624 0.586852 0.391906
0 0.594296 0.399434 0.667887 0.431272 0.668277 0.430651 0.669094 0.429002 0.670213 0.426574 0.671464 0.423738 0.712948 0.327849 0.714132 0.325057 0.715060 0.322753 0.715590 0.321288 0.715643 0.320885 0.642052 0.289047 0.641685 0.289791 0.640891 0.291540 0.639791 0.294026 0.638551 0.296871 0.597256 0.392322 0.596057 0.395113 0.595074 0.397445 0.594455 0.398963
0 0.435656 0.939555 0.467589 0.976883 0.480264 0.975421 0.482258 0.974236 0.485264 0.972013 0.488823 0.969090 0.492388 0.965918 0.495411 0.962984 0.497430 0.960736 0.498140 0.959517 0.498695 0.950272 0.498725 0.939980 0.467522 0.903506 0.437127 0.929508
0 0.234474 0.563383 0.252590 0.609043 0.290640 0.593946 0.295426 0.591799 0.277723 0.547182 0.265814 0.542475 0.263091 0.542969 0.261910 0.543369 0.259173 0.544397 0.255297 0.545896 0.250873 0.547638 0.246583 0.549354 0.243084 0.550781 0.240912 0.551701 0.240394 0.551974
0 0.652199 0.556204 0.658913 0.566712 0.660017 0.567014 0.662748 0.567698 0.666690 0.568662 0.671242 0.569757 0.710506 0.579138 0.714957 0.580194 0.718613 0.581045 0.720917 0.581563 0.721518 0.581669 0.732668 0.575659 0.743951 0.528433 0.665241 0.509628 0.663353 0.509518
0 0.029769 0.331381 0.095452 0.378973 0.101000 0.380633 0.124470 0.348242 0.059688 0.301302 0.053565 0.298539
0 0.016910 0.215241 0.080267 0.266209 0.086037 0.269423 0.111171 0.238180 0.048685 0.187913 0.042394 0.183563
0 0.158077 0.486708 0.158218 0.494543 0.161345 0.501728 0.166985 0.507168 0.174276 0.510038 0.182112 0.509897 0.182658 0.509880 0.189831 0.506758 0.195262 0.501128 0.198126 0.493849 0.197986 0.486027 0.194863 0.478854 0.189234 0.473423 0.181954 0.470559 0.181407 0.470508 0.173572 0.470649 0.166387 0.473776 0.160946 0.479416
0 0.382352 0.796669 0.385921 0.807209 0.386948 0.809082 0.389471 0.811389 0.393106 0.813781 0.397302 0.815897 0.401426 0.817416 0.404856 0.818109 0.407070 0.817869 0.417554 0.814414 0.418672 0.812508 0.421254 0.807292 0.421915 0.797033 0.420600 0.794515 0.417263 0.791410 0.412412 0.788193 0.406790 0.785359 0.401264 0.783345 0.396684 0.782459 0.393748 0.782834 0.386000 0.789522 0.384952 0.791474
0 0.381386 0.745911 0.382859 0.753611 0.387166 0.760162 0.393652 0.764564 0.401330 0.766151 0.409030 0.764678 0.415580 0.760371 0.419983 0.753884 0.420120 0.753448 0.421704 0.745784 0.420233 0.738097 0.415933 0.731558 0.409458 0.727163 0.401794 0.725579 0.394108 0.727050 0.387568 0.731349 0.383173 0.737825 0.382972 0.738234
0 0.000144 0.956190 0.002958 0.963507 0.008357 0.969191 0.015521 0.972375 0.023358 0.972577 0.030675 0.969763 0.036359 0.964364 0.037156 0.963565 0.040335 0.956414 0.040536 0.948590 0.037727 0.941286 0.032337 0.935612 0.025186 0.932433 0.017362 0.932232 0.010058 0.935041 0.009214 0.935790 0.003530 0.941189 0.000346 0.948353
0 0.560815 0.845610 0.561333 0.848796 0.562859 0.852735 0.565162 0.856831 0.567895 0.860466 0.570646 0.863090 0.572997 0.864304 0.583197 0.867081 0.585872 0.866443 0.590717 0.863457 0.596575 0.855116 0.597395 0.852531 0.596745 0.848276 0.594724 0.842999 0.591638 0.837512 0.587963 0.832660 0.584266 0.829188 0.581114 0.827623 0.571366 0.829048 0.568722 0.829763 0.563874 0.832722 0.562916 0.835984
0 0.922015 0.343490 0.940588 0.387751 0.945682 0.386454 0.982992 0.370797 0.964205 0.326024 0.950810 0.322255 0.949370 0.322844 0.946462 0.324051 0.942530 0.325693 0.938170 0.327519 0.934039 0.329256 0.930761 0.330640 0.928833 0.331461 0.928552 0.331594
0 0.485236 0.668737 0.532881 0.678091 0.542631 0.670819 0.542865 0.670142 0.543418 0.667759 0.544207 0.664030 0.545112 0.659526 0.545992 0.654937 0.546714 0.650970 0.547166 0.648230 0.547281 0.647133 0.540211 0.636804 0.493110 0.627558 0.485405 0.666809
0 0.111248 0.123933 0.115691 0.128231 0.148376 0.151289 0.176046 0.112067 0.172537 0.098214 0.171353 0.097153 0.168841 0.095189 0.165383 0.092621 0.161508 0.089842 0.157811 0.087279 0.154860 0.085326 0.153106 0.084280 0.139237 0.084257
0 0.029965 0.389399 0.071645 0.414305 0.076540 0.415284 0.085572 0.412276 0.086589 0.411604 0.088389 0.409462 0.090698 0.406179 0.093166 0.402253 0.095421 0.398275 0.097123 0.394846 0.098013 0.392486 0.097954 0.391555 0.097058 0.380948 0.055854 0.356326 0.050720 0.354665
0 0.171503 0.775982 0.171616 0.777086 0.172806 0.779507 0.174895 0.782875 0.177564 0.786677 0.180403 0.790328 0.182975 0.793267 0.184887 0.795046 0.185848 0.795395 0.195757 0.798501 0.234807 0.769645 0.237838 0.766563 0.214066 0.734393 0.175462 0.762920 0.171710 0.765959
