0 0.469007 0.551586 0.469092 0.552207 0.500400 0.562843 0.503750 0.563876 0.531685 0.571377 0.546479 0.575282 0.556587 0.570485 0.556919 0.570290 0.557749 0.568384 0.558954 0.565054 0.560349 0.560807 0.561720 0.556295 0.562856 0.552212 0.563583 0.549183 0.563791 0.547668 0.564431 0.515503 0.564348 0.514378 0.563325 0.512657 0.561518 0.510603 0.559203 0.508530 0.556733 0.506756 0.554487 0.505552 0.552809 0.505101 0.481025 0.513709 0.479748 0.516667 0.478635 0.519881 0.476329 0.526958 0.473932 0.534633 0.470849 0.544930
0 0.589724 0.413033 0.600032 0.484507 0.602726 0.485842 0.605864 0.486932 0.612886 0.489142 0.620582 0.491401 0.631009 0.494258 0.637864 0.495906 0.638702 0.495723 0.648617 0.464265 0.649582 0.460897 0.656684 0.432770 0.660391 0.417870 0.655140 0.407552 0.653323 0.406717 0.650046 0.405546 0.645809 0.404218 0.641263 0.402937 0.637106 0.401900 0.633977 0.401266 0.632348 0.401130 0.599857 0.401232 0.598804 0.401308 0.597161 0.402340 0.595179 0.404172 0.593160 0.406523 0.591413 0.409034 0.590207 0.411320
0 0.325497 0.730859 0.325912 0.742272 0.327216 0.744064 0.329701 0.746702 0.332987 0.749785 0.336571 0.752837 0.339902 0.755391 0.342468 0.757055 0.374368 0.770886 0.376297 0.770793 0.378868 0.770062 0.381690 0.768802 0.384330 0.767208 0.386383 0.765523 0.387538 0.764006 0.408293 0.695696 0.406393 0.692601 0.404000 0.690038 0.398553 0.684824 0.392522 0.679474 0.384271 0.672683 0.378757 0.668735 0.377934 0.669116 0.355691 0.693163 0.353398 0.695804 0.326172 0.729846
0 0.914724 0.438304 0.914735 0.440356 0.915016 0.441366 0.937659 0.465297 0.938989 0.466371 0.941648 0.468247 0.945232 0.470641 0.949200 0.473191 0.952952 0.475512 0.955922 0.477254 0.957658 0.478151 0.969419 0.475107 0.977798 0.462725 0.993675 0.439213 0.995595 0.436267 1.000000 0.424650 1.000000 0.398118 0.999825 0.397986 0.991751 0.392240 0.985717 0.388745 0.981166 0.386397 0.979804 0.385937 0.917487 0.425869 0.916831 0.427209 0.916125 0.429514 0.915476 0.432434 0.914984 0.435522
0 0.227943 0.191703 0.228127 0.192038 0.229370 0.193810 0.231486 0.196751 0.234151 0.200412 0.236956 0.204231 0.239469 0.207621 0.241308 0.210063 0.242191 0.211187 0.255248 0.214278 0.293994 0.185944 0.291612 0.182314 0.267728 0.149652 0.228534 0.178313
0 0.593873 0.525913 0.606679 0.563808 0.607912 0.564546 0.653911 0.549000 0.658550 0.538359 0.658465 0.537539 0.657803 0.535096 0.656664 0.531401 0.655221 0.527019 0.653697 0.522622 0.652325 0.518887 0.651315 0.516384 0.650822 0.515492 0.640957 0.510668 0.639346 0.510546
0 0.486717 0.233586 0.486869 0.236631 0.494914 0.283952 0.534348 0.277248 0.534745 0.274672 0.526607 0.226804 0.517089 0.221295 0.516205 0.221081 0.513638 0.221208 0.509776 0.221657 0.505209 0.222360 0.500640 0.223210 0.496770 0.224075 0.494191 0.224824 0.493293 0.225341
0 0.053822 0.454682 0.085975 0.479246 0.090707 0.479483 0.119846 0.441340 0.116457 0.429325 0.116234 0.428861 0.114588 0.427356 0.111774 0.425041 0.108218 0.422266 0.104457 0.419451 0.101058 0.417020 0.098536 0.415341 0.097276 0.414671 0.083298 0.416098
0 0.431203 0.236807 0.431989 0.239815 0.456562 0.281048 0.490923 0.260571 0.490818 0.257803 0.465962 0.216093 0.454869 0.214500 0.454020 0.214593 0.451715 0.215616 0.448305 0.217413 0.444310 0.219712 0.440344 0.222158 0.437017 0.224375 0.434837 0.226025 0.434134 0.226857
0 0.462603 0.795837 0.463747 0.797565 0.465913 0.800362 0.468772 0.803801 0.471884 0.807355 0.474773 0.810478 0.476994 0.812691 0.478209 0.813657 0.489842 0.814103 0.494386 0.810123 0.499358 0.800452 0.499358 0.799912 0.497779 0.797612 0.494867 0.793908 0.491066 0.789363 0.486948 0.784661 0.483133 0.780510 0.480196 0.777534 0.478583 0.776190 0.468434 0.779781 0.463900 0.783752 0.463821 0.784390
0 0.472031 0.756259 0.474590 0.763669 0.479791 0.769535 0.486841 0.772964 0.494666 0.773434 0.502076 0.770875 0.507942 0.765673 0.511372 0.758624 0.511841 0.750799 0.511821 0.750368 0.509266 0.742970 0.504074 0.737115 0.497037 0.733691 0.489224 0.733222 0.481827 0.735777 0.475972 0.740970 0.472548 0.748007 0.472500 0.748433
0 0.740910 0.748865 0.741926 0.754400 0.745175 0.759334 0.748677 0.764558 0.753890 0.767299 0.757585 0.768907 0.763717 0.768738 0.769834 0.765672 0.774995 0.760172 0.778403 0.753079 0.779533 0.745488 0.778216 0.738565 0.774662 0.733370 0.769421 0.730688 0.765746 0.729038 0.759623 0.729267 0.753513 0.730289 0.748644 0.732770 0.744544 0.737167 0.741830 0.742817
0 0.419950 0.413686 0.420511 0.415900 0.423857 0.426309 0.428962 0.428781 0.431399 0.429874 0.441368 0.430329 0.444230 0.428971 0.447553 0.425580 0.450829 0.420669 0.453552 0.414993 0.455303 0.409426 0.455814 0.404824 0.455012 0.401889 0.448475 0.394279 0.443372 0.391780 0.440908 0.390765 0.430755 0.394546 0.428624 0.395604 0.426155 0.398168 0.423720 0.401846 0.421687 0.406083 0.420364 0.410239
0 0.185462 0.679292 0.186843 0.687362 0.197286 0.725079 0.208398 0.730855 0.208919 0.731005 0.211178 0.730822 0.214833 0.730333 0.219326 0.729612 0.223967 0.728770 0.228043 0.727937 0.230930 0.727240 0.232190 0.726785 0.240173 0.715762 0.232079 0.668449 0.192652 0.675194
0 0.008587 0.404227 0.042418 0.425690 0.046200 0.421009 0.076469 0.373232 0.088198 0.348239 0.072830 0.337629 0.054143 0.326633 0.031154 0.354262
0 0.437398 0.992499 0.474388 1.000000 0.474505 1.000000 0.490087 0.971209 0.490133 0.969054 0.453312 0.953427 0.437684 0.990248
0 0.750012 0.349591 0.750179 0.350560 0.751312 0.352922 0.753237 0.356313 0.755662 0.360221 0.758221 0.364056 0.760527 0.367239 0.762233 0.369288 0.763076 0.369888 0.773050 0.372758 0.776206 0.371287 0.789816 0.362527 0.767917 0.328503 0.764855 0.330463 0.751401 0.339123
0 0.661207 0.064159 0.669647 0.103359 0.708846 0.094919 0.709807 0.093054 0.701329 0.053675 0.661949 0.062153
0 0.094929 0.168705 0.097444 0.208908 0.099289 0.210242 0.139308 0.207738 0.136804 0.167719 0.135132 0.166190
