0 0.016144 0.260402 0.022321 0.273016 0.022514 0.273126 0.024327 0.274040 0.027486 0.275620 0.031512 0.277625 0.035784 0.279747 0.039646 0.281660 0.042507 0.283072 0.043933 0.283767 0.057488 0.280956 0.078866 0.237980 0.073998 0.234950 0.037770 0.216929
0 0.805064 0.474322 0.811475 0.513805 0.815805 0.513997 0.855837 0.507497 0.849337 0.467465 0.844547 0.467911
0 0.208424 0.886062 0.209141 0.888902 0.210486 0.892797 0.212254 0.897152 0.214174 0.901298 0.215950 0.904598 0.217311 0.906548 0.227528 0.913209 0.272073 0.893886 0.274678 0.889384 0.258759 0.852688 0.214724 0.871790 0.211426 0.876088 0.208443 0.884710
0 0.473005 0.701286 0.478487 0.710591 0.479341 0.711127 0.481836 0.712099 0.485593 0.713360 0.490038 0.714715 0.494488 0.715958 0.498260 0.716896 0.500776 0.717388 0.501657 0.717358 0.511845 0.712630 0.525458 0.666023 0.525167 0.664125 0.486771 0.652911 0.473314 0.698986
0 0.279599 0.011675 0.282644 0.052023 0.285128 0.057143 0.332992 0.053531 0.339951 0.042299 0.340093 0.041987 0.340075 0.039895 0.339901 0.036347 0.339596 0.031878 0.339208 0.027164 0.338794 0.022917 0.338417 0.019779 0.338135 0.018229 0.328016 0.008022
0 0.441748 0.715052 0.442732 0.721242 0.445219 0.726820 0.448838 0.730942 0.453043 0.732981 0.460523 0.735306 0.465719 0.734859 0.470134 0.733889 0.474479 0.730505 0.477302 0.724691 0.478390 0.719321 0.478907 0.714919 0.478168 0.710271 0.476289 0.706091 0.473789 0.702575 0.469227 0.697445 0.463949 0.694951 0.458763 0.695464 0.454342 0.696387 0.450036 0.699816 0.444641 0.704523 0.442418 0.709183
0 0.198820 0.831202 0.200469 0.836333 0.203162 0.839953 0.207300 0.843262 0.214262 0.846270 0.219057 0.847061 0.224608 0.845884 0.230075 0.842919 0.234634 0.838618 0.237597 0.833629 0.238514 0.828704 0.237553 0.821362 0.235964 0.816219 0.233237 0.812633 0.229147 0.809277 0.223169 0.808231 0.216212 0.809662 0.212639 0.810513 0.208530 0.812726 0.205108 0.815955 0.202897 0.819706 0.199925 0.825029
0 0.732892 0.638599 0.733308 0.644363 0.734414 0.648718 0.736037 0.651002 0.745191 0.655621 0.750962 0.656020 0.753297 0.655850 0.761431 0.648567 0.762810 0.646684 0.763968 0.643300 0.764731 0.638932 0.764983 0.634240 0.764687 0.629931 0.763887 0.626657 0.762702 0.624917 0.755414 0.616485 0.749652 0.616112 0.747311 0.616198 0.737731 0.619504 0.735852 0.621973 0.734271 0.626472 0.733230 0.632313
0 0.042338 0.404925 0.045273 0.412191 0.050764 0.417781 0.057977 0.420843 0.058737 0.420979 0.066560 0.421049 0.073813 0.418119 0.079393 0.412637 0.082450 0.405437 0.082520 0.397614 0.079590 0.390361 0.074108 0.384780 0.066908 0.381723 0.066162 0.381520 0.058326 0.381450 0.051060 0.384385 0.045470 0.389876 0.042408 0.397089
0 0.927397 0.022573 0.959349 0.046636 0.961459 0.044554 0.985632 0.012455 0.953533 0.000000 0.951459 0.000000 0.929359 0.020381
0 0.897884 0.464996 0.937714 0.469621 0.939729 0.469481 0.944375 0.429468 0.904362 0.424822 0.902509 0.425166
0 0.105745 0.320714 0.129125 0.353517 0.130825 0.354188 0.163477 0.330915 0.140204 0.298263 0.138547 0.297334
0 0.411239 0.384107 0.420826 0.423231 0.421189 0.423583 0.460134 0.414039 0.450590 0.375094 0.450363 0.374519
0 0.173210 0.626697 0.178936 0.666847 0.219086 0.661122 0.261994 0.653616 0.262538 0.653265 0.256891 0.613666 0.177692 0.624960
0 0.324558 0.137176 0.333961 0.217552 0.335859 0.220780 0.343804 0.219851 0.378886 0.175474 0.385746 0.164624 0.385790 0.164155 0.385614 0.161937 0.385246 0.158313 0.384741 0.153831 0.384176 0.149167 0.383635 0.145026 0.383202 0.142034 0.382941 0.140650 0.372784 0.131534
0 0.025026 0.465428 0.104965 0.478023 0.109480 0.478274 0.116950 0.430859 0.108131 0.420764 0.106705 0.420517 0.103673 0.420019 0.099496 0.419348 0.094812 0.418605 0.090342 0.417906 0.086772 0.417356 0.084647 0.417041 0.084287 0.417008 0.072552 0.423762 0.026286 0.457434
0 0.094481 0.538857 0.130804 0.557120 0.135884 0.556337 0.189720 0.538526 0.207732 0.502702 0.171909 0.484690 0.167331 0.484474 0.112744 0.502534
0 0.252882 0.335812 0.300076 0.346509 0.312062 0.332392 0.312513 0.331717 0.313301 0.329353 0.314305 0.325665 0.315374 0.321211 0.327936 0.265784 0.328911 0.261222 0.329649 0.257225 0.330037 0.254399 0.330016 0.253176 0.325287 0.235271 0.278093 0.224575 0.269916 0.250350 0.266347 0.266096 0.257206 0.306426
0 0.427822 0.896632 0.438896 0.943738 0.466380 0.940804 0.522352 0.927645 0.549928 0.917635 0.538853 0.870529 0.519988 0.865671 0.517419 0.865861 0.513598 0.866483 0.509103 0.867443 0.453778 0.880449 0.449274 0.881605 0.445424 0.882786 0.442813 0.883814 0.441842 0.884533
0 0.774351 0.624648 0.780768 0.627563 0.820670 0.636706 0.831641 0.588824 0.823710 0.578060 0.819990 0.577162 0.818674 0.576856 0.815774 0.576187 0.811734 0.575259 0.807166 0.574211 0.802759 0.573202 0.799177 0.572385 0.796965 0.571882 0.796461 0.571772 0.785071 0.577860
0 0.538694 0.751459 0.539634 0.791545 0.540187 0.795609 0.621477 0.793702 0.620524 0.753057 0.618867 0.749578
0 0.697793 0.397366 0.709369 0.476524 0.711790 0.476253 0.759834 0.469226 0.765635 0.460205 0.765853 0.459242 0.765771 0.456601 0.765402 0.452682 0.764802 0.448084 0.758960 0.408140 0.758221 0.403579 0.757460 0.399768 0.756792 0.397288 0.756321 0.396515 0.748123 0.389153 0.700080 0.396179
0 0.893917 0.566155 0.903220 0.583015 0.925672 0.616362 0.938973 0.633073 0.972730 0.614438 0.991666 0.598047 0.946563 0.531058 0.913332 0.550320
