0 0.594419 0.140250 0.596532 0.151274 0.597750 0.152339 0.600345 0.154153 0.603924 0.156439 0.607944 0.158852 0.611799 0.161028 0.614907 0.162638 0.616795 0.163437 0.647627 0.172909 0.648888 0.172770 0.650922 0.171916 0.653418 0.170476 0.655995 0.168670 0.658257 0.166774 0.659859 0.165079 0.660557 0.163844 0.669705 0.090545 0.669104 0.089635 0.665567 0.086752 0.660159 0.083002 0.650931 0.077202 0.642774 0.072611 0.638316 0.070763 0.634972 0.070145 0.617043 0.098635 0.615248 0.101662 0.601690 0.126449 0.594603 0.139530
0 0.671436 0.384974 0.684545 0.399870 0.693518 0.410023 0.695922 0.412572 0.727144 0.443086 0.738835 0.444183 0.739521 0.443981 0.741449 0.442553 0.744331 0.440115 0.747725 0.437038 0.751111 0.433794 0.753968 0.430882 0.755859 0.428748 0.756497 0.427716 0.772667 0.399404 0.772773 0.397304 0.772302 0.394567 0.771325 0.391609 0.769992 0.388884 0.768507 0.386811 0.767098 0.385703 0.701194 0.357415 0.697877 0.359853 0.695076 0.362272 0.689339 0.367471 0.683422 0.373023 0.675873 0.380359
0 0.428186 0.518748 0.432859 0.528965 0.433056 0.529263 0.434957 0.530082 0.438277 0.531301 0.442509 0.532733 0.447005 0.534158 0.451073 0.535356 0.454089 0.536146 0.455596 0.536406 0.487737 0.537511 0.488867 0.537419 0.490602 0.536397 0.492678 0.534603 0.494777 0.532308 0.496578 0.529865 0.497805 0.527647 0.498272 0.525994 0.490497 0.454013 0.487541 0.452793 0.484335 0.451674 0.477280 0.449318 0.469631 0.446841 0.459373 0.443618 0.452747 0.441649 0.452135 0.441658 0.441138 0.472882 0.440067 0.476220 0.432255 0.504026
0 0.584144 0.419344 0.584364 0.421315 0.585097 0.423950 0.586231 0.426845 0.587593 0.429557 0.588973 0.431671 0.590162 0.432864 0.658531 0.457692 0.660559 0.455768 0.662859 0.453455 0.667978 0.448245 0.673565 0.442509 0.681108 0.434708 0.686036 0.429543 0.686587 0.428853 0.663348 0.405198 0.660831 0.402756 0.639576 0.383312 0.628310 0.373068 0.616647 0.372794 0.615203 0.374066 0.612735 0.376451 0.609619 0.379582 0.606333 0.382981 0.603382 0.386125 0.601218 0.388532 0.600170 0.389835 0.584469 0.418336
0 0.479460 0.852969 0.479961 0.855176 0.481105 0.857833 0.482718 0.860532 0.484554 0.862861 0.486330 0.864462 0.487776 0.865094 0.559088 0.879316 0.559528 0.879046 0.561904 0.876077 0.565479 0.871170 0.571526 0.862465 0.576823 0.854472 0.579660 0.849736 0.581721 0.845755 0.581526 0.845392 0.565583 0.833714 0.554830 0.825896 0.551927 0.823917 0.514787 0.800748 0.503341 0.802372 0.502637 0.803288 0.501016 0.805583 0.498724 0.808907 0.496110 0.812757 0.493566 0.816553 0.491478 0.819721 0.490161 0.821780 0.489820 0.822414 0.479678 0.851547
0 0.305563 0.077887 0.308875 0.085270 0.311060 0.090010 0.363929 0.110131 0.373987 0.112397 0.374990 0.112532 0.377511 0.111896 0.381163 0.110588 0.385394 0.108805 0.389564 0.106818 0.393045 0.104927 0.395310 0.103415 0.396010 0.102516 0.400424 0.093758 0.399273 0.089061 0.379397 0.044761
0 0.234329 0.896647 0.240234 0.944842 0.320558 0.935000 0.322609 0.930028 0.321636 0.922088 0.277068 0.887249 0.266158 0.881576 0.263828 0.881468 0.260130 0.881658 0.255624 0.882118 0.250991 0.882778 0.246928 0.883539 0.244052 0.884285 0.242802 0.884904 0.237365 0.892114
0 0.095663 0.537251 0.097728 0.549261 0.141530 0.570213 0.145627 0.569411 0.180148 0.497242 0.172931 0.493790 0.169150 0.493718 0.115188 0.512760 0.106216 0.516256 0.105299 0.517107 0.103724 0.519492 0.101732 0.523050 0.099627 0.527237 0.097733 0.531410 0.096341 0.534927
0 0.056799 0.457398 0.076861 0.501615 0.090152 0.506066 0.091527 0.505679 0.094360 0.504594 0.098216 0.502978 0.102513 0.501076 0.106602 0.499174 0.109865 0.497559 0.111809 0.496477 0.112133 0.496093 0.118123 0.485069 0.138021 0.432116 0.134716 0.424831 0.130493 0.423962
0 0.147193 0.342587 0.147831 0.357964 0.154998 0.438018 0.157070 0.452925 0.157576 0.455465 0.158141 0.457114 0.158678 0.457619 0.237929 0.450946 0.238423 0.450227 0.238733 0.448398 0.238812 0.445738 0.238647 0.442653 0.229333 0.338607 0.228951 0.335585 0.228412 0.333109 0.227799 0.331555 0.227205 0.331159 0.147893 0.337137 0.147473 0.337955 0.147228 0.339870
0 0.149946 0.821643 0.150039 0.823055 0.151321 0.824459 0.153599 0.825640 0.242998 0.859259 0.245973 0.860050 0.249121 0.860300 0.251961 0.859972 0.254057 0.859116 0.255093 0.857864 0.265389 0.785132 0.265197 0.783725 0.263812 0.782326 0.261444 0.781148 0.171477 0.748266 0.168537 0.747500 0.165400 0.747235 0.162540 0.747509 0.160391 0.748283 0.159282 0.749439
0 0.098482 0.178207 0.098935 0.179458 0.151581 0.232985 0.152861 0.233332 0.154814 0.232762 0.157144 0.231364 0.169144 0.221876 0.226189 0.165256 0.235769 0.153324 0.237185 0.151004 0.237771 0.149054 0.237435 0.147770 0.184292 0.094736 0.183046 0.094272 0.181119 0.094740 0.178806 0.096070 0.176461 0.098058 0.102320 0.171648 0.100313 0.173979 0.098966 0.176282
0 0.532799 0.803345 0.533396 0.803837 0.535039 0.804706 0.537478 0.805821 0.540343 0.807010 0.637431 0.845604 0.640265 0.846680 0.642616 0.847470 0.644127 0.847854 0.644567 0.847774 0.674187 0.773263 0.673468 0.772798 0.671727 0.771954 0.669229 0.770861 0.666355 0.769683 0.569711 0.731265 0.566877 0.730174 0.564497 0.729329 0.562931 0.728858 0.562419 0.728833
0 0.354208 0.468137 0.354595 0.469998 0.355348 0.470781 0.430854 0.486780 0.431801 0.486352 0.432856 0.484791 0.433859 0.482335 0.438221 0.467796 0.454873 0.389166 0.456811 0.373959 0.456901 0.371251 0.456587 0.369313 0.455916 0.368440 0.380266 0.353124 0.379280 0.353436 0.378190 0.354898 0.377162 0.357287 0.376354 0.360239 0.354710 0.462435 0.354249 0.465481
0 0.530597 0.311585 0.549776 0.355586 0.560854 0.359378 0.561614 0.359197 0.563938 0.358311 0.567468 0.356858 0.571670 0.355056 0.575909 0.353178 0.579546 0.351508 0.582031 0.350298 0.582981 0.349734 0.587443 0.337750 0.568043 0.293239 0.530951 0.309406
0 0.263250 0.299291 0.265956 0.301585 0.303492 0.331502 0.314063 0.329569 0.314880 0.329077 0.316713 0.327226 0.319282 0.324303 0.322198 0.320749 0.325021 0.317102 0.327325 0.313911 0.328761 0.311660 0.329107 0.310693 0.328423 0.300221 0.326439 0.297911 0.288469 0.267649
0 0.553007 0.698884 0.553251 0.699799 0.580376 0.729579 0.610156 0.702454 0.609651 0.701526 0.582650 0.671882
0 0.256558 0.117368 0.257674 0.119122 0.288506 0.144757 0.314142 0.113925 0.313286 0.112147 0.282312 0.086394
0 0.040551 0.422000 0.067122 0.452275 0.069106 0.452494 0.099243 0.426044 0.072793 0.395907 0.070827 0.395428
0 0.462073 0.395894 0.467326 0.407019 0.482245 0.412799 0.496694 0.375500 0.496656 0.374061 0.481564 0.368214 0.470792 0.373386 0.470421 0.374077 0.469440 0.376381 0.467999 0.379951 0.466316 0.384241 0.464651 0.388592 0.463260 0.392336 0.462355 0.394899
0 0.581146 0.249788 0.620680 0.256484 0.621236 0.255363 0.627963 0.215647 0.588247 0.208920 0.587842 0.210254
0 0.765053 0.956692 0.768117 0.961972 0.812878 0.980789 0.822860 0.973700 0.824239 0.971814 0.826004 0.968547 0.827886 0.964398 0.843531 0.927183 0.845237 0.922799 0.846499 0.918865 0.847126 0.915980 0.847024 0.914585 0.844240 0.906189 0.840306 0.901547 0.796057 0.882944
0 0.429735 0.957156 0.474008 0.977094 0.485256 0.970526 0.485614 0.970309 0.486675 0.968445 0.488278 0.965215 0.490178 0.961112 0.506755 0.924303 0.508656 0.919967 0.510261 0.916073 0.511326 0.913219 0.511688 0.911836 0.507156 0.898698 0.463389 0.878987 0.430538 0.951931
0 0.226912 0.704330 0.306330 0.720818 0.308986 0.717790 0.317118 0.678625 0.238788 0.662363 0.235156 0.664621
0 0.211489 0.780959 0.235104 0.823385 0.247814 0.825083 0.248285 0.825065 0.250294 0.824154 0.253539 0.822487 0.257524 0.820317 0.292797 0.800684 0.296900 0.798351 0.300481 0.796218 0.302994 0.794612 0.304056 0.793777 0.308032 0.780780 0.284687 0.738840 0.214786 0.777748
0 0.452264 0.622383 0.492096 0.630015 0.507359 0.550351 0.507258 0.549661 0.467973 0.542134 0.467527 0.542720
