0 0.773682 0.503556 0.774772 0.509110 0.778176 0.512748 0.781718 0.515805 0.790016 0.517685 0.794170 0.518624 0.799127 0.517455 0.804137 0.514358 0.808445 0.509806 0.811400 0.504484 0.812555 0.499194 0.811730 0.494738 0.808803 0.487182 0.805446 0.483498 0.801870 0.480473 0.796690 0.479242 0.790476 0.480663 0.785251 0.482771 0.781485 0.485083 0.778250 0.488500 0.776045 0.492501 0.775086 0.496928
0 0.496200 0.742253 0.497672 0.749953 0.501980 0.756503 0.508466 0.760906 0.516143 0.762491 0.523843 0.761019 0.530393 0.756711 0.534797 0.750225 0.536382 0.742548 0.536319 0.742131 0.534849 0.734444 0.530549 0.727906 0.524074 0.723509 0.516410 0.721927 0.508723 0.723397 0.502184 0.727697 0.497788 0.734172 0.496206 0.741836
0 0.868509 0.602033 0.868704 0.603767 0.869662 0.606108 0.876906 0.619041 0.922975 0.684901 0.933160 0.696884 0.935227 0.698867 0.937082 0.700065 0.938444 0.700292 0.999491 0.654663 1.000000 0.653850 1.000000 0.652158 0.999206 0.649844 0.997654 0.647261 0.937778 0.561662 0.935816 0.559221 0.933753 0.557309 0.931906 0.556218 0.930556 0.556114 0.869109 0.601171
0 0.476267 0.053474 0.476914 0.055553 0.478282 0.058041 0.487227 0.070887 0.539313 0.132101 0.550072 0.142411 0.552124 0.143943 0.553795 0.144589 0.554831 0.144249 0.613606 0.096022 0.613897 0.094713 0.613351 0.092669 0.612051 0.090204 0.610194 0.087692 0.542498 0.008134 0.540381 0.005975 0.538339 0.004513 0.536685 0.003970 0.535669 0.004427 0.476441 0.052122
0 0.729225 0.365540 0.729666 0.368630 0.731256 0.371316 0.733753 0.373190 0.736777 0.373965 0.840622 0.379642 0.843712 0.379201 0.851752 0.376376 0.854501 0.374748 0.856418 0.372193 0.857211 0.369099 0.856760 0.365936 0.855133 0.363187 0.852578 0.361270 0.823569 0.348982 0.821313 0.348669 0.817632 0.348341 0.813088 0.348049 0.772779 0.345845 0.768080 0.345632 0.763961 0.345534 0.761049 0.345564 0.759787 0.345717 0.740047 0.355118 0.737298 0.356745 0.731874 0.360019 0.730000 0.362516
0 0.888444 0.917473 0.895337 0.930647 0.896724 0.931529 0.899636 0.932905 0.903629 0.934565 0.908094 0.936255 0.912344 0.937716 0.915726 0.938722 0.917724 0.939121 0.930987 0.936056 0.947496 0.890394 0.942382 0.885933 0.904765 0.872332
0 0.393133 0.729243 0.414085 0.764085 0.448927 0.743132 0.449629 0.739790 0.428965 0.705427 0.394602 0.726092
0 0.092360 0.698119 0.127563 0.731561 0.131819 0.728915 0.159369 0.699915 0.124569 0.666855 0.110671 0.667759 0.109524 0.668648 0.107279 0.670739 0.104279 0.673714 0.100983 0.677120 0.097897 0.680433 0.095495 0.683143 0.094143 0.684837 0.094046 0.685259
0 0.833598 0.126904 0.834814 0.142858 0.845869 0.149112 0.848086 0.149305 0.851718 0.149270 0.856215 0.149013 0.860900 0.148571 0.865063 0.148012 0.868076 0.147421 0.869478 0.146886 0.879030 0.135657 0.877801 0.119518 0.837455 0.122591
0 0.797531 0.947883 0.799397 0.987937 0.800776 0.990183 0.841014 0.988309 0.839139 0.948070 0.837585 0.946017
0 0.434772 0.890391 0.441040 0.898301 0.441857 0.899036 0.444346 0.900080 0.448130 0.901272 0.452629 0.902431 0.457154 0.903378 0.461008 0.903968 0.463604 0.904110 0.464546 0.903786 0.474176 0.899586 0.477854 0.883824 0.478107 0.879437 0.439153 0.870348 0.435517 0.885929
0 0.370898 0.912004 0.391032 0.946894 0.425921 0.926761 0.426261 0.924805 0.406220 0.890075 0.371490 0.910116
0 0.805083 0.837753 0.815343 0.876516 0.816795 0.878249 0.855736 0.867942 0.845428 0.829001 0.843845 0.827493
0 0.079157 0.893628 0.104116 0.901230 0.160946 0.909968 0.191891 0.910961 0.199245 0.863132 0.183830 0.851562 0.181597 0.850772 0.177968 0.849915 0.173493 0.849122 0.117320 0.840485 0.112658 0.839873 0.108499 0.839532 0.105471 0.839515 0.104040 0.839824 0.086511 0.845799
0 0.612015 0.068002 0.617446 0.124309 0.648316 0.149747 0.673753 0.118877 0.676169 0.113578 0.670662 0.056488 0.639364 0.030696 0.613572 0.061995
0 0.090597 0.397474 0.091917 0.399328 0.094740 0.402478 0.101161 0.409046 0.109054 0.416878 0.114043 0.421700 0.117753 0.425139 0.118820 0.426003 0.187788 0.400601 0.188797 0.399370 0.190038 0.397224 0.191321 0.394491 0.192449 0.391587 0.193249 0.388960 0.193599 0.387009 0.193447 0.386032 0.176698 0.357623 0.175493 0.356390 0.173197 0.354062 0.170160 0.350994 0.166839 0.347648 0.163735 0.344529 0.161319 0.342110 0.159957 0.340758 0.159861 0.340683 0.148045 0.341054 0.137106 0.351446 0.116404 0.371162 0.113904 0.373628
0 0.197741 0.211393 0.200144 0.215343 0.202180 0.218645 0.206350 0.225381 0.210655 0.232310 0.216152 0.241127 0.219388 0.246280 0.236561 0.236416 0.248136 0.229612 0.251123 0.227772 0.287371 0.203346 0.290608 0.192056 0.290275 0.191260 0.289020 0.189008 0.287032 0.185639 0.284614 0.181669 0.282138 0.177707 0.279983 0.174361 0.278480 0.172144 0.277858 0.171392 0.255116 0.150977 0.253963 0.150043 0.251790 0.149475 0.248927 0.149359 0.245812 0.149715 0.242922 0.150488 0.240699 0.151559 0.239483 0.152764
