0 0.637946 0.884481 0.639541 0.888926 0.658624 0.933574 0.695830 0.917672 0.676748 0.873024 0.674728 0.868761 0.664974 0.866181 0.663913 0.866059 0.661330 0.866677 0.657621 0.867937 0.653347 0.869650 0.649154 0.871556 0.645673 0.873368 0.643433 0.874812 0.642778 0.875668
0 0.359237 0.935037 0.393558 0.956645 0.415166 0.922324 0.416324 0.916529 0.382474 0.895218 0.361162 0.929067
0 0.418583 0.764061 0.450211 0.838157 0.672500 0.743275 0.640873 0.669179 0.640227 0.668403 0.418956 0.762850
0 0.136100 0.743924 0.327259 0.891820 0.376558 0.828099 0.377123 0.826596 0.186840 0.679379 0.185399 0.680204
0 0.468394 0.163500 0.470440 0.244039 0.470575 0.245211 0.711082 0.239102 0.712053 0.237902 0.710008 0.157363
0 0.023207 0.460146 0.027683 0.472499 0.029291 0.473987 0.032141 0.476242 0.035796 0.478919 0.039696 0.481607 0.043241 0.483894 0.045889 0.485429 0.047237 0.485980 0.061268 0.483762 0.117042 0.474311 0.121674 0.467788 0.056449 0.421466 0.051321 0.420558
0 0.625594 0.112147 0.698927 0.144121 0.701227 0.140007 0.720633 0.095498 0.715406 0.086771 0.714848 0.085857 0.712684 0.084345 0.709243 0.082463 0.705050 0.080501 0.700749 0.078759 0.697000 0.077506 0.694378 0.076932 0.693280 0.077124 0.683542 0.079327 0.630280 0.100245 0.627046 0.107663
0 0.344368 0.592325 0.367057 0.670004 0.374825 0.667735 0.376255 0.665818 0.408831 0.606755 0.408694 0.605734 0.408064 0.603111 0.407039 0.599288 0.405772 0.594843 0.404457 0.590449 0.403291 0.586767 0.402450 0.584356 0.402064 0.583585 0.392221 0.577812 0.346147 0.591269
0 0.816589 0.181847 0.866189 0.245359 0.895787 0.225072 0.911375 0.206989 0.862091 0.143655 0.832978 0.164319
0 0.711642 0.492546 0.712891 0.572731 0.715859 0.573745 0.756510 0.573112 0.755244 0.491809 0.714593 0.492442
0 0.730982 0.087013 0.804741 0.118491 0.808989 0.113173 0.824947 0.075779 0.750160 0.043863 0.746721 0.050134
0 0.480129 0.590908 0.480362 0.591923 0.481079 0.594576 0.482172 0.598464 0.483474 0.602993 0.484784 0.607468 0.485902 0.611200 0.486657 0.613619 0.486934 0.614360 0.497493 0.620467 0.544670 0.606779 0.533263 0.567465 0.532502 0.565922 0.486404 0.579298 0.480357 0.589863
0 0.097825 0.949682 0.100045 0.957200 0.104973 0.963297 0.111860 0.967043 0.119656 0.967870 0.127174 0.965649 0.133271 0.960721 0.133901 0.959929 0.137641 0.953054 0.138466 0.945272 0.136250 0.937766 0.131330 0.931680 0.124455 0.927941 0.116673 0.927115 0.109167 0.929332 0.103081 0.934252 0.102397 0.934999 0.098651 0.941886
0 0.831179 0.324217 0.832319 0.331960 0.836334 0.338677 0.842614 0.343347 0.850204 0.345258 0.857946 0.344118 0.858563 0.343849 0.865292 0.339827 0.869969 0.333536 0.871883 0.325933 0.870742 0.318178 0.866720 0.311448 0.860428 0.306771 0.852826 0.304857 0.845070 0.305999 0.844477 0.306333 0.837759 0.310347 0.833090 0.316628
0 0.525330 0.066381 0.528144 0.073680 0.533536 0.079348 0.540687 0.082520 0.548507 0.082715 0.555806 0.079901 0.561474 0.074509 0.564646 0.067359 0.564757 0.066614 0.564952 0.058780 0.562134 0.051468 0.556733 0.045791 0.549569 0.042614 0.541736 0.042418 0.534424 0.045237 0.528747 0.050638 0.525569 0.057801 0.525525 0.058561
0 0.832577 0.869033 0.833830 0.876754 0.837944 0.883408 0.838525 0.884068 0.844883 0.888650 0.852509 0.890449 0.860244 0.889194 0.866909 0.885073 0.871491 0.878716 0.873290 0.871089 0.872035 0.863354 0.867914 0.856689 0.867282 0.856076 0.860936 0.851502 0.853322 0.849706 0.845600 0.850959 0.838946 0.855073 0.834373 0.861419
0 0.428081 0.876250 0.428241 0.877841 0.428935 0.880222 0.434109 0.894036 0.466771 0.967475 0.473953 0.981443 0.475404 0.983883 0.476698 0.985561 0.477638 0.986220 0.548661 0.951883 0.549161 0.951394 0.549089 0.949861 0.548455 0.947518 0.547354 0.944721 0.504903 0.849274 0.503512 0.846468 0.502051 0.844099 0.500743 0.842529 0.499788 0.841995 0.428481 0.875694
0 0.803263 0.556390 0.803515 0.556661 0.804766 0.557533 0.806821 0.558871 0.809371 0.560473 0.897787 0.615233 0.900459 0.616865 0.902865 0.618291 0.904641 0.619293 0.905515 0.619719 0.947734 0.551551 0.947608 0.551275 0.946461 0.550396 0.944467 0.549049 0.932177 0.541138 0.863774 0.498773 0.850432 0.490809 0.848043 0.489442 0.846305 0.488533 0.845482 0.488222
