0 0.333751 0.105649 0.336031 0.111057 0.363988 0.139665 0.392596 0.111708 0.392779 0.095825 0.393247 0.055143 0.391762 0.048958 0.363417 0.019952 0.334411 0.048298
0 0.430412 0.895914 0.458914 0.920240 0.474992 0.920488 0.516172 0.921123 0.545363 0.897686 0.545156 0.870552 0.517221 0.846245 0.460233 0.845366 0.431608 0.868801
0 0.322469 0.723743 0.322514 0.727508 0.322654 0.729878 0.322868 0.730495 0.331065 0.747101 0.379444 0.748191 0.381055 0.717908 0.381972 0.677234 0.382329 0.661354 0.382013 0.634161 0.333634 0.633071 0.324697 0.649291 0.324444 0.650410 0.324188 0.653207 0.323967 0.657259 0.323816 0.661945 0.322527 0.719158
0 0.343161 0.162577 0.346090 0.169848 0.346354 0.170416 0.351833 0.176004 0.359034 0.179070 0.366859 0.179148 0.374119 0.176224 0.379707 0.170745 0.382773 0.163545 0.382850 0.155719 0.382649 0.155126 0.379720 0.147854 0.374232 0.142256 0.367019 0.139185 0.359180 0.139107 0.351908 0.142036 0.346310 0.147524 0.343239 0.154737
0 0.507453 0.569883 0.507468 0.570009 0.508955 0.572030 0.511696 0.575646 0.515272 0.580305 0.519134 0.585291 0.522686 0.589835 0.525382 0.593238 0.526812 0.594985 0.537196 0.591964 0.541972 0.588265 0.543880 0.576745 0.543820 0.576641 0.542665 0.575124 0.540591 0.572427 0.537915 0.568962 0.535041 0.565252 0.532403 0.561856 0.530400 0.559288 0.529335 0.557939 0.517745 0.556910 0.512980 0.560600
0 0.194484 0.085824 0.197174 0.093187 0.197694 0.093887 0.202986 0.099652 0.210083 0.102952 0.217902 0.103286 0.225253 0.100601 0.231018 0.095309 0.234318 0.088212 0.234652 0.080393 0.231967 0.073042 0.231506 0.072307 0.226205 0.066532 0.219096 0.063226 0.211263 0.062892 0.203900 0.065581 0.198125 0.070882 0.194819 0.077991
0 0.639936 0.493743 0.640436 0.498459 0.642098 0.504126 0.644670 0.509872 0.647754 0.514813 0.650876 0.518189 0.653557 0.519490 0.663652 0.519407 0.668889 0.517122 0.671150 0.515918 0.674893 0.505714 0.675405 0.503417 0.675000 0.499884 0.673742 0.495654 0.671823 0.491364 0.669531 0.487664 0.667212 0.485111 0.665218 0.484096 0.655047 0.479936 0.649830 0.482240 0.647525 0.483373 0.640672 0.490699
0 0.851766 0.742219 0.853022 0.749940 0.857137 0.756593 0.863485 0.761164 0.864111 0.761613 0.871738 0.763411 0.879473 0.762152 0.886137 0.758031 0.890716 0.751671 0.892514 0.744044 0.891255 0.736310 0.887133 0.729645 0.880774 0.725066 0.880120 0.724680 0.872505 0.722885 0.864784 0.724142 0.858131 0.728256 0.853560 0.734605
0 0.264648 0.792677 0.266496 0.804293 0.278369 0.813822 0.300849 0.831832 0.303621 0.833981 0.330174 0.853827 0.331099 0.852780 0.335751 0.846857 0.342502 0.838143 0.347346 0.831837 0.351628 0.826208 0.353446 0.823781 0.354638 0.822033 0.320789 0.757295 0.319343 0.756409 0.316987 0.755428 0.314079 0.754504 0.311065 0.753779 0.308407 0.753362 0.306509 0.753318 0.305662 0.753652 0.279226 0.773855 0.277924 0.775282 0.275722 0.777930 0.272955 0.781396 0.270047 0.785150 0.267446 0.788615 0.265550 0.791258
0 0.113023 0.440745 0.115025 0.455955 0.118835 0.484693 0.119353 0.488158 0.124814 0.520688 0.126226 0.520869 0.133697 0.520031 0.144606 0.518499 0.152463 0.517258 0.159440 0.516016 0.162422 0.515386 0.164465 0.514551 0.184558 0.445619 0.184778 0.444825 0.184340 0.443096 0.183311 0.440697 0.181846 0.437992 0.180170 0.435397 0.178540 0.433308 0.177205 0.432045 0.176369 0.431799 0.143270 0.427689 0.141332 0.427669 0.137903 0.427940 0.133503 0.428462 0.128806 0.429153 0.124535 0.429908 0.121345 0.430612 0.119721 0.431155
0 0.631170 0.866417 0.631530 0.869116 0.632291 0.872141 0.633337 0.875029 0.634509 0.877336 0.635626 0.878713 0.668829 0.892272 0.672061 0.893046 0.676363 0.893703 0.681076 0.894142 0.685475 0.894295 0.688885 0.894139 0.690786 0.893698 0.699408 0.886088 0.701144 0.870590 0.704347 0.841374 0.704640 0.837891 0.706628 0.805317 0.705710 0.804208 0.698564 0.802832 0.687735 0.801596 0.679759 0.801050 0.672499 0.800914 0.669267 0.801107 0.666539 0.802247 0.631267 0.864455
0 0.000000 0.213357 0.001894 0.216633 0.003595 0.219072 0.027691 0.238685 0.033089 0.241671 0.063135 0.204238 0.059700 0.190835 0.059565 0.190668 0.058021 0.189379 0.055307 0.187168 0.051833 0.184368 0.048126 0.181404 0.044743 0.178722 0.042196 0.176727 0.040876 0.175725 0.026529 0.175491 0.004307 0.204233
0 0.860791 0.552786 0.897231 0.569283 0.901823 0.570084 0.921849 0.525851 0.915620 0.514596 0.915332 0.514236 0.913408 0.513170 0.910140 0.511560 0.906026 0.509652 0.901698 0.507738 0.897821 0.506114 0.894989 0.505026 0.893631 0.504641 0.880588 0.509058
0 0.208442 0.411773 0.210104 0.424020 0.210390 0.424551 0.211973 0.426266 0.214614 0.428906 0.217910 0.432068 0.221355 0.435265 0.224419 0.438007 0.226633 0.439874 0.227662 0.440583 0.240870 0.440229 0.273808 0.405313 0.244711 0.377866 0.241760 0.376454
0 0.686314 0.527359 0.725131 0.537014 0.727734 0.537441 0.739453 0.490322 0.732332 0.480140 0.731747 0.479891 0.729461 0.479236 0.725822 0.478272 0.721384 0.477148 0.716829 0.476035 0.712858 0.475106 0.710077 0.474501 0.708908 0.474313 0.697899 0.480778
0 0.585683 0.776667 0.591425 0.788844 0.636949 0.805732 0.651022 0.767796 0.649296 0.764735 0.604293 0.748040 0.594079 0.754036 0.593636 0.754561 0.592623 0.756724 0.591197 0.760192 0.589572 0.764440 0.587994 0.768825 0.586701 0.772688 0.585889 0.775442
0 0.723414 0.041775 0.735618 0.088198 0.747489 0.092358 0.749737 0.092149 0.753326 0.091461 0.757711 0.090397 0.762231 0.089119 0.766204 0.087820 0.769029 0.086695 0.770272 0.085916 0.806320 0.023729 0.804262 0.015902 0.725997 0.036478
0 0.019592 0.615685 0.061795 0.645354 0.096109 0.660659 0.107571 0.642759 0.115684 0.625393 0.094178 0.610744 0.044748 0.583286 0.039039 0.580652
0 0.220518 0.098179 0.239981 0.142663 0.242953 0.146746 0.252273 0.149323 0.253440 0.149418 0.256107 0.148763 0.259864 0.147460 0.264144 0.145707 0.268300 0.143769 0.271705 0.141938 0.273844 0.140490 0.274387 0.139648 0.279599 0.130713 0.300211 0.078033 0.297004 0.070704 0.294657 0.065741
0 0.087842 0.225698 0.092552 0.228833 0.170340 0.247517 0.181550 0.200844 0.173893 0.188933 0.172568 0.188307 0.169650 0.187345 0.165583 0.186193 0.160989 0.185028 0.156572 0.184029 0.153014 0.183349 0.150855 0.183092 0.138525 0.187936 0.089732 0.217829
0 0.188641 0.666967 0.216827 0.695607 0.218122 0.694713 0.246632 0.666657 0.218575 0.638147 0.217282 0.638781
0 0.773897 0.815344 0.782243 0.854564 0.783543 0.856196 0.822942 0.847811 0.814558 0.808412 0.813117 0.806998
0 0.821312 0.549263 0.860554 0.557503 0.862214 0.557768 0.870492 0.518346 0.831070 0.510068 0.829553 0.510022
0 0.555664 0.930734 0.555920 0.932717 0.592551 0.949474 0.609308 0.912842 0.608807 0.910951 0.572344 0.894271
