0 0.007449 0.738169 0.019898 0.752745 0.021811 0.753977 0.025124 0.755587 0.029332 0.757328 0.082713 0.777954 0.087156 0.779554 0.091136 0.780762 0.094045 0.781394 0.095440 0.781353 0.113843 0.779277 0.131283 0.734138 0.107880 0.722052 0.093063 0.716327 0.055113 0.701664 0.024890 0.693030
0 0.563173 0.360650 0.565471 0.400681 0.605503 0.398383 0.606968 0.396967 0.617712 0.384915 0.634485 0.366099 0.645228 0.354047 0.642898 0.313458 0.602308 0.315788 0.564049 0.358708
0 0.153591 0.897585 0.153597 0.901213 0.153817 0.903383 0.161709 0.920703 0.210000 0.923822 0.214166 0.892171 0.217811 0.835720 0.217350 0.810000 0.169059 0.806882 0.159450 0.822712 0.158940 0.824060 0.158387 0.827048 0.157876 0.831223 0.157487 0.835946 0.153799 0.893054
0 0.172412 0.584713 0.199529 0.635253 0.238357 0.646965 0.241945 0.644950 0.253496 0.606654 0.226752 0.556807 0.188456 0.545256 0.184124 0.545885
0 0.785721 0.012201 0.787027 0.068755 0.790024 0.093749 0.838402 0.092631 0.846590 0.076021 0.847028 0.074538 0.847357 0.071431 0.847528 0.067173 0.847512 0.062414 0.846191 0.005202 0.845992 0.000689 0.845642 0.000000 0.787391 0.000000
0 0.447757 0.501608 0.480180 0.575753 0.524667 0.556300 0.529134 0.545179 0.528804 0.544396 0.527786 0.542043 0.526233 0.538475 0.524383 0.534239 0.508209 0.497252 0.506350 0.493007 0.504773 0.489416 0.503718 0.487028 0.503345 0.486203 0.492244 0.482154
0 0.457669 0.254399 0.458153 0.257206 0.485534 0.296630 0.551241 0.250995 0.551833 0.248116 0.524136 0.208236 0.512512 0.207481 0.511773 0.207619 0.509632 0.208788 0.506413 0.210810 0.502608 0.213377 0.469451 0.236405 0.465654 0.239118 0.462456 0.241552 0.460346 0.243336 0.459644 0.244199
0 0.266499 0.208439 0.269168 0.211772 0.301413 0.247328 0.360674 0.193587 0.359063 0.190045 0.326446 0.154077 0.315740 0.155137 0.314815 0.155299 0.312665 0.156675 0.309615 0.159056 0.306131 0.162080 0.276227 0.189198 0.272854 0.192393 0.270117 0.195260 0.268433 0.197361 0.268059 0.198377
0 0.237474 0.338040 0.240474 0.339891 0.315071 0.368791 0.332411 0.324033 0.327034 0.312143 0.325948 0.311563 0.323307 0.310404 0.319512 0.308843 0.315143 0.307118 0.277500 0.292535 0.273238 0.290916 0.269748 0.289654 0.267563 0.288944 0.267013 0.288890 0.255014 0.292764
0 0.583833 0.032206 0.584001 0.033697 0.584700 0.036704 0.585822 0.040768 0.587198 0.045273 0.599374 0.083471 0.600798 0.087749 0.602059 0.091163 0.602967 0.093196 0.603382 0.093534 0.613319 0.100897 0.659052 0.086320 0.660891 0.081537 0.636314 0.004435 0.590052 0.019181
0 0.828865 0.356086 0.840268 0.402712 0.852070 0.408546 0.852497 0.408448 0.854639 0.407930 0.858166 0.407072 0.862543 0.406003 0.867110 0.404885 0.871178 0.403886 0.874131 0.403158 0.875517 0.402812 0.883506 0.391975 0.871971 0.344810 0.832667 0.354422
0 0.285865 0.576128 0.288226 0.587814 0.330698 0.611346 0.332633 0.610074 0.352019 0.575085 0.310033 0.551822 0.297564 0.555015 0.296851 0.555892 0.295352 0.558249 0.293295 0.561728 0.290994 0.565798 0.288803 0.569834 0.287059 0.573215 0.286028 0.575424
0 0.670127 0.598513 0.670360 0.600978 0.670865 0.604754 0.671566 0.609269 0.672357 0.613841 0.673118 0.617780 0.673734 0.620490 0.674112 0.621556 0.684914 0.628851 0.732828 0.620988 0.726275 0.581059 0.723689 0.580133 0.676323 0.587907 0.670203 0.597736
0 0.238693 0.695536 0.263178 0.737465 0.298119 0.717061 0.300427 0.714581 0.276221 0.673130 0.263676 0.670801 0.263196 0.671038 0.261206 0.672163 0.258014 0.674003 0.254102 0.676279 0.250062 0.678647 0.246503 0.680749 0.243963 0.682269 0.242832 0.682973
0 0.592084 0.582713 0.593149 0.583669 0.633611 0.583805 0.633775 0.535251 0.624989 0.526472 0.623907 0.526434 0.621158 0.526396 0.617166 0.526363 0.612532 0.526341 0.607957 0.526332 0.604132 0.526338 0.601635 0.526359 0.600851 0.526391 0.592246 0.534713
0 0.795817 0.868267 0.819649 0.900514 0.821121 0.902357 0.853516 0.878416 0.829575 0.846021 0.828064 0.844435
0 0.932158 0.889855 0.932511 0.929951 0.934502 0.931930 0.974782 0.931576 0.974428 0.891296 0.972254 0.889502
0 0.000000 0.571940 0.011328 0.599735 0.013567 0.599278 0.041236 0.570257 0.012214 0.542588 0.009968 0.542784 0.000000 0.571503
0 0.283214 0.660888 0.304429 0.695130 0.338671 0.673915 0.339410 0.673118 0.318293 0.639033 0.284207 0.660150
0 0.470616 0.342906 0.470951 0.344702 0.509706 0.354605 0.513667 0.339103 0.513825 0.337243 0.508067 0.327904 0.507187 0.327448 0.504653 0.326606 0.500852 0.325503 0.496361 0.324310 0.491873 0.323209 0.488076 0.322370 0.485551 0.321920 0.484681 0.321928 0.474623 0.327225
0 0.472962 0.419892 0.473135 0.421861 0.473858 0.424486 0.475021 0.427365 0.476446 0.430057 0.477915 0.432150 0.479203 0.433326 0.547487 0.457198 0.549858 0.455240 0.552251 0.452893 0.557421 0.447610 0.562958 0.441796 0.570297 0.433891 0.574939 0.428661 0.575200 0.427968 0.551787 0.404639 0.549239 0.402233 0.527539 0.383091 0.516021 0.373008 0.504433 0.372896 0.502874 0.374191 0.500343 0.376611 0.497224 0.379787 0.493997 0.383232 0.491157 0.386416 0.489141 0.388850 0.488253 0.390166 0.473365 0.418878
0 0.501192 0.146969 0.504547 0.158325 0.540542 0.182980 0.543508 0.184840 0.555217 0.191763 0.572379 0.201758 0.576057 0.196718 0.581793 0.187978 0.586088 0.181066 0.590065 0.174306 0.591886 0.170965 0.593609 0.166875 0.553085 0.108140 0.551719 0.106892 0.549393 0.105781 0.546460 0.104978 0.543369 0.104605 0.540595 0.104721 0.538560 0.105306 0.513011 0.127043 0.511278 0.129201 0.508972 0.132504 0.506447 0.136444 0.504091 0.140417 0.502265 0.143813 0.501248 0.146112
0 0.000000 0.157201 0.001171 0.160444 0.002403 0.162234 0.022229 0.190814 0.023769 0.191411 0.026249 0.191917 0.029290 0.192254 0.032427 0.192371 0.035179 0.192249 0.037127 0.191909 0.037974 0.191401 0.089422 0.142440 0.090178 0.140409 0.089722 0.137516 0.088034 0.130775 0.085717 0.123203 0.081992 0.112713 0.078881 0.105555 0.077395 0.104242 0.046228 0.113931 0.042905 0.115014 0.000272 0.129277 0.000000 0.139585
0 0.219174 0.424949 0.451348 0.492107 0.451571 0.492143 0.473855 0.415106 0.473734 0.414716 0.241560 0.347558
0 0.086683 0.300012 0.155523 0.341485 0.157098 0.342210 0.280947 0.136634 0.279940 0.134965 0.211100 0.093493
0 0.420980 0.819188 0.461662 0.888727 0.670275 0.766679 0.629592 0.697141 0.628999 0.696238 0.421342 0.817727
0 0.128701 0.428241 0.293055 0.596949 0.299499 0.595265 0.349999 0.537445 0.184484 0.369137 0.177585 0.369830
